39 266
-1.2171 1.4235 0.99115 1.8518 0.2571 0.3343 -0.20396 1.212 -0.97917 0.97758 -0.085416 0.45056 -1.6693 0.34153 -0.032969 -0.044938 -0.61233 -0.96944 0.14493 -0.4395 -0.0057172 0.196 -0.59181 -0.050325 -0.72512 0.11775 -0.015413 0.085351 0.10815 -0.080862 0.22797 -0.16979 -0.47026 -0.72651 0.25911 0.21026 0.64108 0.40014 0.04658
-1.3828 1.315 0.98812 1.1764 -0.91814 0.035936 -0.47821 1.7791 -0.51985 0.29349 -0.2453 -0.47801 -1.6829 0.46327 0.13926 0.034517 -0.92432 -1.0481 0.010124 -0.81339 -0.38947 0.35196 -0.47415 0.062603 -0.72547 0.14097 -0.12322 0.082593 -0.0016105 0.068252 0.65879 -0.15664 -0.30469 -1.1767 -0.083696 0.33969 0.66716 0.7375 0.024329
-0.92277 1.3914 1.114 1.2764 -1.0245 0.16562 -0.90586 1.3276 -1.0141 -0.16159 -0.24813 -0.75202 -1.5882 0.24438 0.026045 0.12421 -0.60257 -0.47016 -0.13951 -1.1872 -1.2596 0.65487 -0.22247 1.2089 0.14166 0.18554 -0.14583 0.071512 0.03228 0.48433 1.0009 -0.32895 0.026193 -1.0161 -0.21569 0.74981 0.30913 1.0778 0.0010225
-0.68514 1.4207 0.8108 1.151 -0.46945 0.89616 -0.57338 0.86917 -0.63423 0.6348 -0.065804 0.025764 -1.5115 0.14396 0.077927 -0.12922 -0.47298 0.07759 -0.03783 -0.67147 -1.7239 -0.2059 -0.091978 0.68948 0.41266 0.12441 -0.16441 -0.11617 0.0092907 0.70359 0.81759 -0.43149 0.836 -0.22578 -0.22237 0.65159 -0.68873 1.0476 -0.038943
-0.76755 1.6565 1.1216 0.54415 -0.9637 0.055239 -1.4328 0.4694 -0.36047 0.5181 0.054865 -0.40216 -1.5547 0.21102 0.11912 0.10162 0.11671 0.42872 -0.50825 -0.45913 -1.3627 0.02936 0.71381 0.26792 0.98773 0.1259 -0.054471 -0.17002 0.11121 0.54349 0.21554 -0.30123 1.5109 0.91326 -0.2235 0.085227 -1.5494 0.10454 -0.086282
-1.2595 1.2688 1.1845 1.4431 -0.037346 -0.071963 -1.8423 -0.86296 0.18706 0.66402 2.3094 1.1606 -1.4802 0.1536 -0.10735 0.066817 0.09786 0.10758 -0.69223 0.48225 -0.78354 0.20532 0.35991 -0.89137 1.0704 0.1009 0.071064 -0.19433 0.080487 0.34184 -0.10951 0.14674 1.6662 1.5261 -0.04299 -0.47334 -1.2765 -0.77418 -0.059992
-1.0504 1.4863 0.59843 0.90208 -0.19672 0.3718 -0.53182 -0.64931 -2.1271 0.28907 -0.4511 0.12798 -1.5969 0.12724 -0.17364 0.24086 0.18196 -0.04932 -0.4328 1.236 0.099809 -0.012494 -0.26788 -1.1986 0.06208 0.04477 0.1672 -0.15048 -0.08851 -0.033209 -0.16111 0.76464 1.198 1.3039 -0.34647 -0.67487 -0.93036 -1.3768 -0.10604
-0.6793 1.4898 1.3857 1.5546 -0.7473 -0.93414 -1.2743 0.57119 0.036056 1.5664 -0.36394 0.66786 -1.4663 0.31791 -0.10966 -0.042534 0.17155 0.12116 0.21954 1.7895 0.59853 -0.27321 -0.52682 -1.2129 -0.71041 0.058344 0.1617 -0.11138 0.024541 0.01528 0.22611 1.031 -0.043712 0.66441 -0.22092 -0.21272 0.40083 -0.87669 -0.041199
-0.51357 1.2203 1.0176 1.0743 -0.88041 -0.29903 0.256 0.08757 -0.37569 0.087085 -1.8198 0.93 -1.4256 0.44808 -0.13858 -0.0085391 0.026454 0.12628 0.59385 1.266 0.55611 -0.44755 -0.16763 -1.4936 -0.96632 -0.039835 0.0052319 -0.71954 -0.31184 -0.62215 0.22429 0.5911 -0.78282 -0.29652 -0.39316 0.00015611 1.2088 0.078007 0.48493
-0.77872 1.348 1.2555 1.1238 -0.39241 0.43827 0.67933 0.80425 -0.58326 0.013901 -0.52033 -0.55811 -1.5191 0.30168 -0.31674 0.24151 0.21665 0.47615 0.89682 0.37976 0.32082 -0.033555 -0.099736 0.076786 -0.21539 0.069367 0.0081583 -1.2418 -0.58964 -1.2221 -0.051836 -0.52928 -1.3885 -0.8859 -0.10705 -0.16604 1.5752 0.4739 1.1513
-0.63861 1.5069 0.83967 1.0411 -0.25695 0.46058 0.34664 0.38318 -1.0458 -0.1664 -0.22853 -1.0284 -1.4797 0.13926 -1.3037 -0.49038 -1.0412 0.22602 0.43184 0.38544 -0.34823 -0.94511 -0.46936 0.64194 0.0084263 0.88385 0.19249 -1.4088 -0.94262 -1.7613 -0.56449 -1.3326 -0.9756 -1.0235 0.95391 -0.59231 1.1932 0.55723 1.8687
-0.62724 1.0698 1.0366 1.5299 0.13705 0.7959 -0.44871 -0.45269 -1.3474 1.1014 -1.0127 0.29058 -1.6015 0.48193 -1.6554 -0.91873 -1.6639 -0.012139 -0.78605 -0.52849 -0.71346 -0.24522 -0.69305 0.95973 -0.17713 1.6042 0.2432 -1.1016 -1.0033 -1.9808 -1.0181 -1.3848 -0.1772 -0.7634 2.162 -0.7332 0.13402 -0.042509 2.0467
-0.44562 1.1478 1.3341 1.3661 -0.031034 1.0479 -0.33149 0.58625 -1.0399 0.45132 -0.41961 0.58155 -1.3638 0.72641 -1.8836 -1.2163 -2.4529 -0.70863 -1.2932 -0.21824 -0.96578 1.6328 -1.0323 0.51831 0.20923 2.4528 0.055169 -0.22645 -0.71123 -1.1799 -0.74787 -0.51523 0.40847 -0.37821 2.9101 -0.68532 -0.60578 -0.84828 1.471
-0.48331 -0.50123 0.30363 -0.98821 -1.0349 -0.94018 0.28614 -0.18294 -1.4422 -0.095913 0.20362 0.64303 0.030147 0.47529 -1.915 -1.2987 -2.9247 -1.0165 -1.0757 0.32897 -0.88987 3.1517 -1.2586 0.40945 -0.37363 2.8558 -0.32434 0.29673 -0.31646 0.19084 -0.0039583 0.79874 1.0692 -0.15116 1.5822 -0.19479 -1.0521 -1.1721 0.48712
0.16259 -0.13258 -0.26882 -1.1504 -0.55593 -1.3714 -0.37033 -0.97722 -0.35513 -1.6018 -0.22285 -0.77672 0.23834 0.2437 -1.5629 -1.6486 -2.6978 -0.70702 -0.48119 0.76728 -1.0101 3.3785 -1.5321 -0.33644 -1.634 2.824 -0.16486 0.84099 0.36034 2.0723 0.91234 1.5904 0.79984 0.32293 -0.7884 0.50669 -0.89941 -1.0809 -0.77286
0.037242 -0.11285 -0.081517 -1.7622 -1.2455 -0.72609 0.44535 -0.59672 2.7999 -0.9432 0.14322 -0.39011 0.9703 0.0856 -1.3085 -1.3006 -1.1584 -0.0033976 0.43559 1.1017 -0.98786 2.1565 -0.81717 -0.78616 -1.6725 2.2671 0.103 0.66707 0.84396 3.1461 1.2686 1.563 0.26769 0.84368 -3.1171 1.0246 -0.41118 -0.36602 -1.421
-0.35942 -0.40662 -0.35721 -2.1054 -1.2286 -0.18144 0.43853 -1.0483 3.3012 -0.93712 -0.22453 -0.90955 1.1356 0.59403 -0.7473 -0.52725 0.7118 0.57392 1.1967 0.9833 -0.26635 0.4998 -0.23776 -0.74245 -1.3678 1.3961 0.4121 0.29671 1.158 3.165 1.3894 0.85687 -0.46956 1.1651 -4.3711 0.87763 0.22047 0.35782 -1.5819
-0.36965 -0.57806 -0.84746 -1.5998 -0.43419 0.45115 0.57457 -1.5418 2.2114 -1.1189 -1.876 -1.8421 1.2286 0.49435 -1.1812 -0.25225 1.5102 0.82394 1.275 0.75195 0.42887 -1.8579 0.13519 -0.24008 -1.2402 1.0873 0.42841 0.15846 1.0005 2.0691 1.1361 -0.077594 -1.0653 1.0549 -3.808 0.0080073 0.5643 0.61442 -1.2545
-0.1567 -0.8495 -0.34927 -0.36757 -0.21814 0.74355 1.4941 -0.75135 0.33401 -0.92138 -0.74692 -1.2706 1.4009 0.83531 -1.1194 0.03103 2.1444 1.5949 0.8456 0.0088436 0.61414 -3.658 -0.2584 -0.16049 -1.0719 0.65058 0.038358 0.16964 0.59503 0.47386 0.42744 -0.95048 -1.3443 0.74708 -1.6444 -0.45458 0.77577 0.80699 -0.8206
1.0138 -1.0932 -0.40136 -0.084843 -0.36893 0.031312 1.0406 -0.67656 -0.52507 -1.0312 -0.39482 -1.448 1.5505 0.7927 -0.8521 0.32476 2.167 1.7097 0.44774 -0.52755 0.68444 -3.6432 -0.77925 0.080314 -0.50631 0.44805 -0.26802 0.64608 0.094568 -0.74396 -0.18711 -1.1639 -1.4224 0.65054 1.1976 -0.58029 0.23976 0.74249 -0.74069
0.40479 -1.2638 -0.55077 0.31301 0.19229 0.76954 0.43866 -0.13051 -1.4453 -1.2564 -0.23762 -2.5838 1.6194 0.51325 -0.62234 0.31832 1.3177 0.97839 -0.33712 -1.0475 1.1035 -2.0093 -0.66906 0.69056 -0.018413 0.28142 -0.77905 0.7867 -0.37497 -1.4841 -0.70196 -0.71959 -1.0005 1.1366 3.318 0.041259 -0.17734 1.0911 -0.6762
0.66986 -1.2013 -0.05659 0.6173 1.0207 0.74455 0.2968 -0.19135 -1.6005 -1.3459 -0.71931 -1.6797 1.6539 0.12733 -0.32407 -0.21284 0.48561 0.78606 -0.51729 -1.5457 1.489 -0.20348 -0.79697 -0.17687 -0.18534 -0.022965 -0.36501 0.77949 -0.77236 -1.52 -0.78999 -0.21081 -0.48719 1.0159 3.5358 0.71502 -0.49745 1.1076 -0.71428
0.28338 -1.2489 -0.21577 0.73402 1.133 0.66208 -0.13701 -0.69314 -2.007 -2.4227 -1.0285 -1.6502 1.5482 -0.3549 -0.036852 -0.40936 0.1054 0.71073 -0.14743 -1.4699 2.4876 1.4882 -0.15607 -0.40261 1.0774 -0.29621 0.25716 0.6086 -1.1265 -0.93438 -0.58978 0.48513 0.26436 0.03943 2.0963 1.2647 -0.47914 0.62352 -0.76781
0.44806 -1.297 -0.46208 0.18721 0.18491 -0.49325 -0.28777 0.65475 -0.51691 -1.5158 -0.13939 -1.5431 1.5815 0.5099 0.18933 -0.77572 -0.17636 0.32655 -0.082799 -1.2847 2.027 1.9248 0.39207 -0.4034 1.29 -0.5119 0.80917 0.33743 -1.0696 -0.24987 -0.34427 0.82892 1.1589 -1.2564 0.33339 1.9186 0.17287 0.37813 -0.69368
0.53026 -1.2536 -0.83826 0.31367 0.69154 -0.047098 -0.66566 1.8055 0.062696 -1.9976 -1.0661 -1.9052 1.3719 0.8163 0.16241 -1.5375 -0.16015 0.079961 0.43233 -0.65367 0.91867 1.2648 1.2529 -0.18876 0.57704 -0.81633 0.88482 0.15039 -0.94856 0.29398 0.17304 0.79668 1.6805 -2.5374 -1.1619 1.5583 0.26506 -0.34768 -0.55132
0.36484 -1.1348 -0.86495 0.26022 1.0163 0.66452 -1.1075 3.2347 1.5846 -0.83835 -0.93063 0.35565 1.2429 1.1107 0.15324 -1.678 0.14292 0.45008 0.88217 0.34723 -0.23068 0.59877 2.3101 0.067117 0.88545 -0.97571 0.20992 0.021236 -0.39067 0.51277 0.50658 0.38977 1.8766 -2.5575 -1.463 0.94637 0.19916 -0.15912 -0.30131
1.516 -1.0045 -1.2894 0.29987 1.0016 0.88443 -1.1415 1.2093 0.23163 -0.87126 -0.98073 -1.1013 1.0886 1.061 0.23773 -1.7574 0.52968 1.0023 0.99353 1.0511 -1.4465 -0.25221 1.9828 -0.097004 0.58446 -1.0286 -0.46541 -0.15759 0.37285 0.39483 0.26077 -0.3708 1.3029 -1.6218 -1.1666 -0.53892 -0.53572 0.1004 0.022592
1.4433 -1.1602 -2.136 0.52523 0.98962 1.2227 -0.13603 -0.33473 -0.83617 0.18004 -0.92533 -1.4422 0.69192 0.78995 0.18696 -1.4048 0.48883 0.86647 0.4284 1.5894 -1.8935 -0.34308 1.9131 -0.044215 0.98494 -0.93365 -0.95478 -0.12394 1.1098 0.10043 -0.6978 -1.0973 0.20986 0.27903 -0.47046 -1.6382 -0.80383 0.31086 0.198
1.4134 -1.18 -2.1452 0.79445 1.4033 1.2566 0.63353 -0.41323 -0.44025 1.2164 -0.42422 -0.092461 0.58335 0.06436 -0.12548 -0.96224 0.44726 0.39544 -0.10348 1.3123 -1.484 -0.67734 0.39579 -1.2423 0.76793 -0.79984 -0.92984 0.4882 2.1641 -0.060631 -1.5905 -1.5084 -0.96293 1.5607 0.29221 -1.6632 -0.45066 0.23401 0.092522
1.5282 -0.95672 -2.5135 0.87413 1.7509 0.75717 0.70436 0.033519 0.059004 0.41683 -0.81097 -0.90013 0.54857 -0.256 0.12146 0.036734 0.39105 -0.58447 -0.8168 0.63276 0.35078 -0.16139 -0.12898 -1.0219 1.4739 -0.74639 -0.63592 1.1489 2.7989 -0.10555 -2.026 -1.0725 -1.5403 1.4587 0.31999 -1.1985 0.49089 -0.34218 -0.13204
1.3067 -1.0157 -2.1318 0.74927 1.8237 0.7703 0.84013 0.19352 0.52634 0.72901 -1.4605 0.70062 0.42239 -0.23252 1.1057 1.6375 0.47175 -1.3439 -1.4716 -0.38372 0.55422 0.26228 -0.27827 -0.54207 0.85965 -0.96265 -0.36659 1.0043 2.5652 -0.43108 -2.0427 0.043725 -0.93006 0.21561 0.20005 0.0042527 1.9308 -0.91085 0.092283
0.62676 -1.4065 -2.0162 0.76649 1.0137 0.67326 0.018385 0.4154 -0.46403 -1.1106 -3.3377 0.61652 0.38161 -0.30587 1.5384 2.6173 0.28226 -2.1814 -1.0844 -0.62243 0.0064514 -0.15008 -0.11165 0.61188 0.25539 -1.0847 -0.14916 0.080164 1.1512 -0.84724 -1.3103 1.0978 -0.081193 -1.2912 0.031172 0.44757 2.0551 -1.3708 0.71832
1.643 -0.70377 -1.3183 0.95787 -0.34546 -0.4536 -0.0043512 1.2253 -0.69402 -0.14584 -1.245 0.40778 0.086826 -0.63064 0.88525 2.6253 -0.32678 -2.756 0.11487 0.091993 -0.87574 -0.26835 0.4073 1.914 -0.49415 -0.47153 -0.020633 -1.0355 -0.63816 -1.164 0.072629 1.6509 0.59406 -1.4297 0.47687 0.45575 1.7298 -0.47188 1.4413
1.1821 0.46815 0.23762 1.4259 -0.33208 -0.98464 -0.29449 -0.38231 0.13605 0.96673 -0.72872 -0.4431 -0.55155 -0.3536 0.36792 1.7338 -0.84876 -2.406 0.62879 0.23296 -1.508 0.16914 0.42639 1.9794 -0.68111 0.26004 0.081241 -1.6992 -1.9913 -1.0681 1.7357 1.3368 0.2865 -0.61327 0.88261 -0.56988 0.59303 0.53776 1.7947
0.98518 0.26751 0.69788 0.93172 -0.919 0.34265 0.27038 -0.52956 -0.41391 0.88258 0.72178 0.25205 -0.40901 -0.2551 -0.08397 0.86996 -1.2188 -1.0733 1.0411 0.36776 -1.539 1.0901 0.36705 2.3331 0.37334 0.87903 0.52534 -1.6101 -2.4156 -0.49087 2.6481 0.50223 -0.60201 0.64188 0.55165 -1.8165 -0.39525 1.1655 1.446
0.39861 -1.0005 -0.18773 -0.17544 -1.573 1.8756 1.3689 -1.2357 -0.11799 0.52117 0.91917 -1.2921 0.619 -0.34177 -0.8888 -0.28564 -1.341 0.36555 1.1798 -0.19198 -0.88151 0.99765 -1.2084 1.619 0.97568 1.371 0.5977 -0.79337 -1.7964 0.34584 2.7499 -0.57402 -1.154 1.3811 -0.15769 -2.1243 -0.62912 0.56603 0.55512
1.0412 -1.0169 -0.74973 -0.4216 -1.1507 1.1684 0.32281 -1.548 0.61464 0.2401 -0.75957 0.58265 0.8787 0.37987 -1.2455 -0.95189 -1.0256 1.0184 0.86101 -0.89188 0.098553 0.45953 -2.361 1.2744 1.1426 1.4952 0.61024 0.41287 -0.64258 1.0804 1.9426 -1.4222 -1.3886 1.5934 -1.0699 -1.4352 -0.38204 -0.63473 -0.52769
0.83787 -0.8517 -0.61827 -0.36697 -0.21952 1.0538 0.0017435 -0.94764 1.2997 -0.41005 0.73954 1.5857 0.96553 0.48621 -0.41142 -0.76563 -0.26041 1.906 -0.45919 -1.43 0.43729 0.15885 -2.405 1.2071 0.14734 0.91908 0.22626 1.2682 0.31533 1.1977 0.81166 -1.57 -0.65349 1.0616 -1.4849 0.21496 0.23179 -1.8867 -1.2052
1.2393 -0.85139 -0.82103 -0.23999 0.39521 0.64707 -0.63153 -0.088395 0.52416 -1.72 1.6943 1.0302 0.98492 0.51261 0.38351 -0.10776 0.35671 1.9465 -1.051 -1.7717 0.98984 -0.70367 -1.8652 1.7465 -0.50716 0.18194 -0.517 1.1847 0.54852 0.60766 -0.12914 -1.3368 0.39882 0.048158 -1.4702 1.4345 -0.056833 -2.361 -1.2384
1.6114 -0.87278 -0.42533 0.090931 0.40492 1.0865 -1.1104 -0.61666 0.12497 -2.266 1.371 0.51938 0.95352 0.026064 0.46798 -0.10514 0.31211 1.4951 -1.078 -1.0506 0.7988 -1.4926 -1.0189 1.8552 -2.1088 -0.078089 -0.83649 0.39925 0.262 -0.24938 -1.0343 -0.64448 1.1382 -0.63441 -1.1066 2.1238 -0.95252 -1.5722 -0.73817
1.0561 -0.55022 -0.58586 0.12525 1.114 0.000192 -0.75447 -0.51754 -0.15726 -1.9821 2.1469 -0.7833 0.90269 -0.4028 0.34299 -0.23645 -0.1169 0.9903 -1.5666 -0.29012 0.019383 -1.7561 -0.20143 0.82796 -2.6292 -0.16988 -0.70408 -0.14957 0.029694 -0.70543 -1.269 -0.16111 1.2896 -0.8108 -0.38682 2.1085 -1.7434 -0.3663 -0.23397
1.126 -0.68606 -0.57985 0.038821 0.65816 0.23737 -1.2513 0.11059 -0.82675 -1.5504 2.4679 -1.0981 0.92348 -0.6908 0.29168 -0.20006 -0.49811 0.3926 -1.5234 0.089179 -0.3393 -1.6039 0.98108 -0.30163 -2.0441 -0.19549 -0.13067 -0.29644 0.23178 -0.60466 -1.3059 0.36603 0.67058 -0.54954 0.28657 1.4353 -1.8664 1.1411 -0.060229
0.98864 -0.47147 -1.0673 -0.17636 1.0569 -0.53995 -1.005 -0.39293 -1.188 -1.1955 1.8665 -1.5057 0.80838 -0.50592 0.21438 -0.00051558 -0.60102 0.050377 -1.1624 0.219 -0.055243 -1.4477 1.3224 -0.77265 -1.2735 -0.16969 0.33868 -0.17767 0.21354 -0.17783 -1.1524 0.83749 0.26567 -0.25265 0.81429 0.50436 -1.2175 1.7807 -0.054708
0.43721 -0.61472 -0.86514 -0.6581 1.2622 -1.4661 -0.31931 -1.0078 -1.3012 -1.4574 1.9935 -1.7746 0.81136 -0.18303 0.023399 0.22069 -0.61238 -0.55385 -0.53678 0.025954 -0.25617 -1.0532 1.0736 -1.1955 -0.37264 -0.18523 0.87035 0.057194 0.014117 0.34728 -1.0342 1.0808 0.11822 -0.022441 1.2091 -0.28202 -0.38254 1.8794 -0.21294
0.77239 -0.58084 -0.76092 -0.70909 0.63613 -0.96594 -0.90084 -0.68992 -1.8874 -0.34174 0.69377 -1.544 0.78571 -0.0036414 0.1717 -0.037698 -0.39489 -0.75722 -0.35304 0.26845 -0.52145 -0.34592 0.76294 -1.2391 0.28476 -0.27242 0.91671 0.59609 -0.21682 0.51537 -0.68969 1.0793 -0.049209 0.089688 1.5128 -0.77275 0.38513 1.5217 -0.52641
1.1064 -0.53333 -0.22876 -0.40628 0.62056 -0.36432 -0.87799 -0.31616 -1.9066 -0.44936 0.81252 -1.4516 0.78732 0.74614 0.40991 -0.15129 0.086577 -1.1948 0.27615 0.29856 -0.14563 0.34778 0.71406 -0.86195 1.1327 -0.51774 0.17463 1.0767 -0.063578 0.45591 0.015012 0.85012 -0.097744 0.08379 1.6873 -0.86354 0.84059 1.1204 -0.89273
0.8259 -0.58412 -0.51787 -0.71011 0.15062 -0.67777 -0.99548 -0.76939 -1.6309 -0.61485 1.0524 -1.3204 0.69303 0.80783 1.0411 -0.22319 0.064681 -0.95136 0.63219 -0.015728 0.07403 0.98266 -0.01645 -0.15116 1.1826 -0.92426 -0.9308 1.0697 0.56931 0.46842 0.55403 0.64019 -0.61273 -0.28038 1.5523 -0.7462 0.49772 0.70465 -1.0944
1.034 -0.36485 -1.244 -0.54087 -0.065504 -0.83567 -0.52279 -1.096 -1.1136 -0.58078 0.72226 -0.71518 0.55213 -0.25509 1.432 0.19598 0.057179 -0.4104 0.70329 -0.026777 -0.38115 1.7745 -0.2352 -0.012736 1.5493 -1.4196 -2.3173 0.76117 1.613 0.63868 1.1314 0.41213 -0.65624 -0.30902 0.74229 -0.20928 -0.12697 -0.041498 -0.95299
2.0082 0.024638 -1.1969 -0.091676 -0.32653 -0.40396 -0.22632 -0.69648 -0.57119 -0.10518 0.71818 0.13295 0.13861 -1.3213 1.4919 0.87387 0.54352 -0.056207 0.73701 -0.78651 -0.95836 2.1533 -0.22849 -0.64341 1.579 -1.7338 -3.0083 0.11923 2.2668 0.90189 1.1294 0.12506 -0.077741 0.2664 -0.24406 0.28928 -0.53429 -0.62535 -0.47087
1.1889 0.61616 -0.67351 -0.90847 0.19665 -0.21081 -0.93177 -0.64242 -0.14101 -1.6177 1.6497 -0.61236 -0.24369 -2.7068 1.4873 2.3687 1.1025 0.57225 1.0612 -0.62011 -0.24129 1.2991 0.41737 -0.88275 0.87881 -1.7785 -2.6939 -0.40515 1.8652 0.86014 0.45596 -0.38956 0.84121 1.1954 -0.82718 0.4781 -0.37104 -1.3835 0.22144
-0.12797 0.77774 0.11925 -0.47987 0.24041 0.47717 -1.1888 -1.4108 0.72364 -0.26726 0.18521 0.71856 -0.74939 -3.8291 1.2166 3.0014 1.3101 0.768 0.70399 0.12585 0.54162 0.71612 0.24192 -0.82238 0.24282 -1.5687 -1.1869 -0.60797 0.5356 0.41214 -0.10491 -0.93119 1.6347 1.5227 -0.72972 0.69684 0.15512 -1.9177 0.8092
-0.76956 0.65739 0.79898 0.68768 0.35525 0.37187 -2.2657 -2.2412 1.2205 -0.85499 -0.32778 0.52456 -0.92734 -4.2519 0.87452 2.68 1.3607 0.080251 -0.081215 1.1871 1.2621 0.7823 0.48821 -0.69309 -0.64095 -1.1175 0.82656 -0.61794 -1.0433 -0.36986 -0.60793 -1.2317 1.2948 0.92813 -0.42315 0.049552 1.0439 -1.6366 1.0905
-2.3303 0.90141 2.1584 0.90257 0.83937 0.68511 -0.81837 -0.36999 -0.58172 0.54362 0.0094605 -0.46321 -1.0422 -2.8656 0.75581 1.7394 1.2285 0.0032709 -0.59979 1.5558 1.3369 0.9025 1.1279 -0.4239 -1.6351 -0.6536 2.5148 -0.39348 -1.9173 -1.0013 -0.68513 -0.63781 0.30197 0.05028 -0.43015 -0.23745 1.225 -0.90032 0.99017
-2.6059 1.0137 1.7048 1.0037 0.66014 -0.11761 0.56764 0.36321 0.1224 -0.73742 0.062217 -0.1719 -1.0936 -1.5857 0.6581 1.0205 0.43413 -0.20882 -0.80917 1.2358 1.2203 0.33104 0.084256 1.0637 -1.5692 -0.33429 3.3029 -0.30332 -2.0765 -1.1996 -0.54469 0.21637 -1.1165 -1.2412 -0.45587 -0.52285 0.62015 0.59276 0.65567
-2.7096 1.1374 1.6051 1.0187 -0.67611 -0.70662 1.1164 1.0369 1.5249 0.11738 0.31964 -1.1236 -1.0907 -0.27267 0.64974 0.19101 -0.16587 -0.40083 -0.24043 0.70056 0.66831 0.052417 -0.014621 0.81812 -1.1424 -0.23376 2.4849 -0.36866 -1.4396 -0.93764 -0.19792 0.86462 -1.9028 -1.6616 -0.70243 -0.5377 -0.47764 1.6508 0.31065
-1.8477 1.4831 1.3176 0.55484 0.70876 -0.62474 -0.17772 -0.22466 1.8066 0.59384 0.48977 -2.6256 -1.0653 0.8752 0.4069 -0.48841 -0.26758 -0.75832 0.1765 -0.60346 -0.8775 0.2648 0.035735 -0.041559 0.38157 -0.18478 1.393 -0.44801 -0.79078 -0.17054 0.33325 0.95206 -1.719 -1.1361 -0.89973 -0.24667 -1.2743 1.7891 0.091183
-2.2411 1.2148 1.8786 0.46449 0.081897 -0.24333 -0.65835 -0.56643 0.41909 -0.91274 1.7748 -0.29434 -1.2028 0.73516 0.24882 -0.2385 -0.23577 -0.089118 0.6697 -1.3044 -0.92774 -0.51708 0.099024 -0.86077 0.86797 -0.188 0.42423 -0.47774 -0.40916 0.41021 0.26652 0.32715 -0.6706 0.42049 -1.0138 0.008205 -0.83573 1.4065 -0.051145
-1.5661 1.3446 1.4625 0.76014 0.026079 0.62174 -0.67351 -0.48776 0.13312 -0.37015 0.066144 -1.1946 -1.2203 0.61593 0.090049 -0.26407 0.14817 0.29976 0.6768 -1.1766 -0.24553 -1.2452 -0.44933 -0.7278 1.1931 -0.19991 0.092729 -0.26803 -0.29217 0.58162 0.30751 -0.23794 0.40866 1.7033 -0.58645 0.39173 -0.31045 0.21835 -0.095402
-1.5013 1.3117 1.2885 0.66627 -0.53454 0.46049 -0.6703 -1.2893 0.41429 0.7122 -0.60163 0.76238 -1.2276 0.67657 -0.011277 -0.69531 0.43658 -0.39503 0.17323 -0.34542 1.1976 -1.2897 0.25591 -0.5661 1.4203 -0.31739 0.10329 -0.17539 -0.23178 0.53957 -0.12608 -0.997 0.84213 1.6774 -0.019872 0.39019 0.1877 -0.41055 -0.14015
-2.0908 1.3427 1.4011 0.65381 0.60842 0.24813 -0.80976 -0.13142 0.2391 -0.60136 -1.0561 -0.050414 -1.2633 1.0787 0.076735 -0.81185 0.54048 0.0090929 -0.066411 -0.272 1.4675 -0.56164 0.74485 -0.83388 0.59237 -0.28853 0.25971 -0.1487 0.10923 0.29433 -0.14732 -0.88657 0.44485 0.74427 0.35674 0.45116 0.0052759 -0.79534 -0.12332
-1.6043 1.3389 1.2313 1.1777 0.20112 0.052542 -0.92542 0.6041 -0.30115 -0.63982 0.55275 -0.64462 -1.2833 0.69855 -0.046038 -0.4017 0.63038 -0.1714 -1.0012 -0.084874 1.5717 -0.89925 0.28643 -0.42627 0.34186 -0.39024 0.42486 -0.17803 0.53277 -0.067403 -0.24122 -0.21413 0.28727 -0.55332 0.188 0.16674 0.18599 -0.59837 0.037436
-0.79327 1.3759 0.43709 1.0145 -0.37099 -0.28227 -0.68671 1.4832 -0.72454 1.0503 0.43441 0.25833 -1.53 1.1042 -0.14837 -0.19995 0.63588 -0.080928 -0.55279 -0.42408 1.0595 -0.70151 0.44067 -0.79214 0.10223 -0.38068 0.2914 -0.34751 0.48579 -0.6789 -0.77262 0.34201 0.25541 -1.485 0.025741 0.044559 0.18333 -0.29286 0.3733
-0.66011 1.3032 1.0277 1.2429 0.11594 0.35823 -1.1437 0.69725 -0.055668 0.24333 -0.67178 0.47511 -1.4614 1.4846 -0.20477 0.014502 0.26886 -0.80124 -0.026056 0.30049 0.30177 -0.83001 0.74998 -0.20903 0.44666 -0.20788 0.1281 -0.63883 0.10739 -1.4092 -0.75169 0.82502 0.32707 -1.9439 0.50507 -0.17954 0.36015 -0.47705 1.0622
-1.2138 1.2574 1.1818 1.5633 -0.43312 -1.4247 -0.58761 1.0909 -1.3016 0.021323 -1.3293 -0.37028 -1.6322 1.2467 -0.44026 -0.093464 -0.58993 -1.1593 0.14019 0.041898 -0.85845 -0.54228 0.61307 -0.57004 -0.040716 0.27002 -0.43398 -0.8141 -0.58642 -2.0009 -0.46788 0.34967 0.61801 -1.3196 0.76453 -0.53618 1.3109 -0.63906 1.5499
-0.29071 1.1319 1.1092 1.3576 0.019941 0.21587 -1.6422 0.1637 -0.25033 0.97632 -1.7384 0.82785 -1.5627 0.87043 -0.99548 -0.24753 -1.4904 -1.0749 0.33365 0.33104 -1.3469 0.06691 -0.1436 0.19947 -0.55201 1.1367 -0.73349 -0.66733 -1.1896 -1.9687 0.4208 -0.15907 0.43983 -0.51704 1.0886 -0.98451 1.8934 -0.92709 1.5914
0.00038007 1.1797 1.2475 0.89734 -0.88121 0.47598 0.25062 0.90196 -1.5108 0.32804 0.57801 0.13627 -1.3895 0.56021 -1.1486 -1.1799 -2.3707 -0.83556 -0.0228 0.78739 -0.74669 0.43266 -0.16268 1.6995 -0.70215 1.6507 -0.69582 -0.028508 -1.3009 -1.0995 0.93348 -0.83177 0.56788 0.47102 0.76391 -1.039 2.1291 -1.0407 0.9783
0.12188 0.80245 0.47236 -0.044816 -1.785 -0.066478 -1.3083 -0.80913 -0.95213 0.95571 -0.43999 -0.7597 -0.87695 0.39368 -0.99479 -1.6996 -2.6642 -0.12862 -0.2745 0.8006 -0.78148 0.93574 -0.80018 2.5522 -1.1279 1.8777 -0.55251 0.78648 -0.85379 0.1911 1.0613 -1.0594 -0.22355 0.7267 0.55024 -0.59914 1.0242 -0.53049 -0.16349
-0.049897 0.10612 0.30186 -1.064 -1.1412 0.15217 -0.17712 -0.51749 0.11777 0.14304 0.035652 -0.25479 -0.060361 0.12421 -0.49052 -1.8362 -2.1336 0.19776 -1.2606 0.9343 -0.19492 0.60465 -1.1047 2.6353 -1.8954 1.6053 -0.521 1.4058 0.47796 1.4631 0.69379 -0.54956 -1.1056 0.52179 0.015509 -0.16981 -0.19853 0.27945 -1.3698
-0.48865 0.30128 -0.42484 -1.5511 -0.51121 -0.63551 0.10297 0.36443 0.25649 -0.20364 1.5819 -0.55983 0.076614 0.0065518 0.021604 -1.5385 -1.2255 0.48696 -1.2175 -0.1871 -0.16583 1.1201 -0.84742 1.8368 -1.0324 0.87206 -0.43827 1.7208 1.4462 2.1705 0.068508 0.015968 -1.6333 0.42443 -0.4956 0.70012 -1.1184 1.0392 -2.2081
-0.29392 0.54051 -0.71702 -1.4751 -0.25749 -1.3659 0.050741 -0.37672 0.010661 -0.92561 2.0563 -1.7083 0.032366 -0.26676 0.7502 -0.34888 -0.22881 0.2213 -0.67932 -0.91537 -0.0068695 0.37326 -0.46362 1.6429 -0.13534 -0.23954 -0.29028 1.2224 2.0229 1.7602 -0.44616 0.7538 -1.3739 0.063587 -0.47106 1.3918 -1.7136 1.5285 -1.9618
0.37243 0.91869 -0.77789 -1.0723 -0.42276 -1.2556 -0.041125 0.12621 -0.24361 -0.27614 2.1978 -2.0367 -0.091304 -0.27032 1.3315 0.30831 0.62251 0.0098962 -0.53732 -1.5191 -0.022328 0.026685 0.2776 0.73865 0.19331 -1.0563 -0.23711 0.21944 1.6527 0.60414 -0.63644 0.49407 -0.34918 -0.13877 -0.50949 1.51 -2.0313 1.0719 -0.8423
-0.043559 0.98593 -0.51059 -0.88163 -1.0989 -1.0152 -1.0721 -0.20239 0.67379 -0.39514 2.0356 -0.71805 -0.45398 -0.30875 0.94743 1.0878 0.38239 -0.41297 -0.064848 -1.1291 -0.13427 0.1774 1.1009 -0.35184 0.71495 -0.8569 0.050316 -0.67757 0.59736 -0.47144 -0.20944 -0.13123 0.50305 -0.44391 -0.032998 1.112 -1.9436 0.54815 0.44241
-0.64258 1.2265 0.45595 -0.82779 -1.3971 -0.63111 -2.5854 -1.0191 -0.26964 0.29444 1.4968 -0.2389 -0.9589 -0.44033 0.29781 0.88702 -0.34298 -0.4147 -0.5198 -0.77444 -0.37392 0.16458 1.3725 -1.3567 0.81206 -0.2915 0.62001 -0.76099 -0.35919 -0.84871 0.3239 -0.50882 1.1739 -0.34376 -0.10881 0.55186 -1.0846 0.11303 1.0256
-0.51063 1.5049 0.21618 -0.45276 -0.25392 -1.19 -1.1924 0.23296 0.32896 0.24393 1.6428 -0.37944 -0.99729 -0.090084 0.10529 0.50026 -0.6531 0.044087 -0.96113 -0.28928 -0.71236 0.23674 1.2029 -1.3197 0.73101 0.14844 1.101 -0.19342 -0.99698 0.059268 0.42276 -0.46852 1.3072 0.014581 -0.30739 -0.089175 -0.33281 -0.31303 0.56846
-0.55815 1.0937 0.5901 -1.5286 -1.0314 -1.0944 -0.58809 -0.023718 0.48451 1.2733 1.3049 -0.515 -0.39804 0.82108 0.44793 -0.077096 -0.50168 0.42766 -1.134 0.39173 -0.41453 -0.22742 1.3313 -1.0176 0.45227 0.22936 0.76034 0.17349 -0.49937 1.3098 0.12122 0.75069 1.0583 0.63727 -0.19225 -0.80487 -0.050787 -0.35228 -0.41205
-0.31807 0.7297 -0.20368 -2.0561 -0.97951 -2.597 -1.1723 -1.3199 0.041977 0.88132 -0.15074 -1.0989 -0.07076 1.1976 0.53998 -0.32127 0.58847 0.0041256 -0.72017 0.88345 -0.079448 -0.26192 0.95662 -1.2124 0.27204 -0.12693 -0.16659 0.20233 0.32446 2.2726 0.016591 1.9643 0.54325 1.1617 -0.14543 -1.4412 -0.14022 -0.077645 -1.2307
0.38697 1.2988 -0.092948 -1.4511 -0.53863 -2.2456 -1.2554 -1.1134 0.49561 1.221 0.86519 -0.12656 -0.27425 0.38972 0.37658 0.35219 1.5989 -0.14206 0.88918 0.74049 0.58794 0.016831 -0.086653 -1.5203 0.33678 -0.87501 -1.3827 -0.13264 1.0495 2.1508 -0.031398 2.5618 0.27483 1.2543 0.062261 -1.7193 -0.05683 0.004673 -1.3552
0.78234 1.9197 -0.16513 -1.0081 -0.56474 -2.0671 -1.1596 -0.61047 -0.24945 1.7357 0.84568 0.41762 -0.82215 -0.20498 0.48648 0.90553 2.7348 0.37841 2.0371 0.61461 1.1122 -0.18559 -0.93056 -1.3626 0.65754 -1.4497 -1.7529 -0.56073 1.0266 1.1403 0.058657 1.9758 0.12515 0.69305 -0.14732 -1.451 0.087253 -0.013949 -0.68565
0.46635 1.7552 0.31444 0.73623 -1.3497 -1.3063 -0.55273 -0.33483 -0.4766 1.4423 -0.45032 -0.31273 -1.3258 -1.1757 0.24639 1.3072 2.626 0.19678 2.7185 1.0713 1.5004 -0.13605 -1.1184 -1.065 0.30022 -1.4768 -1.1354 -0.76988 0.41263 -0.20868 -0.030338 0.4473 -0.15258 -0.41308 -0.35984 -0.40666 0.63013 -0.21975 0.34132
-0.79675 1.2745 1.0406 1.0357 -0.47239 0.83978 0.3136 1.4512 1.1254 -0.35658 -0.80196 -0.29492 -1.6094 -1.4384 -0.35654 1.1555 2.3074 -0.034143 2.3986 0.96591 0.85404 -0.4896 -1.3893 -1.2656 0.29213 -1.0248 -0.56698 -0.8716 -0.2506 -1.6481 -0.026657 -1.0112 -0.64305 -1.2303 -0.098047 0.54675 1.1693 -0.2104 1.2379
-0.6223 1.3648 1.3274 1.4213 -0.33454 1.0119 -0.54183 0.28589 -0.3253 -0.061367 -0.76829 0.41888 -1.4802 -1.2102 -0.52179 1.0147 1.4173 0.022527 1.6178 0.26112 -0.1027 -0.575 -0.65088 -0.27564 0.091492 -0.49354 0.16742 -0.61564 -0.90487 -2.254 0.20234 -2.3296 -0.81772 -1.8196 0.085577 0.89911 1.2672 -0.55298 1.8125
-1.3047 1.2958 0.91172 0.85878 -0.75064 0.54318 0.085116 0.34243 -0.16555 -0.071573 -0.8225 -0.57797 -1.5089 -1.2978 -0.62355 0.57894 0.14007 0.431 0.51602 -0.25815 -0.53829 -0.16827 -0.069739 0.64686 0.35344 0.21761 0.50129 -0.13045 -1.2956 -2.317 0.3472 -2.7168 -0.25324 -1.2979 0.70737 0.56563 0.67789 -1.5193 1.7637
-0.53958 1.2569 1.0281 1.9159 -0.82634 0.78516 -0.084603 -0.11485 -0.72845 -0.18287 -0.65536 0.92308 -1.5008 -0.92638 -0.67576 -0.12069 -0.66958 0.37442 -1.1064 0.058574 -1.4325 -0.11893 0.014243 0.58459 -0.85436 1.0639 0.60788 0.34082 -1.294 -1.5526 0.34548 -2.0104 0.24361 -0.36963 1.1461 -0.12624 -0.0033651 -1.798 1.2001
-0.62844 1.3874 1.3117 1.2298 -0.77907 0.38169 -0.86212 -0.68062 -0.96728 1.2621 0.36567 -0.10929 -1.5713 -0.6107 -0.50408 -0.73541 -1.1511 0.48144 -1.7967 0.56353 -1.0681 0.74672 -0.58996 -0.3042 -2.377 1.2732 0.2872 0.78425 -0.80756 -0.5929 0.1623 -0.84519 0.60937 0.42811 0.90684 -0.37125 -0.26781 -1.5996 0.19777
-2.0893 0.6926 1.3169 0.71716 -0.10994 0.27978 -0.47164 -0.044629 0.68158 0.23842 0.081035 0.15579 -0.96718 -0.37661 0.001221 -0.78371 -0.95014 0.6855 -1.3397 0.33342 -0.57072 1.3397 -0.62903 0.18766 -2.2674 1.0716 -0.11311 1.0232 -0.25306 0.47066 0.45216 0.33733 0.42163 1.183 0.18638 -0.3286 -0.028128 0.0075715 -0.86165
-1.7602 0.58367 0.6712 -0.048657 0.14383 -1.1521 0.69322 -1.2464 0.46469 -0.97888 -0.54986 -2.087 -0.1142 -1.0199 0.38029 -0.62077 -0.8633 0.6079 -1.0996 0.81401 -0.10866 0.97949 -0.4716 0.28819 -2.2497 0.55708 -0.0058232 1.0428 0.31444 1.1747 0.44674 0.91061 0.067686 1.2154 -0.86609 0.32161 0.19792 1.6124 -1.5216
-0.9233 1.1992 -0.017126 -0.018569 -0.19584 -1.8141 0.34627 -1.1245 0.53846 -0.92306 -1.8801 -3.3724 -0.41548 -0.94827 0.63366 -0.65554 0.11458 1.2066 -0.77034 0.77005 0.45609 0.15104 -0.68397 0.22513 -0.87125 -0.084025 -0.15554 0.52882 0.57347 1.0403 0.097759 1.1736 -0.0094 1.381 -1.0634 0.85052 0.033109 2.5778 -1.6792
-1.3518 1.5975 0.32181 0.5535 -0.090378 -0.28404 -0.036318 -0.13274 1.6438 -0.24446 0.66546 -1.8747 -0.88865 -0.34249 0.96486 -0.19863 0.61606 1.1058 -0.22508 0.47896 0.85153 -0.45029 0.086194 0.079579 0.32327 -0.80699 0.349 -0.71689 0.27807 0.26349 -0.42929 1.1085 -0.22378 1.2698 -0.59664 1.3609 0.10523 2.9419 -0.70631
-2.3382 1.5613 0.94143 0.77382 -0.026186 -0.5912 0.77946 -0.42651 -0.12691 0.14659 0.37959 -1.5059 -1.1853 -1.0244 0.61372 0.098313 0.34778 0.64367 0.61694 0.48159 1.7132 -0.14494 0.78824 0.35488 1.8607 -1.1795 1.1547 -1.9882 -0.30975 -1.3006 -1.1889 0.17362 -0.21384 0.60158 -0.034794 1.3657 -0.43221 1.6339 0.95347
-2.3559 1.4967 0.42136 1.2127 1.6896 -1.0863 0.14249 0.15591 -0.451 -0.45745 0.2079 -0.91937 -1.3036 -0.30868 -0.83885 -0.46593 -0.45536 0.072851 0.46753 0.51311 1.8046 -0.10634 1.4993 0.43484 2.5593 -0.13003 2.0888 -2.5556 -0.87036 -2.1959 -1.313 -0.64318 -0.33095 0.11098 0.40484 0.69205 -0.76977 0.023431 2.3824
-1.8364 1.5295 0.77314 0.8898 1.0447 -0.67445 0.73911 0.62294 0.48745 -0.28311 -1.042 -0.54866 -1.2831 1.2765 -1.8714 -1.1071 -1.872 -0.5687 -0.76663 0.32757 1.1866 -0.092212 1.326 -0.84838 1.454 1.24 2.6837 -2.0048 -0.7113 -2.0996 -1.1097 -0.86655 -0.37911 -0.32731 0.25773 -0.043979 -0.79368 -1.4223 2.7697
-2.7174 1.3909 0.28333 -0.16133 0.026755 -0.20673 1.3652 1.2492 0.87982 0.4147 -0.23249 -0.31855 -1.3964 2.5672 -2.1715 -1.2465 -2.5403 -0.8209 -0.85267 -0.10202 1.3419 0.36173 1.1997 -0.91022 0.60649 2.1401 1.7516 -0.68317 0.21039 -1.0519 -0.24002 -0.20916 -0.28426 -0.27791 -0.0075296 -0.97165 -0.028924 -1.7701 1.8288
-0.73231 -0.026721 -0.83306 -0.55963 -0.48685 -0.74451 0.48463 1.5652 0.61551 2.1165 0.086833 0.72788 -0.25847 2.7559 -2.1553 -0.85973 -2.6884 -1.0473 -0.49887 0.035523 1.2961 0.15501 0.8627 -0.61329 -0.10234 2.5183 0.23075 0.3937 1.2767 0.53968 0.77339 0.93382 -0.10662 -0.023091 -0.31217 -1.6123 0.87558 -1.149 0.42086
0.13274 -0.36607 -0.56261 -2.0622 -0.38786 -2.2258 0.42472 0.75744 0.51059 1.1006 -0.8398 -0.46075 0.64027 2.3554 -1.8682 -0.18649 -2.0848 -0.13676 -0.098668 0.093876 1.2001 -0.24482 -0.18166 0.2524 -0.32834 2.4213 -1.3548 1.1655 1.7453 1.6692 1.2603 1.7498 0.070976 0.0089044 -0.23702 -2.1375 1.2082 -0.45584 -0.99743
0.501 -0.22484 -0.24479 -1.93 0.19826 -1.7573 0.45166 1.7872 0.049046 0.97527 -1.2776 -0.93809 0.82395 1.8254 -1.3497 0.79228 -1.0372 0.60846 0.76011 0.017171 1.2167 -0.43415 -1.1648 0.36917 -0.44736 1.8321 -1.8293 1.2756 1.383 2.3576 0.88771 2.3147 -0.28205 0.013968 0.20232 -1.6372 1.1594 0.40795 -1.8654
0.35765 -0.2685 -0.26238 -1.9561 0.26122 -0.82514 0.71019 2.3704 0.34388 0.39035 -0.77756 -0.82243 0.90276 0.38871 -0.57891 1.2475 -0.10324 0.81614 2.0892 0.047435 1.4048 0.16659 -2.008 1.0827 -0.14206 0.74015 -1.6055 0.83017 0.54196 2.1088 -0.18772 2.1178 -0.41921 -0.61233 0.77448 -0.33926 0.51948 0.9981 -1.8995
0.16977 -0.35062 0.57302 -1.8679 0.37836 -0.13602 1.3711 2.4141 0.48442 -0.30151 0.28084 -0.34865 0.94834 0.17167 -0.61591 1.0547 0.92441 0.2175 3.1332 -0.50212 1.2271 0.36865 -1.4548 1.3552 0.68745 0.10068 -0.94549 0.25181 -0.3087 1.4031 -0.84151 1.1015 -0.30222 -1.4655 0.80632 1.0492 -0.37471 1.0087 -1.2917
0.074841 -0.63272 0.73383 -1.5289 0.46537 0.68839 0.70332 2.7952 0.033876 -0.34536 0.37153 -0.42495 0.8344 0.050537 -0.81412 0.7155 1.0534 -0.2886 3.0384 -0.47976 -0.022768 0.957 -0.69677 0.82447 1.2197 -0.030665 0.041252 -0.095875 -0.68981 0.65838 -0.94856 -0.28712 0.13978 -2.1044 0.32264 1.9083 -1.2328 0.2708 -0.46011
0.17849 -0.7575 0.38103 -1.1732 0.53784 1.603 0.079833 3.0667 1.1946 -0.98433 1.0385 0.2129 0.83647 0.14752 -0.80181 0.475 1.129 -0.45622 2.5321 -0.32017 -0.99132 0.83973 0.26917 -0.2791 1.0094 -0.039209 0.26583 0.15248 -0.62762 0.062638 -0.72986 -1.5103 0.93285 -2.091 -0.33219 1.6442 -1.2259 -0.67199 0.00091048
0.79488 -0.90035 0.67367 -0.78195 -0.2445 2.2661 -0.38457 2.4356 0.72598 -0.60384 0.094027 0.11091 0.83298 0.47482 -0.65128 0.22984 1.0882 -0.67197 1.7981 0.23338 -1.6842 0.59934 0.92103 -0.64551 0.29346 0.0050105 0.38329 0.36568 -0.35634 -0.041924 -0.43755 -2.3018 1.4056 -1.3428 -1.1872 0.98505 -0.54785 -1.0864 0.070892
0.33123 -1.0019 0.53755 -0.74555 -0.10778 2.6202 0.59914 1.4114 1.7999 0.30118 -0.38431 0.85717 0.86265 0.47075 -0.43722 0.10828 1.0403 -0.99105 0.66161 0.99335 -2.1135 -0.13916 1.0042 -0.44106 -0.2219 0.082515 0.26747 0.33595 -0.31314 -0.08337 -0.11921 -2.744 1.2732 -0.37899 -1.4855 -0.03874 0.27546 -0.6829 0.0054828
0.31735 -1.0589 0.6677 -0.59526 -0.1085 2.6628 0.90775 0.88376 1.2062 0.66565 -0.87257 0.35203 0.90071 0.62882 -0.37109 0.22509 1.0273 -0.85372 -0.73565 1.6544 -2.1384 -1.0094 0.89832 -0.2287 -0.40269 0.030308 0.22875 0.18055 -0.31647 -0.055188 0.1474 -2.5633 0.45898 0.71593 -1.4259 -0.78578 0.43133 0.086627 -0.10014
0.88121 -1.0534 0.98648 -0.36062 -0.39244 2.3685 1.5372 0.41993 0.91275 0.64149 0.17072 -0.44877 0.91097 0.58494 -0.3675 -0.11431 1.0083 -0.57963 -1.8141 1.4973 -1.5158 -1.4289 0.21554 0.074801 -0.037778 -0.044202 0.085645 0.073389 -0.4909 -0.13102 0.36141 -1.6569 -0.32113 1.5524 -0.60153 -0.9629 0.29737 0.68302 -0.16688
0.68191 -1.102 0.52324 0.038367 -0.97638 1.5865 1.3624 0.2992 -0.24198 0.37867 0.29527 -0.52884 0.90953 0.85676 -0.37794 -0.25689 1.008 -0.57417 -2.2079 0.8923 -0.54759 -1.7054 -0.22912 -0.019979 0.41326 -0.10836 -0.38419 0.066417 -0.65906 -0.4561 0.28196 -0.31421 -0.79798 1.8379 0.44989 -0.6282 0.12893 0.94428 -0.13084
1.2847 -1.2175 0.74421 0.29557 -0.61705 0.46058 2.0435 -0.011922 -0.18942 0.24208 0.19608 0.22517 0.82792 0.51723 -0.30916 -0.58022 0.80598 -0.4117 -1.9935 0.7359 0.1973 -1.0351 -0.32733 0.062015 0.82752 -0.14138 -0.58787 0.22146 -0.37665 -0.8631 0.08297 1.0177 -0.85997 1.483 1.3271 0.093671 0.16429 0.42635 -0.058866
1.1693 -1.348 0.35307 0.41661 -0.79676 -0.10009 1.6141 0.13453 -0.7646 0.002504 -0.557 0.75326 0.78507 -0.091534 -0.28757 -0.791 0.25132 -0.37285 -1.293 0.44952 0.68156 -0.27474 -0.062623 0.038066 1.1677 -0.15142 -0.67369 0.46741 -0.035162 -1.2071 -0.14421 1.82 -1.184 0.83571 1.7532 0.54631 0.33637 -0.53155 -0.018052
1.2725 -1.3773 0.32674 0.46434 -0.74405 0.025932 1.8101 0.76951 -0.46059 0.35547 -0.68046 1.2527 0.79019 -0.091622 -0.034401 -0.55963 -0.28334 -0.50192 -0.19629 0.0099984 0.83718 0.60233 0.32956 0.37901 0.50635 -0.12734 -0.34624 0.65652 0.51185 -1.3794 -0.35241 1.7917 -1.9412 0.31358 1.3811 0.56298 0.28075 -1.2306 -0.051166
0.89802 -1.2717 0.049873 0.4064 -0.77398 0.20852 2.1662 1.0816 -0.088785 0.24163 0.076841 0.56003 0.78932 -0.15659 0.28427 -0.33065 -0.78742 -0.7919 0.60854 -1.097 0.80716 1.1041 0.53614 0.50933 -0.50533 -0.1488 -0.023276 0.78921 0.93527 -1.28 -0.17738 0.96654 -2.444 0.06097 0.49663 0.21865 0.18332 -1.4462 -0.13388
0.59815 -1.3625 -0.072811 -0.15275 -1.2462 0.4683 2.0058 1.0939 0.28238 0.54563 0.65522 0.97678 0.7532 -0.13056 0.52845 0.1656 -1.3504 -0.86937 0.71293 -2.3469 0.76626 1.1339 0.5 0.39957 -0.87511 -0.23392 -0.07105 0.81435 1.0954 -1.1301 0.33309 -0.37256 -2.305 -0.071514 -0.5073 0.054271 -0.1721 -1.0051 -0.23508
1.0868 -1.0936 0.093656 -0.27599 -1.5878 1.0421 1.2129 1.0494 0.63677 0.8223 0.55303 0.12039 0.7484 -0.12366 0.78185 0.62699 -1.6972 -0.51639 0.22306 -3.2268 0.8442 0.48779 0.29692 0.40023 -1.131 -0.33375 -0.26141 0.88736 0.99061 -0.70599 1.0373 -1.4549 -1.1714 -0.24205 -1.1459 0.031225 -0.54438 -0.46923 -0.2425
1.2988 -0.93534 0.40916 -0.71534 -1.5345 0.97007 -0.055157 1.0062 1.2127 0.81884 0.064409 -0.32901 0.61867 -0.25269 1.1107 1.0465 -2.0185 0.024458 -0.76983 -3.5037 0.68121 -0.13848 0.5684 0.073649 -1.249 -0.44715 -0.59266 0.88943 0.45702 -0.063283 1.4849 -1.9617 0.55311 -0.63427 -1.2329 0.23217 -0.46688 0.12595 -0.14923
0.8722 -0.84722 0.58327 -1.4336 -1.768 0.65157 -1.7341 1.6324 0.53123 0.60607 -0.39324 0.098911 0.52228 -0.61071 1.5121 1.1147 -1.8173 0.79307 -1.6285 -2.8457 0.37159 -0.63001 0.57553 -0.45471 -1.2674 -0.46741 -0.78211 0.75246 -0.21508 0.5577 1.2529 -1.7596 2.1152 -1.1016 -0.72335 0.27959 -0.18551 0.59351 -0.04491
0.85255 -0.53475 0.98506 -1.7161 -1.0379 0.093309 -1.6485 2.2503 -0.031531 0.67432 0.65033 -0.40484 0.4525 -1.0471 1.6858 0.79356 -1.4024 1.3771 -2.3755 -1.4396 -0.25896 -0.85746 0.83225 -0.14028 -0.51294 -0.42951 -0.58151 0.3188 -0.91967 1.0273 0.5542 -1.1084 2.9287 -1.5469 0.015565 -0.071353 -0.090117 0.49066 0.056063
0.35326 -0.10161 1.1514 -2.4368 -0.807 -1.1695 -1.7389 1.5716 -0.14648 1.4866 0.51824 -1.1632 0.31175 -1.2553 1.7822 0.3481 -0.90767 1.2578 -2.5753 -0.058513 -0.88078 -0.64871 0.73047 0.11964 -0.2286 -0.42288 -0.19308 -0.34624 -1.3385 1.135 -0.40778 -0.21199 2.5806 -1.3906 0.82312 -0.37502 -0.33102 0.326 0.17906
0.11467 0.30111 1.1293 -2.2261 -0.32553 -1.5022 -1.4457 1.0958 -0.22454 1.4255 -0.52305 -0.8328 0.31182 -1.0687 1.5207 -0.31447 -0.46095 0.88566 -2.5666 0.91877 -1.777 -0.096207 0.36137 -0.40452 -0.71275 -0.37346 0.26632 -0.99808 -1.3245 1.0774 -0.94745 0.82766 1.6154 -0.5041 1.2066 -0.93127 -0.66574 0.013961 0.35831
0.10576 0.57532 0.91455 -1.9079 0.078575 -2.1612 -0.87445 0.36838 -0.15132 1.9717 0.3065 -0.20733 0.29971 -0.98204 1.0005 -0.87138 -0.065913 0.26404 -1.9711 1.0997 -1.6417 0.69322 0.080016 -1.01 -0.4557 -0.18478 0.38173 -1.659 -1.0478 0.73196 -0.89413 1.475 0.80494 0.66178 1.0342 -1.295 -0.28089 -0.032723 0.54779
-0.28009 0.73644 0.78597 -2.1607 -0.45252 -2.5419 -0.82954 0.2053 0.24477 1.2783 0.21003 -0.46108 0.10179 -0.67153 0.36589 -1.1102 0.28672 0.0511 -0.99081 1.1889 -0.88003 0.96899 -0.67511 -0.95255 -0.33929 0.074999 0.26368 -1.9305 -0.6301 0.37657 -0.50016 2.0326 0.43532 1.7749 0.41389 -1.4647 0.42008 0.22676 0.69012
-0.2744 0.55217 0.18443 -2.3042 -0.65873 -3.1599 -0.66239 -0.63047 0.14468 0.83837 -0.92803 -1.6919 0.13199 -0.71707 -0.4833 -1.2418 0.15557 -0.044204 -0.35331 1.4044 -0.0020213 0.95931 -1.3043 -0.19043 -0.45272 0.30721 0.32261 -1.7393 -0.35604 0.27418 0.21487 2.1831 0.57759 1.9987 -0.20645 -1.3472 1.2189 0.61926 0.69949
-0.41833 0.50869 0.077706 -1.985 -0.56211 -2.7597 -0.28823 0.28971 1.2476 1.3244 -0.82234 -1.1387 0.33513 -0.69415 -1.0454 -1.3233 0.1731 0.085647 0.77404 1.6303 0.95385 0.62787 -1.8356 0.045991 -0.20971 0.58332 0.41567 -1.1746 -0.022587 0.2881 0.64062 2.0752 0.513 1.2679 -0.46529 -0.96625 1.5794 1.283 0.48605
-0.40054 0.35756 -0.023414 -1.8814 -0.30365 -2.2656 -0.11157 0.4152 1.0436 0.41564 -0.94052 -1.179 0.48671 -0.34896 -1.2744 -1.4381 0.53625 0.68131 1.6035 2.0254 1.4391 0.43733 -1.9961 0.99696 0.80375 0.78018 0.57738 -0.41372 0.33982 0.41754 0.69462 1.6461 -0.11894 -0.33108 -0.59287 -0.57807 1.2695 1.4958 0.085724
-0.82337 -0.27239 -0.37804 -1.9945 -0.12787 -2.1582 0.78465 0.96792 0.89226 -0.47262 0.21093 -0.91524 0.63889 -0.052648 -1.2517 -1.0516 0.66886 0.94973 2.2673 1.8966 0.93737 0.26795 -2.2311 1.7028 1.7429 0.68505 0.62954 0.30276 0.77767 0.4926 0.29146 0.81961 -0.91242 -1.9075 -0.30874 0.1174 0.37283 1.0508 -0.35467
-0.76847 -0.39817 -0.76336 -1.8149 -0.086197 -0.91531 1.2566 1.5747 0.59523 -0.82567 0.37369 -0.51421 0.8225 0.079927 -1.0899 -0.72851 0.7323 0.89 2.2595 1.0343 -0.64972 -0.086751 -2.2397 1.5918 1.7258 0.40407 0.69694 1.1547 1.195 0.52097 -0.46809 0.044527 -1.688 -2.7273 -0.061433 0.85792 -1.2423 0.067681 -0.88851
-0.44377 -0.45392 -1.1712 -1.3741 0.40076 -0.52748 1.749 1.6547 1.0981 -1.4773 1.0932 0.3984 0.87408 0.31069 -0.62003 -0.19691 1.0459 0.56458 2.1163 0.313 -1.8065 0.2518 -1.4695 0.51151 1.5548 0.15034 0.66561 1.9395 1.3706 0.37771 -0.9824 -0.96908 -2.3285 -2.5286 -0.4154 1.9485 -2.2546 -1.0521 -1.4384
-0.20458 -0.60142 -0.74454 -1.3447 0.55173 0.14294 1.47 0.099573 1.0357 -1.8682 0.96037 0.78039 0.83287 0.81987 0.38669 0.40877 1.3738 -0.017968 1.7651 -0.53603 -2.6313 0.319 -0.66605 -0.97242 1.0701 -0.50538 0.34537 1.7542 1.2015 0.042457 -1.273 -1.5144 -1.9992 -1.2655 -0.76664 2.4148 -2.3141 -1.6855 -1.3319
-0.49549 -0.57507 -0.57271 -1.0271 0.49498 0.31418 0.48303 -1.2419 1.0023 -1.8255 0.98253 0.79934 0.7202 0.86687 1.3312 0.98752 1.0951 -0.48696 0.52901 -1.9435 -3.1173 -0.79373 0.85285 -1.6662 -0.095485 -1.373 -0.19851 0.75691 0.47806 -0.33824 -1.1841 -1.8455 -0.95898 -0.0040604 -1.0938 1.7662 -1.4132 -1.8054 -0.59028
-0.19229 -0.39042 -0.28751 -0.50009 0.21112 0.62651 0.66003 -1.7128 1.4278 -1.6238 -0.59224 0.56467 0.69178 0.46791 0.93832 0.96572 0.80167 -1.0393 -0.046887 -1.8087 -2.5166 -1.1496 1.3933 -2.0929 -0.9382 -1.1611 -0.41619 -0.68841 -0.19155 -0.34872 -0.73781 -1.738 0.61603 1.2074 -1.0004 0.68512 0.018542 -1.2865 0.57105
0.38391 0.38656 -0.13395 -0.11304 -0.3979 0.61718 0.47408 -1.8074 1.1296 -1.3204 -1.2205 0.51797 -0.075113 0.093935 0.39966 0.43641 0.68439 -1.2072 -0.75433 -0.95599 -1.8665 -1.2764 1.0105 -1.8454 -1.1806 -0.55409 -0.12265 -1.8307 -0.78754 0.01899 -0.10892 -1.2292 1.6844 2.0847 -0.48423 -0.67836 1.3063 -0.27933 1.4745
0.33837 1.1348 0.25096 -0.65044 -0.43309 -0.60452 -1.6911 -2.5295 -1.3806 0.88166 -1.1608 -0.71749 -0.82575 0.38983 -0.32785 0.32369 0.91118 -1.0735 -1.1502 0.19303 -0.83949 -1.509 0.62373 -0.84989 -1.0433 0.080077 0.4574 -2.0735 -1.2084 0.26219 0.75354 -0.71771 1.4139 2.3394 0.18905 -1.4777 1.607 0.76605 1.5724
-0.18785 -0.40887 -0.16428 -0.47301 -0.75957 -0.22228 0.073073 -2.0808 0.015922 -0.37951 -1.2647 -0.49893 0.27726 0.66086 -1.1727 -0.18465 1.0886 -0.66411 -1.4364 0.4004 0.21356 -1.6152 -0.094079 0.3987 -0.59536 0.57829 1.0419 -1.6285 -1.6156 0.26792 1.2932 0.40102 0.68608 2.4304 1.3267 -1.2365 0.97375 1.3512 1.008
-0.38017 -0.57573 -0.3831 -0.24236 -0.85264 -0.81152 0.52033 -3.2957 -0.31585 -1.4222 -1.3294 -0.43241 0.6987 1.0686 -1.8284 -1.0167 1.1215 0.16991 -1.1775 0.3205 1.1215 -0.58825 -0.96918 0.090916 0.4 1.0156 1.117 -0.21408 -1.888 -0.22879 1.4286 1.3601 -0.28195 1.9494 1.6712 0.12341 0.43754 0.87337 -0.16025
0.58426 -0.72755 0.10062 0.82036 -0.85942 -1.082 1.1011 -2.0318 -0.94945 -0.89139 -0.36175 -0.41041 0.74136 1.7766 -1.6407 -1.96 1.1124 0.69987 0.074136 0.34221 2.0131 1.009 -0.63021 -0.31467 0.95059 0.73588 0.72288 1.0033 -1.7498 -0.91004 0.85255 2.0427 -0.57049 1.2 1.4331 1.7106 0.40392 -0.066056 -1.078
1.1882 -0.99607 -0.59689 1.0147 -0.69398 -1.4661 0.32893 -0.89552 -1.2733 -1.3615 -0.2913 -0.1712 0.62986 2.0001 -0.46164 -2.3729 0.46491 1.0362 0.86961 -0.33855 2.16 0.63753 1.148 0.40306 0.038677 -0.28036 -0.11723 1.6594 -1.2389 -1.3743 -0.084815 1.9392 -0.32338 0.026073 0.47675 2.322 0.80873 -1.1776 -1.3393
1.6028 -1.0741 -1.5989 0.68815 0.15047 -1.2196 -0.55797 -0.47583 0.033028 -1.8267 -1.9415 0.98374 0.53403 1.5961 -0.1385 -2.8283 -0.34446 0.57571 1.71 -0.40382 2.0967 0.73783 2.2469 1.0696 -0.52171 -0.6575 -0.832 1.405 -0.23919 -1.2862 -0.67327 1.1096 0.47801 -1.0072 -0.17795 1.7256 1.0388 -1.6434 -0.78572
1.9987 -0.96315 -2.4519 0.4795 0.32475 0.46537 -0.50398 0.026075 1.2903 0.41024 -1.7626 0.23873 0.28456 0.9244 0.26203 -2.9333 -0.81575 0.084509 1.9632 0.050555 1.1372 0.5345 2.2027 1.0599 -1.2922 -0.62755 -1.0557 0.56032 0.82586 -0.55132 -0.85206 0.094798 1.3339 -1.3897 -0.079938 0.40481 0.37403 -1.1806 0.088866
1.6847 -0.79435 -2.7319 0.049186 0.21936 0.99234 0.59087 -0.060548 0.11797 1.2625 0.37719 -1.3209 0.1527 0.68853 0.40302 -2.131 -0.74139 -0.11461 1.7904 1.0964 0.51799 0.69301 2.2717 1.492 -1.7853 -0.464 -0.88276 0.012027 1.7438 0.26427 -0.33007 -1.2597 1.1023 -1.2799 -0.17535 -0.94629 -1.1154 0.11667 0.56185
1.6527 -0.77465 -3.2533 -0.29522 -0.74615 1.1186 0.28381 -0.30483 -0.14872 1.5555 0.91902 -1.065 0.09506 0.39235 0.22635 -1.1488 -0.39927 -0.25619 1.0183 1.5599 0.17888 0.49525 1.9491 0.95726 -1.7642 -0.2239 -0.58773 -0.52372 2.2571 0.77652 0.31034 -1.9796 -0.028437 -0.50821 -0.11288 -1.8255 -2.5275 2.0211 0.75973
2.0184 -0.5479 -3.3268 0.16859 -0.6799 0.99768 0.84217 -0.091833 -0.46648 1.0396 0.2883 -1.7897 0.16477 0.13732 -0.10114 -0.40356 -0.026645 0.12226 -0.39693 1.0302 0.024763 0.39536 0.51141 -1.1827 -0.011088 0.11953 -0.61278 -0.79436 2.3805 0.84061 0.86799 -1.8195 -0.94622 0.33053 -0.48791 -2.4095 -2.8657 2.9494 0.74615
2.3532 -0.75935 -3.2326 0.037881 -0.020106 0.98007 1.4094 0.050016 1.1685 1.4053 0.48143 -1.6809 0.15711 0.049558 -0.38409 0.49547 0.35075 0.58602 -0.99396 0.026488 0.37403 0.45049 -0.52072 -2.816 2.0726 0.40497 -0.71502 -0.7592 2.3226 0.6539 0.95246 -0.98157 -1.2229 0.74571 -1.2237 -2.3819 -1.4743 2.5327 0.54416
2.0239 -0.92979 -3.0727 0.081935 0.15593 0.79823 1.3266 -0.14643 1.4788 1.9237 -1.3973 -1.3286 0.24124 -0.33929 -0.65357 1.5738 0.5323 1.1672 -0.92703 -0.016919 1.086 -0.29346 -1.2536 -2.5316 2.4869 0.52213 -0.85798 -0.42498 2.0041 0.50745 0.42516 0.063692 -0.85231 0.65297 -2.246 -1.6932 0.87271 0.91167 0.24516
1.8272 -1.0495 -3.011 0.27065 0.3694 -0.25783 0.76867 -0.043747 0.88176 1.151 -2.9952 0.43341 0.41517 -0.76759 -0.79901 2.2793 0.60626 1.0883 -0.72762 -0.34603 1.1432 -1.6916 -1.8739 -1.4115 2.3072 0.52277 -0.78563 -0.047817 1.2517 0.31279 -0.23448 0.59941 -0.2672 0.01471 -2.4215 -0.81579 2.7807 -0.67135 -0.018927
1.6893 -1.1167 -2.0529 0.41972 0.38325 -0.29823 0.14988 0.55377 -0.1516 0.065858 -2.5026 1.947 0.60958 -1.1307 -0.62274 2.5163 0.84534 0.71405 -0.40475 -0.47706 0.94987 -3.1802 -2.1536 -0.09197 1.8065 0.48667 -0.36651 0.29128 0.2604 0.0535 -0.64172 0.7417 0.16323 -0.87022 -1.2332 0.39858 3.0713 -1.5276 -0.20573
1.4376 -1.3709 -1.2066 0.56106 0.78185 0.27474 0.91203 1.6541 -0.92517 -0.51748 -1.5049 1.0418 0.60753 -1.0905 -0.48249 2.4062 0.81479 0.37446 -0.034819 -0.27482 0.47688 -3.1158 -1.6746 1.6886 1.0416 0.38775 0.16841 0.52006 -0.81216 -0.2485 -0.57162 0.48707 0.65057 -1.4511 0.67876 1.5349 2.018 -1.5261 -0.30361
1.3235 -1.3872 -0.70997 0.96427 0.916 0.17251 0.83225 1.0909 -2.4369 -1.2503 -1.0695 0.22336 0.63783 -0.89762 -0.31395 2.0085 0.54353 0.29513 0.23767 0.27098 -0.31366 -2.1323 -0.55207 2.2415 -0.039788 0.22861 0.52369 0.58912 -1.7441 -0.60917 -0.45175 -0.13 0.72548 -1.641 2.1674 1.8861 0.32608 -0.97952 -0.31999
0.84907 -1.3692 -0.65248 1.1135 0.78191 0.30289 0.68396 0.71362 -2.986 -0.73774 -0.465 0.93571 0.66331 -0.56254 -0.063639 0.99319 0.28439 0.20486 -0.058152 0.57136 -1.1181 -0.81043 0.37692 1.5745 0.074075 0.11989 0.78436 0.72576 -2.2247 -0.74967 -0.71151 -0.58311 0.63768 -0.92637 2.752 1.4641 -0.89632 -0.3372 -0.32052
0.77274 -1.4198 -0.54469 1.0348 0.45989 0.20322 0.57049 0.16917 -2.3986 -0.12483 0.011301 1.1366 0.73288 -0.38141 0.17591 -0.088075 -0.064804 -0.061269 -0.66361 0.54005 -1.525 0.15247 0.56769 0.63167 0.27556 0.060091 1.1238 0.93672 -1.8456 -0.69727 -1.2495 -0.67242 0.31506 0.22383 2.6166 0.49677 -1.105 -0.23308 -0.41123
0.97259 -1.3665 -0.40719 0.80139 0.91375 -0.037838 1.1182 -0.23741 -1.8666 0.10993 -0.26326 0.93215 0.71021 0.17211 0.51472 -0.76958 -0.33007 -0.81192 -0.78079 0.85646 -0.76244 1.4367 0.67679 0.64131 0.21065 -0.089412 1.0634 1.0059 -0.91427 -0.5791 -1.707 -0.34754 -0.065906 1.0774 1.7961 -0.12687 -0.65686 -0.63849 -0.57508
1.1524 -1.2192 -0.77207 0.81511 0.85949 -0.21813 1.2805 -0.43564 -1.3996 0.1038 -0.36123 1.8812 0.72039 0.91646 1.0004 -0.61378 -0.49619 -1.6059 -0.78017 0.75349 -0.038999 2.159 0.29357 0.42585 -0.56391 -0.38651 0.46615 0.82775 0.094863 -0.48071 -1.775 0.078898 -0.64611 1.1741 0.83839 -0.23746 -0.33098 -0.93462 -0.64564
0.82122 -1.2037 -1.4282 0.60818 0.64723 -0.86463 1.5839 -0.47633 -1.6161 -0.44572 -0.72937 0.53226 0.6461 0.85235 1.2462 -0.47795 -0.61669 -2.3208 -0.71502 0.33305 0.29636 1.9034 0.27447 0.31863 -0.80871 -0.66259 -0.54445 0.25775 0.80297 -0.47089 -1.0138 0.46563 -1.128 0.50824 0.10977 -0.24463 -0.65307 -0.88989 -0.3834
1.5692 -0.73188 -1.5904 0.6593 -0.78023 -0.6921 1.7714 0.32135 -0.32656 -0.020703 0.56653 0.70043 0.50845 0.17967 1.227 -0.050267 -0.8466 -2.7369 -0.54007 -0.48218 0.29616 1.6546 0.31033 0.10571 -1.1357 -0.78227 -1.4362 -0.51519 0.92194 -0.51807 0.20644 0.81085 -1.0391 -0.10687 0.15364 -0.16513 -0.64765 0.2457 0.092795
2.1247 -0.2578 -0.793 0.36327 -1.5679 -0.60661 1.289 0.54081 0.58331 0.023445 0.19544 0.16698 0.18402 -0.52569 0.84185 0.47788 -1.0609 -2.1981 0.046012 -0.76675 0.090563 1.9167 0.19568 -0.54959 -1.331 -0.56271 -1.7926 -1.0622 0.67642 -0.5819 1.6086 0.81269 -0.58635 -0.35517 0.19943 -0.50619 -0.35388 0.97413 0.54377
1.5011 -0.29633 -0.93518 0.060074 -2.0562 -0.89145 0.97646 -0.0050326 0.051017 0.5771 0.042388 0.32628 0.034508 -1.1967 0.31897 0.66359 -1.272 -1.2491 0.49175 -0.76106 -0.14417 2.4709 0.017684 -0.47984 0.24132 -0.27637 -1.5161 -1.1802 0.041334 -0.49429 2.2949 0.45656 0.026423 -0.1583 -0.23213 -0.83753 0.40163 1.404 0.76451
0.67356 -0.30334 -0.61975 -0.41661 -1.9663 -0.90364 0.40136 -0.26703 0.29571 0.3208 -0.64938 -0.3197 -0.0018648 -1.9555 -0.12036 0.45384 -1.5262 0.076729 0.42526 -0.69276 -0.18752 1.9086 -0.56994 -0.12307 0.56813 0.031762 -0.66749 -0.72675 -0.23165 -0.26925 1.9553 -0.082868 0.19426 0.41928 -0.96081 -0.78368 1.1472 1.1464 0.62131
0.31248 -0.59883 -0.63762 -0.55621 -1.4408 -0.0036874 0.72211 -0.32843 1.6715 -0.17953 -1.4487 -0.25212 0.36039 -2.0631 -0.31469 0.043652 -1.5655 0.59988 0.19861 -0.46739 0.12439 1.179 -0.95381 0.71473 0.8778 0.25312 0.58029 -0.12693 0.054643 0.12604 0.96893 -0.37595 -0.046711 0.81778 -1.7056 -0.22989 1.0946 0.076613 0.29911
-0.082542 -0.76392 -0.87722 -1.0205 -1.3203 -0.075355 0.97951 -0.15943 2.9064 -0.40919 -0.16412 1.8511 0.34378 -1.3982 -0.087312 0.35101 -1.4273 0.69212 0.018381 -0.52846 0.79917 0.57533 -0.85887 1.2116 0.77593 0.25519 1.5945 0.39784 0.70886 0.56618 -0.23893 -0.40524 -0.52689 0.79972 -1.8631 0.76162 0.57621 -0.76609 -0.16271
-0.21817 -0.49653 -0.78719 -1.4472 -0.99849 -0.3462 0.60524 0.41374 2.0372 -0.76154 1.0057 0.98789 0.35438 -0.35192 0.083927 0.8222 -1.0646 0.34219 -0.078016 -0.93667 1.0014 -0.39089 -0.28138 1.103 0.32837 0.13213 1.8179 0.69037 1.1693 1.077 -1.0111 -0.24985 -0.87944 0.35571 -1.6979 1.5263 -0.39324 -1.6478 -0.54671
-0.33479 -0.49052 -0.73732 -1.7477 -1.2739 -0.77253 0.35683 0.43918 1.147 -0.97884 0.88391 0.87903 0.29307 0.28671 0.36074 1.4149 -0.66248 -0.24123 -0.26949 -1.5053 0.9768 -1.1608 0.61396 0.86479 -0.72614 -0.19368 1.4854 0.80736 0.80325 1.8402 -1.047 -0.093942 -0.86714 -0.21812 -0.97418 1.6282 -1.0202 -1.3182 -0.91612
-0.25476 -0.35465 -0.15566 -1.7816 -1.2635 -0.80637 -0.069319 0.99513 0.71744 -0.28867 0.75606 0.77365 0.28094 0.62729 0.6428 1.737 0.16121 -0.87983 -0.17292 -1.7263 0.75149 -1.4654 1.3442 0.072541 -1.7816 -0.47871 0.89999 1.0026 -0.12939 2.3656 -0.29894 0.014964 -0.49374 -0.62277 -0.085172 1.106 -1.1206 -0.54388 -1.1514
0.50216 -0.4271 0.557 -1.6195 -1.4089 -0.29996 -0.82981 0.82036 0.62981 -0.054138 -0.1466 0.027447 0.29975 0.99766 1.0152 1.4233 1.5555 -0.71309 -0.131 -1.8565 0.49382 -0.9024 1.5647 -0.38073 -0.89114 -1.0405 0.49941 1.0521 -1.1624 2.3533 0.64118 0.11255 0.2284 -0.92041 0.43271 0.3899 -1.2072 0.28301 -1.1088
0.5045 -0.28923 0.8643 -1.4606 -1.7872 -0.30566 -0.9998 0.9391 0.95245 0.78646 0.43586 -0.50312 0.091873 1.0384 1.4731 0.57547 2.4455 0.014782 -0.12151 -1.7423 0.0042931 -0.6956 1.4454 -0.58863 -0.69404 -1.4564 0.1291 0.62212 -1.7686 1.5129 1.2326 -0.068474 0.87606 -0.89196 0.51645 -0.39435 -0.75105 0.85007 -0.7094
0.36801 0.11801 0.86957 -0.7346 -2.5402 -0.64245 -1.1692 0.97527 0.41778 1.2404 0.67961 -0.65636 -0.29054 1.0471 1.7467 -0.20977 2.7907 0.57395 -0.069993 -1.0443 -0.48268 -0.64963 1.3473 -1.2973 -0.64792 -1.6423 -0.16587 -0.49821 -1.5243 0.0054136 0.95101 -0.10474 1.4494 -0.70159 0.20802 -1.1243 -0.50113 0.77457 0.29419
0.96935 0.72431 0.48607 1.0268 -1.4318 -0.88575 -1.9533 1.1124 0.36846 0.88237 0.40052 0.54756 -0.95605 0.8476 1.3416 -0.80384 2.5019 0.88764 -0.3482 -0.39318 -0.53651 -0.52246 0.68367 -1.022 -0.096936 -1.4181 -0.20563 -2.0182 -0.77645 -1.5412 -0.1477 0.036274 1.7315 -0.37389 0.18434 -1.637 -0.18288 0.85459 1.4847
0.87974 1.0034 -0.19245 1.216 -0.75849 -0.86951 -1.9218 0.25494 -0.14586 1.0246 -0.44674 -0.21218 -1.1553 0.76386 0.22641 -0.78019 1.5492 0.71468 -0.23655 0.34685 -0.63178 -0.55785 -0.26933 -1.2019 0.45891 -0.54802 -0.43527 -3.1486 -0.0084335 -2.7242 -1.2811 0.48284 1.8482 0.16322 0.32122 -1.6166 0.67085 0.49082 2.4479
1.3409 1.1948 0.058069 1.3569 -0.65383 -0.37866 -1.2145 0.17378 -0.060202 1.9569 -1.8385 -0.78849 -1.1857 0.77343 -1.225 -0.61143 0.075503 -0.3252 0.031081 1.0003 -0.66259 -0.35937 -0.97656 -1.0184 0.56825 0.58629 -0.68383 -3.0512 0.45663 -2.9619 -1.4274 0.89594 1.729 0.59649 0.25479 -1.1133 1.1717 -0.13919 2.6653
1.4004 0.46898 -0.089885 1.1018 -0.95964 -0.9621 -1.2679 0.31009 0.29876 0.7534 -0.47318 -0.12894 -0.9649 0.23055 -2.3645 -0.31865 -1.2914 -1.2904 0.72238 1.929 -0.088226 -0.065814 -1.0124 0.077888 0.075485 1.6267 -1.0912 -1.8293 0.36347 -2.2875 -0.40067 1.0607 1.0976 0.61972 -0.029027 -0.54242 1.4858 -0.6552 2.0216
1.161 -0.31758 0.15308 0.44819 -1.6527 -0.79077 -0.46798 0.22235 -0.10153 0.14229 -0.65188 0.57549 -0.30697 -0.22327 -2.5907 -0.16353 -1.8361 -0.86478 0.99867 2.249 0.38856 -0.24057 -1.138 0.7471 -0.16497 2.1452 -1.4885 -0.033367 0.064869 -1.0134 1.352 1.1004 0.147 0.17896 -0.38713 0.091635 0.72437 -0.71338 0.85078
1.5533 -1.013 -0.11617 -0.17159 -2.9903 -0.58733 -0.30142 0.0084422 -0.23231 -0.36461 -0.82057 0.51495 0.21742 -0.86846 -2.2254 -0.31008 -1.9396 0.22357 1.4427 1.9017 0.085906 -0.67659 -1.2511 0.97155 -0.51189 2.1995 -1.305 1.4809 -0.11831 0.34013 2.9133 0.7788 -0.91072 -0.56337 -0.49217 0.24964 -0.45852 -0.21575 -0.37678
1.044 -1.2888 -0.21488 -0.48501 -2.2356 0.74422 0.73187 0.99971 0.30651 0.14464 0.38598 -0.22331 0.60952 -1.5811 -1.3528 -0.48909 -1.5631 1.5609 1.9151 1.3052 -0.3868 -0.85429 -0.66397 0.022017 -0.59697 1.7831 -0.97266 2.1019 -0.065928 1.1157 3.1197 0.20106 -1.5356 -1.0959 -0.2021 0.19286 -1.025 0.5664 -1.1332
0.63539 -1.0771 -0.32604 -1.0186 -0.78726 0.57443 1.1404 0.60746 -0.75259 0.056425 -0.25235 -1.147 0.90913 -1.6374 -0.44783 -0.37734 -0.75405 3.172 1.8511 0.59145 -0.82046 -0.77661 -0.74323 -0.50967 -0.12816 1.1481 -0.28573 1.8738 0.18043 1.3237 2.0056 -0.73804 -1.7529 -1.1986 0.25495 -0.14829 -0.90084 1.5206 -1.3455
0.28297 -1.0855 -0.26402 -1.0235 -0.12434 1.4261 0.73717 -0.15601 -1.0473 -0.38071 -0.29052 -0.92554 1.0071 -1.7386 0.12008 -0.25183 -0.24419 3.737 1.2006 -0.14643 -1.3418 -0.60803 -0.99823 -0.6297 0.85701 0.69088 0.50978 1.1361 0.37608 1.1158 0.37119 -1.3807 -1.5021 -0.78613 0.83754 -0.44644 0.17492 1.9773 -1.1153
-0.65787 -1.2098 -0.68345 -0.94681 0.45304 1.6022 0.16043 -0.56403 -0.86204 -0.52957 -0.89108 0.16255 0.96805 -1.3522 0.2468 -0.082488 -0.0092802 3.0478 0.28669 -0.85468 -1.8253 -0.27149 -1.3659 -0.56409 1.9677 0.39493 0.99074 0.44254 0.3445 0.58911 -1.0228 -1.5384 -0.87425 -0.024852 1.0311 -0.14515 0.89817 1.4644 -0.71922
-0.1668 -0.99089 -0.18207 -0.46354 1.7859 1.8042 0.4451 -0.90463 -1.0148 -1.2408 -1.5029 0.77946 1.0197 -0.73755 0.24497 0.08149 0.24926 2.3611 -0.12944 -0.95573 -1.4493 0.62685 -1.225 0.40435 2.5155 0.21087 1.2729 0.11464 0.22166 0.18193 -1.5854 -1.1824 -0.22955 0.75092 0.76952 0.27114 1.2291 0.17438 -0.40369
-0.45473 -0.97827 -0.51063 -0.74401 1.5006 1.1462 -0.10075 -1.3881 -0.70776 -1.4828 -0.72838 1.2424 1.1063 -0.21547 0.24672 0.11399 0.15804 1.8908 -0.63295 -0.74095 -0.81097 0.74011 -0.90555 0.81871 2.1319 0.13073 0.91207 0.016223 -0.085553 -0.064585 -1.5456 -0.60999 0.20666 1.28 0.259 0.69143 1.1115 -0.98026 -0.21758
-0.5977 -0.9905 -0.28978 -0.89416 1.7881 0.91363 -0.13861 -1.5553 -0.34534 -1.6001 -0.13236 1.8127 1.1526 0.16467 0.31543 0.074497 0.037819 1.2537 -0.76114 -0.65989 -0.34362 0.47912 -0.67968 1.2063 1.17 0.11638 0.45208 0.0082715 -0.28552 -0.14082 -1.2883 -0.14649 0.33364 1.2867 -0.41243 0.64269 0.44263 -1.4355 -0.13823
-0.20545 -0.82491 -0.2262 -0.66734 2.3797 0.78569 -0.19486 -1.4813 0.20348 -1.5561 0.41726 2.0311 1.1318 -0.034051 0.23829 -0.23821 -0.018093 0.61697 -0.649 -0.59284 0.18401 0.33899 -0.25748 1.32 0.62415 0.06045 0.05013 -0.0061746 -0.38429 -0.022584 -1.0212 0.25582 0.34741 1.0745 -0.63662 0.24806 -0.030494 -1.2169 -0.13312
-0.25158 -0.94674 -0.33107 -0.7533 2.4265 0.8245 -0.38928 -1.2003 -0.24227 -1.6069 0.094972 2.0313 1.0831 0.045552 0.26227 -0.28163 0.074286 0.51316 -0.42564 -0.36782 0.62874 -0.025254 -0.2645 1.0605 0.30231 0.0028 -0.29923 -0.067329 -0.26915 -0.0027635 -0.75038 0.34164 0.50915 0.81955 -0.63759 -0.11119 -0.32278 -0.74433 -0.11772
-0.34477 -0.78283 -0.55192 -0.7194 2.275 0.63733 -0.64066 -1.1662 -0.54843 -1.7874 0.20434 1.5641 1.1223 -0.064602 0.26164 -0.43485 0.10709 0.29498 -0.28267 -0.19768 0.85452 -0.32425 -0.61013 0.82346 0.05533 -0.046763 -0.27042 -0.068238 -0.013896 -0.11772 -0.66244 0.13189 0.76577 0.49768 -0.45744 -0.16039 -0.2277 -0.61436 -0.097209
-0.39023 -0.75398 -0.60669 -0.58487 2.3059 0.69345 -0.36018 -0.82449 -0.34847 -1.6197 0.58499 1.8288 1.1421 -0.40887 0.18734 -0.33529 -0.018879 -0.025433 -0.25088 0.15307 0.96353 -0.50782 -0.71182 0.78411 -0.069106 -0.03742 -0.1631 -0.0889 0.26848 -0.32109 -0.69845 -0.12839 1.0577 0.3803 -0.12752 0.36779 -0.13344 -0.8297 -0.10484
-0.43136 -0.72908 -0.73902 -0.79624 2.2285 0.37752 -0.58362 -0.64209 -0.49419 -1.9926 1.0955 2.0388 1.1283 -0.33955 0.15778 -0.23443 -0.18954 -0.38302 -0.47164 0.66694 1.0161 -0.36552 -0.33972 0.98366 -0.44227 -0.091045 0.11953 0.0063435 0.37266 -0.48562 -0.77705 -0.46111 1.1226 0.45006 0.10757 1.3071 -0.45043 -1.2613 -0.14566
-0.49318 -0.69877 -0.69477 -0.65868 2.5242 0.59395 -0.31324 -0.39825 -0.57846 -2.676 0.97688 2.0007 1.0628 -0.14078 0.16084 0.13171 -0.39158 -0.48708 -0.5984 1.2999 1.313 -0.26776 0.34044 0.70013 -1.1507 -0.15999 0.55864 0.20522 0.28789 -0.54691 -0.92106 -0.84177 0.7974 0.41642 0.3396 2.102 -1.2492 -1.4964 -0.23879
-0.75648 -0.7094 -0.57134 -0.76443 2.2745 0.46378 0.043327 -0.10579 -0.75049 -2.373 1.1729 1.7539 1.0867 0.027772 0.28468 0.04316 -0.64123 -0.96607 -1.0562 1.4579 1.5842 -0.22099 1.4642 -0.067978 -2.0071 -0.24167 0.82009 0.53309 0.29577 -0.50449 -1.0375 -1.0271 -0.095533 0.055677 0.39209 2.3951 -1.7275 -0.95097 -0.4023
-0.55315 -0.76354 -0.7475 -1.1177 1.5723 -0.097595 0.51938 0.15278 -0.8604 -1.6321 1.3856 0.91365 0.98546 0.48871 0.47434 0.076344 -0.8471 -1.5055 -1.6839 1.3406 1.5167 0.12331 2.5608 -1.2694 -2.3809 -0.38086 0.92678 1.1882 0.45466 -0.10739 -1.0046 -0.82174 -1.4069 -0.46768 0.42416 1.923 -1.3301 0.21051 -0.85206
-0.36362 -0.52748 -0.27845 -1.2194 1.7557 -0.22714 1.2651 0.86779 -0.72413 -0.90233 1.106 -0.17304 0.97551 0.93593 0.91313 0.35864 -0.93321 -1.8716 -2.033 0.45612 1.0309 0.25093 3.3053 -1.5965 -1.7823 -0.68478 0.41171 1.6496 0.88338 0.90386 -0.74125 0.17886 -2.1439 -0.93606 0.10859 0.38152 -0.50075 1.3198 -1.4482
-0.33367 -0.40935 -0.82857 -1.5202 0.97255 -1.091 1.1607 1.4544 -0.595 0.56311 0.26186 -0.59966 0.86573 1.2031 1.8809 0.84131 -0.4435 -1.9682 -1.7943 -0.99425 0.66086 0.37462 3.2401 -1.2816 -0.79254 -1.4277 -0.63299 1.478 1.2719 1.8818 -0.37604 1.3679 -2.1431 -1.1583 -0.1715 -1.1319 0.45198 2.035 -1.7021
0.28156 -0.21602 -0.61694 -1.8743 0.37459 -2.1335 0.81271 1.1169 -0.18604 1.0623 -1.1523 -0.64671 0.656 0.46581 2.4061 1.3427 0.92889 -2.1571 -0.64024 -1.6333 0.14773 -0.12125 1.8919 -1.099 -0.013885 -2.2481 -1.8574 0.52554 1.2353 2.2022 0.48244 2.0953 -1.2591 -0.96427 -0.23626 -2.0932 1.2106 1.797 -1.2078
0.53447 0.33624 0.028404 -1.77 0.18592 -2.0127 -0.099629 0.58783 -0.44088 1.6678 -0.54408 0.31868 0.23226 -0.51478 2.2585 2.0046 1.8987 -2.0758 0.41067 -1.8718 -0.34994 -0.044751 1.0375 -0.59213 1.0158 -2.5723 -2.5102 -0.89828 0.60633 1.3413 1.4036 1.6918 -0.065686 -0.68146 -0.082173 -2.1225 1.6418 0.9267 0.074743
0.59958 1.5133 0.60513 -1.0652 -0.34196 -1.7432 -1.4797 0.93102 -0.31989 1.9925 0.43935 0.62888 -0.72568 -1.8274 1.6235 2.1278 2.1967 -0.8636 1.1422 -1.6065 -0.38445 -0.02752 0.27278 0.54785 1.0974 -2.2228 -1.8396 -1.9676 -0.85264 -0.087567 2.2454 0.76666 1.1576 0.032707 0.39424 -1.9018 1.2978 0.00070305 1.4191
-0.5776 1.5434 0.90935 0.79937 -1.1517 -0.2392 -0.65075 0.66494 -1.4434 0.2818 -0.284 0.05118 -1.4856 -2.5434 0.73238 1.6043 1.5467 0.12828 0.76745 -1.1388 -0.42885 0.15845 -0.14207 1.2726 0.61814 -1.3118 -0.21164 -2.4708 -2.36 -1.2436 2.1041 -0.44982 2.2145 0.15729 0.60649 -1.528 0.27854 -0.70226 2.3395
-1.2475 1.2696 1.9422 0.94374 -0.8089 0.037237 -0.68097 0.61157 -0.19836 1.2806 -0.36037 1.1385 -1.3641 -2.1075 -0.20241 -0.074018 0.9456 1.1189 0.74346 0.2987 0.25791 0.5936 -1.2731 0.63747 0.21737 -0.40301 2.0185 -2.3601 -3.2213 -1.8844 0.61777 -1.4098 2.3793 -0.1145 0.95778 -0.78952 -0.3802 -0.45922 2.6857
-2.3572 0.83786 1.1919 0.35145 0.44966 -0.48121 -1.0241 0.84412 -0.29703 1.4786 0.78311 0.64357 -0.98815 -0.79303 -1.0621 -1.3757 0.1131 1.0367 -0.31418 1.5731 -0.35154 0.90031 -1.2039 -0.068293 0.020132 0.59981 3.712 -1.7202 -2.8322 -1.39 -1.0199 -1.2695 1.8397 -0.3326 0.61003 -0.53476 -0.72774 -0.43688 2.2367
-1.9377 0.71809 1.1892 -0.72052 0.61101 -1.9633 -1.2254 0.032053 0.065077 1.099 0.91377 0.29074 -0.54155 1.2207 -1.5232 -2.5002 -0.74594 -0.10079 -1.2034 1.7625 -0.64642 1.584 -0.74815 0.42958 0.46824 1.5077 3.7439 -1.0364 -1.4583 -0.45218 -2.0482 -0.64336 0.84368 -0.59039 -0.002296 0.035892 -0.59345 -0.18433 1.4727
-1.1222 0.76489 -0.60978 0.12126 1.2852 -0.05592 0.46704 1.6386 0.31862 -0.98599 0.11128 0.81727 -0.73465 3.0126 -1.555 -2.5612 -0.30386 -1.2255 -0.85853 1.7825 -0.63565 0.92617 -1.4518 -0.12832 -0.38875 1.6354 2.0105 -0.58455 -0.020981 0.5433 -1.351 0.55784 -0.30406 -0.38411 -0.94405 -0.10692 -0.37555 -0.18368 0.70798
-0.2721 0.47797 -0.75372 0.15993 -0.33847 -1.9066 1.2279 -0.37299 0.52828 0.202 -0.42943 0.45142 -0.47331 3.2719 -1.7324 -2.249 0.28454 -1.7106 -0.30412 1.8689 -0.77392 0.57663 -1.0663 -0.56064 0.067783 1.648 -0.41436 -0.42513 1.5958 0.80311 0.43003 1.0117 -1.3757 -0.37514 -1.6641 -0.01015 0.11847 -0.24556 0.22928
0.68988 -0.39439 -1.4475 -0.19235 -1.9524 -1.8423 1.2462 -0.44924 1.5658 0.14325 0.86916 1.4561 0.40734 2.0891 -1.9599 -1.5378 0.66743 -0.76509 0.37151 0.91526 -1.0496 -0.54864 -1.2449 -0.35231 -0.1323 1.7636 -2.2704 -0.1465 2.3167 0.48129 2.4219 1.1465 -2.1845 0.16836 -1.5842 0.2897 0.9768 0.25247 -0.079918
1.8715 -0.37051 -0.52102 0.35293 -1.3837 -1.0368 0.69625 0.12713 0.5761 -0.77955 -0.2788 -0.27661 0.4712 0.86955 -2.05 0.023925 0.34408 0.52141 0.24457 -0.5368 -1.1834 -1.1211 -0.86 0.78038 -0.14188 1.8419 -2.8411 0.36217 2.5729 0.26274 3.3886 0.84963 -2.2785 0.66073 -1.4021 0.62138 1.1768 0.24262 -0.65294
0.69344 -0.88092 -1.6671 0.31981 -0.61916 -1.1883 1.3239 -0.31339 0.30543 -0.034441 0.093062 0.96101 0.76581 -0.21245 -1.6482 0.70807 0.61516 2.3794 1.2055 -1.354 -0.089235 -1.5022 -0.9695 1.2086 0.2743 1.397 -2.394 0.70299 2.0548 0.13043 2.571 0.24363 -1.3821 0.81269 -0.65601 1.3412 0.82526 0.65229 -1.109
0.103 -1.1037 -1.1134 0.46869 0.67129 -0.62621 0.27915 -1.2383 -1.1969 -1.9957 0.088345 0.16374 1.1497 -1.1145 -1.2689 1.5206 0.83376 3.3154 1.0106 -1.5224 0.071049 -1.8471 0.038416 1.0784 0.40213 0.68961 -1.0572 0.95345 1.405 0.19325 0.81912 -0.12129 -0.40553 0.8832 -0.12728 1.8126 -0.15006 0.54005 -1.3052
0.29435 -1.3673 -0.26567 0.44957 1.2226 -0.54793 -0.058191 -0.53305 -0.69569 -1.3904 1.6575 0.87983 1.2034 -1.5856 -1.1473 1.622 0.68793 2.8483 0.48161 -1.3377 -0.048124 -1.5423 0.9739 1.1939 0.98892 0.40205 0.31333 0.86376 0.63462 -0.14169 -1.3333 -0.742 0.18637 0.53512 0.39959 2.2192 -0.60569 0.18622 -1.0938
0.21021 -1.3227 -0.015852 0.96921 1.6882 -0.11232 -0.60078 -0.12501 -0.8428 -0.54327 1.4702 1.2807 1.1527 -0.50821 -0.66829 2.2402 0.69541 1.895 0.35379 -1.3511 0.56564 -1.3637 1.7699 0.47325 0.65963 0.059094 1.2142 0.81818 -0.49944 -0.46822 -2.6483 -0.56887 0.46497 0.28827 0.63347 1.3946 -0.97939 -0.43771 -0.65038
-0.14014 -1.6729 0.61747 1.0898 2.1149 -0.32724 -0.61723 -0.1135 -1.4253 0.51374 1.4511 1.309 0.987 0.088077 -0.46995 1.5576 0.41962 0.51754 0.012525 -1.0702 0.73775 -0.91637 2.5715 0.25783 0.5654 -0.19896 1.3774 0.7681 -1.2578 -0.71394 -2.9049 -0.17626 0.62001 -0.22959 0.7867 0.071487 -0.97386 -1.0919 -0.3521
-0.5667 -1.6466 0.6512 1.1019 2.2352 -0.65631 -0.51954 -0.54859 -1.951 0.53438 0.87134 1.2325 1.0136 0.40601 -0.20716 0.60709 0.067138 -0.64536 0.077617 -0.73337 0.25931 -0.84861 2.0134 -0.47696 -0.26931 -0.14711 0.82387 0.58818 -1.7233 -1.0311 -2.3867 0.19002 0.69394 -0.88415 1.0215 -1.2675 -0.76466 -1.0157 -0.069211
0.35661 -1.5133 1.0955 1.1291 1.8855 -0.41051 -0.78851 0.28445 -2.0966 1.5838 0.61636 1.5177 1.0363 0.63243 -0.063192 0.051704 -0.37735 -1.506 0.25463 -0.4158 -0.34817 -0.17136 1.0055 -0.34299 -0.79594 -0.1114 0.678 0.59137 -1.1694 -1.0496 -1.3456 0.82105 0.54313 -0.66125 1.1753 -1.8061 -0.72595 -0.65828 -0.07249
0.51582 -1.6712 0.69579 0.83539 1.0942 -0.49168 -1.5061 -0.060758 -2.0025 1.3908 1.4983 0.96615 0.97623 0.81721 0.13481 -0.27817 -0.90326 -1.7112 0.61629 -0.30076 -0.65207 0.37819 0.054459 -0.80723 -0.74989 -0.10742 0.39095 0.84505 -0.31794 -0.87135 -0.40626 1.07 0.1331 -0.04184 1.2939 -1.5866 -0.632 0.24288 -0.49036
0.71942 -1.5325 0.23739 0.64721 0.38056 -0.072446 -0.9396 -0.19422 -1.6504 1.4466 0.86334 0.45433 1.0615 1.1961 0.37101 -0.21855 -1.1285 -1.5456 1.4165 -0.20852 -0.122 0.90286 -0.014075 -1.0782 -0.53815 -0.34726 -0.34547 1.6931 0.61045 -0.1346 0.53503 0.79437 -0.015391 0.41921 0.6438 -1.1257 -0.72858 0.92628 -1.2668
0.49731 -1.5178 0.30645 0.53843 0.16241 0.2657 -0.93633 -1.0743 -1.0541 0.78326 0.8856 0.25235 0.93308 0.87898 1.0222 0.1414 -1.2433 -1.3973 1.6787 -0.57334 0.06804 1.2923 -0.60721 -1.4169 0.13997 -0.88708 -1.3456 2.2712 1.2193 0.89955 0.82341 -0.17571 0.059801 0.65619 -0.001789 -0.75028 -0.38997 0.78639 -1.8822
0.59874 -1.5393 0.59165 -0.2963 0.51933 0.38162 -0.92824 -1.1218 -1.2741 0.50537 -0.40008 0.72806 0.85661 -0.077279 2.3923 1.0053 -0.45822 -0.60658 1.3422 -0.31076 0.13453 0.70441 -0.88135 -1.5447 0.72457 -1.9349 -2.0029 2.2664 0.98433 1.6744 0.7712 -1.4062 0.17204 0.87378 -0.60807 -0.15072 0.18992 0.15577 -1.8824
1.5611 -1.0823 0.68822 -0.24557 0.31378 1.8434 -1.0631 0.39063 -0.69888 1.4147 -0.58502 0.8589 0.56419 -1.172 3.0136 1.4303 0.52513 -0.56427 0.28949 -0.13155 0.53578 0.47442 -0.98605 -1.3828 0.29203 -2.6012 -2.1941 1.223 0.3834 1.8229 0.60658 -1.8425 0.44167 0.45042 -0.39871 0.54872 1.0041 -0.48065 -0.96871
1.3855 -0.24379 1.2363 -0.47433 -0.48221 1.766 -2.2958 0.38043 -0.070052 0.51696 -0.63556 1.8038 -0.12233 -1.6839 3.2565 1.0109 1.2601 -0.44711 -0.76784 -0.088418 1.3949 0.054313 -0.1114 -0.70921 -0.25792 -2.778 -1.8989 -0.67422 -0.4318 0.83441 0.36404 -1.7697 0.70465 -0.23604 0.1853 0.62791 1.3106 -0.889 0.60912
-0.39904 1.218 1.7944 0.85944 0.38314 0.86579 -1.2199 -0.69617 -1.5188 -0.17625 -0.34724 1.4148 -1.3952 -2.5953 2.684 0.87053 1.4596 -0.28178 -1.0369 0.19201 0.34297 0.79305 0.10628 0.22896 -0.34166 -2.1584 -0.77515 -2.1042 -0.80625 -0.46284 0.57776 -0.93089 1.0989 -0.7029 0.43287 0.4298 0.98862 -1.005 1.9879
-1.124 1.1181 1.7281 1.5787 -0.58261 -0.25088 -0.58082 0.18385 -0.62045 -0.12757 -1.2253 -0.049657 -1.4768 -3.0685 1.4011 0.46798 0.71121 -0.023582 -1.6164 0.92628 -0.23515 0.92922 -0.17221 0.34457 -0.78427 -1.0949 1.0349 -2.6617 -0.89239 -1.5572 0.34716 0.085665 0.85776 -0.77593 0.62529 -0.2153 0.27431 -0.71983 2.536
-0.84411 1.2462 1.0824 1.5543 -0.038008 -0.74034 -1.3118 1.4644 -1.0709 1.4773 -0.19338 0.044207 -1.5757 -1.9949 0.33573 0.17297 -0.090716 0.36327 -1.1937 1.543 -0.047842 0.93335 -0.092693 0.12209 -1.5128 0.025494 2.6105 -1.9595 -0.83384 -1.4777 -0.091332 0.81556 0.29286 -0.33207 -0.075299 -0.36051 -0.49362 -0.3184 1.8893
-1.8218 0.82343 1.8012 0.87377 0.21115 0.40273 -0.94494 -1.0712 1.0189 0.906 -0.010031 1.1694 -0.92906 0.024261 -0.12998 -0.33279 -0.98683 -0.078177 -0.51922 0.93902 0.045774 1.2787 -0.42656 -0.095847 -1.1447 0.55492 2.7284 -0.85366 -0.85741 -0.61731 -0.68656 1.2705 -0.26016 0.15543 -0.45105 0.12013 -0.6313 0.024185 0.65154
-1.9045 0.47439 1.422 0.10219 -0.05988 -0.42146 -0.011458 0.049726 0.60364 0.21025 -0.35178 0.076743 -0.69285 0.93411 0.091827 -0.31024 -0.55859 -0.41463 0.07655 0.76661 -0.45539 0.46322 -0.46876 -0.57324 -0.79545 0.31277 1.6968 -0.09821 -0.96735 0.37612 -1.051 0.83579 -0.64269 0.71961 -0.95077 0.95403 0.20118 0.73824 -0.4963
-1.1076 0.89084 1.7739 0.054566 0.28239 -0.32856 0.22847 0.1308 0.15593 -0.30176 -0.81143 -0.92359 -0.72274 0.7722 0.059673 -0.91636 -0.24604 -0.95076 0.34033 0.79706 0.28449 0.23172 0.26549 -0.61387 -1.0615 -0.10311 0.44245 0.025241 -0.62724 1.0504 -0.51343 0.48279 -0.901 0.61929 -0.86456 1.4023 1.2236 1.6348 -0.80704
0.018595 1.4082 1.0055 0.26123 -0.34893 -0.36933 -0.24471 -0.15117 0.39497 -0.59932 -0.80979 -0.44283 -1.2414 0.92801 0.071588 -1.3701 0.28282 -1.2243 0.07997 0.33679 1.2756 -0.50972 1.4624 0.79034 0.0183 -0.51376 -0.34967 -0.39709 -0.37188 0.6098 0.16395 -0.032786 -1.33 0.26868 -0.042151 1.0455 1.5304 1.9142 -0.27322
-0.14779 1.1307 1.1861 1.5174 -1.245 -0.062092 -0.095026 -0.21942 -0.21459 0.60372 -1.8066 -0.71308 -1.2295 0.88236 -0.077701 -0.99141 0.64992 -0.65322 0.46099 -0.63623 0.42268 -0.023023 1.3967 1.7384 1.8936 -0.44252 -0.35404 -1.2797 -0.17029 -0.23066 0.78973 -0.19103 -0.91469 -0.76746 0.10755 -0.099536 0.69836 1.3695 0.87575
-1.1168 0.82069 -0.12034 0.53405 -0.90564 0.35242 -0.14877 1.534 0.37872 2.5314 -0.18917 -0.77985 -1.3609 0.19202 -0.52078 -0.97603 0.19253 -0.22775 -0.055614 -1.1589 0.017588 0.50409 1.048 1.3988 1.7556 0.0036207 -0.070149 -1.8056 -0.26198 -1.1849 1.2505 0.062962 0.21843 -1.3494 0.25992 -1.4077 -0.6768 0.12789 1.9808
-0.88892 0.62264 0.41333 0.67406 -1.2062 -0.0017588 -0.054267 0.8369 0.12795 2.3104 1.8673 1.7171 -1.1815 0.44469 -1.8373 -1.4336 -0.63893 0.10193 0.012863 -0.27246 -0.61408 -0.051939 0.28733 0.51558 0.961 1.165 0.35293 -1.672 -0.19805 -1.2355 1.2723 0.28895 1.5378 -1.2371 -0.046176 -1.9217 -1.7861 -1.1366 2.3961
0.020109 0.71568 0.81033 0.94728 -0.2124 0.19841 -1.1943 -0.10407 0.59373 0.53229 1.3351 2.4682 -1.0927 1.004 -2.1428 -1.6435 -1.3695 0.84383 0.42789 0.58805 -0.89608 0.04326 -0.75904 0.0018769 0.78265 2.1382 0.48377 -0.90729 0.073434 -0.60427 1.2436 0.82164 2.0405 -0.91751 -0.0069005 -1.4818 -2.0002 -1.5331 1.9325
-0.47032 0.66619 0.29676 0.26399 -0.28801 -0.83937 -1.5822 -0.2775 1.0996 0.70382 -0.51197 0.071262 -0.82466 1.1572 -2.1319 -1.0307 -0.96437 1.2992 0.80498 1.5439 -1.5861 0.11256 -1.4939 -1.2488 0.037336 2.6709 -0.15832 0.2354 0.64265 0.26451 0.93886 0.89596 1.6234 -0.28924 0.39605 -0.28203 -1.0943 -0.95079 0.75087
0.72191 -1.249 -1.4444 -0.40646 -1.0149 0.24579 0.51506 -1 -0.65396 0.63177 -1.1141 0.0054994 0.38767 0.77128 -1.9287 -1.0346 -0.81054 1.606 1.2228 1.9848 -1.3237 0.40827 -0.98416 -1.8457 -0.95357 2.6221 -0.7032 1.0188 1.1813 0.98317 0.53682 0.68981 0.5933 0.14065 0.4779 0.51106 0.30589 0.095964 -0.50608
0.40797 -1.004 -1.0227 -0.62323 0.23153 1.2902 1.1874 -0.22113 0.26997 0.70223 -0.42759 0.98613 1.1294 0.24656 -1.5421 -0.51352 -0.39191 1.5615 1.4418 2.2527 -0.97263 0.58575 -0.14692 -0.82082 -0.12563 2.2318 -0.93414 1.8626 1.4146 1.0021 0.21525 0.090509 -0.9331 0.59291 0.72534 0.61097 1.5786 0.93748 -1.5951
-0.0056543 -0.92233 -0.37987 -0.20088 1.038 1.3464 1.6642 -1.0635 0.98089 0.22706 -0.54554 0.61566 1.1544 0.084084 -0.69354 0.34616 0.27065 1.7725 1.5145 1.4113 -0.91647 0.79622 -0.40866 0.41289 1.0955 1.4724 -0.67725 1.9236 1.1457 0.77952 -0.35666 -0.53558 -1.7862 0.55872 0.45702 -0.1239 1.8311 0.87628 -1.9935
0.3181 -0.87964 -0.32931 0.0082052 1.0446 1.357 1.2475 -1.5585 1.1142 0.30862 -0.88524 0.6247 1.1356 -0.32404 0.43999 0.97033 0.45826 1.6512 0.83928 -0.02326 -0.6 1.4201 -0.55992 0.86931 1.0016 0.45945 -0.4079 1.4427 0.20758 0.086659 -0.72803 -0.86586 -1.812 0.90896 0.063064 -0.72116 1.3308 -0.049803 -1.6835
0.23098 -0.88344 -0.11503 0.20397 1.3821 1.7059 1.2259 -1.4621 1.4191 0.59313 -0.3939 1.6362 1.1476 -0.26813 0.3743 0.40394 0.29409 0.88564 0.42458 -0.42548 -0.3886 0.93744 -1.0113 1.077 0.34381 0.026616 -0.36629 0.696 -0.58036 -0.55893 -0.8543 -0.93209 -0.7257 1.3936 -0.42341 -0.69435 0.84106 -1.0535 -0.97759
0.07476 -0.75632 -0.17852 0.19676 1.4388 1.6712 0.85767 -1.6316 1.3051 -0.060803 0.0079954 1.4449 1.1778 -0.37769 0.39416 -0.14458 -0.22355 0.6082 0.21225 -0.42848 0.58444 0.64634 -1.2621 1.584 0.17715 0.014014 -0.21807 0.13951 -0.85083 -0.72584 -0.71435 -0.81696 0.503 1.5336 -0.95776 -0.45684 0.4896 -1.6241 -0.32124
0.28404 -0.71645 -0.26991 -0.14272 1.415 1.8221 0.82086 -1.329 1.828 -0.24068 0.36768 1.4999 1.1461 -0.60844 0.52055 -0.19587 -0.46592 0.65213 -0.081846 0.17193 1.2803 0.30772 -1.421 1.7833 -0.66151 -0.01331 -0.15497 0.20567 -0.48444 -0.50481 -0.43321 -0.8983 1.0771 1.428 -0.91879 0.23859 0.003763 -1.5882 -0.13825
-0.17984 -0.5788 -0.39467 -0.12529 1.6435 1.8628 0.98002 -0.95048 1.8385 -1.1291 0.93222 0.86306 1.1732 -0.58469 0.60478 -0.34321 -0.56433 0.39789 -0.58207 0.67636 1.6343 -0.24603 -1.2481 1.5197 -1.8567 -0.083263 0.080122 0.17971 -0.18994 -0.081873 -0.56197 -1.041 1.0758 0.65616 -0.91051 0.86468 -0.73878 -1.2672 -0.16173
-0.37359 -0.54263 -0.57305 -0.48702 1.859 1.4756 1.0717 -0.27378 1.8825 -1.3625 1.3385 0.88717 1.1608 -0.47261 0.62022 -0.41396 -0.50756 0.16669 -1.0191 1.1606 1.9441 -0.51676 -0.53402 1.1116 -1.9251 -0.16799 0.40154 0.05675 -0.15829 0.1024 -0.88618 -0.97862 0.62374 -0.15735 -0.64296 1.4045 -1.2297 -0.24846 -0.16822
-0.31096 -0.32406 -0.33754 -0.42498 1.9789 1.2741 1.6568 0.2135 1.3617 -1.212 1.4272 -0.08262 1.1128 -0.29591 0.65109 -0.39312 -0.35093 -0.22324 -1.4517 1.2132 1.5686 -0.82467 0.018661 0.39224 -1.8067 -0.19289 0.55354 -0.062745 -0.096141 0.1927 -0.96037 -0.59785 0.10113 -0.89687 -0.19583 1.3845 -1.3133 0.67016 -0.13274
-0.36489 -0.25027 -0.57296 -0.47525 1.6782 0.76073 2.0095 0.53707 0.81119 -1.0602 1.5486 -1.0865 1.0515 0.022595 0.59353 -0.46836 -0.36189 -0.74113 -1.652 1.1416 1.0043 -0.73262 0.73898 -0.19211 -1.1745 -0.25405 0.536 -0.20223 -0.067188 0.11693 -0.89038 -0.10637 -0.4995 -1.3758 0.2074 0.86973 -1.0629 1.0233 -0.063437
-0.30997 -0.14757 -0.79466 -0.57056 1.4862 0.24248 2.2502 1.0083 0.96107 -0.68813 1.396 -0.60663 0.98234 0.23903 0.50957 -0.49535 -0.25053 -0.99611 -1.4923 0.88601 0.3182 -0.54259 0.86904 -0.53979 -0.80149 -0.27385 0.39387 -0.33898 0.12579 0.043482 -0.47581 0.4212 -0.82143 -1.2997 0.48397 0.31552 -0.48754 1.0225 0.0029563
-0.16023 -0.046611 -0.76289 -0.6088 1.1229 -0.18895 2.1817 0.52925 0.87407 -0.60346 0.79188 -0.70119 0.98873 0.2971 0.34348 -0.48716 -0.31871 -1.1589 -1.221 0.33145 -0.17343 -0.22796 0.77501 -0.6178 -0.25968 -0.24015 0.22999 -0.45888 0.45714 0.064948 0.14575 0.83239 -0.90739 -1.0663 0.3763 -0.27018 0.19904 0.44456 0.082984
-0.25043 -0.0073631 -1.018 -0.77765 0.78937 -0.47485 2.4132 0.42501 0.96218 -0.17043 0.86195 -0.39612 0.90629 0.32733 0.19436 -0.14132 -0.27655 -0.92122 -0.81116 -0.013859 -0.43338 -0.074893 0.63727 -0.4048 -0.097792 -0.19659 -0.021266 -0.53187 0.71406 0.14308 0.71331 1.0097 -0.88198 -0.5869 0.071263 -0.53405 0.85773 0.08046 0.085725
-0.0023947 0.0024236 -1.0095 -0.75492 0.81021 -0.46514 2.3475 0.23348 0.88706 -0.27958 0.77967 -0.73091 0.86062 0.4199 -0.036008 0.22666 -0.21109 -0.47828 -0.29614 -0.21128 -0.74443 -0.18714 0.33155 0.14522 -0.56693 -0.14974 -0.22405 -0.51564 0.8228 0.37493 1.0216 1.0356 -0.83565 -0.27715 -0.10558 -0.74132 0.99557 -0.027794 0.048445
0.016727 0.014044 -0.90997 -0.86064 0.43239 -0.46741 2.0572 0.15948 0.80077 -0.18529 0.76323 -0.93494 0.86396 0.12995 -0.21286 0.50799 -0.014358 0.066165 0.10416 -0.595 -0.56321 -0.41484 0.044868 0.84077 -0.44888 -0.17133 -0.45354 -0.46611 0.71112 0.51059 0.93165 0.82592 -0.90494 -0.026529 0.073597 -0.67682 0.83717 0.52017 -0.0004215
0.010849 -0.06416 -0.69608 -0.83549 0.61012 -0.52736 2.0424 0.17093 0.75928 -0.091055 1.075 -1.0581 0.84581 -0.046655 -0.33727 0.75506 0.29181 0.34884 0.43312 -1.0384 -0.65672 -0.27574 -0.38518 0.80551 -0.11124 -0.17013 -0.46998 -0.33177 0.56199 0.54352 0.62436 0.48856 -1.0124 0.063762 0.43673 -0.3455 0.25849 1.1539 -0.049276
0.30748 -0.20838 -0.4597 -0.85624 0.97178 -0.20092 2.0093 -0.38867 0.67623 -0.29466 1.5158 -1.3883 0.84411 -0.3286 -0.45452 0.94914 0.47786 0.49181 0.50741 -1.3983 -0.52483 0.1224 -0.33302 0.98476 0.79165 -0.18905 -0.23533 -0.20336 0.27511 0.42457 0.029087 0.21257 -0.92002 -0.25007 0.77938 0.0028486 -0.51888 1.2258 -0.057455
-0.26232 -0.24411 -0.29066 -0.57965 1.1984 -0.094833 1.2994 -0.22758 0.16326 -0.49306 2.0193 -0.87856 0.75077 -0.27204 -0.48458 1.0774 0.6128 0.53871 0.49595 -1.821 -0.63086 0.44861 -0.152 0.60055 1.2535 -0.22881 0.11008 -0.056994 -0.0068852 0.25418 -0.57205 0.018344 -0.56531 -0.36554 0.78022 0.30985 -1.068 0.9878 -0.062724
-0.23256 -0.32539 -0.22997 -0.3012 1.0553 0.20355 0.94937 -0.61359 0.86526 -0.86085 1.4711 -0.37559 0.70383 -0.22176 -0.48864 0.87297 0.66344 0.044957 0.50239 -2.0316 -1.0702 0.83635 -0.054331 -0.13121 1.4596 -0.2442 0.58497 -0.034953 -0.25178 0.048404 -1.0833 -0.043583 0.057975 -0.4732 0.40736 0.30984 -1.6229 0.36454 -0.0034733
-0.33487 -0.45899 0.18736 -0.22654 1.1937 0.12869 0.40399 -0.35285 1.3465 -0.44801 2.0624 0.52967 0.68458 0.10795 -0.41892 0.78342 0.70542 -0.52147 0.4683 -1.8452 -1.1088 0.98238 0.10087 -0.84254 1.6487 -0.25396 0.76395 0.080062 -0.47328 -0.14017 -1.274 -0.19419 0.50995 -0.54836 -0.387 -0.046532 -1.7803 -0.17055 0.018463
-0.055936 -0.48041 0.45301 -0.18078 1.1056 0.11929 -0.30915 -0.88738 1.4077 -0.10746 1.3684 0.34566 0.63611 0.61391 -0.5483 0.62103 0.53711 -1.0647 0.42733 -1.2718 -1.2257 0.69911 0.16592 -1.643 1.3863 -0.18445 0.53041 0.96124 -0.61426 -0.041105 -0.8005 -0.10706 1.0024 0.053584 -1.4479 -0.046116 -1.7301 -0.49534 -0.61081
-0.11111 -0.61447 0.17706 -0.025998 0.60986 0.35842 -0.36494 -1.9058 1.8393 -0.3618 0.84396 0.43206 0.59827 0.79107 -0.31868 0.30735 0.41419 -1.3635 0.13176 -1.1888 -1.6431 -0.28281 -0.34253 -2.3172 0.96494 -0.22838 -0.32927 1.7658 -0.76349 0.10091 -0.050362 -0.029343 1.0591 1.0555 -1.9933 -0.063756 -1.0705 -0.8357 -1.3883
0.3806 -0.59943 0.47198 0.20044 0.28445 0.62018 -0.32395 -1.7155 1.6793 -0.41791 0.49881 1.0156 0.54348 0.46297 1.1068 -0.052888 0.74026 -1.0714 0.44702 -0.36952 -0.69067 -1.5262 0.087786 -2.9641 0.79796 -1.3251 -1.0299 2.2889 -0.39242 0.31771 0.52634 0.016122 0.82374 2.0669 -1.7487 0.25875 -0.018064 -1.3312 -1.8487
0.44042 -0.91015 0.40807 0.13049 -0.2592 0.5516 -0.26116 -1.773 1.0996 -0.45655 -0.47144 1.186 0.57979 -0.46386 1.7773 -0.3271 0.81168 -0.59867 0.39365 -0.19348 0.73745 -2.0287 0.025417 -2.3931 0.22849 -2.109 -1.2325 1.9057 0.12658 0.18586 0.86593 -0.13805 0.85282 2.4736 -0.83876 0.7947 1.3255 -1.2779 -1.5783
0.62498 -0.51115 0.18507 0.18624 -0.47547 0.074239 -1.0948 -3.1194 0.30196 -1.5257 -1.5353 1.0258 0.42321 -0.76987 2.3235 0.19591 0.9685 -0.40768 0.32451 -0.13413 1.7181 -2.0454 0.50613 -1.6476 -0.99473 -2.4731 -0.94526 0.72995 0.6768 0.00058831 0.81719 -0.49792 0.38833 1.7167 0.4566 0.92562 2.3026 -1.1612 -0.46333
-0.070946 1.4577 0.17446 1.0159 0.35763 1.1405 0.11045 -0.51355 -1.1952 0.71527 -1.931 1.5317 -1.414 -0.99815 2.3363 0.42684 0.67338 0.0035575 -0.093974 0.3866 2.0989 -1.758 1.0339 -0.24951 -0.77668 -2.4114 -0.22994 -0.49908 0.60031 -0.14792 0.51877 -0.43479 0.16582 0.88994 1.219 1.026 2.4846 -0.72865 0.67916
-1.0087 0.99959 -0.084073 0.81907 0.30731 0.70305 -0.78447 0.23311 -0.80275 -0.40921 -1.2512 0.10347 -1.562 -1.1164 2.0766 0.8596 0.82184 0.23176 -0.33165 0.11103 2.0631 -0.7161 1.4284 0.70324 -1.0936 -1.9847 0.27457 -1.7351 0.11264 -0.6107 -0.19615 -0.50953 -0.22846 -0.23733 1.6961 0.23408 1.7211 0.03166 1.7471
-0.43556 1.3116 0.98285 1.2865 -0.44286 0.87068 -0.47328 0.14309 -0.47253 0.36151 -1.0577 -1.1852 -1.5325 -0.74454 1.0448 0.48517 0.60816 0.10635 -0.17174 0.012586 2.3479 -0.17048 1.6079 1.5457 -1.2129 -1.1696 0.60572 -1.9134 0.08925 -0.66238 -0.59202 -0.21536 -0.40741 -1.1782 1.381 -0.51107 0.5863 0.33847 2.0047
-0.3421 1.218 0.97357 0.61728 0.14927 -0.0027546 0.50926 0.50678 -0.96814 0.96196 0.22718 1.258 -1.4806 -0.36844 -0.0040815 0.38416 -0.1772 -0.82279 -0.68284 -0.40156 1.1249 0.67094 0.69445 0.99593 -0.67956 -0.046264 0.50123 -1.4469 -0.55918 -0.81232 -0.58118 0.15475 -0.073599 -1.5375 0.6902 -1.1094 -0.068133 0.50604 1.5893
-0.86729 1.3646 1.2285 1.4641 0.057897 -0.055491 -0.91582 0.12808 0.061685 1.1807 -0.4697 -0.38365 -1.4798 -0.1992 0.097891 0.83751 -0.10609 -0.6017 -0.36336 -0.16695 0.22 0.40667 0.40052 0.80693 -0.24587 0.11696 0.19914 -0.46086 -0.63659 -0.49859 -0.19542 0.47033 -0.069414 -1.8344 0.082688 -1.4402 -0.56994 0.46822 0.81327
-0.43975 1.1748 0.035462 1.2158 -0.010897 0.72699 -0.82717 1.5342 -0.85729 1.2852 0.26548 -0.65671 -1.5421 -0.41952 0.070437 -0.37581 -0.3921 -0.52569 0.075611 0.053931 0.061331 0.42415 -0.15318 0.92694 -0.48929 0.14452 0.045925 0.14026 -0.58726 -0.068033 0.48791 0.66376 0.35984 -1.1831 -0.21351 -0.91019 -0.4665 0.69645 0.13038
-0.97115 1.3099 0.72701 0.29915 -1.272 -0.12445 -0.56317 1.0689 0.241 0.85248 -1.0449 0.33225 -1.5164 -0.3376 0.21702 -0.34118 -0.24432 -0.40449 0.40549 -0.35371 -0.77896 0.12473 -0.80875 0.40051 -0.29924 0.15276 -0.12008 0.01554 -0.37592 0.16253 0.68322 0.31779 0.074072 -0.8641 -0.072004 -0.34443 -0.41191 0.97505 -0.0013595
-0.96505 1.168 1.9729 1.0345 -0.31241 0.3018 -0.63905 -0.29991 -0.35129 0.039748 0.41695 -0.78557 -1.3463 -0.21612 0.17554 -0.13909 -0.22933 0.043416 0.28454 0.40581 -0.7334 0.37085 -0.49176 0.2326 0.83257 0.16151 0.17842 -0.27022 0.059171 0.50229 0.79857 0.20049 -0.16508 -0.293 -0.084921 0.49785 -0.67578 0.90065 -0.053786
-0.74667 1.4713 -0.24301 0.55094 -0.76329 0.88084 0.2757 0.44005 0.061141 0.73423 0.95338 -1.0954 -1.357 -0.54096 0.070882 0.0081525 0.1404 0.45786 0.17687 -0.19646 -1.1033 0.28505 -0.10057 0.30004 1.1605 0.10417 0.18803 -0.57899 -0.13457 0.49372 0.34572 0.090845 -0.12906 0.48487 0.043984 0.75391 -0.91985 0.325 -0.1452
-0.85409 1.4963 0.64765 0.75201 -0.028143 0.46518 -1.0975 -0.89115 -0.82724 -0.13956 0.049047 1.1461 -1.3609 0.023214 -0.32045 -0.43468 0.40524 0.61127 0.59486 -0.35324 -0.35639 0.16898 0.49045 -0.42058 0.69276 0.07301 0.04007 -0.56238 0.26766 0.36513 -0.26313 0.07181 -0.58657 0.54575 0.0093706 0.10497 -0.79306 -0.69315 -0.18443
-1.0437 1.376 0.86579 1.1865 -0.015931 0.45564 -0.17988 0.25487 0.98248 1.063 -0.52919 0.67079 -1.372 -0.097496 -0.52786 -0.44575 0.41138 0.00023339 0.43117 -0.23121 0.006431 0.31738 0.20499 -1.1736 0.48035 -0.058371 0.030319 -0.26578 0.45741 0.13121 -0.71985 0.020423 0.021646 0.84962 -0.033933 -0.12419 -0.11243 -0.90389 -0.15425
-1.4182 1.1302 0.38591 0.99427 -0.017116 0.70936 -1.3514 -0.25064 -0.51137 0.97057 0.65071 0.9523 -1.4493 -0.36612 -0.48953 0.59985 0.35769 -0.22156 0.29933 -0.7425 -0.19273 0.37478 -0.42491 -0.67003 -0.24402 -0.081068 -0.009791 0.17985 0.43341 -0.09732 -0.59763 -0.23154 0.29704 0.36828 -0.65113 -0.35974 0.8442 -0.53536 -0.09763
-0.49689 0.83779 0.57698 0.94778 -0.48052 1.1324 -0.68514 0.23888 0.45261 1.2071 -1.6398 0.06773 -1.3115 -0.29355 -0.30094 0.36343 0.43104 -0.50651 0.36155 0.040474 0.5174 0.11265 0.1229 0.1878 -0.22792 -0.089956 0.43656 0.54828 0.15878 -0.091269 -0.12744 -0.21812 0.65116 0.034216 -0.95201 -0.0011704 0.78252 -0.26873 -0.0068861
-1.0978 0.84512 0.65408 1.5358 -0.50804 1.0623 -0.40794 -0.42898 0.039124 -0.19778 -0.59686 -0.46581 -1.4393 0.095899 -0.12692 -0.012333 0.21712 -0.27879 0.1516 0.10019 0.12915 -1.0752 -0.16919 0.63292 -0.040232 -0.083537 0.71309 0.6132 -0.52136 -0.21856 0.30026 -0.29199 0.86425 -0.23416 -0.90626 0.27567 0.36304 0.11204 -0.016302
-1.4269 1.28 0.97207 0.84152 -0.74237 0.96293 -1.5767 -0.35658 0.55021 -0.23283 0.28801 -0.33144 -1.4557 0.51509 0.22895 0.16542 0.31516 -0.20141 0.054407 0.64003 -0.080767 -0.92674 0.086566 -0.21795 -0.15184 -0.071072 0.67076 0.48174 -0.4543 -0.37934 0.70312 -0.37993 0.35171 -0.58628 -0.19727 0.059527 -0.48143 -0.087051 0.015935
-1.2291 1.158 1.1622 1.6895 -0.41277 0.8585 -0.40789 0.66586 -0.4414 1.3783 0.28671 1.8095 -1.4544 0.61149 0.29486 -0.28852 0.0011568 0.22626 -0.14872 0.67353 -0.35597 -0.97998 0.15097 0.27559 -0.017128 -0.12088 0.43107 0.13891 -0.31837 -0.28275 0.59208 -0.24986 0.092283 -0.41305 0.60596 -0.001832 -0.99262 -0.21618 0.044574
-0.64966 0.99649 0.17891 1.1958 -0.23498 0.77804 -0.31418 0.06638 -1.5746 0.88388 0.38852 0.15452 -1.4556 0.74819 0.31231 -0.35842 -0.18864 0.62375 -0.26964 0.45166 -0.40573 -0.34244 0.09246 -0.63084 -0.39033 -0.045383 0.048024 -0.13332 -0.16998 -0.35313 0.23668 -0.11019 -0.59087 -0.31018 0.88946 -0.41544 -0.80253 -0.20981 0.067257
-0.27269 1.2867 0.7813 1.4216 -0.62552 1.1549 -0.27462 -0.74474 -1.1328 0.84413 -1.4963 -0.17947 -1.4621 0.81226 0.068285 -0.35206 -0.070479 0.47574 -0.20188 0.37698 -0.52802 -0.11285 -0.16402 -1.2113 -0.34153 -0.020488 -0.30646 -0.18351 0.36811 -0.086548 -0.25717 0.041754 -0.81657 0.089776 0.98602 -0.3183 -0.64742 0.33719 0.087076
-0.12451 1.112 0.19527 0.88836 -0.11574 0.80555 0.19918 -0.54955 -0.31458 0.46739 -0.51947 -0.3138 -1.4949 0.50192 0.11278 -0.12247 -0.32562 0.15075 -0.14906 -0.38591 -0.60893 0.48083 -0.56696 -1.1335 -0.39687 -0.0057798 -0.55237 -0.23085 0.41675 0.049838 -0.49896 0.083051 -0.73539 0.45182 0.43101 0.0072554 0.31621 0.89145 0.048999
-0.84576 1.4168 0.60511 1.1767 0.40795 0.46299 -0.70529 -0.79905 0.070215 -0.2899 -0.84665 -0.6378 -1.4808 0.13175 0.079199 0.29637 -0.087663 -0.019462 -0.12849 -0.53017 -0.069658 0.64931 -0.13795 -0.81242 0.72129 0.0094016 -0.53766 -0.15068 0.30466 0.05877 -0.35479 0.033817 -0.51224 0.61906 0.060533 0.29996 0.73151 0.9411 0.034503
-0.29766 1.1737 0.65627 1.1176 -0.36701 0.76816 -0.77443 -0.41634 -0.45349 0.64246 -1.2763 0.7369 -1.4528 0.0068381 -0.089676 0.11266 -0.07169 -0.080459 -0.14141 -0.55602 0.27297 0.16902 0.10554 -0.184 0.97095 0.023291 -0.28317 -0.16685 0.073635 0.12867 -0.14363 0.0029451 -0.09181 0.52458 -0.2671 0.39511 0.61585 0.6999 0.021729
