39 287
-0.98016 1.0388 0.86114 0.81041 -0.18568 0.7789 0.21986 -0.18353 -2.1509 -0.051663 -0.91936 0.37485 -1.0866 0.72882 -0.059264 -0.4087 0.010064 -0.15144 -0.75175 -0.68509 1.4811 1.401 1.1597 1.079 -0.82858 0.089756 -0.14033 -0.026976 0.11395 0.026168 -0.1274 0.099743 0.2181 -0.32244 -0.029184 -0.27268 -0.63434 0.24019 0.0018802
-0.36017 1.2075 1.3902 0.93874 0.093095 -0.33626 -0.34807 0.7646 -0.69915 0.50083 -0.075121 0.06055 -0.98169 0.91123 -0.070677 -0.14002 -0.013387 -0.30692 -0.65703 -0.61306 1.3335 1.6115 0.86572 0.32345 -0.76126 0.13533 -0.3822 -0.054016 -0.10885 0.11091 -0.11953 0.40898 0.45225 -0.82367 -0.34193 -0.55886 -0.73861 0.59317 -0.022714
-0.33314 0.98218 0.70122 0.63194 -0.47087 0.029987 -0.25494 1.5318 -0.69316 1.2963 1.1175 -1.3546 -1.0341 0.35214 -0.10018 -0.337 0.078871 -0.30331 -0.5807 -0.31018 0.90905 1.2139 0.7288 0.079217 -0.35993 0.069738 -0.65718 -0.11098 -0.30573 0.17122 0.32121 0.68934 0.51675 -1.1747 -0.74172 -0.81141 -0.63596 1.0925 -0.066885
-0.3329 0.89964 0.10504 0.91834 -0.31691 0.33821 -0.53298 1.0762 -0.69478 0.95782 -0.03237 -0.092985 -0.9887 0.1638 -0.13363 -0.62699 0.19861 -0.29041 -0.00088772 -0.02511 0.16947 0.81235 0.2184 -0.022324 0.16317 0.059514 -0.65128 -0.10796 0.0052035 0.17952 0.88415 0.7688 0.28927 -1.1759 -0.98469 -0.9906 -0.10073 1.3495 -0.089144
-0.023935 1.0077 1.1789 0.78818 -0.47446 0.17704 -0.24777 0.85319 -0.26441 0.39137 -1.4352 -0.32199 -0.91726 -0.18276 -0.22416 -0.69095 0.24505 0.44847 0.31686 -0.011374 -0.20103 0.35091 -0.18424 -0.12914 0.95907 0.01015 -0.15202 -0.029067 0.58708 -0.0066578 0.83756 0.69325 0.11796 -0.74186 -0.96495 -1.169 0.49719 0.92572 -0.063711
-0.99842 0.96225 0.51054 0.9855 -0.32219 -0.055883 0.015872 0.69023 -0.88173 0.82058 -0.40806 0.14217 -1.0663 -0.095201 -0.19967 0.053377 0.26076 0.97666 0.44965 -0.21885 -0.37796 0.12687 -0.70783 0.19462 1.3562 0.0086731 0.12149 -0.009993 0.57571 -0.26387 0.52876 0.25247 -0.045775 -0.037451 -1.0519 -0.9543 0.75654 0.14968 -0.077599
-0.35789 0.92907 0.23905 1.0925 -0.35317 0.55032 -0.08449 0.40268 -0.46681 0.44186 0.097016 0.31853 -0.9572 0.17355 -0.1175 0.35381 0.040626 0.6356 0.59852 0.010935 -0.25947 -0.32155 -1.199 1.0202 0.95156 -0.016804 0.35998 0.1121 0.77439 -0.31904 -0.1875 -0.10673 0.098542 0.19937 -0.60693 -0.64657 0.064652 -0.65225 -0.041221
-0.42641 0.78195 0.40748 1.0568 0.72517 0.01376 -0.67902 1.276 -0.028208 0.79955 0.42344 0.86854 -0.98643 0.20666 -0.2033 -0.13821 -0.20979 0.61178 0.38191 -0.11726 0.094083 -0.89655 -1.2309 1.0087 0.48364 -0.063264 0.12989 0.15554 0.45869 -0.16559 -0.65497 -0.34509 0.63563 -0.017664 -0.24162 -0.15504 -0.69822 -1.123 -0.052807
-0.31135 0.69417 0.89475 0.91349 0.32793 0.92069 -0.62341 0.85381 -0.76977 0.12981 0.75518 0.62062 -1.0044 0.34867 -0.021048 0.76244 -0.13827 0.28906 0.15651 0.12588 -0.091951 -0.32833 -1.2569 -0.41449 0.067696 -0.026504 -0.089268 0.10626 0.21345 0.15433 -0.82136 -0.27891 0.55805 -0.58105 -0.071473 0.49493 -1.3251 -0.97128 -0.0077551
-0.015113 0.93519 0.91019 0.89684 -0.19982 0.87958 -0.044746 0.4032 -1.2612 -0.99639 0.61865 1.0227 -0.9864 0.054503 0.030832 0.65619 0.031955 -0.064922 0.00011358 0.91298 -0.52875 -0.35946 -1.0188 -0.6026 -0.49484 -0.079366 -0.30172 0.085755 -0.099474 0.37124 -0.54854 0.19293 0.21674 -0.79044 0.39616 1.2923 -0.92473 -0.65831 0.01214
-0.32039 0.70432 0.45721 0.54969 0.18085 0.10977 -0.2545 1.0661 -1.7078 -0.48606 0.022454 0.00082768 -1.0699 0.062935 -0.043691 0.33614 0.22769 -0.55164 0.25112 0.54049 -1.0849 -0.75321 -0.33023 -1.0332 -0.54098 -0.022838 -0.47774 -0.0988 -0.68854 0.31248 -0.072592 0.41496 -0.36748 -0.063331 0.70762 1.9108 0.11312 -0.11072 -0.0088134
-0.53826 1.0142 1.4583 1.17 0.089862 0.23308 0.13284 0.36913 -0.2761 -0.20157 -1.3996 0.44583 -1.0383 -0.24815 -0.037648 -0.09115 0.33974 0.016023 0.73923 0.083829 -0.94391 0.05043 0.89336 -0.68231 -0.55207 -0.044383 -0.31182 -0.20972 -0.82454 -0.086771 0.23251 0.12924 -0.48183 0.76086 1.087 1.6233 0.82371 0.38712 0.23327
-0.1711 0.82452 0.76846 1.2088 0.02612 0.68354 0.89672 -0.035497 -0.68538 -0.49807 0.13926 -0.22278 -1.0456 -0.43819 -0.16146 -0.057098 0.32533 0.12132 0.63529 -0.14027 -0.038118 0.79913 1.6258 -0.14896 -0.1209 -0.059933 -0.39667 -0.13568 -0.80989 -0.87186 0.42533 -0.64569 0.055335 1.4548 0.88175 0.48404 1.3284 0.48663 0.3462
-0.22161 0.57809 0.86097 1.1857 -0.023837 0.83743 -0.78313 -0.11327 -1.9164 0.37483 -0.92049 0.49716 -0.98196 -0.31215 -0.28266 -0.57753 -0.18084 0.04112 0.085393 0.35945 0.35919 0.92509 1.2604 0.70508 0.098703 0.34669 -0.74765 0.078836 -0.26181 -1.298 0.55157 -1.0814 0.20878 1.1657 0.3314 -0.60606 1.0703 0.42557 0.36708
-0.64208 0.81326 0.6654 1.1163 0.29537 2.0651 -0.37625 -0.16912 -0.53014 0.83457 0.13803 -0.10356 -1.0956 -0.68642 -0.16158 -0.82545 -1.2127 0.23842 -0.69323 0.51017 0.99259 0.4761 0.43896 1.1054 0.14126 0.38667 -0.95272 0.12269 -0.067244 -1.3835 0.97166 -0.86933 0.20156 0.40868 0.4117 -1.3793 0.6952 -0.45263 0.38022
-0.65627 0.68928 0.86871 1.1034 -0.040587 0.49955 0.073134 1.3167 0.17867 0.85883 0.028382 0.82513 -1.0969 -1.5843 0.10441 -0.15612 -1.426 0.99583 -0.73859 0.15216 0.72093 0.82216 0.23453 0.96926 0.19927 0.37388 -0.66275 -0.087535 0.31266 -0.93832 1.0759 -0.16806 -0.62207 -0.066481 -0.073277 -1.9953 0.0091773 -1.0379 0.26101
-0.61497 0.37135 -0.08244 0.31885 0.25046 -0.36945 0.84914 1.1379 -0.12633 0.63568 0.72023 -0.083898 -0.37129 -1.6591 -0.13483 -0.3777 -1.7542 1.4669 -0.67091 0.34347 0.52359 1.6149 -0.6776 1.1931 -1.0895 0.59101 -0.10141 -0.25409 0.83079 -0.088294 0.77375 0.84451 -1.212 -0.68936 -0.13656 -1.665 -0.34033 -1.3731 0.21914
-1.2804 0.96039 0.64373 -0.34105 0.32652 -0.16118 0.79255 0.93247 -0.33103 -0.31833 0.48492 0.54053 -0.73278 -1.1219 -0.4506 -0.2489 -1.7408 1.4445 -0.24254 -0.71254 0.43396 0.1891 -2.2437 0.66392 -1.4043 0.70055 0.50559 -0.34004 1.1991 0.75558 -0.21782 1.1072 -1.2232 -0.89278 -0.34208 -0.84889 -0.43809 -0.67551 -0.059454
-2.2233 0.91312 0.89616 -0.016761 1.3714 0.87223 -0.29938 0.15496 -0.15147 0.46429 1.2772 0.15932 -0.76005 -1.1278 -0.33553 0.67687 -1.2222 1.4674 0.7655 -1.3126 -0.20645 0.50459 -1.716 0.5111 -1.8627 0.60612 0.69291 -0.35264 1.2467 1.5725 -0.94635 0.87667 -0.38988 -0.96774 -0.27386 0.41032 -0.47643 0.60691 -0.28632
-1.8388 0.15405 0.1473 -0.66729 1.4362 0.68323 -0.46371 0.75958 1.3514 -0.18696 0.96188 -1.8528 -0.2325 -0.88594 -0.39992 1.4147 -0.20718 0.59709 0.77485 -1.2958 -0.64288 0.6948 -0.98967 0.35365 -0.78943 0.26181 0.81126 -0.14124 0.83049 1.656 -1.6657 0.085845 1.0284 -0.9876 0.36429 1.1297 -0.74011 1.7421 -0.42113
-1.2601 0.11092 0.39946 -0.65766 1.202 1.1116 -0.94407 1.3261 -0.87576 -2.4193 0.88291 -1.3253 -0.24524 -0.45068 -0.78731 0.97157 0.56271 0.13155 0.59141 -0.087376 -0.80916 0.81049 -0.50097 0.30941 -0.14266 0.30905 0.76414 0.13822 0.27953 1.1292 -1.9349 -0.47758 1.3751 -0.97715 -0.044104 0.91136 -1.0325 2.4002 -0.54734
-1.9929 0.47594 1.8314 -0.28544 1.2557 0.5844 -0.71161 0.8688 1.192 -0.21069 0.95541 -1.4313 -0.22526 0.094882 -0.47502 1.0592 0.61383 -0.98992 0.035138 0.59637 -1.1736 0.7095 -0.59255 -0.83966 1.3177 0.11194 0.49493 0.48093 -0.29114 0.28301 -1.3861 -0.36803 1.032 -0.75836 0.10219 0.5491 -1.0004 1.2211 -0.47472
-1.992 0.18129 1.6366 0.14276 0.62842 0.42383 -0.30173 -0.39164 0.56414 -0.23528 1.3632 0.081598 -0.39532 -0.15405 -0.050125 1.3494 0.58334 -1.3442 0.20003 0.30924 -1.8301 0.38666 -0.097496 -1.1238 2.0152 -0.27685 0.26627 0.61648 -0.77975 -0.22868 -0.82174 -0.33293 -0.19937 -0.095386 -0.053002 0.089853 -0.85314 -0.05116 -0.42813
-2.1551 -0.18959 1.1972 0.43489 1.0957 1.2186 0.70427 -0.2265 0.94656 -0.72845 1.1512 0.15645 -0.40509 -0.090829 0.090246 0.72553 0.3423 -1.2453 0.25415 0.43408 -1.606 1.077 -0.10706 -1.0924 0.64541 -0.27612 0.11078 0.44541 -1.2355 -0.34522 0.11114 -0.20238 -0.83111 0.66333 -0.20777 -0.12701 -0.1546 -1.3709 -0.14658
-1.5888 0.19289 1.5379 0.081675 0.25126 0.81525 -0.22208 -0.77132 1.133 -0.95131 -0.98245 1.1004 -0.3861 0.14327 0.030452 -0.21385 0.25673 -1.267 -0.16434 -0.37357 -0.80758 0.4991 -0.5883 -1.4111 0.098375 -0.24631 0.25057 0.2687 -1.2496 -0.29884 0.49395 -0.47434 -0.75762 1.3958 -0.35116 -0.086973 -0.056626 -1.5111 0.14927
-1.8201 0.21816 1.8364 -0.35422 0.031556 1.0297 -0.86874 -0.83917 0.92687 -1.1543 -0.49951 0.20463 -0.58855 0.14651 0.28013 -0.30602 0.10729 -0.81266 -0.16803 -0.60726 -0.4587 0.22854 -0.63039 -1.0446 -0.52522 -0.16025 0.00095005 -0.030467 -0.80074 -0.045165 0.68847 -0.4043 -0.076984 1.3706 -0.70645 0.39977 0.31649 -0.52514 0.18579
-1.6539 0.44764 1.6285 0.028143 0.20646 1.1396 -0.090743 -0.35908 1.359 -1.73 0.068583 -1.4077 -0.51467 0.19799 0.33539 -0.30638 0.12177 -0.62979 -0.51771 -0.57814 0.21322 0.11088 -0.038097 -1.2862 -0.48815 -0.07421 -0.21799 -0.38684 -0.75755 0.024708 0.63085 0.068493 0.93279 0.84978 -0.36749 1.1696 0.43586 0.28393 0.16955
-2.0659 0.21541 1.2614 0.52219 -0.07957 -0.10962 -1.0205 -0.43274 1.7319 -0.11327 -0.94468 -0.2473 -0.53797 -0.13036 -0.11506 -0.61705 0.32725 -0.26995 -0.35804 0.39719 0.45291 -0.1109 0.40013 -0.49303 -0.12831 -0.037718 -0.072432 -0.61723 -0.8278 -0.028527 0.20824 0.1758 1.0949 0.22405 -0.52732 0.99816 0.39929 0.86506 0.06304
-1.7601 0.3628 1.048 0.30616 0.16543 0.9149 -0.31291 -1.2349 0.47395 -1.5023 -0.043807 0.093738 -0.55822 -0.154 -0.46006 -1.3719 0.20098 -0.35197 0.08663 0.86748 0.3168 -0.062498 1.2358 -0.76893 0.49192 -0.011519 0.30791 -0.37489 -0.36023 -0.093492 -0.16917 0.18127 0.83768 -0.53782 -0.77881 0.26349 0.68692 0.59091 -0.053867
-1.5995 0.34149 1.1993 0.22248 0.2142 0.63136 -0.24892 0.33785 1.3851 -0.76287 -2.3466 -0.037577 -0.44249 0.16839 -0.42095 -1.2093 0.01771 -0.55438 -0.099798 0.71533 -0.11852 -0.7229 0.72531 -0.46371 0.76833 -0.081849 0.61979 0.086981 0.59549 0.092442 -0.1848 -0.076975 -0.011179 -0.49749 -0.77618 0.031511 0.42368 0.15654 -0.10914
-1.9137 -0.089867 1.1234 0.19748 -0.27041 0.53568 0.14686 -0.43305 0.93547 -0.55735 -0.87398 0.49589 -0.53678 0.63026 -0.17847 -0.63101 0.099408 -0.79521 -0.26551 0.82876 -0.55584 -1.104 0.30594 0.15562 0.28498 -0.14689 0.6371 0.28353 1.4904 0.49486 -0.0045026 -0.20497 -0.32376 -0.20774 -0.72885 0.024735 0.72386 -0.60273 -0.12595
-2.0569 -0.3624 -0.093938 0.0023197 -0.29017 1.3465 0.2784 -0.46569 1.237 0.50933 -1.2113 -0.10659 -0.62503 0.66247 -0.099337 0.05819 0.56483 -0.38515 -0.31672 0.40005 -0.088955 -1.106 0.90247 -0.063497 0.30595 -0.16146 0.61394 0.33589 1.4586 0.74348 0.38657 0.16978 -0.51537 0.0043073 -0.29955 0.00031698 0.33934 -0.83839 -0.027519
-1.3009 0.16258 0.48941 0.45621 -0.3658 0.12891 0.1763 -0.82289 0.093661 -1.1463 -0.56862 -0.031476 -0.61319 0.81739 -0.11399 0.60046 0.90188 -0.43669 -0.19544 0.4259 -0.12595 -1.2959 1.171 0.56662 -0.50296 -0.19254 0.3463 0.2846 0.87414 0.57406 0.45548 0.12432 -0.32946 0.29013 0.17862 -0.32325 0.013256 -0.36233 0.029557
-1.1062 0.23191 1.0089 0.68536 -0.79147 -0.28149 -0.030045 -1.4612 -0.18783 -0.21266 -0.61246 0.45546 -0.71013 1.2485 0.14703 0.72564 1.0776 -0.0034151 0.22355 -0.039668 -0.35877 -1.2278 0.26711 0.041686 -0.54699 -0.10768 -0.06425 0.2015 -0.30595 -0.05981 0.41735 0.24468 0.043012 0.20888 0.41445 -0.57617 0.057259 -0.037437 0.045716
-1.1236 0.15333 1.4761 0.92466 0.27412 1.1116 0.24465 -0.069721 -0.42344 -0.04151 -1.4548 0.58085 -0.65091 0.99317 0.20714 0.56679 0.97252 -0.12717 -0.26811 0.43878 0.09652 -0.72612 -0.056562 0.1145 -0.021687 -0.1226 -0.68953 0.066759 -1.2313 -0.39172 0.29538 -0.081606 0.20227 0.59145 0.81293 -0.96021 -0.14843 0.25716 0.056443
-1.0034 -0.24549 1.588 1.1197 -0.65578 0.45566 0.54897 0.19532 0.15001 1.2464 -0.83435 -1.3282 -0.69208 0.43628 0.10076 -0.45109 0.41831 0.24779 0.22767 0.47814 0.16297 -0.62123 0.32445 0.26842 -0.001645 -0.11699 -1.1037 -0.03624 -1.3271 -0.48551 -0.2041 -0.94492 0.21539 0.56232 0.70666 -0.80796 0.26449 0.63803 -0.011024
-0.48357 0.11396 0.87283 1.217 -0.23715 1.2036 -0.14209 -1.7845 -0.64394 -0.92463 -0.73626 -0.032243 -0.67665 -0.12439 0.029618 -0.95081 0.47065 -0.0023729 -0.3415 0.54843 0.70282 -0.064707 -0.8263 0.11792 -0.23852 -0.08968 -0.80732 0.20023 -0.6532 -0.3665 0.0075837 -0.89252 -0.19937 0.4858 0.49168 -1.0284 0.1226 0.98674 0.017471
-0.88974 0.22424 0.3929 1.085 -0.61168 -0.077783 1.0813 -0.20033 0.16806 -0.21263 -0.76116 0.44534 -0.81347 -0.34184 0.17265 -0.82216 0.38408 -0.43868 -1.609 0.31138 0.3724 -0.22801 -1.0086 0.59034 0.8795 -0.14394 -0.41733 0.25206 0.60629 -0.11238 0.031815 -0.87012 -0.27183 0.85451 0.37188 -0.38924 0.15071 0.57251 0.028665
-0.88353 0.3699 0.34431 0.8464 0.080027 0.37129 0.4195 -0.79339 -1.3032 -0.25682 -0.083651 0.17828 -0.75007 -0.19351 0.52958 -0.37927 0.27813 0.23852 -1.1143 0.15483 0.88083 -0.0048591 -1.4965 0.19954 1.5708 -0.079088 0.24176 0.13768 1.2401 -0.098936 0.32193 -0.10575 -0.46472 0.60004 -0.060624 0.83986 0.32735 0.097675 0.06236
-1.5069 -0.017717 0.57408 1.5958 -0.67233 -0.20113 0.65886 0.44311 0.30028 -1.0504 -1.2786 -0.36261 -0.76744 -0.35048 0.30156 0.32762 0.30046 0.19505 -1.1057 0.17253 1.6631 0.036771 -0.15412 0.5339 0.2774 -0.072666 0.69294 -0.1386 1.1912 0.031505 0.62924 0.52254 -0.3645 0.61579 -0.096951 1.0012 0.018663 -0.35507 0.050464
-1.2366 0.24448 0.95445 1.4243 -0.49775 -0.99074 0.53635 0.11786 -0.73096 -0.52738 0.0041194 1.7028 -0.8404 0.33359 0.21205 0.64383 0.32467 0.29026 -0.7854 -0.24416 1.1634 -0.33938 0.41891 0.83132 0.27261 -0.016762 0.76573 -0.3093 0.55628 -0.11034 0.56035 0.75712 -0.65255 -0.011035 -0.36121 1.2186 0.087402 -0.33379 -0.012037
-0.61892 0.76762 0.83573 1.3173 -0.081044 0.01108 0.50516 0.32954 0.19425 -1.4081 -0.69167 1.0618 -0.74256 0.72107 0.085827 0.75069 0.42834 0.71886 -0.71012 -0.16429 1.367 -0.27277 0.032536 0.29752 0.81035 -0.087356 0.54545 -0.30484 -0.22047 -0.084912 0.41622 0.95811 -0.72551 -0.3889 -0.40003 0.36874 -0.45022 0.022511 0.016056
-1.1435 0.37143 0.91207 1.4151 -0.08544 -0.33506 0.50291 0.61227 -0.73651 -0.30018 0.43609 -0.37092 -0.82625 0.73799 0.087557 0.38648 0.0040962 1.0314 0.22001 -0.88893 0.97447 -0.56936 0.84872 0.48824 0.62975 -0.093318 -0.13162 -0.40416 -0.65949 -0.011833 -0.18757 0.48133 -0.43286 0.10997 -0.025201 0.34947 -1.0362 -0.058521 0.035821
-0.41648 0.36605 0.99075 1.3872 -0.23685 -1.0484 0.61955 1.0364 -0.82974 0.69997 0.64216 0.90717 -0.80006 0.48847 -0.17814 0.079224 0.30041 0.61008 0.32539 -0.85326 0.98563 -0.64203 0.3505 -0.2772 0.1548 -0.006824 -0.31706 -0.21217 -0.75103 0.13378 -0.85632 0.091641 -0.33762 0.016125 0.62994 0.23971 -1.3122 -0.050655 0.060733
-0.36979 0.23192 1.3219 1.7604 0.78346 -0.52097 0.1446 1.1562 -1.0668 -1.4276 -0.81453 1.7147 -0.89263 0.18126 -0.37494 -0.16299 0.37134 0.0026532 -0.32218 -0.70229 1.5294 -0.22904 0.94048 -1.1209 0.4902 0.0051084 -0.32326 0.15336 -0.48351 0.13141 -1.121 -0.18782 0.2425 -0.25683 1.069 -0.043195 -1.4359 -0.1293 -0.010854
-0.85105 0.28804 0.91315 1.3696 0.1449 0.23428 -0.74721 1.3042 -0.26125 0.38196 -0.036535 0.99617 -0.88406 0.37209 -0.05967 -0.27674 0.51244 -0.35765 -0.23681 -0.88266 1.0866 0.74036 0.44519 -1.7293 0.78606 -0.030859 -0.34471 0.62193 -0.32849 -0.36558 -0.95283 -0.055804 0.55087 -0.764 1.0504 0.6063 -0.078168 -0.20128 -0.14114
-0.47368 0.25974 0.89109 1.8198 0.023238 -0.49703 -0.073586 1.0962 -1.5929 -0.70313 -0.67001 1.3762 -0.73465 0.15684 0.30317 -0.27124 0.16115 -0.56996 0.14485 -0.41781 0.40277 0.76559 0.68765 -1.8826 0.058792 -0.10081 -0.27191 0.83427 -0.20711 -0.65375 -0.17219 0.43813 0.88069 -1.5127 0.21013 0.22513 1.1732 -0.46534 -0.21513
-0.59032 0.13603 0.59774 1.7243 -0.26845 -0.86556 0.055136 2.7258 0.14647 0.66591 -2.361 0.89155 -0.76428 -0.18015 0.59291 -0.43206 -0.30419 -0.87472 -0.00056426 0.035781 0.064682 0.85112 1.6769 -0.081017 -0.032414 -0.20126 -0.38097 0.66178 0.12023 -0.88448 0.44951 0.83715 0.77473 -1.5572 -0.21789 0.31129 2.2758 -0.72825 -0.23688
-0.32987 0.39394 0.85071 2.0911 -0.36155 -0.87202 -0.66579 1.5009 0.34581 0.29261 -1.6697 1.3934 -0.9579 -0.082633 0.78739 -0.4391 -0.4941 -0.052081 0.45435 0.48465 -0.86559 0.093012 0.75363 0.5544 -0.044925 -0.28651 -0.21598 0.29042 0.17384 -0.64685 0.94656 1.1802 0.51423 -1.753 -0.83455 -0.51733 2.4465 -0.76101 -0.090001
-0.2423 0.88974 0.95218 1.3475 -0.21799 -0.18439 0.11941 1.0716 -0.2979 0.70472 -2.432 1.2809 -0.98092 -0.25915 0.87935 0.024173 -0.88529 0.23118 1.3005 0.11474 -1.2696 0.63248 1.0155 1.9167 -0.64554 -0.35286 0.064779 -0.1099 0.092987 -0.23648 0.87974 1.1101 0.15499 -1.1347 -0.88372 -1.3111 1.0283 -0.77518 0.11968
-1.1236 0.92816 0.58414 1.1604 -0.20474 -0.10893 -0.18441 1.2943 0.096191 1.0448 0.92153 1.4537 -1.1238 -0.23547 0.67911 -0.1889 -0.80854 0.6531 1.8718 0.50569 -2.2924 -0.75296 -0.054389 2.3491 -1.1853 -0.18295 0.25979 -0.52253 -0.15064 0.16772 -0.078338 0.14279 -0.2812 0.05611 -0.4352 -1.0839 -0.017103 -0.44664 0.24603
-0.66374 1.1099 0.26273 1.0745 0.20685 0.55558 0.17228 0.13295 -1.0083 0.56815 0.22212 0.72316 -1.0802 0.0075786 0.45261 -0.38767 -0.60398 0.42392 1.5282 0.31854 -1.4102 -0.44816 -0.59746 1.2103 -1.0419 -0.044219 0.50396 -0.77354 -0.16721 0.46894 -0.35098 -0.87196 -0.37751 1.057 -0.30801 -1.1101 -1.6136 0.24072 0.3037
-0.59797 1.1292 1.2366 1.0107 0.023413 0.59472 -0.11733 0.56099 0.59679 0.94518 1.235 0.12447 -1.1192 0.27256 0.070767 -0.48848 -0.30061 -0.28645 0.64494 -0.13714 -0.72226 -0.22797 -0.65857 0.85396 -0.75274 -0.011017 0.34545 -0.71964 0.31333 0.48756 -0.68656 -1.334 -0.34661 2.1022 0.36168 -0.42219 -1.8593 0.71141 0.16137
-0.66763 0.88149 0.24936 1.1189 0.36175 1.2072 0.57714 -0.54588 -1.2871 0.19246 0.3227 -0.54588 -0.95999 0.44772 -0.1939 -0.11024 -0.21552 0.053795 0.19051 -0.26327 -0.081024 -0.24717 -0.95416 -0.81373 -0.35841 0.091877 0.062901 -0.37073 0.54983 0.37246 -0.36091 -1.0988 0.039076 1.7892 -0.03077 -0.084021 -1.2911 0.67504 0.0050494
-0.19415 1.2029 0.45037 1.2387 -0.15368 0.6592 -0.42813 0.2329 -0.039904 -0.39005 -0.77646 0.8839 -1.0532 0.19871 -0.27898 0.22606 -0.042598 -0.4357 -0.10607 0.15478 1.0014 -0.18512 -0.75635 -0.64398 -0.058491 0.030742 -0.063156 0.10781 0.87426 0.19703 -0.017635 -0.51532 0.21734 1.4019 -0.0243 0.41787 -0.53643 0.59213 -0.088642
-0.37112 0.91376 0.22681 0.76254 -0.74301 0.22823 -0.11597 0.67813 -0.54122 0.61961 0.66499 0.51631 -1.0865 0.15218 -0.031907 0.22111 0.0019061 -0.16716 -0.27315 0.24978 1.0921 -0.55457 -0.74486 -0.82707 0.0048973 -0.056788 -0.0048835 0.32114 0.48819 0.069969 0.21503 0.074668 0.19088 0.66234 -0.19736 1.0168 0.39151 0.34412 -0.087469
-0.65828 0.65286 0.68002 0.92495 0.57973 0.4314 -0.38077 0.8906 -0.4693 -0.24118 -0.61574 0.59318 -0.96981 0.28415 0.18342 0.87756 -0.017804 -0.2006 -0.13397 0.01585 1.3197 -0.14683 0.055686 -0.30692 0.28956 -0.092254 0.14233 0.33388 0.24022 0.12304 0.44992 0.25194 -0.070016 -0.12307 0.032377 1.1432 0.33755 0.26913 0.014212
-0.36165 0.87045 1.0103 1.189 -0.4683 0.81336 0.84652 1.3436 -0.88535 -0.12551 -0.17254 -0.063267 -1.0789 0.38154 0.14881 0.42257 -0.085097 0.34612 0.37276 0.16638 0.98406 -0.67107 0.67018 -0.15946 0.18298 -0.00014327 -0.032979 0.06161 -0.38885 0.10734 0.05338 -0.014836 -0.17307 -0.62037 0.68052 1.3246 0.61528 0.42249 0.088795
-0.36767 1.2521 1.0135 1.0858 0.079323 0.46228 0.12751 1.0871 -0.62435 -0.21407 -0.43219 -0.088084 -1.1708 0.34536 0.22729 0.55152 0.24759 0.15618 0.093531 0.070295 0.78824 -0.090634 0.82208 -0.27072 0.41413 0.026758 -0.43496 -0.3413 -1.069 0.058035 0.32761 -0.28827 -0.51719 -1.0009 0.76011 0.59642 0.44674 0.53945 0.11503
-0.045364 1.2123 1.0649 1.061 -0.19039 0.917 -0.099013 1.086 -1.0435 0.43689 -0.35159 0.90114 -1.0528 0.043768 0.057451 -0.28652 0.085163 -0.23756 -0.39746 -0.095751 0.14631 0.6977 1.525 0.45759 0.81873 0.038502 -0.63262 -0.56113 -0.82283 0.074607 0.26812 -0.2173 -0.61913 -0.65759 0.58337 -0.45816 0.30542 0.56206 0.056622
0.17141 1.0863 0.47615 0.84943 0.1936 0.85348 -0.32022 1.7021 -0.9886 0.93759 -0.53804 1.238 -1.007 -0.40238 -0.37781 -0.6245 0.016523 0.71134 -0.30587 -0.81291 -0.19547 0.60194 0.80836 0.32582 1.0876 0.089107 -0.65019 -0.45463 -0.74028 -0.20626 0.49388 0.18635 -0.2816 -0.41779 -0.063595 -1.0942 0.25672 -0.1674 -0.04308
-0.41319 0.94501 1.2546 1.3076 -0.32607 0.08553 0.27288 1.6699 -0.28782 1.1334 0.033821 0.63051 -1.019 -0.48237 -0.54742 -0.41676 0.18233 0.57755 0.15727 -0.54187 0.19371 0.076542 -0.27603 0.18042 1.0085 0.067203 -0.54853 -0.99399 -0.048045 -0.12956 0.96654 0.51034 -0.46069 -0.23397 -0.4819 -1.2184 0.41542 -0.95161 0.41788
-0.71312 0.76367 0.21304 1.0893 0.083834 0.096924 -0.036804 0.73596 0.72409 1.2827 0.35094 1.3978 -0.99123 -0.66335 -0.27922 -0.66677 -0.19884 0.67925 0.20765 -0.22727 -0.062296 0.071955 -0.51697 0.40155 -0.014221 -0.063468 -0.068157 -1.6591 -0.18583 -0.51663 1.1217 0.30665 -0.82511 -0.12889 -0.14559 -0.90568 0.73537 -1.3681 1.3941
-0.69636 0.54753 0.43556 1.1477 0.69337 0.80569 -0.65887 1.0232 -0.76215 0.10704 -0.063134 1.3062 -1.0432 -0.90087 -1.7622 -0.3418 -0.054874 1.5918 0.38473 -1.2431 -0.39806 0.011749 -0.30327 1.2938 -0.5718 0.8452 0.3719 -2.069 -0.13993 -0.85418 1.3118 -0.28413 -1.3085 -0.092197 0.51059 -0.82204 0.55065 -1.5817 2.3356
-0.46596 0.73673 0.82106 1.2846 0.43717 1.0739 -0.59215 1.8059 -1.1856 -0.5904 -0.50186 1.6935 -1.0563 -0.33899 -2.7265 -0.97865 -0.87023 2.3074 0.21231 -1.9962 -0.17783 0.32895 -1.0363 1.3295 -0.91769 2.138 0.80961 -1.7851 0.18339 -0.73339 0.90182 -0.70932 -0.92848 0.22556 1.26 -0.91349 0.11538 -1.3852 2.64
-0.66881 1.0311 -0.0074212 0.48628 0.37673 0.90371 -0.033849 1.1171 -0.56625 0.88459 0.59417 0.34466 -1.1273 0.060861 -3.0105 -0.49745 -1.148 2.2216 -0.39378 -2.0925 0.042912 0.90223 -1.7055 0.8806 -1.7731 3.0513 1.0644 -0.37675 0.50564 -0.4939 0.23098 -0.90543 0.34636 0.38238 1.4068 -1.0097 -0.48796 -1.195 1.7411
-1.2976 -2.3806 0.53969 1.2487 2.1022 0.66715 -2.2033 0.98208 -0.10206 1.1978 2.4027 0.13984 0.65133 0.40794 -2.8358 -0.26183 -1.0819 2.0568 -0.80152 -1.5291 0.11206 2.0195 -1.69 0.83867 -2.2441 3.4507 0.92118 0.92635 0.96443 0.29254 -0.58266 -0.49597 1.3344 0.42069 0.61807 -0.62419 -0.8208 -0.53343 0.2208
-0.6098 -2.4056 -0.44947 -0.10404 2.0467 0.054593 -2.1324 1.1471 0.91215 -0.91317 1.5606 -0.12171 1.8685 0.77075 -2.3777 0.18878 -0.90989 2.1567 -0.8987 -0.82656 0.14962 1.8409 -2.0452 0.47562 -2.3491 3.2338 0.80798 2.2819 0.32215 0.65974 -1.5745 0.47342 1.9433 0.087243 -0.58953 -0.045671 -1.0629 0.12413 -1.477
-0.37332 -2.064 0.062923 -0.081558 2.1054 0.05039 -2.3337 1.0059 1.1362 -1.6767 0.36129 -0.82735 2.1413 1.074 -1.3901 0.36719 -0.41083 1.26 -0.50731 -0.13714 0.53419 1.0201 -2.1554 -0.24554 -1.7137 2.4324 0.52851 2.4838 -0.070854 0.97748 -2.1863 1.3736 1.509 -0.56289 -1.6409 0.83178 -0.9801 0.52213 -2.5187
-0.052151 -1.9371 0.64615 0.35489 2.246 0.37194 -1.5908 1.7515 1.3767 -1.5851 1.002 -1.5349 2.2078 1.2768 0.33581 -0.24289 -0.18637 -0.31216 0.42428 0.8387 -0.03597 0.24436 -1.5915 -0.87404 -1.774 0.97633 0.20306 1.8847 -0.75991 0.88713 -2.3007 1.7976 0.53432 -1.2811 -1.5341 1.5845 -0.69797 0.9494 -2.5154
0.17326 -2.0003 0.85127 0.21963 2.5674 0.064138 -1.0265 1.649 0.91984 -1.6381 1.018 -1.6271 2.204 1.1633 0.23639 -0.16219 0.47546 -0.78328 1.3011 0.45568 -0.89752 -0.35802 -0.26067 -0.6057 -1.4513 0.17329 -0.22096 0.84903 -1.0311 0.39418 -1.3989 1.6033 -0.51759 -2.0012 -0.65933 1.5555 -0.72105 1.1691 -1.7586
0.052113 -2.0765 0.02328 0.30634 1.9767 0.31767 -1.2619 1.4513 0.72882 -0.8507 1.1235 -1.5774 2.2233 1.1049 0.17011 -0.86418 0.38923 -1.11 1.8086 -0.12254 -1.6008 -0.44068 0.18608 -0.85835 -0.52379 -0.036975 -0.56543 0.037569 -0.58509 -0.037992 -0.17258 0.91935 -1.2724 -1.7055 0.5422 1.0602 -0.84254 1.5221 -0.73393
0.31997 -1.977 -0.44895 0.55886 1.5154 1.2415 -1.709 0.49804 0.63342 -1.6959 0.42125 -2.32 2.2008 0.71854 0.20768 -1.1127 0.078777 -0.94518 2.0236 -0.6171 -2.5171 0.071107 0.075934 -1.8169 0.068205 -0.13754 -0.76436 0.23357 -0.052061 -0.55362 0.6615 -0.050358 -1.1729 -0.81808 1.4132 0.11513 -0.99807 1.341 -0.22606
0.93628 -1.9654 -0.17711 0.34038 1.3143 1.5733 -1.8441 -0.063487 0.76975 -1.5989 0.055464 -2.1364 2.146 0.39139 0.41861 -0.78048 -0.056527 -0.54521 1.9194 -0.99266 -2.4984 1.0447 0.35835 -2.0925 0.59711 -0.15254 -0.83665 0.26984 0.84848 -0.59842 1.2784 -0.98624 -0.77633 0.3596 1.5679 -0.018287 -0.37249 0.89663 -0.038551
0.86005 -1.7295 -0.39849 0.51766 1.3513 2.0432 -2.1737 -0.34137 0.77335 -1.3012 -0.82594 -1.2855 2.1171 0.027428 0.52996 -0.28746 -0.37942 0.17799 1.1642 -1.2915 -2.0357 1.5861 -0.14027 -2.1463 0.74771 -0.16487 -0.74395 0.15708 1.0965 -0.28904 1.3325 -1.4191 -0.47946 1.4214 1.0687 -0.1051 0.64465 0.30468 0.090491
0.4626 -1.7585 -0.31066 0.29817 1.8091 2.1979 -1.767 -1.0406 1.6467 -1.4107 -1.678 -1.432 2.0391 -0.182 0.49146 0.20999 -0.5471 0.72408 0.28647 -1.2282 -1.1921 1.7856 0.23085 -1.5096 0.98478 -0.091265 -0.45645 -0.13174 1.0336 0.0086882 1.0114 -1.6576 -0.224 2.1133 -0.066388 -0.33709 1.3067 -0.43742 0.16766
0.41635 -1.4902 -0.24741 0.15272 1.8902 1.9242 -2.3524 -0.99946 2.4428 -0.74047 -1.6102 -0.82177 2.0746 -0.44792 0.45272 0.31129 -0.23582 0.91693 0.023113 -1.3888 -0.50459 1.7262 -0.099254 -0.74267 0.50892 -0.010415 -0.019756 -0.30984 0.72018 0.40911 0.28758 -1.5977 0.21618 2.6484 -1.2857 -0.32612 1.7185 -0.94848 0.19702
0.20775 -1.4498 -0.55136 -0.066243 1.8481 1.7084 -3.2194 -0.96435 2.5214 -1.7882 -1.9821 -1.2499 2.0402 -0.26793 0.22385 0.72964 -0.10546 0.98245 -0.80354 -1.3573 0.71553 0.82124 -0.37034 -0.0086886 -0.17062 0.062973 0.25657 -0.48724 0.14806 0.59961 -0.51053 -1.5503 0.85956 2.3276 -2.2602 -0.61066 1.7781 -1.3744 0.023532
0.6503 -1.4548 0.092457 -0.0025137 2.1192 1.7032 -2.9783 -0.87239 2.6094 -1.3292 -1.5033 -1.0101 2.1187 0.018172 0.11292 0.71578 0.20639 0.59416 -1.4646 -0.81966 2.0062 -0.42568 -0.52567 0.77238 -0.60961 0.10211 0.75555 -0.3759 -0.66495 0.63126 -1.2486 -1.9275 1.7627 1.2849 -2.9732 -0.31692 1.4966 -1.2602 -0.48143
0.39403 -1.3808 0.08652 0.4053 2.23 2.0126 -3.3611 -0.66246 2.8325 -1.6187 -1.1374 -1.3174 2.1272 0.06728 -0.20572 0.27325 0.41129 -0.059654 -2.0486 0.093954 1.939 -1.5028 -0.81748 1.5298 -1.2643 -0.10688 0.68958 0.39783 -0.96591 0.50794 -1.822 -1.4689 2.5108 -0.81881 -2.9979 0.070706 0.72082 -0.70385 -1.2503
0.37465 -1.5656 0.42968 0.32531 2.5374 0.83765 -3.3825 0.67757 1.6508 -1.6165 -1.2465 -1.6528 2.162 0.83206 -0.0010971 -0.61258 0.74725 -0.88552 -3.1873 1.176 1.2901 -2.8449 -0.54307 1.6811 -1.5184 -0.7681 -0.00088208 1.2638 -0.18871 0.11802 -2.0616 -0.37285 2.573 -2.3474 -2.3088 0.43295 -0.0069011 0.30551 -1.8857
0.47416 -1.5186 0.20852 0.40503 2.1868 0.25677 -2.5362 1.4247 1.2387 -1.8118 -0.39481 -2.1245 2.1425 0.64508 0.99149 -0.283 0.62417 -1.672 -2.8587 2.33 -0.5148 -3.7497 -0.24496 1.0661 -1.1496 -1.6894 -0.93088 1.8487 1.0043 -0.2018 -1.6133 1.0652 1.7733 -2.2837 -0.68351 0.65152 -0.71155 1.5194 -1.9193
0.46213 -1.8118 -0.41897 0.47092 1.44 -0.40945 -2.516 0.45172 0.57744 -2.0807 0.82953 -2.6585 1.7962 -0.28644 1.7685 0.67221 0.33683 -2.4414 -1.7856 2.8633 -1.2579 -3.7601 0.037466 0.97249 -0.030667 -2.4056 -1.9794 1.5427 1.9452 -0.64473 -0.50567 2.4404 0.57803 -1.2115 1.3362 1.0953 -0.92782 2.1705 -1.2435
1.7718 -1.1741 -1.2764 0.95431 0.94004 -1.8881 -1.679 -0.17407 -1.3835 -2.1828 0.1535 -3.0459 0.83192 -1.1882 2.2064 1.3893 0.22738 -2.2862 -0.60168 2.5604 -1.1571 -2.3831 0.18377 0.34096 1.1173 -2.6459 -2.0859 0.62999 1.6127 -0.75718 0.57841 2.8609 -0.29515 0.66632 2.6218 1.5501 -0.85873 1.9481 -0.19382
0.84184 0.40331 0.80657 0.70126 0.74111 -0.29361 -0.16804 -2.069 -1.8675 -1.224 -0.55994 -1.9176 -0.017184 -2.0945 2.1428 1.9503 -0.31044 -1.5144 0.58032 2.1427 -0.72285 -0.98908 1.4317 0.036634 1.8085 -2.4654 -1.5811 -0.47057 0.72363 -0.5659 1.236 2.471 -0.88598 1.732 3.0018 1.6561 -0.36794 0.8533 0.87936
-0.83539 0.61037 1.441 0.58147 0.037188 0.35381 -0.6001 -0.6097 -1.6146 -1.6761 0.49863 -0.89563 -0.4284 -2.5 1.9288 1.8973 -0.52838 -1.0469 1.6947 2.1444 0.44947 -0.12851 2.167 -0.32486 1.9351 -1.999 -0.32493 -1.8648 -1.1193 -0.2906 1.0872 1.1846 -1.1299 2.0403 2.5863 1.0879 0.32754 -0.27275 1.7122
-0.93708 0.54322 1.5026 0.54714 0.6399 -0.31371 -0.81675 0.74806 -0.47642 -1.6496 -0.58348 -0.38731 -0.40915 -2.7032 1.07 1.6873 -0.38709 -0.74455 2.0233 1.424 1.1942 0.84882 2.3694 0.49925 1.3199 -1.1914 1.0249 -2.489 -2.1972 0.030481 0.63209 -0.099563 -0.91024 1.0759 1.8103 0.15236 0.62488 -1.055 2.0484
-1.3626 0.46002 1.2575 -0.05686 0.66338 0.47402 -0.14853 0.043876 0.031309 0.31167 0.51391 -0.58235 -0.52312 -1.5264 -0.5799 -0.42337 -0.29723 -0.63254 1.0633 0.8177 1.7254 1.6366 1.889 0.79524 0.81214 -0.28843 1.641 -2.1262 -1.9212 0.4169 0.15311 -0.68485 -0.50508 -0.47553 0.58011 -1.0479 0.72577 -1.2785 1.7296
-1.2013 0.7812 0.80737 0.27543 0.030747 1.0085 0.56305 0.19209 -1.0526 0.29617 -0.16892 -0.774 -0.86346 -0.61268 -1.0381 -0.71307 -0.36049 -0.53289 0.71615 1.1135 0.64875 1.5774 1.8525 0.79994 0.21665 0.26178 2.1225 -1.1719 -1.7178 0.52773 0.015202 -0.99215 -0.0077106 -1.2533 -0.35108 -1.9375 0.11103 -0.73985 1.151
-1.3907 0.69003 1.5827 0.77999 0.049859 0.76709 0.25712 0.2931 -0.69533 0.40188 1.0544 -1.1585 -0.77293 -0.38481 -0.80586 -0.24503 0.28019 -0.85854 0.99878 1.3624 -0.21432 0.5948 0.27957 1.0645 -0.12505 0.29933 2.3092 -0.51771 -1.3226 -0.061771 -0.1936 -1.1706 0.10806 -1.6123 -0.88162 -1.5789 -0.65376 -0.13079 0.95248
-1.3479 -0.85806 0.23305 0.14749 -0.044332 0.8669 0.27282 0.68253 1.1065 0.14172 0.79221 0.082043 -0.16738 0.81784 -0.90466 -1.3896 0.363 -0.59486 0.091953 1.1416 -0.24949 0.66989 -0.7713 0.58578 0.28127 0.5276 2.4857 -0.44109 -1.9312 -0.87931 -0.46715 -1.47 -0.20035 -1.308 -0.79315 -0.7764 -1.5233 0.45746 1.0193
-1.6065 -0.5484 0.9865 -0.054957 -0.12652 0.73605 0.54817 0.54162 0.84591 0.43378 1.2732 -0.56267 -0.02045 2.2113 -1.568 -2.3838 -0.77402 -0.95481 -0.94489 1.0094 -0.92058 0.37216 -0.019088 -0.51689 0.52146 1.2442 2.1569 -0.27694 -1.9266 -1.4808 -0.40173 -1.4877 -0.39281 -0.77467 -0.15944 0.30424 -1.7919 0.64875 1.0118
-1.3826 0.19543 1.4604 1.0982 -0.14158 1.3223 1.2776 -0.1417 -0.47977 -1.1649 1.0824 -0.94445 -0.421 2.8838 -1.4419 -3.0036 -1.5486 -1.3489 -1.2306 0.92084 -1.5154 0.14037 0.40504 -1.6937 0.84121 1.5718 0.96189 0.15502 -0.76161 -1.3116 -0.29155 -0.71658 -0.5672 0.033395 0.37405 0.211 -1.1132 0.088203 0.64623
0.27068 -0.49446 -1.2964 0.32915 -0.084119 0.44565 1.339 -0.27547 0.54901 -0.093918 0.9764 -0.078778 -0.091619 2.7407 -1.0294 -2.7899 -1.6565 -1.2235 -1.2939 0.74483 -1.0859 0.5276 0.28046 -1.6562 0.93504 1.5465 -0.42063 0.98269 0.84811 -0.4992 0.3115 -0.0072337 -1.1254 1.0837 0.8008 -0.45893 0.19308 -0.87444 -0.14266
1.5735 -1.8227 -1.6525 -1.0965 -1.331 -0.57994 1.3276 -0.84572 -0.55035 1.0416 -1.43 -0.062306 1.069 2.3999 -0.89615 -2.5072 -1.7571 -0.99671 -1.1465 0.22089 -0.1369 1.2843 -0.52062 -1.2493 0.26514 1.5063 -1.6684 1.8865 2.6415 0.78309 1.2293 0.72437 -1.4771 1.642 0.45736 -0.50304 1.5613 -1.0793 -1.2672
1.0796 -1.4829 -1.3999 -1.2448 -1.2056 -0.32447 0.95004 -1.1998 0.83616 0.71747 -1.3414 0.53249 1.3343 1.6256 -0.087702 -1.1459 -1.641 -0.54086 -0.98232 -0.7343 0.4146 1.3115 -0.51089 -0.3419 -0.97373 1.0269 -2.2914 2.5071 2.9484 1.8192 1.5548 1.233 -1.6704 1.1263 -0.40157 0.088545 2.2132 -0.6719 -2.3457
0.67008 -1.5618 -1.7837 -1.2448 -0.83171 -0.056014 1.3281 0.082934 2.2582 -0.26661 -0.51566 1.0096 1.2937 0.19992 1.4515 0.78742 -0.017719 0.61382 0.08028 -1.0889 0.81886 0.60044 -0.24314 0.981 -0.40772 -0.38549 -1.8629 2.4222 2.1898 2.2232 1.3031 1.2298 -1.3858 0.15982 -1.6417 1.2679 1.8423 0.012029 -2.729
0.95509 -0.78876 -0.99164 -1.0633 -0.84157 -0.093514 1.0319 0.44771 1.5975 -1.3552 0.17713 -1.5142 1.1477 -0.60604 2.2674 0.71102 1.0404 0.88307 0.57597 -1.7099 0.54146 0.072756 0.29448 1.9587 -0.096442 -1.6112 -0.89484 1.2584 0.76838 1.7802 0.37792 0.76687 -0.87777 -0.6843 -2.1525 1.8962 0.68607 0.69858 -2.0558
1.3115 0.12882 -0.61107 -0.81372 -0.63987 -0.20961 0.13409 -0.17272 0.61343 -0.79019 0.50444 -2.3731 0.57813 -0.10209 2.2455 0.38995 1.2596 0.73317 0.55106 -1.8703 0.069669 -1.2737 1.615 1.5351 -0.13903 -1.9486 0.010945 -0.47699 -0.31664 0.42616 -0.63414 0.18312 -0.33829 -0.97882 -1.5808 1.9768 -0.54422 0.85833 -0.6018
0.84965 0.77785 -0.82449 0.06268 0.30086 0.27173 0.1149 0.22984 0.79037 1.3959 1.4771 1.2959 -0.41299 0.031521 1.76 0.39997 1.2106 0.11353 0.3339 -1.9756 -0.54374 -1.9092 2.3692 0.83564 0.33414 -1.7881 0.12903 -1.552 -0.16343 -0.62829 -0.73658 -0.29155 0.45549 -0.66314 -0.61576 0.76088 -1.1204 0.71607 0.74866
0.47017 0.49115 -1.2517 -0.25702 -1.0115 0.094523 -0.83876 -0.71994 0.21782 1.3053 0.9404 0.3573 -0.50452 -0.1117 0.85639 0.39819 0.73722 -0.17738 0.58635 -1.5824 -0.53074 -1.469 2.6918 0.35827 1.1468 -1.3502 -0.45226 -1.7564 -0.15509 -1.505 -0.31193 -0.75685 0.96862 -0.23814 0.60422 -1.2854 -0.76135 -0.066923 1.558
1.0841 0.96836 -1.1688 -0.036098 -0.31296 0.43041 -0.71229 -0.4648 -0.10492 1.661 0.85056 -0.25715 -0.54716 -0.36563 0.19685 0.4293 0.077719 -0.028914 -0.0052292 -1.0004 -0.45108 -1.0375 1.2688 0.12704 0.73876 -0.60142 -0.83166 -1.3701 -0.13383 -2.0245 0.53505 -1.229 1.7201 0.1825 1.3824 -2.4938 -0.24079 -0.62936 1.8589
0.93364 0.54812 -0.79388 0.040746 -0.87471 0.088815 -0.78868 -0.1258 -0.34794 1.2845 0.84566 -0.039743 -0.51925 -0.79241 -0.10247 0.11222 -1.114 0.23016 -0.77279 -0.54785 -0.46237 -0.5756 -0.46125 0.23942 -0.46876 0.18275 -1.1317 -0.98402 -0.094027 -2.1345 0.57476 -1.7572 1.8455 0.15135 1.5978 -2.4713 -0.076223 -0.8768 1.7768
0.9482 0.52051 -0.099803 -0.28171 -0.74937 0.69361 -0.96647 -0.32763 -0.43387 2.0119 0.99454 -0.15885 -0.57025 -1.2509 -0.20147 0.31696 -1.8206 0.91728 -1.4235 0.71815 -0.26485 0.27185 -1.1249 0.36164 -0.13878 0.69634 -0.69093 -0.7764 0.10329 -1.5095 0.25255 -1.2236 1.6071 0.31822 1.6227 -1.1422 -0.48462 -0.46371 1.4324
0.46781 0.65655 -0.53992 -0.53194 -0.022346 -0.48922 -0.99343 -0.82842 -0.46807 1.094 1.1515 0.27158 -0.42207 -1.8723 -0.69708 0.29777 -2.4856 0.43119 -2.197 1.003 -0.36993 0.91752 -1.1366 0.060515 -0.20252 1.1083 0.37038 -0.83131 0.28511 -0.082258 -0.53175 -0.43112 1.2014 0.38981 1.1219 -0.074058 -1.2613 0.22572 0.95994
-0.47131 0.61242 -1.4757 -1.6294 0.1546 -0.77549 -0.70653 -0.59359 0.21774 0.60655 1.8457 0.34495 -0.1205 -1.1763 -0.88838 0.52398 -2.1853 0.35051 -1.7193 1.2245 0.073501 1.3049 -0.73027 -0.83993 -0.33539 1.4407 1.5632 -0.84886 0.32914 1.3032 -1.3937 0.73917 0.49096 0.39279 0.1952 0.58137 -1.4355 0.093532 0.39705
-0.50515 0.29615 -0.6117 -2.2114 -0.16618 -1.4007 0.51701 -0.88713 0.64023 0.068952 1.019 -0.43517 0.4679 -0.12727 -1.2394 0.51318 -1.0868 -0.4712 -1.4673 1.443 0.075192 1.0355 -0.83469 -1.8822 0.10219 1.4891 2.3855 -0.54772 0.28162 2.474 -1.5195 1.6026 0.06429 0.36128 -0.80353 0.77411 -0.76043 0.19481 -0.33425
-0.73477 -0.25014 -0.34348 -2.4696 -0.40485 -1.9375 0.13963 -0.54885 0.93998 0.91601 0.58904 -0.58167 0.69576 0.88648 -1.442 0.79051 0.036657 -1.2259 -0.29211 1.4178 0.22498 0.56165 -0.1262 -1.7631 -0.089542 1.1999 2.0863 -0.044861 -0.36525 2.632 -1.2913 1.6407 -0.47524 0.287 -1.3386 0.73327 0.75069 0.42433 -1.0663
0.34263 -0.54426 0.25681 -1.7935 -0.5007 -0.86476 0.18195 0.17542 1.0816 1.0613 -0.8138 -0.21954 1.0055 1.6969 -1.3952 0.6629 1.2517 -1.61 0.31101 1.0306 0.20689 -0.27918 0.10086 -1.1259 0.083814 0.64356 1.271 0.81162 -0.6497 1.973 -0.51027 1.2444 -1.0808 0.26176 -1.325 0.70125 2.0163 0.45494 -1.4998
0.91168 -0.79747 -0.16199 -1.0697 -0.97198 -1.2375 0.57643 -0.87449 0.45494 0.44787 -1.6946 0.69258 0.96085 1.9335 -0.88901 -0.18039 1.803 -1.4833 0.6894 0.54908 0.51915 -0.63311 0.25881 0.37516 0.55368 -0.0020587 0.22246 1.8367 -0.48496 1.0187 0.43825 0.2558 -1.5782 0.34392 -1.0449 0.24185 2.0651 0.40433 -1.6965
0.82346 -0.92168 -0.39775 -0.96557 -1.0668 -0.8641 0.82571 -0.58295 0.41814 0.65631 -0.016352 -0.21668 0.89808 1.794 -0.067673 -0.12684 1.8976 -1.2871 0.54774 -0.13324 0.39169 -0.93654 0.36489 1.3565 0.72322 -0.53383 -1.0968 2.3847 0.43521 0.26385 1.8081 0.36263 -1.5947 0.88095 -0.60122 -0.18576 1.2198 0.15857 -1.6556
1.0677 -1.1009 -0.5835 -0.69791 -1.563 -0.81128 0.80118 -0.30866 -0.00449 0.56538 0.65248 -0.048615 0.69603 1.2543 1.1697 0.34715 1.7136 -0.56062 0.1198 -0.93811 0.75217 -1.1413 0.20463 1.4082 0.42964 -1.1794 -2.1344 2.0979 1.0807 0.17455 2.5641 0.45679 -1.2037 0.65203 -0.24151 -0.30583 -0.49769 -0.090716 -1.3841
1.5193 -0.73839 -0.54027 -0.46431 -1.5146 -0.93171 0.84551 0.15822 0.23362 0.91518 1.5866 0.36507 0.50163 -0.099231 1.8279 1.1653 1.8187 1.3137 1.3396 -1.1944 1.7298 -1.2051 -0.27414 0.95701 0.48079 -1.6642 -2.5306 1.2204 1.0066 0.084889 2.4056 0.57612 -0.4341 0.1446 0.21921 -0.1596 -1.5171 -0.55236 -0.84694
1.5717 -0.15664 0.11066 -0.10817 -1.5346 -1.0638 -0.63348 -0.00742 -0.22091 1.6419 1.3835 0.78573 0.13495 -1.2627 1.9044 1.0652 2.19 2.013 1.2254 -1.16 1.0548 -0.98836 -0.066623 -0.50957 0.49869 -1.8584 -2.3002 -0.067843 0.58095 -0.22396 1.3047 0.62117 0.4338 -0.71746 0.47552 0.0068922 -1.5941 -0.67181 -0.10129
1.8723 1.2265 0.69286 0.44432 -0.84405 -0.73861 -0.73651 0.73098 -0.70536 0.55936 -0.10186 0.42236 -0.49028 -1.8569 1.742 1.2766 1.8314 1.9269 1.1653 -0.8272 0.48148 -0.61815 0.15135 -0.95573 -0.43411 -1.6763 -1.6268 -1.2619 -0.35744 -1.3903 -0.12665 -0.24403 1.3071 -1.2662 0.98253 0.16494 -0.87468 -0.56205 0.88212
-0.11447 0.98926 0.81017 1.0257 0.93046 1.1252 -0.088164 1.3253 -1.1537 -0.32416 0.35899 0.99302 -1.0012 -2.3305 1.0933 1.3118 1.2748 1.5775 1.4674 -0.30868 -0.019581 -0.5479 -0.020517 -1.0715 -0.48064 -1.3511 -0.78491 -2.131 -1.0436 -2.7206 -1.0874 -1.2913 1.6095 -1.3712 1.0733 0.11426 0.31507 -0.13849 1.8883
-0.69423 0.71156 0.026173 1.4713 0.20025 -0.057833 -0.17578 0.073291 -0.48832 1.2621 -0.4571 0.1117 -1.0735 -2.7264 -0.014405 0.4261 -0.43905 1.3032 0.75002 0.82092 -0.17101 0.43481 0.010103 -0.65506 -0.1722 -0.3754 0.33596 -2.0812 -1.5334 -2.9865 -1.3465 -2.4422 1.5906 -1.5192 0.75319 0.035799 0.91116 0.74491 2.3093
-0.11889 0.91768 0.92126 0.88806 -0.50952 -0.067466 -0.21665 0.18721 -0.43902 1.2743 0.11087 -0.85188 -0.97222 -2.3604 -1.0147 -0.32184 -1.994 0.30237 -1.1283 1.0208 -1.2563 0.51952 0.20879 -0.0010686 0.093565 0.79355 1.6657 -1.4661 -1.5833 -2.4947 -1.0793 -2.4384 0.86268 -0.88486 0.40388 -0.17871 1.0816 0.90018 2.1443
-0.54853 0.82803 1.3158 0.79868 -0.073375 0.76378 -0.19394 0.21091 -0.77607 0.90277 0.036216 0.56026 -1.0617 -1.2061 -0.91253 -0.57301 -2.3738 0.058141 -2.3982 1.4776 -1.8185 0.268 0.082774 0.44642 0.81603 1.2902 2.4853 -0.58672 -1.5901 -1.1642 -0.76364 -1.7316 -0.19879 0.016751 0.018503 -0.37656 0.47554 0.3438 1.4811
-1.5537 0.098972 0.35994 -1.0615 0.4756 -0.34136 0.52575 0.40375 0.5195 0.91179 -0.16628 0.95178 -0.18589 0.11749 -1.0696 -0.9419 -2.6349 0.1928 -1.8123 0.97557 -0.90961 0.28485 -0.44467 0.68067 0.88085 1.5663 2.83 0.10841 -1.372 0.11967 -0.49186 -0.41776 -0.77431 1.1758 0.36564 -0.60244 -0.15028 -0.9641 0.73319
-1.3192 -0.18957 0.02119 -1.4543 0.030914 -2.0079 0.70169 -1.0088 -0.61977 0.24298 0.077213 0.49749 0.43117 0.82835 -1.0313 -2.029 -2.3914 -0.059867 -2.3493 0.4773 -0.34604 0.56174 -0.45119 0.007106 0.14891 1.8285 2.7376 0.28177 -0.65649 1.1139 -0.67966 1.0195 -1.2809 1.8511 0.67282 -0.53424 -0.4477 -1.9993 0.092175
-1.3088 0.089863 0.041049 -0.56034 0.81395 -1.6875 1.7508 -1.3663 -0.79594 0.63802 1.138 1.8382 0.12068 2.083 -0.76053 -1.9787 -1.7451 -0.54889 -1.9685 0.081825 0.20669 1.0486 -0.76915 -0.1207 -1.54 1.8064 1.859 0.35318 0.32977 1.4979 -0.54933 1.8887 -0.90017 1.8394 0.84949 -0.29853 -0.28048 -2.0752 -0.42288
0.57502 -0.47453 -0.52837 -1.4603 -0.40747 -1.2286 -0.026806 -0.15593 0.32165 1.1227 0.43665 0.17799 0.59785 3.093 -0.56332 -1.1919 -0.6326 -0.83198 -0.26372 -0.4591 1.1049 1.1517 -0.86195 -0.13012 -2.0633 1.3309 0.56368 0.070932 1.2119 1.0941 -0.10521 2.5887 -0.44335 1.5067 0.46099 -0.34635 0.25803 -1.1445 -0.71239
0.5093 -0.21404 -1.1234 -1.9904 -0.48495 -2.4087 0.11725 0.38541 0.4593 0.42376 -0.57833 -0.57992 1.2015 2.5674 -0.67255 -0.77812 -0.57656 -0.43872 0.9383 -0.23002 1.8244 1.5946 -0.86948 0.13071 -2.2584 1.0749 -1.3383 -0.13206 1.0729 0.71282 0.66058 2.1081 0.57178 0.46424 -0.35978 -0.56768 0.55413 0.70899 -0.86123
1.0917 -0.34704 -0.8089 -1.6539 -0.13623 -1.567 0.45622 0.31765 1.1398 -0.43025 -0.09613 -1.521 1.2993 1.6626 -0.94743 -0.50892 -0.82831 -0.30312 1.3895 -0.18895 1.6727 1.1477 -1.1279 0.41789 -1.8289 0.9476 -2.4723 -0.14175 0.6035 0.3643 0.92903 1.3053 1.3579 -0.58177 -0.83663 -0.57813 0.56025 1.9452 -0.86676
1.6414 -0.79158 -0.68707 -1.5571 -0.27162 -0.8493 0.3859 0.96415 1.329 -0.099444 0.21206 -1.1966 1.3375 0.19531 -0.80241 -0.4422 -0.24619 0.42862 1.4368 1.017 0.77089 0.33406 -1.8108 0.77689 -0.19356 0.49108 -2.477 0.11876 0.32881 0.45242 0.53271 0.38315 1.2118 -1.2182 -1.177 -0.11001 -0.15191 2.6965 -0.86576
1.0335 -0.95279 -0.70046 -1.7315 -0.013025 -0.79671 1.0189 0.62971 0.99952 -0.29269 1.1745 -1.6198 1.3753 -0.51765 -0.74959 -0.30024 -0.07887 0.47762 2.1147 1.4532 0.49348 0.15012 -1.5871 0.73152 0.90269 0.10619 -1.7289 0.68399 0.32339 0.57996 0.11745 -0.28371 0.7724 -1.0745 -0.89528 0.23633 -1.4656 2.0845 -0.9876
0.92194 -1.2394 -0.84266 -1.9757 0.014477 -0.04533 0.60704 0.98836 0.85502 -0.25223 1.3585 -0.56907 1.3108 -1.1481 -0.55829 -0.3018 -0.059877 0.17404 1.3605 1.2123 0.067286 -0.19175 -0.88877 -0.36889 1.9147 -0.01926 -0.29301 1.394 0.71768 0.72128 -0.69618 -1.1327 -0.56062 -0.65476 -0.40488 1.7395 -2.3339 0.6698 -1.2448
0.67412 -1.1489 -1.4937 -1.866 -0.10373 -0.52804 1.2936 0.75311 0.82959 -1.7047 0.53971 -0.19783 1.4094 -1.0242 0.15125 -0.0079042 0.21958 0.051806 0.87979 1.1577 -0.04946 -0.3338 -1.1372 -2.1699 1.401 -0.52523 0.25927 1.9678 1.3949 1.5723 -0.88117 -1.5021 -1.293 -0.70284 -0.89395 2.5253 -1.5871 -0.35815 -1.6845
0.13886 -0.98775 -1.121 -1.8351 0.15235 0.35466 2.1125 0.99256 1.1721 -1.5069 0.32703 0.21305 1.3352 -0.13224 1.2335 0.67033 1.0222 -0.6503 -0.19022 0.12402 -0.23447 -0.22708 1.4566 -2.7954 0.94047 -1.371 0.47176 1.9643 2.0928 2.073 -0.59976 -0.6467 -1.7931 -0.58301 -1.3733 2.4512 0.1829 -1.2814 -1.8982
0.22497 -1.238 -0.76383 -1.5157 -0.10858 -0.060298 1.403 0.38033 0.94829 -0.60082 -0.83047 1.0597 1.2557 -0.53806 1.8638 1.6533 2.4634 -0.74749 -0.092726 -0.40882 -0.72378 -1.5741 2.322 -1.4763 0.66523 -2.1649 0.16376 1.2196 1.6145 1.8228 -0.27179 0.093111 -2.0923 -0.42747 -1.5438 1.5406 1.7972 -1.3594 -1.3733
0.66938 -0.39846 -0.57205 -1.3454 -0.16478 0.080903 1.7182 1.0373 0.61353 -1.5007 -3.2004 -0.32028 0.43997 -0.4926 2.0885 2.5241 2.8816 -0.53807 0.57343 -1.3428 -0.73614 -2.2336 2.3134 -0.34031 -0.335 -2.5203 -0.3371 0.27632 0.55746 0.77405 0.42324 0.80156 -1.4533 -0.14251 -1.0136 -0.67774 2.3264 -1.5572 -0.319
1.1351 0.89883 -0.016523 -0.4458 -0.89969 -1.362 0.45338 0.28985 0.69576 2.7962 -1.8894 -0.24181 -0.52572 -0.54124 1.8993 1.8876 2.8636 -0.50358 0.70313 -2.0051 -0.64386 -2.3199 1.5243 0.44054 -0.73882 -2.3533 -0.33566 -0.70311 -0.62887 -0.37739 0.7925 0.62495 -0.61982 0.13572 0.13967 -1.5858 1.6708 -0.84572 0.88098
-0.48647 0.80202 0.73142 1.2869 -0.5088 0.44793 0.542 -0.047881 -2.0558 0.92079 0.68721 1.0272 -1.101 -0.79676 1.7098 1.5325 2.3431 0.026452 1.0328 -1.7828 -0.57854 -1.8257 0.45817 1.2192 -1.5408 -1.8353 -0.29217 -1.5372 -1.4667 -1.2283 1.082 0.31756 0.58683 0.27521 0.98239 -2.3009 0.54878 0.12315 1.718
-0.05732 0.9838 1.2119 0.80859 -0.23171 0.85996 0.20323 0.12405 -1.4722 -0.2952 -0.14968 -1.0032 -1.0301 -1.0493 0.80122 1.0599 1.9998 0.45856 0.94558 -1.3399 -0.57833 -1.5358 0.015494 1.3107 -0.45622 -0.96688 0.52323 -2.1376 -2.0294 -2.2794 0.90853 -0.10242 1.6242 0.28709 1.8775 -1.3128 -0.63884 0.82195 2.2442
-0.21744 0.8026 0.25885 0.81864 -0.42947 0.86293 -0.35302 0.34179 -1.0393 0.2281 -0.39371 -0.39929 -0.9759 -0.81776 -0.10127 0.38798 0.91507 1.0099 1.1059 -0.57702 -0.27977 -0.76578 -1.6127 0.38475 -0.21398 -0.20893 1.3067 -2.7434 -2.6534 -2.8253 0.47599 -0.50266 2.2342 0.18678 1.8524 0.1428 -0.97082 1.7461 2.4652
-0.16177 1.2378 0.81384 0.78322 -0.10531 0.50094 -0.38637 -0.16411 -0.92907 0.11191 -0.42629 -1.8444 -1.0233 0.46742 -1.0041 -1.0713 -0.87801 0.70968 0.48098 0.42423 -0.28156 0.72819 -0.12207 -0.52943 0.29299 0.75845 1.7787 -2.6094 -2.4005 -2.8151 0.5156 -0.49539 2.2519 -0.1072 1.2507 0.8319 -0.5809 1.5304 2.36
-0.3716 0.92086 0.78723 1.5438 0.0037218 0.37065 0.12762 0.14707 -1.7498 0.56101 -0.74582 0.27444 -1.0556 0.95867 -2.2765 -2.0211 -1.7422 0.79811 0.27965 1.5046 -0.40572 0.57216 0.78946 0.040005 1.6747 1.6134 1.4051 -2.0567 -1.6653 -1.798 0.7062 -0.32476 1.4758 -0.59963 0.31906 1.0348 -0.033672 1.3582 1.9619
-0.31871 0.53282 0.71718 1.0244 0.30235 0.76085 -0.13612 -0.25872 -1.2186 0.023093 0.056313 0.096339 -0.94261 1.4892 -2.7612 -1.9137 -2.1757 1.5356 0.38779 1.8217 -0.75241 0.17 0.47078 0.22011 1.7472 2.2495 0.40027 -0.91284 -0.22599 -0.28455 1.1208 0.047807 0.1801 -0.71365 -0.22446 0.10699 0.17362 0.46256 1.1211
0.56854 -0.88718 -0.90284 -0.63829 0.10762 1.532 1.3652 -0.24574 -0.45519 0.39237 -0.57851 0.68258 0.27129 1.3754 -2.8875 -2.0872 -1.9495 1.924 0.52257 1.4798 -1.2165 0.099839 0.15759 -0.079207 1.8536 2.4767 -0.631 0.55252 0.92784 1.2049 1.0517 0.020835 -0.86804 -0.40444 0.14141 -0.22512 -0.19911 -0.48671 0.060184
1.1571 -2.0689 -1.3486 -1.3692 0.52935 0.8275 1.6947 -0.19872 -0.5521 1.0536 -0.097679 1.1227 1.0962 1.0194 -2.3244 -1.4249 -1.3255 2.2482 0.47414 0.77667 -1.2648 0.50757 0.38394 -0.11437 1.1618 2.2873 -1.7039 1.6464 1.7317 2.413 0.43093 -0.30472 -1.3757 0.001729 0.60616 -0.1533 -0.084806 -0.82548 -1.0499
1.2014 -1.743 -0.9248 -0.85476 1.52 0.94829 1.1438 -0.88694 -1.3335 0.51398 -0.1565 1.1318 1.3294 -0.041049 -1.5085 -0.64036 0.197 2.4142 0.2972 0.41319 -0.95101 0.6489 0.35117 -0.23678 0.97925 1.6993 -1.9782 2.1094 2.2345 2.5912 -0.4564 -0.31732 -1.3106 0.11176 0.95614 -0.42707 0.24288 -0.86977 -1.614
0.71051 -1.7166 -0.83323 -0.25528 1.8222 1.0206 1.0014 -1.7299 -1.1839 0.095811 -0.95775 1.109 1.2877 -1.1127 -0.51435 0.38971 1.48 2.1036 -0.08939 -0.20516 -0.91536 1.0331 0.03756 0.10004 0.50158 0.80118 -1.4651 1.6232 1.7235 1.648 -1.4121 -0.28434 -0.88222 0.081656 1.1169 -0.64245 0.49348 -0.54684 -1.4865
0.52332 -1.8012 -0.54782 0.13778 2.0401 1.2339 0.84078 -0.98232 -0.39958 1.1738 -0.48283 1.8742 1.3353 -1.3993 -0.030954 0.90897 1.7254 1.1523 0.18927 -0.46827 -1.2125 1.6465 -0.55942 0.31758 0.41012 0.39607 -0.41724 0.88167 1.0461 0.080178 -1.8308 -0.19886 -0.73376 0.15617 0.9411 -0.59461 0.76352 -0.46872 -0.89025
-0.19711 -1.9024 -0.76282 0.49824 2.3628 1.4262 1.1818 -1.0048 0.32523 0.46445 -0.28025 1.3504 1.4276 -1.1496 -0.16819 0.81284 1.1418 0.2504 -0.021039 -0.42293 -1.0125 2.1268 -0.48661 0.64996 0.33489 0.33827 0.39011 0.29089 0.47108 -1.0482 -1.4793 -0.30297 -0.65945 0.25645 0.23522 -0.48936 0.63375 -0.45513 -0.28079
-0.229 -1.9808 -0.77793 0.41855 2.0066 0.8895 1.4217 -1.3586 0.80642 0.64607 -0.11757 1.3312 1.5314 -0.84372 -0.10849 0.97949 0.52891 -0.069864 -0.11529 -0.84147 -0.63936 1.8826 -0.61581 1.109 0.11129 0.37302 0.60389 0.16424 0.39022 -1.2741 -0.5419 -0.35448 -0.80957 0.78112 -0.68281 -0.14389 0.32462 -0.47048 -0.10086
-0.013107 -1.9144 0.034437 0.59759 1.8331 1.0729 0.58472 -2.3537 0.93334 -0.14658 0.39116 1.7665 1.649 -0.64984 0.044421 1.1832 0.032361 -0.039506 -0.52348 -1.2436 -0.74843 1.3406 -0.95043 1.0467 -0.27244 0.32104 0.29834 0.27413 0.33474 -0.99219 0.43 0.015832 -0.57513 1.226 -1.2287 -0.086606 -0.012535 -0.45942 -0.14815
-0.056261 -1.8829 -0.081974 0.51725 1.9232 1.0002 0.44571 -2.2061 1.2526 -0.0072058 0.3426 1.5748 1.6504 -0.49504 0.15698 1.4115 -0.20781 0.29353 -0.24883 -1.5628 0.10528 0.70298 -0.6449 0.79852 -0.24112 0.22775 0.081988 0.29705 -0.16167 -0.70222 0.91083 0.26371 0.10644 1.6169 -1.2414 0.23325 -0.31062 -0.36948 -0.22372
-0.42178 -1.8742 0.2121 0.40839 1.9757 1.1006 -0.07905 -1.6395 1.411 -0.0034751 0.86477 1.404 1.6954 -0.76084 0.1892 1.1878 -0.42604 0.88003 0.096452 -1.1301 0.90969 0.33219 -0.67359 0.76134 -0.42112 0.15125 0.172 0.29215 -0.62718 -0.47532 0.92577 0.36788 0.55925 1.7792 -1.2597 0.26745 -0.3149 -0.037139 -0.2261
-0.50368 -1.7727 0.53056 0.23597 2.2724 0.50346 -0.26691 -1.6521 1.516 0.013407 1.051 1.1913 1.7126 -0.64363 0.3501 0.70264 -0.61049 1.1796 0.12083 -0.69545 1.5684 -0.021936 -0.30876 0.56845 -0.56218 0.06607 0.6876 0.35345 -0.74997 -0.42176 0.48596 -0.19051 0.78634 1.0214 -1.2331 -0.072205 -0.28456 0.012649 -0.22008
-0.72697 -1.7566 0.64563 0.32926 2.6047 1.2462 -0.32492 -0.85464 1.1741 -0.3039 0.65134 1.0639 1.7144 -0.25682 0.47011 0.45142 -0.69079 1.2546 0.045957 -0.63035 1.8652 -0.74087 -0.60385 0.46936 -0.17826 0.0058758 1.245 0.55075 -0.24508 -0.27057 -0.34223 -0.56982 0.62974 0.57668 -1.3644 0.026279 -0.46479 0.04447 -0.44411
-0.91673 -1.7624 0.57846 -0.048712 2.7587 1.1179 0.1983 -0.87269 1.2792 -0.44976 1.2542 1.0515 1.7487 0.56909 0.64804 0.47944 -0.8951 1.0221 -0.58521 -0.34244 1.5336 -1.1534 -0.85216 0.3172 -0.32681 -0.085028 1.1465 0.83521 0.5579 -0.11653 -1.2826 -1.027 0.31506 0.18497 -1.4557 0.61124 -0.37031 -0.20614 -0.7551
-0.44609 -1.362 0.61099 -0.064995 2.9175 1.167 -0.44588 -0.62449 0.98984 -0.29129 1.1836 1.0586 1.7012 1.0273 1.0235 0.87944 -0.80746 0.32799 -0.67017 -0.12828 1.9887 -1.747 -0.37508 -0.12694 -0.43782 -0.55054 0.45654 1.1473 0.66407 0.034395 -2.531 -0.91463 -0.01372 0.18602 -1.1179 1.2289 -1.2414 -1.4532 -1.3441
-0.33611 -1.3235 0.3798 -0.28061 3.1014 0.84068 -0.62399 0.28227 0.134 -0.72977 1.159 1.4821 1.6473 0.91817 1.5637 1.4687 -0.77439 -0.74403 -1.5544 -0.3548 1.8244 -2.339 0.78689 0.055352 -0.84528 -0.97703 -0.67197 1.2239 0.30138 0.55502 -3.2669 0.19636 0.30186 0.0029394 -0.32976 1.1366 -1.7992 -1.8368 -1.8068
0.37957 -1.0563 1.1144 -0.68565 2.9236 -0.11702 -0.43667 -0.18999 0.069871 -1.0262 1.3552 0.53257 1.588 0.43779 2.059 1.122 -0.67796 -2.5807 -1.2782 -0.6454 2.0395 -2.3198 1.036 -2.0794 -2.889 -1.8997 -1.2945 0.86512 -0.58065 1.1393 -2.9435 1.1335 0.83462 -0.77427 0.66855 0.58487 -1.6039 -1.1359 -1.7016
0.37089 -0.41002 1.7396 -0.42491 2.4661 0.33627 -0.16513 1.1715 -0.90665 -0.070509 0.31171 0.49111 0.81473 -0.45008 2.3134 0.89099 0.13237 -3.6163 0.13027 0.48321 1.4803 -1.5259 0.71491 -2.5825 -2.8577 -2.5714 -1.3139 0.029977 -1.672 1.4139 -1.7594 1.7467 1.0232 -1.3525 1.29 -0.12252 -0.83078 0.40737 -1.0609
-0.24511 0.26187 2.1388 -0.56931 1.6436 -0.52641 -0.74416 0.98766 -1.816 1.1123 1.3481 -0.14762 0.57042 -0.8067 2.1922 0.16323 0.97502 -3.7246 0.77173 1.013 0.65699 -0.89616 0.81761 -2.2651 -1.751 -2.7303 -0.69619 -0.82943 -1.91 1.2651 0.14278 1.1451 0.64464 -2.0903 1.5237 -0.63696 0.81308 2.0048 0.18242
-0.50869 0.83148 0.96525 -0.85004 -0.20378 0.17857 -0.94236 1.5011 -1.2179 0.26533 -3.4539 -3.8359 -0.73012 -1.0153 1.552 -0.95988 1.1724 -3.4495 0.93035 0.72784 -0.086114 -0.60062 0.62191 -1.6507 -0.56917 -2.418 0.20304 -1.5011 -1.5886 0.66212 1.7314 0.26876 0.039208 -1.689 1.1301 -0.91194 1.3495 2.4378 1.2261
-0.89361 1.2356 1.3537 0.52398 -0.093818 1.9827 0.73327 0.88828 -0.56768 -0.37247 -1.7995 -1.1259 -1.1265 -0.64035 0.9626 -1.2755 1.2841 -2.3892 0.6292 0.43837 -1.1801 0.11647 -0.23224 -0.81831 0.087393 -1.6578 0.77029 -1.7045 -0.98411 -0.13692 3.078 -0.66731 -0.54655 -1.2307 0.67554 -0.069127 1.6225 2.5919 1.9938
-0.58691 0.97384 0.74288 0.79378 0.19234 0.85808 0.68229 0.6594 -1.1338 0.20162 -0.79888 0.38111 -1.0737 -0.15448 0.25387 -1.1523 1.2797 -1.0424 0.75771 0.84795 -0.84203 0.1111 -0.63112 -0.42836 1.2316 -0.96349 0.8801 -1.4019 -0.66163 -0.8309 3.2691 -1.4688 -1.0938 -0.70199 0.49586 0.93985 1.0079 1.7254 2.0028
-0.52232 0.69581 0.43779 0.22584 -0.36226 0.34203 -0.18511 0.025587 -1.3856 0.41566 -0.7307 -0.25272 -1.0557 0.23897 -0.1956 -1.4491 0.65925 0.8284 -0.45641 -0.061608 -1.3355 0.018782 1.278 0.58682 2.673 0.029426 0.6369 -0.82025 -0.43932 -1.134 2.1527 -1.4529 -1.5416 -0.15565 0.61624 1.4075 0.25485 0.50451 1.449
-0.52087 1.1112 0.82018 0.783 -0.053034 0.64506 -0.29644 -0.074716 -0.94262 0.012403 -1.1107 -0.6602 -1.0496 0.23356 -0.36644 -2.0193 -0.13564 1.0551 -1.4431 -1.057 -1.3749 0.37414 1.7415 -0.20844 1.6856 0.241 0.49999 -0.15416 -0.062386 -0.87154 0.64981 -0.98372 -1.4979 0.27419 1.0432 0.91347 0.13027 -0.73286 0.801
-0.61601 0.74089 0.6182 0.71956 0.012167 1.0495 0.6586 0.77846 -1.4589 -0.099541 -1.5791 0.014237 -1.0195 0.38369 -0.18795 -1.6006 -0.22206 0.5905 -1.1549 -1.4787 -1.2427 1.1419 1.4021 -0.39859 0.90466 0.274 0.53645 0.15969 0.60523 -0.44182 -1.0196 0.0052479 -0.65655 0.49391 0.71462 -0.32822 0.44008 -1.3939 0.15186
-0.28483 0.73069 -0.98637 0.20355 1.1097 0.078849 -0.69199 -0.63457 -0.60875 2.4507 -2.1249 1.3266 -0.75317 0.72637 -0.023285 -1.178 0.020312 0.29834 -0.83985 -1.2315 -0.40124 1.5261 1.1281 0.3268 0.62285 0.31477 0.60123 0.30247 1.3293 -0.10684 -1.5297 0.58158 0.0032641 0.27071 -0.090029 -0.86428 1.5994 -0.98744 -0.048173
-0.64227 0.66703 -0.91782 0.52682 0.82626 -0.25977 -0.5663 -1.0261 -0.086158 1.4351 -1.1257 1.6716 -0.9048 1.0163 -0.081049 -0.80719 -0.27766 -0.68911 -0.72845 -1.194 -0.9179 0.78863 0.89441 1.2462 0.35595 0.25766 0.41271 0.20703 1.6809 0.12384 -1.4529 0.46648 0.30372 0.47202 -0.95697 -1.2486 1.8836 -0.99697 -0.16308
0.097715 0.74991 -0.41929 0.40729 -0.056906 -0.57191 -1.6326 -0.73605 0.26947 1.2361 -1.1364 0.32434 -0.7647 1.0663 0.12075 -0.090949 -0.3111 -1.1535 -0.47498 -1.1889 -1.0567 0.35205 0.22084 2.3829 -0.054928 0.16439 0.085144 -0.21135 1.073 -0.407 -1.15 0.94127 0.6602 0.53711 -1.3231 -0.91633 1.0148 -0.8312 -0.021518
0.35503 0.91019 -0.18924 0.59042 -0.1568 0.1233 -1.1377 0.33023 0.51707 1.1241 -0.10245 -0.16075 -0.70006 0.99809 0.11056 0.7941 0.19191 -1.3886 -0.38604 -0.92946 -0.052086 -0.1339 -0.69606 2.5966 -0.79092 0.063421 -0.037678 -0.81916 -0.4498 -0.68986 -0.38552 1.4229 1.6645 1.3003 -1.0519 -0.55655 -0.050412 -0.18183 0.29565
0.49092 0.82897 -0.17945 0.32382 -0.61994 0.20868 -0.96879 -1.4288 -0.89595 1.2183 0.49372 0.53483 -0.78044 0.88618 -0.49436 -0.10039 -1.0052 -1.4912 0.88906 -0.12868 0.1523 -0.57824 0.043559 1.8112 -0.49827 0.37373 0.19179 -1.3407 -1.9786 -0.97177 0.089375 1.1876 2.2284 1.5443 -0.78629 -0.43152 -1.2717 0.34175 0.57461
0.40823 0.82213 -0.32068 0.081654 -0.30098 0.0097743 -1.1407 -1.0859 -0.70663 1.2352 1.9182 1.0404 -0.76374 1.0195 -1.2322 -1.5794 -1.275 -1.2319 1.4521 1.3832 0.91335 -0.79138 -0.16905 1.4069 0.21458 0.66961 0.5429 -1.2978 -2.5223 -0.86801 0.42582 0.66605 2.271 1.7666 -0.00086241 -0.54387 -1.9781 0.82683 0.67166
0.63866 0.80901 -0.151 0.88164 -0.11228 -1.0303 -2.2331 -0.46032 -0.040822 1.3558 1.3879 0.030161 -0.7228 1.4126 -1.5963 -2.3469 -1.4739 -1.0566 0.9984 1.8133 1.3596 -0.85443 -0.94186 0.23316 0.15289 0.86587 0.74396 -0.59914 -1.6933 0.050662 0.44927 -0.32108 1.7435 1.706 0.70004 -1.1306 -2.1125 0.83413 0.39697
0.53908 -0.30632 -1.2266 -1.3845 -1.4102 1.6544 -0.41253 -0.459 -0.61634 1.4099 0.76132 0.43045 -0.21868 1.7711 -1.6504 -2.4733 -1.2669 -0.80233 0.9094 2.3376 2.6655 -0.023374 -1.3298 -0.87415 0.58871 0.99167 0.58301 0.32489 -0.33719 0.52764 0.49219 -0.85331 0.77914 0.87674 1.0782 -0.99809 -1.7389 0.66458 0.046747
1.718 -0.82457 -2.3699 -0.70406 -1.307 1.3801 0.80526 1.144 -0.84179 0.71029 1.2851 0.54792 0.135 1.9355 -1.3518 -2.5986 -0.90427 -0.85867 0.53781 2.6487 2.4824 0.3556 -1.6894 -1.5963 1.0348 0.90655 0.14152 1.1352 0.87446 1.2414 0.90179 -1.493 -0.4614 -0.14349 1.2028 -0.46236 -0.67923 0.42137 -0.33432
1.9712 -0.70845 -2.3357 -0.82946 -0.97158 0.55697 0.71831 0.90237 -1.2602 -0.27019 0.29827 0.3547 0.11061 1.8718 -0.77387 -2.0341 -0.52117 -0.40344 -0.0038394 2.4223 1.9833 0.64742 -1.8405 -1.4251 1.1461 0.73052 -0.50794 1.4604 1.7367 1.1967 0.95222 -1.4534 -1.5214 -1.4357 0.75176 0.50137 0.18652 -0.020154 -0.55612
2.1922 -0.8079 -2.2155 -0.76794 -1.0199 0.6469 1.0134 1.6058 -0.26757 0.066991 -0.44628 2.049 0.18595 1.622 -0.0095675 -1.0344 0.58907 0.43635 -1.5095 0.91511 1.3947 1.093 -1.6481 -0.96523 0.74801 0.41114 -0.92074 1.122 2.0125 0.87262 0.77061 -0.711 -2.0195 -1.7515 0.23395 1.595 0.88256 -0.74854 -0.46594
2.285 -0.58963 -2.9021 -0.58972 -1.1754 0.21118 1.1176 1.6414 0.42828 -0.36024 -0.45256 1.8796 0.19853 0.93126 0.28326 -0.21991 0.33463 0.33674 -0.95231 0.3725 0.44964 1.025 -0.36265 -0.80658 0.70061 0.26611 -1.1213 0.26631 1.6304 0.35128 0.37736 0.37987 -1.8594 -1.8515 -0.51107 2.7048 1.2966 -1.7754 -0.22331
2.5954 -0.51222 -2.4743 -0.53518 -0.98663 0.17846 1.0656 1.6274 0.43862 -0.53517 -0.57192 0.95554 0.33452 0.61066 0.12115 0.010603 0.3817 0.21867 -0.38973 -0.086935 -0.11034 0.58995 0.77164 -0.029507 -0.26748 0.32322 -1.1138 -0.6744 1.4069 -0.22836 0.17177 1.3185 -1.3433 -1.4235 -0.84964 3.0984 1.057 -2.2537 0.050335
2.6926 -0.57871 -2.6949 -0.52084 -0.86599 -0.072143 0.93005 1.5332 0.2478 -0.67039 -0.018239 1.2121 0.38101 0.19429 -0.36305 0.29363 0.27595 0.41842 0.21448 -0.53867 -0.81359 -0.10799 2.3945 0.87121 -1.9767 0.38335 -0.95178 -1.1308 1.2653 -0.065108 0.29319 0.90004 -1.3483 -0.35391 -0.24181 1.7426 0.54087 -1.8408 0.1821
2.741 -0.46714 -2.4167 -0.38139 -0.85423 0.29165 1.3099 1.5413 0.058769 0.54133 -0.35781 1.8037 0.3991 -0.17822 -0.88712 1.1693 0.1773 0.7246 0.56099 -1.1291 -0.71024 0.002679 3.2143 0.44603 -2.5247 0.44005 -0.83963 -1.0684 1.5281 -0.043425 0.040646 0.11697 -1.0338 0.84164 0.082488 -0.58944 -0.0067588 -0.68185 0.20249
2.5487 -0.71068 -2.2598 -0.42083 -0.83541 0.21252 0.41151 0.77799 -0.16812 0.91368 0.021158 0.18509 0.50714 -0.52949 -1.2268 1.4144 0.31525 0.6396 0.39006 -1.6156 0.044044 0.82859 1.9144 0.098819 -1.9355 0.52571 -0.63799 -0.59535 1.5051 -0.072989 -0.71172 -0.47784 -0.18471 1.5351 -0.04517 -2.726 -0.082501 0.78054 0.19609
2.3209 -1.4513 -2.1815 -0.42961 -0.6289 0.99399 0.41017 0.71497 0.075558 3.1645 1.2055 -1.2235 0.6693 -0.66569 -1.35 2.122 0.28291 0.19228 -0.22469 -1.4713 1.0256 0.25408 -0.20697 0.32523 -1.6764 0.60571 -0.4129 0.10335 1.173 -0.30747 -1.291 -0.37197 1.0993 1.2072 -0.46102 -3.285 0.28721 1.5642 0.11035
2.2193 -1.6435 -1.3051 -0.3658 -0.2839 0.56703 -0.33816 1.1961 0.85472 2.4205 -0.60879 -1.5875 0.74873 -0.81015 -1.1914 2.4489 0.086143 -0.63627 -0.32851 -0.70759 1.2001 -0.34632 -1.4352 0.73769 -0.79055 0.64299 -0.18239 0.81837 0.79944 -0.66522 -1.2528 0.01848 1.7963 0.047797 -0.65347 -2.0843 0.033846 1.7694 -0.04657
2.1416 -1.856 -1.1346 -0.050738 -0.44242 0.21237 -0.73862 2.2076 1.767 -0.025009 -0.47174 -0.20254 0.9731 -0.85065 -0.71912 2.7045 -0.3041 -1.0401 0.19601 0.47053 0.97058 -0.32074 -1.7818 0.72568 0.1201 0.57391 -0.016073 1.2021 -0.33988 -0.79192 -0.78221 0.33003 1.774 -1.4153 -0.079022 0.099911 -0.57654 1.8395 -0.24416
2.0551 -1.962 -0.34669 -0.2451 -1.0158 -0.52326 -0.14179 2.8324 -0.67094 -1.1525 1.0263 -0.35289 1.0395 -0.80385 -0.081963 2.5243 -0.68743 -1.0756 0.23572 0.76653 0.12882 -0.16429 -1.5404 -0.045767 0.80421 0.45963 0.087665 1.3109 -1.3919 -0.63342 0.071757 0.058292 1.0533 -2.1899 0.69553 1.8454 -1.1606 1.3342 -0.42227
1.731 -1.8112 0.023718 -0.45848 -1.782 0.47454 0.76215 1.8774 -0.83941 0.423 1.2571 0.17571 1.1335 -0.71394 0.23955 1.499 -0.87447 -1.0405 0.17181 1.1031 -1.1598 -0.014539 0.021392 -0.53662 1.3079 0.26981 0.33987 1.1238 -2.2371 -0.123 0.69899 -0.68208 -0.10869 -2.3175 1.5396 2.242 -1.2574 0.80539 -0.52549
1.5272 -1.7631 0.44026 -0.96596 -1.4394 1.2755 0.95278 1.2394 0.33327 0.752 1.1395 -0.90678 1.1636 -0.72293 0.66756 0.63208 -0.86262 -0.49373 -0.18083 0.94397 -1.9267 0.80976 1.3697 -1.1376 1.3612 0.0559 0.69131 0.94897 -2.1391 0.52462 0.95419 -1.3528 -1.0877 -1.3899 1.4411 1.4236 -0.56515 0.26757 -0.65039
1.5313 -1.5512 0.45897 -1.096 -1.0842 0.85729 0.42856 1.032 0.99553 1.3799 -0.64775 -0.12449 1.1909 -0.24764 0.91094 -0.24271 -0.45139 -0.01733 -0.9397 0.18352 -2.4359 2.1216 1.2718 -1.4424 1.5028 -0.14392 0.73967 1.1934 -0.93249 1.1195 0.66564 -1.4206 -1.8756 -0.082625 0.33773 0.3155 0.051002 -0.17899 -1.0092
1.5711 -1.4551 -0.14439 -0.96203 -1.3322 -0.15176 0.50976 0.37998 1.0448 0.90097 -1.7918 1.2742 1.0629 0.28631 1.2754 -0.32727 0.13375 0.20305 -1.8929 -0.79715 -1.9059 1.508 0.68757 -0.82204 1.2652 -0.47166 0.11097 1.3189 0.40091 1.4331 0.54547 -0.3911 -1.8195 1.1226 -1.3257 -0.81699 0.95602 -0.66131 -1.3884
1.2842 -0.9939 -0.37049 -0.87265 -1.2272 -0.47162 0.63994 0.58493 1.7116 0.75571 -0.63001 1.6531 1.0437 0.19831 2.0644 0.36013 0.8245 -0.13753 -1.792 -1.5186 -1.3605 0.25874 0.97428 -0.60195 0.99864 -1.2321 -0.93766 1.0286 1.1106 1.2931 0.79369 1.1692 -0.85839 1.7032 -2.7486 -1.1219 1.3197 -1.4852 -1.4815
1.9206 -0.85153 -0.2994 -0.75506 -1.4403 -1.0586 0.40716 -0.49419 1.7801 0.86928 -0.12539 1.0708 0.86886 -0.74523 2.4433 1.037 1.3103 0.59334 -0.51719 -1.5926 -0.36606 -0.82945 -0.16046 0.47586 0.26709 -1.829 -1.6103 0.016629 0.65598 0.62408 0.90808 2.0926 0.19239 1.5206 -2.2675 -0.92868 0.96713 -1.608 -0.92272
2.0646 -0.14092 0.24232 -0.42295 -1.4084 -0.84277 -0.40688 -0.31916 1.0885 1.7989 0.16241 0.90484 0.50905 -1.5598 2.1619 1.0189 1.4971 1.2781 0.728 -1.0147 -0.0050095 -2.0117 -0.59975 0.7224 -1.0338 -2.0572 -1.2576 -1.5062 -0.61623 -0.63662 0.6258 1.567 0.77109 1.1515 -0.8932 -0.84988 0.74968 -1.2986 0.40454
1.4152 1.0871 1.2283 -0.010867 -1.394 -0.42789 -1.2294 -0.068104 0.59681 2.2432 -1.372 0.55912 -0.59312 -1.9637 1.2578 0.49447 1.0248 1.1994 1.0481 -0.68612 0.27041 -1.7354 -0.43023 0.57324 -1.0059 -1.6737 -0.089243 -2.6254 -1.7118 -1.8352 -0.38251 0.005146 0.99475 0.29218 0.71435 -0.51829 0.35454 -0.95154 1.8129
0.089542 1.195 1.0569 0.45234 -0.04758 0.26546 -0.97087 0.95889 -0.15797 -0.1367 -0.079978 1.1606 -0.90637 -1.6392 -0.026209 -0.4357 -0.27299 0.73642 0.576 -0.53002 0.47443 -1.0287 -0.63626 0.9404 -1.0177 -0.60273 1.0928 -2.8045 -2.0588 -2.4218 -1.0836 -1.2464 0.91907 -0.18647 1.8183 -0.39969 0.31116 -0.59016 2.7026
-0.17011 0.61979 0.081917 0.56952 -0.12929 0.43444 0.27158 -0.021382 -1.3976 -0.023544 -0.052988 -0.38037 -0.95098 -0.89217 -1.1411 -1.213 -1.3908 0.15812 -0.41182 0.023862 -0.084422 0.024369 -1.2169 1.1104 -1.6822 0.61425 1.7789 -1.7746 -1.4297 -1.965 -1.1506 -1.5913 0.66566 -0.53227 1.7414 -0.051794 -0.0064082 -0.55814 2.4594
-0.074265 0.0094728 -0.080979 -0.22023 -0.67288 0.013814 -0.34223 0.33954 0.72879 1.2385 0.74272 0.43992 -0.3635 0.0044719 -1.6363 -1.7098 -2.0295 -0.21656 -1.0138 0.34806 -0.21517 0.57288 -1.0412 1.1043 -1.8959 1.5257 1.4867 -0.068318 -0.26596 -0.72609 -0.40734 -1.0125 0.14557 -0.40044 0.90493 -0.14205 -0.45933 -0.0094184 1.2299
1.0303 -0.85278 -0.43301 -1.5528 -1.1936 -0.8963 -1.1132 -0.078363 0.6163 0.87153 1.2494 -0.42601 0.45748 0.6417 -1.0991 -1.354 -1.9372 -0.46462 -1.318 0.12013 -0.42902 0.78058 -0.35886 0.46058 -1.7015 1.5634 0.68897 1.5529 0.49988 0.71682 0.57578 -0.0081531 -0.41261 -0.0881 -0.68067 -0.54332 -0.57886 0.5454 -0.44831
0.83398 -0.66814 -0.29442 -1.6178 -1.0784 -1.1612 -0.66429 -0.26174 0.8701 0.08721 0.74049 -1.7037 0.76519 0.4559 -0.16753 -0.82158 -1.4152 0.29537 -0.97516 -0.30244 -0.14717 0.30428 -1.379 0.26311 -1.0176 1.0734 -0.19559 2.3122 0.86545 1.9887 0.93735 0.94051 -0.62255 -0.23217 -1.657 -0.58347 -0.35412 1.3 -1.8808
0.54074 -0.3546 -0.54884 -1.5004 -0.68222 -0.80523 -0.35344 0.36863 0.45462 -0.057267 0.2326 -1.4672 0.64556 0.2009 0.8942 -0.77814 -0.28908 0.98572 -0.42834 -0.41575 -0.31921 -1.1738 -2.1734 0.27239 -0.99325 0.055701 -0.32617 1.8291 0.8052 2.3599 0.38662 1.4205 -0.418 -0.47932 -1.8108 0.12521 0.007646 1.7609 -2.2998
0.44621 -0.063856 -0.70941 -1.1156 -0.26149 -0.82284 -0.24224 0.11052 0.20035 -0.36015 0.80637 -0.94595 0.54532 -0.1675 1.4901 -0.48138 1.0448 0.81708 0.44002 -0.54024 -0.74444 -1.6564 -1.3405 0.42188 0.42539 -1.0108 0.010021 0.81349 0.90197 1.8996 -0.7184 1.1312 -0.38099 -0.97137 -1.0674 1.4177 -0.39501 1.7341 -1.842
0.45538 0.17219 -0.83336 -1.3411 -0.10439 -0.7423 -0.61163 -0.28882 -0.32743 -1.1064 0.85637 -1.2291 0.36683 0.30843 1.3341 -0.11277 1.4577 0.0048324 0.8322 -0.53589 -1.0741 -1.7408 -0.15117 0.38064 1.1975 -1.4177 0.24685 -0.26287 0.94889 0.96574 -1.4956 0.6992 -0.16109 -0.95386 0.28461 2.2448 -1.0861 1.4687 -0.83054
0.80284 0.85025 -0.97636 -1.0263 -0.1232 -0.94518 -1.5865 -0.23134 -0.78453 -1.176 1.6174 -1.3462 -0.12489 0.40752 1.0641 0.42577 1.4354 -0.54751 0.67424 -0.94828 -1.6478 -1.4871 0.45127 -0.65524 1.4524 -1.4124 0.24938 -0.88045 0.74396 0.12339 -1.1102 0.081743 0.33387 -0.46956 0.93204 1.85 -1.6005 0.41216 0.16233
0.80159 0.83883 -0.69074 -0.13762 -0.73833 -0.27935 -1.4077 -1.2476 -1.3748 -0.32591 1.442 0.14535 -0.72301 0.37692 0.64007 0.43013 1.4118 -1.1168 0.87092 -0.50771 -1.7123 -0.73809 1.4451 -1.5357 1.5146 -1.1968 -0.20199 -1.0149 0.18007 -0.41792 -0.22375 -0.56031 0.7285 0.25618 1.1289 1.0008 -1.268 -0.44818 0.76963
1.0933 0.8088 -0.30519 0.037174 -1.0714 -9.0346e-05 -0.50088 -1.0438 -1.1099 0.28083 0.55236 -0.1463 -0.71808 0.26667 0.26911 0.55171 1.3151 -0.68715 0.6031 0.072425 -1.3504 -0.39463 1.5771 -2.0698 1.1218 -0.83786 -0.39607 -0.76008 -0.26057 -0.85563 0.58031 -0.86288 0.94486 1.1805 0.93516 -0.029089 -0.34066 -1.0962 1.0269
0.71885 0.89598 -0.16482 -0.11638 -0.77818 -0.31467 -1.6526 -1.5694 -1.3306 0.077707 -1.3341 0.5721 -0.75814 -0.025908 -0.076097 0.14558 0.70571 -0.33489 -0.23286 0.3162 -0.76976 -0.14603 1.2839 -1.6488 0.45369 -0.3593 -0.81663 -0.25613 -0.30006 -1.0087 1.1796 -1.1896 0.54506 1.1099 0.15574 -0.97302 0.81194 -1.2883 0.90631
0.84528 0.70086 -0.67054 0.22535 -1.2328 0.11592 -0.84647 -1.9107 -0.495 0.96868 -0.98395 0.61349 -0.71753 -0.17126 0.068782 0.12107 0.1195 0.15357 -0.47916 0.40555 0.089116 -0.01398 0.44668 -1.3463 -0.25495 -0.035498 -0.97278 0.16514 -0.22161 -0.8536 1.1123 -1.0626 0.4228 0.70604 -0.25725 -1.2204 1.5326 -0.97914 0.67374
0.93392 0.76782 -0.30211 0.1583 -0.41671 -0.36953 -0.90545 -1.5431 -1.3038 0.16974 -1.3422 -0.33679 -0.77343 -0.99787 0.28514 0.1296 0.041118 0.67404 -0.94615 0.34619 -0.35793 -0.65537 0.015754 -0.17283 -0.42888 -0.013182 -1.0262 0.35883 0.021736 -0.58238 1.1446 -0.83328 0.30784 0.21159 -0.17855 -1.258 1.5365 -0.39887 0.50399
0.76627 0.78019 -0.87847 -0.02375 -0.79882 -1.3239 -1.2452 -1.16 -1.2959 0.57922 0.11482 -0.32999 -0.75378 -1.1432 0.38433 0.18065 -0.017478 0.89396 -1.1447 0.84996 -0.24912 -0.65967 -0.28367 0.46256 -0.43486 0.16704 -0.87328 0.065537 -0.035099 -0.68701 0.72513 -0.71104 0.14253 -0.12744 0.49937 -0.58064 1.1636 0.31192 0.56176
0.66338 1.0278 -0.068354 0.036802 -0.79246 -0.21137 -0.43726 -1.0161 -1.2482 0.25872 -1.4251 0.041263 -0.75782 -1.539 0.40724 0.16104 -0.35985 1.4408 -1.5462 0.67222 -0.23234 -0.19183 -0.92189 0.72541 -0.26443 0.42047 -0.062702 -0.41078 0.13462 -1.2148 0.20721 -0.40046 -0.21706 0.37156 0.98331 -0.085935 0.046168 0.46355 0.6957
-0.56958 1.2406 -0.091567 0.10476 -0.14536 -1.2422 -0.56275 -2.3212 -2.201 0.33178 -0.16268 -0.3701 -0.72867 -1.604 0.12602 0.051502 -1.0189 1.1327 -1.581 0.51259 -0.24917 0.68689 -0.28533 0.6835 0.31221 0.72976 0.88327 -0.87774 0.087465 -1.3627 -0.7756 -0.082179 -1.0322 0.7077 0.78542 0.49431 -0.35037 0.25569 0.5375
-0.22734 1.1877 -0.33524 -0.012492 0.02683 -1.464 -0.46691 -1.9298 -1.5237 -0.022267 -0.77335 0.19716 -0.4452 -0.90276 -0.31649 0.43626 -1.8301 0.94992 -1.5092 0.11457 0.31418 0.53294 -0.18358 -0.20123 0.1579 0.92182 2.1829 -0.97977 -0.092289 -0.70867 -2.1029 0.77536 -1.3235 1.1353 0.32412 0.76202 -0.49985 0.078587 0.068531
-0.60528 1.05 -0.64987 -0.32641 0.51264 -1.889 -0.15844 -1.6934 -0.39965 -0.45975 0.42635 -0.2784 -0.16548 0.23332 -0.81698 0.2029 -1.9436 -0.30077 -1.3084 -0.79117 0.78802 0.45968 0.32068 0.15741 -0.11192 0.85601 2.3051 -0.40704 0.023797 0.73303 -2.3396 1.6318 -1.189 1.1312 -0.5348 0.25794 -0.39647 -0.04898 -0.67599
-0.63813 0.77264 -0.28679 -1.4123 0.2136 -2.3437 -0.70231 -1.3414 -0.36127 0.45816 -0.1684 0.22991 0.081185 1.7509 -0.86631 -0.068219 -1.2787 -1.7614 -0.11396 -1.1389 1.3714 0.51801 0.29013 -0.10065 0.11859 0.4767 0.984 0.2696 0.29349 2.2909 -1.6976 2.4115 -0.36947 0.80706 -0.79371 -0.075429 -0.017709 0.36368 -1.37
0.085553 0.39495 0.17172 -2.1382 -0.19669 -2.3291 -1.0088 -0.57618 -1.355 0.3946 -1.3954 -0.15502 0.20526 1.5142 -0.32318 0.35259 0.14608 -1.8725 1.0015 -1.0729 1.3369 -0.35813 -0.026781 -0.23414 0.24124 -0.23062 -0.60727 0.87543 0.75971 3.051 0.019133 2.6787 0.85261 0.38762 -0.77985 -0.5048 0.18886 0.54771 -1.6167
0.78465 0.1419 0.070445 -1.4264 -1.2822 -1.4831 -1.5129 -0.92907 -1.2172 0.64508 -0.43995 -0.34433 0.028549 0.34631 -0.081336 0.8805 1.615 -1.4262 2.1741 -0.42901 1.5388 -0.60763 -0.18876 -0.060402 0.73683 -0.93165 -2.0942 0.95331 0.99997 2.7803 1.8495 1.9386 1.3971 -0.087799 -0.10692 -0.26088 0.64669 0.32906 -1.3098
1.5934 0.47261 -0.75617 -0.59725 -1.7798 -1.2741 -1.6653 -0.84287 -0.98485 0.13572 -0.01789 0.19911 -0.28489 -0.25311 0.35253 1.0605 2.5871 -0.42434 2.9199 0.44769 1.4069 -0.50037 -0.48729 0.52541 0.71184 -1.2682 -2.3229 0.57542 0.81792 1.3829 2.8063 0.69357 1.3915 -0.13254 0.58972 0.33909 0.69173 0.071533 -0.5251
0.48763 1.1511 0.1959 0.44517 -0.86351 -0.39261 -1.1555 -0.17972 -1.5421 -0.51599 -0.93994 0.57533 -0.77249 -1.4305 0.49666 1.3287 2.9486 0.97679 2.8201 0.70964 1.1361 0.35797 -0.03364 0.88971 0.56783 -1.2961 -1.4717 0.063101 0.51378 -0.29727 2.4551 -0.67134 0.99636 -0.26581 0.85756 0.95344 0.41269 -0.36023 0.35292
-1.2403 0.60835 0.7947 0.7931 -0.46149 0.28684 -0.43079 0.44657 -0.94102 -0.048813 0.33572 0.91173 -1.1534 -2.1049 0.41503 1.562 2.192 2.1751 2.0836 0.95614 1.253 0.26515 0.55521 0.75755 0.48223 -0.96743 -0.25343 -0.5939 -0.33208 -1.926 0.54871 -2.0833 0.87401 -0.39792 0.9159 1.0468 0.12473 -0.32835 1.1123
-0.082516 0.97062 1.0125 0.60111 -0.40421 0.68723 -0.4069 0.3101 -1.5143 0.28089 0.072195 0.69852 -1.0887 -1.5888 0.0013636 1.533 1.2366 1.8674 1.2697 1.1786 1.0775 0.62982 1.1922 0.69177 0.1228 -0.46526 1.0961 -0.69865 -1.3283 -2.5031 -1.2599 -2.4912 0.57041 -0.70138 0.56922 0.43538 -0.15961 -0.32983 1.3473
-0.87251 0.75294 1.2291 1.2778 0.31268 0.66667 -0.88173 0.25376 -0.39751 0.65217 0.22765 0.098257 -1.1545 -0.67824 -0.45704 0.38673 -0.32094 0.16336 -0.44913 1.8469 0.64707 1.0959 0.99078 0.87496 0.27089 0.26139 1.2646 -0.53549 -1.738 -1.8308 -1.9045 -2.1488 -0.13733 -0.83967 0.42359 -0.54497 -0.26798 -0.46808 0.97764
-1.0383 0.81282 1.0649 1.1639 0.57588 0.53235 -0.56094 0.47712 -1.0342 1.0439 0.83141 0.68941 -1.0729 -0.037494 -0.31124 -0.39235 -0.68848 -0.36189 -0.87285 1.332 0.073742 1.0093 0.60289 0.4717 0.0069865 0.44572 1.0326 -0.061505 -1.6302 -0.90021 -1.2821 -1.0017 -0.6951 -0.53639 -0.16895 -1.2174 -0.38904 -0.42373 0.41277
-0.26858 0.64654 1.0616 0.96396 -0.071885 0.22217 0.21667 0.76171 -0.17336 1.0127 0.4554 0.65234 -0.9425 -0.44817 -0.38175 -0.49851 -0.42314 -0.25866 -1.1202 0.62776 0.12694 0.86257 -0.27879 0.27582 -0.40985 0.28661 0.88849 -0.35719 -1.2123 -0.26702 -0.52259 0.18233 -0.84992 -0.18594 -0.28975 -1.0198 -0.43482 -0.48714 0.31972
-1.0103 0.28717 0.63661 -0.41025 -1.1866 -1.0779 1.8068 0.74213 0.072646 0.31151 0.77499 1.3182 -0.43324 0.27978 -0.14445 -0.85957 -0.46846 -0.30757 -0.37743 0.49665 0.28552 0.39626 -0.66178 0.13992 -0.39587 0.24361 1.3 -1.0443 -1.2294 -0.33169 -0.46923 0.21961 -0.30934 -0.35603 -0.25443 -0.49721 -0.38248 -0.43397 0.81497
-0.87429 0.49073 0.44189 0.36772 -0.36892 0.087358 0.13406 0.12385 0.035362 0.90482 0.89335 0.33056 -0.83516 0.86787 -1.1757 -1.4861 -0.94774 -0.83145 -0.31339 0.68448 0.1546 0.82032 -0.46596 0.091234 -0.51675 0.92116 2.1617 -1.276 -1.1401 -0.38131 -0.74628 0.12065 0.34366 -0.70865 0.058918 0.23571 -0.36396 -0.28684 1.2838
-0.85815 0.57539 0.8443 0.9978 0.24174 -0.3488 -0.74625 0.54069 -0.36355 -0.12959 0.28989 -0.51845 -0.98308 1.8053 -1.7744 -2.0349 -1.0695 -0.94348 -0.81831 0.73127 -0.64966 0.51614 -0.33559 -0.27335 -0.8196 1.5534 1.9816 -1.1431 -0.51151 -0.47065 -1.3197 -0.51743 1.2494 -0.91212 0.39697 0.42162 -0.26568 0.0091852 1.3739
-0.28861 0.67743 0.14669 0.77234 0.16211 0.64494 0.15819 0.94757 -0.061737 0.29779 0.76666 0.1874 -0.79787 2.9568 -1.8399 -1.8914 -0.86309 -1.3261 -0.63959 1.1555 -0.78464 0.88981 0.0085475 -0.31517 -0.77633 1.8767 1.1449 -0.1647 0.4313 -0.38827 -1.175 -0.50851 1.4998 -0.87289 0.39479 0.54259 0.044942 0.32172 0.7368
0.45207 -1.5865 -0.87208 -0.84072 -1.347 -0.53415 1.5592 0.70348 0.75841 0.8459 0.99541 0.53618 0.71886 3.0546 -1.8485 -1.5415 -1.4261 -2.5165 -1.2293 2.5947 -1.0104 1.0976 -0.072551 -0.2437 -0.23744 2.1685 -0.3779 0.69531 1.4243 -0.11152 -0.40507 -0.1492 0.63366 -0.51054 0.33234 0.4065 0.14623 0.24321 -0.21987
1.724 -1.6086 -1.2242 -0.76245 -1.6078 -1.7548 1.6889 -0.68111 0.50001 0.27081 -0.29455 -0.48548 1.1508 2.444 -1.4307 -0.97343 -1.5235 -2.2311 -1.105 2.5531 -1.3561 1.2615 0.4737 0.15584 -0.13835 1.9019 -1.9804 1.5611 1.7861 0.42422 0.99001 0.51667 -1.1972 -0.07572 -0.11491 0.10464 -0.33164 0.044016 -1.2812
1.9917 -1.1614 -0.83198 -0.55717 -1.8947 -0.90268 2.0878 -0.21743 1.253 0.43791 0.58845 -0.10598 1.1468 1.3167 -0.73805 -0.0031145 -0.95173 -1.2392 -0.86466 1.2181 -1.3669 0.94232 0.22774 -0.21218 -0.63008 1.1557 -2.6735 1.6514 1.5891 0.80775 2.0488 1.2638 -2.7572 0.62325 -0.051844 -0.1646 -0.74827 0.11384 -1.8005
1.8964 -1.1749 -0.55332 -0.59349 -2.2779 -0.89403 2.4359 -0.68442 1.0604 0.41901 0.47237 -0.21314 1.1062 -0.019294 0.38918 0.46115 -0.26409 -0.10761 0.22969 -0.38381 -0.78366 0.72097 0.043726 -1.0592 -0.47995 0.14149 -2.3324 1.0564 0.84971 0.575 1.8862 1.0032 -2.8904 1.0514 -0.0075216 -0.9331 -1.007 0.46009 -1.5083
1.4485 -1.1079 -0.32768 -0.86796 -1.4263 -1.1323 2.185 -0.55582 1.3494 0.78826 0.98306 -0.32377 1.1229 -0.89971 0.18676 0.5193 -0.46897 0.25616 0.64809 -1.0726 -0.1466 1.2424 -0.21685 -1.2581 0.17659 -0.10116 -1.4843 0.33953 -0.10555 -0.07756 1.0761 0.32526 -2.1448 1.0146 -0.030397 -1.2259 -0.5007 0.79001 -0.8083
1.3001 -1.2213 -0.45192 -0.93586 -1.4894 -0.75327 1.6918 -0.72316 1.3292 0.70859 0.017498 -0.64179 1.0862 -0.97381 -0.0086334 0.25429 -0.63361 0.55199 0.16245 -1.6856 -0.0032718 1.0711 -1.2178 -1.4982 0.41151 -0.10852 -0.37393 0.059846 -0.30005 -0.29689 0.19872 -0.55645 -1.1552 0.63248 -0.45111 -1.0798 0.24934 0.48727 -0.24627
0.89624 -1.1149 -0.79519 -1.0749 -1.742 -0.71289 0.8137 -0.59582 1.6915 0.5292 -1.8324 -0.28569 1.0334 -1.0914 0.067573 -0.076376 -0.91292 0.44901 -0.16197 -2.1251 0.13609 0.68299 -1.6476 -1.0836 0.5539 -0.13363 0.48315 0.84143 -0.0051561 0.18257 -0.22749 -0.60177 -0.30253 0.098876 -1.4866 -0.053953 0.93395 0.11015 -0.45945
1.0981 -1.2685 -0.42601 -1.1191 -1.564 -0.78086 0.82351 -0.68601 2.7049 -0.26172 -1.4836 0.1475 1.048 -0.66078 0.55693 0.24317 -0.61738 0.17538 -0.45821 -2.0067 0.24255 0.10884 -1.4515 -0.62862 0.34035 -0.27356 0.25786 1.4314 0.72284 0.9596 0.22704 0.38245 0.36952 0.19328 -2.3488 1.1193 1.6924 -0.19646 -0.98834
1.0238 -1.1194 -0.3451 -1.245 -1.3949 -0.82362 0.54312 -0.20987 2.2783 -1.1912 -0.68675 0.50102 1.0168 -0.13559 1.4054 0.52322 -0.11387 0.027924 -0.22508 -1.4716 -0.11523 -1.1559 -0.23547 0.29341 0.44784 -0.82281 -0.2874 1.2703 0.89178 1.1707 0.75425 0.99486 0.90427 0.33812 -2.219 1.6932 1.7115 -0.55122 -1.0467
0.35752 -1.0267 -0.68419 -1.8825 -1.5644 -1.3662 -0.055665 -0.67832 1.4228 -0.87771 -0.45948 0.1309 0.94454 -0.96693 1.8756 1.2222 0.85098 1.1948 0.97739 -1.3191 0.45594 -2.5439 0.31389 1.4264 0.071505 -1.4932 -0.75092 0.32923 0.25447 0.55131 0.8834 0.56668 1.0485 0.17568 -1.0119 1.4999 1.3234 -0.81459 -0.37234
0.89616 -0.16371 0.074566 -1.2586 -1.2099 -1.4828 -0.22017 -0.26971 1.3548 -0.16891 -0.55923 -0.38941 0.71904 -1.5083 1.6741 0.99638 0.6503 1.3562 1.1275 -0.77885 0.63799 -2.276 0.86825 1.5428 -0.43215 -1.3552 -0.49536 -0.79793 -0.64768 -0.23999 0.52245 -0.66115 0.95562 -0.16649 0.77983 0.49831 0.63848 -1.0517 0.77423
1.3247 0.77932 -0.08264 -0.74644 -1.7922 -0.43137 -0.013915 -1.1556 -0.34798 0.97082 -0.48872 0.36875 -0.18895 -1.441 1.0109 0.45764 0.085505 1.1693 0.017055 -0.39403 0.16607 -1.2994 1.0043 1.5682 -0.88016 -0.65919 0.42184 -1.4961 -1.8078 -1.0384 -0.35384 -2.1182 0.96835 -0.98662 2.0549 -0.33425 -0.092788 -0.78069 1.7416
-0.88452 0.82723 0.8612 0.2009 0.22325 0.99976 -0.78439 0.57376 -1.1394 -0.057036 0.80291 0.014794 -0.80133 -0.87079 0.41681 -0.21645 -0.19502 1.0247 -1.0471 -0.14833 -0.31994 -0.30715 0.40093 1.575 -1.2231 0.11391 0.96236 -1.4759 -2.0598 -1.0532 -0.49577 -2.5762 1.0137 -1.3423 2.3496 -1.0737 -0.51272 -0.29629 1.9521
-0.56852 0.067403 0.21901 -1.2971 -0.44003 -0.31852 0.26554 0.12161 0.94886 -0.064095 1.1471 -0.50664 0.1345 -0.48367 -0.16117 -1.3162 -0.7529 0.70808 -2.1494 0.17522 -0.97212 0.39019 -0.15488 1.1944 -1.124 0.81802 1.0913 -0.70674 -1.6809 -0.68035 -0.52575 -1.6501 1.2867 -1.6637 1.5072 -1.2496 -1.183 0.51739 1.3425
-0.26439 -0.22761 -0.45542 -1.9565 -0.78722 -2.3107 -0.2127 -0.72012 0.80241 0.042876 1.4618 -1.0418 0.84682 -0.13937 -0.36926 -1.7008 -0.98604 0.66923 -2.9185 0.83056 -1.3754 1.3634 -0.75022 0.61309 -0.90796 1.3203 0.35806 0.13883 -0.98825 0.051942 -0.11879 -0.02485 1.0356 -1.2262 -0.16424 -1.3164 -1.7428 1.0595 0.15308
0.25777 0.054298 -0.79814 -1.5648 -0.68795 -2.6824 -0.43705 -1.3922 0.76945 0.058293 1.3375 -1.6906 0.96403 0.29026 0.1456 -1.7237 -0.84479 0.37351 -2.3257 1.5196 -2.4989 0.73245 -0.97403 -0.50527 0.032971 1.0854 -0.25731 0.71945 0.048241 0.63483 0.41643 1.591 0.66006 -0.18626 -1.1651 -1.2238 -1.7532 1.1863 -0.89455
0.57139 0.35313 -1.2048 -1.3122 -0.49488 -2.6456 0.17607 -1.4669 0.80261 0.14207 0.80052 -1.0059 0.9152 -0.57911 0.51236 -1.7285 -0.041539 0.97842 -0.98951 1.1145 -1.9185 -0.81947 -1.8786 -1.3302 0.38061 0.24747 -0.46847 0.67614 0.33594 0.6251 0.501 2.1126 0.095687 0.94143 -1.2796 -0.70829 -0.92115 1.0541 -1.2927
-0.15019 0.3787 -1.2009 -1.3792 -0.17716 -2.3313 1.0756 -1.8175 1.252 -0.53391 0.88307 -0.44727 0.83288 -0.77557 0.68197 -1.2109 0.023291 1.3395 0.084597 1.2681 -1.0878 -0.7807 -2.0924 -1.6114 0.67399 -0.21082 -0.10634 0.29283 0.3776 0.1732 0.20961 1.6472 -0.51135 1.7284 -0.16535 0.069969 0.26152 0.50674 -0.94178
-0.92159 0.70203 -0.81515 -1.4399 0.54223 -1.6234 1.2938 -2.4749 0.20004 -1.5093 0.01025 0.034059 0.71877 -0.52669 0.5693 -1.3641 -0.19068 1.1302 0.11723 1.1391 -0.32675 -0.36217 -1.65 -0.82657 0.94282 -0.29326 0.78037 0.027264 0.3942 -0.2813 -0.72412 0.74895 -0.57669 1.7077 0.95364 1.2083 1.3114 0.13095 -0.30815
-0.99024 0.32563 -2.2876 -1.7629 0.040101 -2.6231 0.76857 -2.0912 -0.44979 -2.1857 -0.85753 -0.84264 0.723 0.044327 0.64058 -1.2402 -0.42535 0.69738 0.43189 0.55842 -0.046185 0.16048 -0.9731 -0.21312 0.80073 -0.29209 1.0372 -0.15689 0.39871 -0.097685 -1.1398 0.23162 -0.32095 1.6594 1.4437 1.9705 2.1055 -0.27611 0.015975
-0.27319 0.78975 -1.6124 -1.7267 0.48245 -2.5334 0.90172 -1.9168 0.25616 -1.6478 -0.59475 -0.54634 0.68514 0.50653 0.58312 -1.0192 -0.36195 -0.044538 0.35264 0.3986 0.76999 0.51458 -0.020581 0.76648 0.59557 -0.25142 0.59578 -0.17309 0.88134 0.26528 -0.83018 0.48227 0.24684 1.2321 1.4876 1.964 1.9039 -0.44485 0.096687
0.19642 0.87729 -2.4389 -1.484 0.36185 -2.445 1.2378 -1.602 0.99893 -1.142 0.90522 0.1028 0.61377 0.70031 0.39686 -0.68081 -0.076411 -0.19351 0.44885 1.0444 1.4814 1.5262 1.0522 2.0913 0.29127 -0.20432 -0.091829 -0.3958 0.84346 0.52018 -0.36787 0.37901 0.46657 0.54554 0.84534 1.2455 1.0413 -0.56864 0.14679
0.21565 1.2259 -2.1824 -1.8854 0.26334 -1.4988 1.1998 -1.8823 1.3218 -1.1371 0.48345 0.49253 0.53441 0.28383 0.38408 -0.099698 0.15996 0.03355 1.0916 1.3606 1.2156 1.7845 1.2835 2.0879 0.2952 -0.16855 -0.45371 -0.49775 0.87651 0.5686 0.19404 0.043299 0.05253 -0.41436 -0.37629 0.34457 -0.4375 -0.7974 0.23432
-0.40632 0.96871 -1.9403 -1.8017 -0.15991 -1.8453 1.6926 -0.96228 1.1162 -1.1533 1.7734 0.17582 0.5293 -0.03597 0.036023 -0.22189 0.33772 -0.020355 0.8389 0.95155 0.73349 1.1223 0.86792 1.3427 -0.20527 -0.077288 -0.41748 -0.55274 0.69633 0.53159 0.51797 -0.58813 -0.76919 -1.2314 -1.904 -0.682 -1.7552 -0.95753 0.26112
-0.23828 0.8904 -1.9955 -1.4824 0.45445 -1.6893 2.4626 -0.51894 1.9693 -0.46813 2.7971 -0.38181 0.52233 -0.017028 -0.12226 0.28701 0.54978 0.23956 0.26323 0.54727 0.32364 -0.031667 0.74219 0.18537 -0.78142 0.094402 0.022017 -0.52488 0.51555 0.42273 0.43082 -0.88104 -1.4031 -1.4767 -2.4227 -1.1574 -2.1704 -0.75043 0.22112
-0.30341 0.96578 -2.3711 -1.5229 0.29325 -1.4592 2.0352 -1.0046 2.0669 -0.65409 1.4842 -0.35908 0.55001 0.029128 -0.3338 0.34732 0.77503 0.6791 -0.2932 0.021412 -0.44448 -1.2464 -0.082977 -0.73921 -1.124 0.12043 0.15877 -0.44499 0.71244 0.098581 -0.13509 -0.57116 -1.6139 -1.0714 -2.0378 -1.2532 -2.0319 -0.47577 0.11956
0.16277 0.90633 -2.0958 -1.2236 0.44083 -1.6445 1.6646 -1.4232 1.6689 -0.62674 1.3928 -0.37291 0.5907 0.27987 -0.36519 0.52196 0.77459 0.49667 -0.08394 -0.78572 -1.0331 -1.7076 -0.6085 -1.5434 -0.77437 0.11885 -0.09033 -0.58345 0.581 -0.34623 -0.65505 -0.047518 -1.279 -0.051965 -1.1195 -1.0813 -1.2816 -0.66902 0.039139
0.18184 0.84855 -1.8828 -1.0314 0.47487 -2.0053 1.7945 -1.3003 0.42598 -0.30468 0.82593 -0.7692 0.74577 0.10871 -0.63428 0.91022 0.42414 -0.3929 -0.10984 -1.3863 -0.65612 -1.9773 -1.018 -2.168 -1.1745 0.1191 -0.43608 -0.63997 0.30665 -0.77369 -0.8819 0.48807 -0.57663 1.0534 -0.14244 -0.70647 -0.26159 -1.0068 0.026974
-0.24518 0.64832 -1.6167 -1.1 0.91377 -1.9133 1.423 -2.1726 -0.63242 -1.7851 -0.15455 -1.222 0.59185 -0.24556 -1.0106 1.026 0.053398 -0.43946 0.095671 -1.1288 0.2973 -1.8411 -1.0038 -1.8661 -2.1182 0.16301 -0.54325 -0.72143 -0.018173 -0.88795 -0.62327 0.71242 0.22933 1.6187 0.65116 -0.53786 1.1229 -0.71356 0.021991
-0.061213 0.456 -1.4946 -0.83603 0.25742 -1.6526 1.0243 -1.6595 -0.062095 -1.4689 0.33697 -0.73991 0.63933 -0.56574 -1.1504 0.63735 -0.37288 -0.49148 0.61145 -0.87768 0.85722 -1.479 -1.3407 -1.1559 -2.5067 0.14501 -0.1961 -0.58835 -0.36277 -0.60138 -0.32635 1.0441 0.82009 1.6593 1.3407 -0.073157 2.2625 0.84359 0.030354
-0.060018 0.082008 -1.233 -1.2172 -0.28496 -1.6549 0.68406 -1.0384 0.1431 -1.35 -1.0109 -2.2919 0.68449 -0.44782 -1.3917 0.63406 -0.55904 -0.60969 0.99821 -0.60818 1.2506 -0.73277 -1.5615 0.34223 -1.5616 0.14384 0.19787 -0.28269 -0.30033 -0.09089 -0.22706 1.1433 0.65303 0.86849 1.3743 0.14239 2.0507 2.6432 -0.059778
-0.48798 -0.31678 -1.3767 -1.4839 0.17121 -1.3928 0.88065 -0.59619 -0.48671 -1.5695 -1.1308 -3.504 0.82624 -0.18352 -1.4911 0.48099 -0.44088 -0.90894 1.5446 -0.11347 1.9846 0.016049 -0.91351 1.5636 0.28677 0.18126 0.54188 0.037255 0.074765 0.5253 -0.17235 0.91888 0.14146 -0.25023 1.1038 0.62225 1.0519 3.7601 -0.12594
-0.42492 -0.3617 -1.5082 -1.5287 0.28318 -1.0559 0.91152 -0.69716 -0.97233 -2.3181 0.26779 -3.4177 0.77618 -0.067897 -1.3427 0.58783 -0.084641 -0.64646 1.9329 -0.28917 1.3493 0.023468 -0.95569 1.1558 1.9148 0.039804 0.71141 0.45101 0.29745 0.85517 -0.25669 0.47368 -0.51458 -1.5323 0.81932 0.85173 -0.54395 3.4032 -0.1622
-0.32294 -0.92135 -0.94705 -1.5049 -0.020343 -0.90096 1.0645 -0.34233 -0.66756 -2.7011 1.8321 -1.6381 0.82841 0.27854 -1.107 0.79818 0.42397 -0.78667 1.9995 -0.76913 0.2992 0.2358 -0.41125 0.67669 3.4749 -0.023778 0.74623 0.63025 0.38431 0.87576 -0.34801 0.028846 -0.89902 -2.2687 0.5571 1.0704 -1.7489 1.5898 -0.12164
-0.25498 -1.1789 -1.0972 -1.3164 -0.50228 0.10829 1.1006 0.47968 0.21619 -2.2648 2.0853 0.3521 0.77224 0.68335 -0.77825 1.0014 0.68823 -1.1419 1.7364 -1.2353 -0.84998 0.70417 -0.1161 -0.39798 3.8322 -0.03788 0.72021 1.1102 -0.018702 0.72397 -0.2345 -0.32941 -0.70355 -2.0283 0.053016 1.3981 -2.2257 -0.60074 -0.32074
-0.09051 -1.108 -0.75789 -0.89873 -0.53563 0.41258 0.14622 -0.27876 0.037829 -2.1814 -0.0083123 0.87013 0.6556 0.8704 -0.64837 0.95162 0.8927 -1.3028 1.7195 -1.3121 -1.2573 0.71915 0.80551 -1.4276 2.5977 0.006807 0.0094932 1.5254 -0.028402 0.76288 0.47839 -0.45698 0.53185 -1.0778 -0.54532 1.2211 -1.7327 -2.4899 -0.73191
0.1183 -1.2678 -0.4624 -0.914 -0.77274 0.27494 -0.30073 -1.0936 -0.079185 -1.6835 -0.78223 0.78292 0.75751 1.0154 0.40845 0.48585 1.1039 -0.818 1.4337 -1.3249 -1.7575 -0.14236 1.2376 -2.5829 1.1314 -0.53703 -0.93319 1.7853 -0.13008 0.75828 0.92697 -0.66081 1.7176 0.83356 -0.85354 0.97063 -0.21539 -3.1079 -1.1467
0.27837 -1.1636 -0.47884 -0.86414 -0.72886 0.34151 -0.26365 -1.915 0.16632 -2.3604 -0.75482 0.85214 0.82817 0.11687 1.0202 1.0138 1.7152 -0.046918 1.2567 0.27152 -1.3272 -0.41362 1.3555 -1.9644 -0.27048 -1.0549 -1.4558 1.8109 0.1651 0.72108 1.2097 -0.88636 2.0009 2.1385 -0.55924 0.68921 1.2872 -2.2789 -1.318
0.58197 -1.4321 -0.45666 -0.49658 -1.1815 1.0899 -0.13399 -1.4343 0.084509 -1.2816 -0.40389 0.19693 0.79575 -0.75912 1.5713 0.7509 1.767 -0.030418 0.66637 1.1793 0.73438 -0.39376 1.5459 -0.60854 -1.0965 -1.5133 -1.2845 1.0864 0.47889 0.25106 0.82601 -1.2403 1.3895 2.36 0.0020155 0.89311 2.1713 -1.21 -0.81983
0.78121 0.05093 -0.66616 -0.0958 -0.77287 0.99578 -0.39731 -1.7495 -0.87413 -1.0649 -2.3212 0.83252 -0.23569 -1.0726 1.9998 1.1143 1.9784 0.57084 0.35096 1.1704 1.5242 -0.25454 2.0191 0.32917 -0.9515 -1.811 -0.47934 0.44925 0.58905 -0.36135 0.24378 -1.8036 -0.44313 1.3977 -0.029198 0.42651 1.9897 -0.20955 -0.10283
-0.77269 0.072879 0.51846 1.0579 -0.273 1.6644 1.8871 -0.86471 -0.037941 -0.69981 -1.1099 0.010594 -0.5947 -0.88869 1.8567 1.278 1.4696 0.424 -0.57305 0.82034 1.2648 -0.24395 2.686 0.9107 -0.99927 -1.5935 0.30961 -0.53055 0.50609 -0.67443 0.11462 -1.4911 -1.6792 0.086884 0.20962 -0.43225 1.4857 0.41179 0.74154
-0.97392 0.63006 -0.10776 0.67104 -0.89349 0.44772 0.86154 0.86147 -0.40967 -0.48442 -0.69905 -0.89276 -0.8841 -0.75962 1.6798 1.7847 1.1625 0.18943 -1.7088 -0.37078 1.0283 -0.57049 1.6218 1.5269 -0.73899 -1.1952 0.86775 -1.1813 -0.4845 -1.0117 -0.00090367 -0.96332 -2.0915 -0.42547 0.16168 -1.3025 0.35653 0.6789 1.1737
-0.45185 0.90126 0.81099 1.0588 -0.065878 0.6381 0.3887 -0.33594 -0.13584 0.50478 0.18373 0.026403 -0.98369 -0.3307 0.78699 1.3055 0.86076 0.38264 -1.2645 -1.1762 1.1138 0.14067 0.84389 1.9624 -0.34863 -0.52466 0.84301 -1.3308 -0.99207 -0.82976 0.46338 0.4761 -1.1906 -0.34412 0.14587 -1.8529 -0.77796 0.89089 1.0706
0.016856 0.67703 0.60781 0.45748 -0.76188 -0.17234 0.44533 -1.1954 -0.30135 1.0834 0.44434 -0.54059 -0.71348 0.31299 0.4304 0.26311 0.30836 0.59813 -1.2094 -1.7259 0.75822 -0.16241 0.2792 0.55112 0.12506 -0.29302 0.45918 -1.1037 -1.6168 -0.74025 0.53839 1.3825 0.22741 0.43458 0.095122 -1.5561 -1.6207 0.65975 0.68882
-0.32606 1.1212 1.5569 1.2051 -0.95381 -0.78218 -0.88379 -0.092228 -1.3938 -0.19465 0.89782 -0.43173 -0.96382 0.19177 0.1105 0.3163 0.2784 1.0933 0.14774 -0.71725 0.71289 -0.1939 -0.41688 -0.28705 0.40526 -0.17248 -0.26494 -0.52071 -0.95405 -0.38792 0.40387 1.451 1.154 0.51178 -0.13036 -0.73207 -1.4978 0.47101 0.19435
-0.40939 0.85432 0.56664 1.4142 0.24307 0.62114 -0.56243 0.46598 0.32224 -0.39807 0.55716 0.28517 -1.0145 -0.14659 0.052123 -0.5325 0.010641 0.84784 0.36697 -0.17195 2.0205 -0.24653 -0.92174 -0.84168 0.24667 -0.16698 -0.73943 -0.37811 -0.29562 -0.14631 0.36507 0.99157 1.4452 -0.045819 0.34041 0.2089 -0.49763 -0.089092 0.17943
-0.63094 0.67748 0.25081 1.0733 0.20786 -0.093338 0.11038 0.70948 -0.39921 -0.010213 -0.89708 -0.35914 -1.0542 -0.62743 0.049392 0.047135 0.25618 1.0203 0.86619 0.2025 1.421 -0.093416 -0.062772 -0.57077 0.56618 -0.24825 -0.57413 -0.15088 -0.10648 -0.24395 -0.20494 -0.091465 0.85795 -0.83707 0.28798 0.73671 0.17101 -0.33248 0.2354
-0.36382 0.9281 0.79843 0.84904 0.30523 0.93931 0.065899 0.91922 -0.79913 -0.38097 -0.69346 -0.0639 -1.0537 -0.72182 -0.2116 -0.11041 0.038949 1.3247 0.43206 0.51278 0.28366 0.41486 0.49835 -0.39134 -0.12827 0.058192 -0.053328 0.012116 0.44521 -0.2476 -0.45331 -0.44576 0.17477 -1.4532 0.27432 0.82526 0.94398 -0.12483 0.27713
-0.33793 0.9767 0.22707 0.87448 0.16818 0.32097 -0.015905 1.6972 -0.60057 -0.21914 -0.4375 0.20081 -1.0335 -0.64525 -0.025137 -0.073068 -0.20738 0.48047 -0.048511 0.54414 -0.04172 0.0022842 0.3369 -0.16238 -0.079212 0.12617 0.26405 0.066745 0.11039 -0.38344 -1.026 -0.51269 0.059811 -0.86835 0.20879 0.34295 0.93564 -0.073132 0.19015
-1.0705 0.83838 1.4886 1.3335 0.071575 0.51676 0.011593 0.069643 -0.60758 0.99502 0.40869 0.33668 -1.111 -0.25485 0.11245 0.31122 -0.23636 0.27952 -0.04741 -0.012619 -0.041199 0.20626 0.52136 0.96192 0.32321 0.13004 0.56716 0.12041 0.057457 -0.31303 -1.3557 0.09047 0.058684 -0.39612 -0.07495 -0.05873 0.30015 0.29188 -0.078417
-1.2277 0.6163 0.75976 1.408 1.2514 -0.082755 -0.30622 0.36292 0.18381 -0.1469 -0.078337 -0.91811 -0.79691 -0.36413 0.0078124 0.036153 -0.35082 -0.36493 0.10045 0.58104 -0.098977 0.38575 0.59308 0.7425 0.20029 0.047908 0.92449 0.031749 -0.35365 -0.18333 -0.98378 0.33733 0.10936 0.014191 -0.37923 -0.27446 -0.57806 0.079245 -0.14716
-0.88718 0.87032 -0.13107 0.67651 0.38401 0.67864 0.70854 0.90277 -0.085343 -0.14816 -0.74102 0.3612 -0.93179 0.22076 -0.011966 -0.057485 -0.49616 -0.77604 0.55746 0.60807 -0.47341 0.053336 0.22512 -0.21695 0.34027 -0.040362 0.78727 -0.038796 -0.35725 0.11122 -0.81198 0.070142 0.18682 -0.001389 -0.90485 -0.14472 -0.83828 0.080279 -0.19853
-0.41575 1.0479 1.2035 0.60616 0.23909 0.14066 -0.25791 1.0887 -0.67349 0.7586 1.2666 0.40643 -0.97202 0.89133 0.095134 -0.498 -0.43046 -0.82068 0.34226 0.442 0.16785 -0.67511 -0.096473 -0.82978 0.084552 -0.046557 0.69835 -0.0093096 -0.091078 0.77729 0.097828 -0.38145 -0.41514 -0.14361 -0.86773 -0.034582 -0.36686 0.11167 -0.13399
-0.99397 0.87912 0.74063 0.64011 -0.40815 1.1909 1.0371 0.86456 -0.093656 0.42492 0.29084 0.21055 -1.064 0.62636 0.0011031 -0.037252 0.027024 -1.0007 -0.0090607 0.40953 -0.21073 -1.0261 0.54708 -0.066934 0.55549 -0.17051 -0.051744 0.0052714 -0.056297 0.9939 0.76566 -0.75681 -0.44974 -0.065913 -0.15538 -0.033781 -0.12162 0.12539 -0.040398
-0.26044 0.7765 0.47538 0.74006 -0.37878 0.78527 0.37562 0.055012 -0.50783 0.27618 -1.3202 0.55496 -1.0792 0.77 -0.01385 -0.12542 0.91487 -0.061613 -0.35949 -0.089256 -0.5365 -0.76608 0.33581 -0.13635 0.33145 -0.1219 -0.37866 0.014232 0.21097 0.59931 1.0095 -0.60048 -0.74841 -0.024392 0.62229 0.080536 -0.068024 0.10667 0.052997
-0.11107 0.90686 0.55279 1.0432 0.14846 0.37748 0.23703 0.5951 -1.4872 0.36258 -1.0575 -0.41677 -0.96287 0.16733 0.05339 -0.33459 0.78244 0.28261 -0.585 0.039622 -0.27988 -0.22535 -0.085694 -0.84149 0.48373 -0.073874 -0.41891 0.081765 0.23312 -0.060733 0.7268 -0.0084174 -0.58796 0.34802 1.0162 0.054794 -0.14652 -0.30062 0.12727
-0.6903 0.67852 0.47776 1.1806 0.059223 -0.10384 0.52746 0.52473 -0.99978 0.66761 0.8338 0.71136 -1.0538 0.37434 0.095829 0.02586 0.37074 0.43122 -0.55069 -0.76391 0.12262 0.093098 0.35647 -0.60537 0.34895 -0.0026972 -0.55938 0.017142 0.40219 -0.72806 -0.18871 0.47802 -0.30468 0.32026 0.89981 0.20647 0.29325 -0.16728 0.063795
0.35864 1.0745 0.19998 1.7918 0.23028 0.49019 0.27576 0.38239 -0.93325 0.54879 -0.32694 1.0602 -1.1344 -0.00019959 0.093485 0.30093 0.18608 0.11851 0.088799 -0.3449 0.087083 0.46908 0.62124 -0.16365 -0.059872 -0.0080134 -0.2718 -0.056796 0.4294 -0.66022 -0.4342 0.80936 -0.33341 -0.075316 0.4068 0.096307 0.36346 -0.50251 0.06652
-0.86821 1.0477 0.99998 1.0898 0.11712 -0.11455 0.25736 0.73872 -0.37142 0.4055 -1.0171 0.79856 -1.0682 -0.24235 -0.0018726 0.26545 -0.20614 -0.32368 0.27796 -0.46064 -0.14531 0.588 0.37365 0.13677 0.27005 -0.043766 -0.3535 -0.16242 0.11962 -0.38268 -0.32758 0.66762 -0.046557 -0.39365 -0.021851 -0.31297 0.23894 -0.58346 0.08239
-0.07832 0.82202 0.54464 0.8273 -0.084189 0.79477 -0.29886 0.70404 -0.13817 0.92917 -1.5786 0.2855 -1.0172 -0.064109 0.0024654 0.30169 -0.21552 -0.14251 0.63719 -0.72922 -0.32243 0.28214 0.074182 -0.44993 -0.4974 0.062494 0.10287 -0.12692 -0.23707 0.068337 0.10492 0.34713 -0.18039 -0.42746 -0.40355 -0.49047 0.11609 -0.3934 0.09143
-0.20916 0.88502 0.80022 1.2574 -0.049683 0.67557 0.18245 0.070178 -0.61493 1.1129 -0.74377 -0.065055 -1.0511 -0.29154 -0.14672 0.2414 -0.17162 -0.04173 0.52837 -0.6542 -0.45364 0.11871 -0.029404 0.033313 -0.61885 0.10564 0.15115 0.007195 -0.2083 0.41512 0.42809 0.0033136 0.079945 -0.21021 -0.4079 -0.46825 0.036473 -0.21925 0.067703
-0.6947 0.8437 0.65741 0.96272 -0.17163 0.25357 -0.19224 0.52321 -0.76333 0.62221 0.72802 0.92423 -1.0828 0.20938 -0.058863 -0.093048 0.30844 0.18178 0.67638 -0.58007 -0.60396 -0.096814 -0.19567 0.12012 -0.41227 0.076687 0.037642 0.075201 -0.15444 0.41939 0.34162 -0.24737 0.25706 -0.038494 -0.18895 -0.36115 0.14908 0.23341 -0.0081373
-0.30541 0.88534 0.73412 1.3101 0.16828 0.91881 -0.47445 0.060694 -0.41334 0.52938 -1.02 0.054828 -0.9765 -0.10071 0.043085 0.10697 0.35028 0.32193 0.28407 -0.38184 -0.43722 -0.031412 -0.46491 -0.086982 -0.21228 0.06704 0.025739 0.13425 -0.023955 0.27433 0.22781 -0.22996 0.19694 0.070184 -0.047669 -0.26884 -0.096454 0.24227 -0.024529
