39 299
-0.94165 0.77874 0.55463 0.68927 -0.28374 0.44577 0.47382 -0.97366 -0.13712 -0.024959 -0.28308 0.32136 -1.1106 0.59948 0.19331 0.20107 0.61818 0.52044 0.47572 0.98552 1.8613 -0.18009 0.48869 0.56783 0.044466 0.10946 -0.48511 -0.36393 -0.07771 -0.038358 -0.19826 -0.28992 -1.0635 -0.10095 -0.29527 -0.46023 -0.29693 -0.42692 -0.013411
-0.62767 1.0361 0.62134 0.83162 0.9075 1.3181 1.0518 0.53957 0.044565 -0.38075 -0.14114 0.89651 -1.0687 0.32369 -0.079858 0.052781 0.59117 0.33677 0.087738 0.17839 1.9768 -0.56728 -0.013811 0.33032 -0.1706 0.16268 -0.71128 -0.44144 0.021199 -0.0055486 -0.039266 -0.31074 -1.3659 -0.83427 -0.31481 -0.22688 -0.36009 -0.5491 -0.070446
-0.27124 1.0407 0.63929 1.308 0.38853 0.67485 1.2941 0.88097 -0.73607 0.3557 -0.7595 0.21403 -1.0663 -0.19647 -0.31609 0.10511 0.54224 0.24885 0.069882 -0.70859 1.5595 -0.56828 -0.22219 0.07219 -0.73721 0.059399 -0.56222 -0.32997 -0.051671 -0.012843 -0.15335 -0.5617 -1.3414 -1.8829 0.096913 0.2481 -0.58033 -0.48794 -0.089421
-0.38301 0.84071 0.79397 1.3797 -0.10275 0.9294 1.7551 1.032 -0.1757 0.98136 1.184 0.29874 -0.96388 -0.36874 -0.33541 0.27413 0.6304 0.56995 0.037016 -0.85316 0.24875 -0.6063 0.37314 0.068413 -0.70704 0.010662 -0.11357 0.08712 -0.17862 -0.16127 0.11937 -0.30903 -0.70108 -1.8613 0.7714 0.383 -0.43334 0.17993 -0.0753
-0.93868 0.51444 0.44284 1.123 0.040556 0.20497 -0.30225 1.0484 -1.0659 -0.82318 -0.40192 -0.02404 -0.9416 -0.13556 -0.26467 -0.028327 0.55866 0.11872 -0.6442 -1.1369 -1.2108 0.030795 0.82394 -0.51169 -0.70294 0.028244 0.29709 0.36721 -0.48847 -0.44642 -0.01446 -0.22958 0.11984 -1.1948 0.60643 0.057238 -0.60646 0.6332 -0.042776
-1.3908 0.48829 0.733 1.2269 0.33486 0.85844 -0.72609 0.65716 -0.6007 -0.42085 -0.48463 -0.94634 -1.154 0.06964 0.048225 -0.24976 0.25494 0.59208 -0.1934 -1.0005 -0.52943 0.65424 0.27578 -0.27904 0.18034 0.045882 0.313 0.44523 -0.37293 -0.69337 -0.71667 -0.25358 0.98726 -0.36999 0.18201 -0.40491 0.048898 0.97897 -0.083808
-0.89546 0.75518 0.98292 1.6605 1.3366 0.96624 0.40938 -0.58517 -0.82948 1.2737 -0.020245 0.0013262 -1.0748 0.14577 0.14253 -0.61366 -0.15158 0.19476 -0.29364 -0.43154 -0.56201 -0.0027199 -0.046491 -1.0195 0.12626 -0.033346 0.17298 0.24899 0.1008 -0.64954 -1.186 -0.3396 1.5335 0.54639 -0.47442 -0.93962 0.73605 1.1804 -0.087336
-0.12828 0.89834 0.35619 1.6876 0.37455 -0.14559 0.10014 -0.75331 0.29433 1.3781 -1.1371 -0.16519 -0.94898 0.082431 0.24977 -0.18591 -0.37539 -0.73508 -0.66515 0.68437 -0.87722 -0.23041 -0.037334 0.43534 0.90188 -0.10589 -0.18784 -0.10687 0.32969 -0.67559 -1.6799 -0.52452 1.2794 1.0021 -0.82747 -0.91291 0.9619 0.57242 -0.051694
-0.32767 1.0011 0.33334 1.4001 0.80393 0.73839 0.073781 1.5827 0.16851 0.049933 0.087569 0.92438 -0.95088 0.18221 0.075368 0.12192 -0.402 -1.3028 -1.1079 0.97319 0.060195 -0.46182 -0.99062 0.68946 1.3771 -0.049427 -0.46202 -0.23525 0.57553 -0.39027 -0.73609 -0.046706 0.41508 1.0203 -0.53925 -0.32344 1.2797 0.25492 0.028705
-0.94223 0.61681 -0.01912 0.7637 -0.23206 0.31038 0.31918 0.047852 -1.3184 -0.27508 -1.0455 -0.30856 -1.081 -0.31416 -0.10838 0.016317 -0.94625 -1.6051 -0.85696 0.75552 1.2007 -0.74715 -1.1671 0.89985 0.73613 -0.036906 -0.37208 -0.26292 0.36393 0.16674 0.61301 0.37255 -0.42977 0.52506 0.060878 0.70965 0.32772 -0.79825 0.14125
-1.2755 0.76383 0.84721 0.82564 -0.81957 -0.68829 0.5108 -0.99628 -1.3984 -0.56637 0.8559 1.3093 -1.2111 -0.54564 -0.096221 0.40422 -0.63869 -0.67111 -0.30944 0.3104 0.47808 -0.8071 -0.15584 1.45 0.73257 -0.017171 -0.06688 -0.024564 0.078663 0.61046 1.631 0.73871 -0.78837 -0.050846 0.85292 1.6042 -0.10195 -1.4881 0.1473
-0.52961 0.70098 1.1374 1.3491 -0.54519 -0.40275 1.1286 0.80993 -0.62642 -0.86341 0.35169 1.3869 -1.1017 -0.27141 -0.13131 0.37436 0.051635 -0.00022776 -0.33462 0.15037 -0.033218 0.062566 1.0454 0.75453 -0.43437 0.12671 0.34456 0.097563 -0.27677 0.86307 1.8706 0.64443 -1.1637 -0.55924 1.0907 1.5261 -1.0583 -1.548 0.13011
-0.89582 0.78236 0.30729 0.32552 -0.61677 -0.1016 1.1232 1.6582 -1.2085 0.35216 0.62176 0.52392 -0.94737 0.026495 0.042592 0.081378 0.26904 0.71987 0.095589 -0.28697 0.53685 0.81509 1.2861 0.55785 -1.1253 0.12815 0.28486 0.094853 -0.60666 0.36186 1.1136 0.27489 -1.1683 -0.6392 0.76698 0.47726 -1.5855 -1.0945 0.026467
-0.90012 0.85302 0.63761 1.0274 0.13485 0.022711 -0.2447 -0.076444 -0.65376 1.0495 1.0815 1.2141 -0.9717 0.051944 -0.0054787 -0.38521 0.26023 0.94221 0.21592 -1.2383 -0.022344 0.5922 1.3306 -0.86992 -1.5467 0.11957 0.15994 0.11855 -0.20032 -0.024532 0.13907 0.1875 -0.73939 -0.753 0.21983 -0.73067 -1.2724 0.071706 -0.13774
-0.98688 0.61553 0.67633 1.4904 0.50533 0.055272 0.53919 0.73978 -0.22834 1.2675 0.33462 -0.83082 -0.89192 -0.16927 0.0083693 -0.42993 -0.055556 0.78084 -0.050964 -1.2967 -0.88669 0.44043 0.71264 -1.0625 -0.98347 0.033133 0.21243 0.15362 0.080369 -0.26792 -0.73579 -0.012674 -0.042286 -0.56885 0.064676 -1.0672 -0.67565 0.66747 -0.14366
-0.96332 0.73466 0.38406 0.93045 0.072137 -0.15361 0.14717 0.28461 -0.46986 0.81844 0.23472 -1.4125 -1.1149 0.12572 0.095333 0.21795 0.15133 0.19386 0.097005 -0.81224 -0.91656 0.68359 -0.19914 -1.1013 -0.36143 -0.06804 0.37364 0.18696 0.15475 -0.32426 -0.88749 0.048227 0.66823 0.0085729 -0.044524 -1.1298 0.24832 1.3102 -0.10868
-0.861 0.78604 0.58758 1.2027 0.24141 -0.49458 -1.2186 -0.3592 -0.6572 1.0621 -0.77837 0.071242 -1.0133 0.38919 0.26389 -0.078357 -0.21156 -0.2063 0.11165 -0.61187 -0.22961 0.89721 -0.18858 -0.73739 -0.33978 -0.030733 0.38209 0.085958 0.14707 -0.1603 -0.44871 0.015267 0.77227 0.73003 -0.0013232 -0.82803 0.12252 1.4544 -0.00045871
-0.84696 0.75025 0.32323 0.69699 0.43632 -0.19898 -0.13998 0.28726 -0.18747 0.39079 -0.64306 0.30158 -0.95093 0.48048 0.19758 -0.27238 -0.30619 -0.129 0.21344 -0.31092 -0.36807 0.27635 -0.59019 -0.50001 0.84115 -0.039616 0.018882 -0.21657 -0.43339 -0.26597 -0.13877 -0.28378 0.76392 0.7467 -0.36598 -0.54562 -0.068681 0.83887 0.02688
-0.74144 0.95213 0.89201 0.92588 -0.33868 0.40582 -0.057885 -0.024936 -0.020701 0.43814 -0.14916 -0.0028414 -1.0354 0.37725 0.10898 0.088703 -0.15294 0.14233 -0.096503 -0.075263 0.3167 0.64176 -0.82807 -1.0953 1.4237 0.018262 -0.33708 -0.42105 -0.3591 0.2992 0.1791 -0.39937 0.23204 0.04772 -0.78074 -0.022948 -0.1116 0.14712 -0.03036
-0.38223 1.0642 0.37606 1.0925 0.18895 0.0095074 -1.0338 -0.0011364 0.89795 1.3473 0.16559 -0.69395 -0.98127 0.16128 -0.21191 -0.7376 -0.40925 -0.24016 -0.38643 0.37534 0.32244 0.09014 -1.0212 -1.0567 0.49009 -0.045082 -0.4812 -0.44415 -0.25699 0.25954 0.80041 -0.076511 -0.14719 0.16842 -0.95068 0.61413 0.92032 -0.59258 0.11987
-0.52454 0.67005 0.12549 0.91005 0.38398 0.053564 0.27918 0.10843 -0.81386 -0.18746 -0.86393 0.64163 -1.0394 -0.10208 -0.27862 -0.57116 0.40577 0.14363 -0.40791 -0.53343 -0.51095 -0.54851 -0.01481 -0.68362 0.13583 -0.081283 -0.34993 -0.27704 0.32363 -0.14886 1.2027 0.56658 -0.070622 0.063394 -1.2562 0.67226 2.1105 -0.92649 0.2654
-0.64436 0.88833 0.80912 0.71349 0.35041 -0.79581 -0.72643 0.72754 0.54448 -0.51828 -2.2568 1.8035 -1.0538 -0.20623 -0.39683 -0.46635 -0.096721 1.2477 0.19763 -0.39772 0.35975 -1.0024 0.3023 1.2401 0.25266 0.22127 -0.13254 0.18324 1.2634 -0.29068 1.17 0.86689 0.26472 0.26627 -0.41272 0.7317 2.6743 -1.144 0.33985
-0.77063 0.43092 -0.69482 0.44123 -0.39524 -0.76131 -0.18106 -0.027154 -0.71589 -0.41324 -1.6626 -0.02412 -1.0185 -0.11442 -0.29047 0.57497 -0.61316 1.477 0.73062 0.14429 0.39444 -1.2881 -0.068354 2.2055 -0.3818 0.35233 -0.031384 0.21049 1.3487 -0.43135 0.38523 0.48881 1.0557 0.51147 0.041267 0.3642 2.1782 -1.4691 0.26707
-0.93073 0.68738 0.29443 1.9027 0.71361 0.022926 -1.2809 -0.95021 -0.72273 1.5775 -0.24526 -0.20938 -1.0753 -0.092418 0.11824 1.1659 -0.47902 1.1147 0.76618 0.52161 0.38649 -0.35337 0.55211 3.1339 -1.6259 0.33638 -0.16141 0.25293 1.1665 -0.11559 -0.39888 0.024761 0.85893 0.19888 0.78114 -0.020492 0.14407 -1.1358 -0.0034364
-0.67747 0.61585 0.44858 0.36602 2.012 1.0443 -0.57964 1.3976 -1.0001 1.0779 2.9927 0.47161 -0.59754 -0.22548 -0.16362 1.2576 -0.25537 0.86377 0.27089 1.0301 0.50047 -0.79133 0.63337 2.9613 -1.9734 0.33134 -0.46869 -0.095858 0.14739 -0.11077 -0.99429 -0.52549 0.43322 0.18554 1.1308 -1.0047 -2.2318 -0.27882 -0.13206
-0.39831 0.67846 1.2605 -0.075364 1.8692 0.50854 0.0046512 0.51264 -1.156 -0.31923 1.5434 -0.79084 -0.66159 -0.46575 -0.012461 1.4776 -0.51497 0.84119 0.45923 0.8 0.68385 0.28951 -0.08515 1.1754 -1.3094 0.22586 -0.56766 -0.35718 -0.58236 -0.10984 -1.1982 -0.38172 -0.35999 -0.52262 0.77091 -1.4848 -3.5901 0.99889 -0.21028
-0.89232 0.94484 1.3361 0.57579 0.75109 0.085058 0.98606 0.57484 -0.31044 0.46844 1.6104 -1.5319 -0.8615 -0.8302 -0.39577 0.69324 -0.82518 -0.1372 -0.18851 0.81788 0.59524 0.62004 -1.8577 -1.4993 -1.1225 0.17532 -0.35878 -0.12163 -0.80863 -0.14855 -0.79427 0.33669 -0.90847 -0.6968 0.87717 -0.79861 -2.5092 1.5476 -0.11857
-1.1601 0.27257 1.1754 0.81285 0.89499 -1.0009 0.18006 0.86452 -1.1851 0.99647 1.1638 -1.533 -0.7253 -0.8817 -0.3997 0.28203 -0.42232 -0.49109 0.2118 -0.10197 -0.77868 0.46104 -1.3209 -2.177 0.013403 0.044462 0.08589 -0.064458 -0.37812 0.012818 0.14476 0.81086 -0.95947 -0.33826 0.53736 0.2151 -0.34396 1.3562 0.08297
-1.411 0.57514 0.82333 0.14597 1.5542 1.1354 -0.039755 0.42981 -0.072575 0.014686 0.32532 -1.4848 -0.7739 -0.70984 -0.18636 0.2428 -0.60503 0.12763 1.0524 -0.31517 -0.24695 0.85247 -0.42307 -0.6301 0.56695 0.21351 0.49215 0.31103 0.50445 0.21793 0.94147 1.2652 -0.40514 0.28977 0.512 1.1825 1.4725 0.98377 0.15651
-1.7285 0.18443 1.1942 0.22589 1.0907 0.075679 -0.025149 0.79307 -0.10324 -2.3431 -1.4637 -1.2395 -0.63331 -0.36824 -0.23214 0.93983 -0.61515 0.94328 1.4482 -0.52892 0.36914 1.233 -0.3432 0.027519 0.65091 0.35294 0.52931 0.15657 0.34502 0.0093659 0.56459 0.22292 0.10145 0.88468 0.09431 1.092 1.8496 -0.0086687 0.18983
-1.254 0.39645 1.1138 -0.47159 1.3222 1.3867 -0.44609 -0.27234 -0.87214 -0.3926 0.8862 0.78127 -0.56704 -0.15263 0.071273 1.3431 -0.32073 0.76882 1.7146 0.21387 0.58677 1.2437 0.14874 0.50574 0.59224 0.29668 0.20101 -0.12644 -0.40416 -0.043233 -0.2016 -0.61418 0.33753 0.46888 -0.45878 1.0626 1.18 -0.70121 0.030697
-1.2853 0.75918 1.7885 -0.30049 1.6855 1.3522 0.35863 0.63296 0.55231 0.43748 1.5953 -1.1336 -0.51978 -0.15497 -0.25159 0.39602 -0.56128 0.1546 0.31011 -0.19886 0.60249 0.45164 0.69804 1.1557 -0.021921 0.33712 -0.11469 -0.32985 -1.2428 -0.13037 -0.75432 -1.3477 0.28105 -0.081778 -1.0773 0.23022 0.21375 -1.2676 -0.030536
-1.5454 0.28898 2.3543 0.38607 2.1501 1.2876 -0.10881 1.7267 1.2557 0.22785 1.2034 -1.0636 -0.45931 -0.43873 -0.40151 -0.29963 -0.73088 0.15275 0.37081 0.14651 0.57291 0.33903 1.2993 1.298 -0.55413 0.27559 -0.099013 -0.48589 -1.4972 -0.21419 -0.78065 -1.3418 -0.49609 -0.39848 -1.212 -0.88203 -0.31238 -0.89531 -0.034162
-1.5026 0.38952 2.1385 0.23668 1.8088 1.8553 0.52312 1.2518 0.1904 0.29645 0.62572 -0.49389 -0.4613 -0.45093 -0.5813 -0.70822 -0.67812 -0.081329 -0.60265 0.021638 0.17168 -0.43823 -0.42736 0.091166 -1.4069 0.30989 0.22554 0.010323 -0.94812 -0.033231 -0.66607 -0.82494 -0.66532 -0.6974 -0.60662 -1.338 -0.44163 -0.16813 -0.088048
-1.7531 0.050615 0.41647 -1.185 1.1143 0.58084 -0.94634 0.68757 -0.087381 -0.33457 1.2519 -1.4218 -0.34349 -0.20042 -0.6261 -1.0762 -0.69306 -0.49175 -0.54 -0.89073 -0.0584 -0.70033 -1.1385 0.39111 -0.57489 0.25032 0.54553 0.22885 -0.394 0.18783 -0.74604 -0.66314 -1.1311 -0.68505 0.38393 -1.1129 -0.1094 0.72631 -0.036208
-2.1381 -0.13681 1.0433 -0.8301 1.4994 1.1644 0.53916 1.1176 0.15851 0.6488 1.3383 -1.2609 -0.32648 0.15052 -0.12168 -1.1035 -0.65968 -0.70198 -0.90808 -1.0037 -0.56178 -0.22424 -0.89261 0.69038 -0.36459 0.19495 0.52521 0.40375 0.49445 0.80447 -0.64329 0.41001 -0.44782 -0.56757 1.1277 -0.16744 -0.059544 1.4371 -0.18162
-1.4537 0.096749 1.0906 -0.84949 1.6474 0.53684 -0.25988 0.11956 -1.0572 -1.2863 1.2419 -2.2493 -0.20028 0.29689 -0.22622 -0.89626 -0.39049 -0.85515 -0.82534 -1.57 -0.51469 0.98924 -0.80392 0.77843 0.42477 0.26949 0.23064 0.41037 1.1342 1.2481 -0.25568 0.71077 0.027877 -0.45181 1.0577 0.019278 -0.82713 1.4282 -0.34493
-1.5075 0.011172 1.2296 -0.40355 1.1814 0.99655 -1.4055 1.6577 0.6837 -1.2269 2.1595 -1.412 -0.30544 0.29792 -0.066023 0.16084 0.71718 -1.0387 0.34495 -0.53919 -0.81109 0.94041 -0.9405 -0.21757 1.066 -0.019184 -0.19515 0.26238 1.293 1.2075 -0.044708 0.89895 0.47306 -0.070339 0.64455 0.39522 -1.1798 1.425 -0.5002
-1.3641 0.32005 0.92438 -0.51937 1.0394 0.058582 -1.145 0.54767 0.78424 -0.43695 1.6371 -1.0174 -0.27405 0.16027 0.073022 0.51319 1.0263 -0.78686 0.24203 -1.0984 -0.90481 0.8028 -1.0674 -0.88448 1.6641 -0.24952 -0.17772 0.50561 1.2328 0.80828 0.090499 0.54942 1.2 0.20252 -0.37817 0.8241 -1.182 0.8374 -0.48285
-1.423 -0.22052 0.2649 -1.0702 0.3156 0.60729 -1.9606 0.16147 1.4032 -0.80611 1.7321 0.25758 -0.049724 -0.16072 0.19324 0.72661 0.9608 -0.83188 0.34445 -0.34923 -0.54741 1.14 0.077518 -0.94943 1.9634 -0.42572 0.67 0.77392 0.62514 0.078927 0.08573 0.045244 1.264 0.60598 -0.46322 0.87373 -0.62839 0.23165 -0.095887
-1.7086 -0.080476 1.2431 0.19915 0.0999 1.7795 -0.11727 -0.41381 0.33998 -1.7542 0.41301 -0.40185 -0.53411 0.17998 0.53997 1.237 1.0417 -0.81866 0.25963 0.63885 -0.26188 0.14425 0.42813 -1.3315 1.7063 -0.37688 1.232 0.99101 0.23807 -0.047292 0.21383 -0.28799 1.6775 0.55306 -0.55722 1.0594 -0.14523 -0.55453 0.13783
-1.7004 0.17926 2.0905 0.60068 1.3033 0.92952 -1.66 0.18848 0.58209 -1.5743 0.19497 0.76738 -0.61532 1.5623 1.0721 1.0158 0.84771 -0.89124 0.40899 1.0206 0.08804 0.35682 0.15724 -1.3056 1.5201 -0.12411 1.3194 0.80322 -0.62355 -0.023918 0.37549 -0.69812 0.86712 0.42557 -0.41512 0.83952 0.3843 -1.0496 0.27991
-1.5096 0.44048 1.5861 0.027589 0.27543 0.67477 -1.1725 0.35061 1.43 -0.40846 0.98546 0.59606 -0.63566 1.6473 1.3901 0.82163 0.97608 -0.4023 -0.3862 1.4491 -0.11159 0.096199 1.1289 -1.0017 0.73218 -0.15761 0.74661 0.33155 -1.2673 0.26312 0.43047 -0.2935 0.30234 0.066241 -0.2003 0.79124 0.5167 -1.1211 0.11768
-0.9857 0.70129 2.1886 0.61101 -0.2167 0.97709 -0.18356 1.282 0.80035 0.01411 0.3336 1.2557 -0.52065 1.6213 1.1917 -0.31297 0.93219 -0.40339 -0.75171 0.9022 0.22424 0.34597 1.5006 -0.29587 0.27104 -0.042576 -0.32855 -0.23303 -0.75376 0.72947 0.87151 0.17503 -0.19079 -0.13103 -0.53842 0.59679 0.2448 -1.1783 -0.14395
1.1736 1.3278 1.1753 -0.0067375 -0.38359 0.97514 0.11537 -0.25273 1.5228 -1.0441 -0.33989 1.4703 -0.13711 1.5712 1.0673 -0.61627 1.4952 -0.33008 0.23297 1.2563 -0.22769 -0.24487 1.4283 -0.73944 0.0034423 -0.21039 -0.89584 -0.53501 -0.090591 0.46359 0.85252 0.4124 -0.24347 0.16287 -0.62691 -0.09455 0.1955 -1.1144 -0.27912
-0.52967 0.99582 1.6082 0.87802 0.37621 0.34612 0.37177 -0.50809 0.71897 0.78753 0.1045 0.5233 -0.61432 0.9658 0.81959 0.23054 1.9891 0.5739 0.43273 0.7163 -0.16035 -0.53376 1.2702 -0.91166 -0.56155 -0.35092 -1.5518 -0.67821 0.77019 -0.16945 0.69821 0.30793 0.2433 0.6569 -0.89894 -0.28118 0.603 -0.9168 -0.39062
-0.3786 1.0759 1.1806 1.7587 0.16714 0.56217 -0.052485 0.72539 0.89603 0.32433 0.30684 0.087241 -0.77184 0.256 0.62684 0.35434 1.3325 0.57721 -0.1687 1.039 0.38321 -0.69951 1.0517 -0.27241 -1.1651 -0.49452 -1.3641 -0.78486 0.39054 -1.2105 0.48297 0.023647 0.29252 0.90905 -0.47698 -0.69539 1.07 -0.44063 -0.10476
0.30565 1.4454 1.5383 2.1352 0.54995 1.6608 -0.010808 0.10554 0.45793 0.95626 -0.81154 1.3541 -0.85229 -0.69393 0.20873 0.70487 0.66964 0.34215 0.04918 1.4543 1.2449 -1.1986 1.1037 0.74911 -1.0488 -0.58783 -1.027 -0.93279 -0.5825 -1.8379 -0.0019602 -0.056806 -0.12525 0.16482 -0.11837 -0.89893 1.0845 0.23965 0.12001
-0.063582 1.4009 2.3839 2.117 0.71099 1.1985 0.23236 0.51371 0.78028 1.4248 -0.36189 -0.30242 -0.80323 -0.21306 -0.019568 -0.099494 -0.20977 0.6098 0.45424 1.4265 0.91824 -0.85246 0.054514 0.69095 -0.67052 -0.27616 -0.48411 -0.94031 -1.2231 -1.4687 -0.39683 -0.12585 -0.91254 -0.46365 0.050573 -0.99702 0.81973 0.52116 0.27387
0.034007 1.552 1.9743 1.2518 0.13235 0.03955 1.9973 1.358 -0.037158 0.73299 0.094367 -0.51911 -0.84402 -0.76934 -0.51185 -0.70882 -0.82223 0.53636 -0.01071 0.24932 -0.12133 -0.69031 -0.1167 0.89788 -0.31705 -0.24875 0.41248 -0.54496 -1.2706 -0.83366 -0.59568 -0.33509 -1.3905 -0.74447 0.18112 -0.82147 0.34121 0.80715 0.36357
-0.59522 1.1969 1.6704 0.8705 0.27722 1.0489 1.9272 1.0879 -0.35543 1.1646 1.4654 -0.11768 -0.98048 -0.63823 -0.68085 -1.3692 -0.78758 -0.22941 -0.40929 -0.16271 0.070717 -0.85361 -0.43003 1.3875 -0.45596 -0.18192 0.68046 -0.14148 -0.46475 0.1663 -0.61767 -0.38022 -1.3062 -0.41431 0.10801 0.025878 -0.049963 0.76188 0.30507
-0.6911 0.84507 0.96382 1.3789 1.6421 1.4466 1.3155 0.69386 -0.0080938 0.4566 0.48424 -0.25979 -0.94987 0.30066 -0.4276 -1.1844 -0.67469 -0.29436 -0.20953 -0.48462 0.091194 -0.8406 -0.37648 1.1287 0.51141 0.0050719 1.5218 0.60869 0.50776 0.8605 -0.32895 -0.38963 -0.81845 0.40294 0.18188 0.25077 -0.59395 0.62153 0.41676
-0.96474 0.68412 0.63448 1.1564 0.64086 0.71766 -1.0033 -0.075372 0.18422 0.50989 0.72043 0.36906 -1.0725 0.54622 -0.31324 -0.79559 0.024285 -0.069294 -0.2274 -0.77629 -0.081397 -0.56407 0.24541 0.48064 0.48902 0.13398 1.585 1.1127 1.4462 0.82803 -0.15017 -0.35845 -0.23527 0.49405 0.33976 0.47948 -0.82427 0.37152 0.44318
-0.036617 1.0155 0.79665 1.2755 -0.33869 0.68501 0.68641 0.88643 -0.8831 0.71197 1.2468 -0.23148 -0.94757 1.5409 0.38296 -0.010365 0.4272 -0.13491 -0.90161 -1.0651 0.75464 -0.4762 0.079929 0.11222 0.49345 0.32691 0.51168 0.9559 1.4423 0.67519 0.27129 -0.20804 0.47465 0.52627 0.23046 0.17174 -0.37842 0.35857 0.18828
0.66285 1.2107 1.5711 0.75761 0.34533 0.4473 1.0635 1.4236 -0.53825 0.83239 1.4869 0.51326 -0.69258 1.765 0.88623 0.88094 0.25379 -0.58873 -0.80062 -0.35962 0.72769 -0.36569 0.35749 0.1722 0.31802 0.43727 -0.9072 0.22083 0.57674 0.095395 0.65074 -0.1371 0.11905 -0.083083 0.072909 -0.65437 -0.38966 0.30026 -0.21321
-0.011367 0.95899 0.78761 1.4101 0.62648 0.22773 1.1599 0.93272 -0.77137 1.458 0.84037 0.16908 -0.80448 0.66291 0.66693 0.80676 0.5062 0.42039 -0.35841 0.20041 0.7421 -0.48514 -0.064512 0.4971 1.3351 0.18494 -2.2423 -0.68982 -0.64228 -0.34615 0.25304 0.11178 -0.20111 -0.7801 0.26737 -0.80441 -0.46484 -0.3391 -0.60224
1.265 1.5858 1.4486 1.7787 0.80447 0.14827 -0.87828 1.9631 -0.57721 0.60207 1.2171 0.67677 -0.64059 -0.75547 -0.064344 -0.082763 0.15498 0.7695 -0.79212 -1.2072 -0.28222 -0.41555 -1.0531 -0.52121 0.68555 -0.17011 -2.3679 -1.1249 -0.95996 -0.59752 -0.3063 0.054577 -0.45025 -0.80953 0.54483 -0.76298 -0.9287 -0.90403 -0.69244
1.0853 1.7471 1.8517 1.3935 0.080323 0.37544 0.31312 0.79962 -0.28742 0.98981 0.65858 0.12721 -0.53261 -1.4918 -0.36558 -0.81275 -0.2103 -0.39079 -0.69947 -1.0621 -0.39167 0.076135 -0.9013 -0.50861 -0.39758 -0.42916 -1.2915 -1.068 -0.96655 -0.77105 -0.69312 0.34142 0.28732 -0.52941 1.2008 -0.029786 -0.9471 -1.4776 -0.33951
-0.68559 1.1879 1.2785 1.68 1.0401 0.29722 0.2899 1.3116 -1.1893 0.28576 2.2515 3.1363 -1.0468 -1.6907 -0.59288 -0.22046 -0.5628 -0.73486 -0.53852 -0.6336 -0.41766 0.42808 -0.82344 -1.2682 -0.69332 -0.47419 0.71182 -0.75363 -0.84468 -0.40285 -0.21179 0.81022 1.1106 0.21573 1.7052 0.93212 -0.51415 -0.88821 0.39064
-0.90536 0.65835 0.4918 0.95716 0.89083 -0.85047 -1.0296 0.46662 -1.4601 -1.1298 -0.28149 -0.39671 -1.0919 -1.3449 -0.96328 -1.0486 -0.64661 -0.053406 0.18204 0.4427 -0.32203 1.4606 -0.23549 -1.1113 -1.0415 -0.2604 2.291 -0.20078 -0.63008 0.0073217 0.37465 0.6921 0.89026 0.046019 1.3922 1.2732 -0.51095 -0.51575 0.95682
-0.85842 0.92898 0.4884 0.70581 -0.65547 -0.28618 -0.080085 1.1939 0.26176 0.64572 0.83716 -0.84682 -1.1001 0.52531 -1.1025 -1.6485 -0.42384 0.21382 0.37525 0.17048 0.094985 2.2542 0.58241 -1.2911 -0.83738 0.43317 2.8093 0.070606 -0.87265 0.32189 0.18352 0.25044 0.42739 -0.19766 0.86288 1.582 -0.13639 0.21202 1.1729
-1.0684 0.76387 1.5111 1.2302 -0.085584 -0.15754 -0.25238 0.74699 -0.096817 0.29505 -1.2332 -0.23702 -1.1236 1.7732 -0.46748 -1.3589 -0.28056 -0.22993 0.21471 0.23745 -0.5876 1.908 1.082 -1.5617 -1.3988 0.80126 2.1876 -0.038472 -0.55154 0.14395 -0.40598 -0.68489 -0.54245 -0.61128 -0.32198 1.0025 -0.26002 0.52876 1.0442
0.26333 0.71058 0.21754 1.0162 1.3905 1.043 0.52027 1.4191 1.7268 0.44104 0.63724 -0.1487 -0.67367 2.1141 -0.71627 -1.8041 -0.13598 -0.34455 -0.070178 0.27047 -0.72938 1.9058 1.854 -1.3197 -0.080144 1.0594 0.66509 -0.40733 -0.44014 -0.4018 -1.1558 -1.0972 -1.1247 -0.58109 -1.2748 0.19948 0.10998 0.1905 0.60452
1.4798 0.17975 -0.4814 0.9622 0.60216 0.37525 0.23569 0.84985 1.8211 1.7658 -0.63622 0.33677 -0.024907 2.0361 -1.2253 -2.0759 -0.52609 -0.4997 -0.98777 -0.6918 -1.2113 1.0004 1.2452 -1.6338 -0.32939 1.2643 -0.67375 -0.80444 -0.060562 -0.63173 -1.5186 -1.0292 -1.3261 0.032849 -1.6845 -0.69116 0.31659 0.24331 0.22679
0.63705 0.79417 -0.21039 1.0561 0.11748 -0.5533 -0.28002 -0.16821 -0.05271 0.91347 -0.69902 -0.80164 -0.52244 1.6588 -1.4465 -2.1753 -1.096 -1.6838 -1.2434 -1.5816 -0.83208 0.19519 0.92722 -1.0136 -0.98213 1.2657 -1.1799 -0.54631 0.65157 -0.39097 -1.365 -0.12697 -0.59869 1.0801 -1.3765 -1.4379 0.94306 0.25065 -0.06152
1.167 -0.25987 -1.3328 0.56412 -0.50979 -1.0051 -0.51697 -0.092357 1.9182 2.4456 -2.2044 -0.80666 -0.022214 0.70646 -1.5294 -1.3096 -1.0418 -2.225 -1.2821 -1.445 -0.50314 -0.55717 0.097252 -1.0387 -0.44842 1.0974 -0.9719 -0.33219 1.0334 0.24303 -0.62487 0.88269 1.0704 2.2518 -0.18087 -1.4259 1.7751 1.4004 -0.011388
1.3008 -0.4727 -0.87122 0.16394 -0.90617 -1.1632 -1.0851 -0.11372 1.503 1.9152 -1.4744 -1.0103 0.28798 0.51698 -1.5335 -0.91826 -0.65205 -1.8789 -0.19578 -0.54682 1.1195 -0.028657 -0.59191 0.37648 0.49396 1.0347 -0.64481 0.053686 1.2786 0.80296 0.69739 0.97319 2.5096 2.3342 0.0063568 -1.4587 1.9095 1.8936 0.046957
1.4186 -0.728 -1.0398 -0.09894 -1.4447 -0.70765 -2.2197 0.44487 0.39575 1.2238 -1.411 -1.5411 0.40968 0.7426 -1.7715 -0.68198 -0.2913 -1.5091 0.24197 0.84265 2.4435 0.7561 -0.98988 1.4149 1.8292 1.3599 -0.23061 0.28887 1.0274 0.78051 1.1663 0.60466 3.0972 1.3881 -0.2908 -0.84443 1.4072 1.323 0.094023
1.3914 -0.82828 -1.3374 0.091631 -1.2172 -0.58952 -0.58027 0.69045 1.0246 0.72043 -0.74845 0.13858 0.65269 0.40159 -1.231 0.017375 0.072405 -0.844 -0.070293 2.1251 2.4959 -0.44859 -1.5928 1.7862 1.7976 1.2173 -0.47288 0.54133 1.1147 0.38525 1.1988 0.038921 2.6763 -0.62359 -1.038 -0.23987 0.091904 0.050375 0.085779
1.8502 -1.1558 -1.3366 0.61997 -1.8367 -0.10381 -0.14486 2.3619 1.5369 0.98756 -0.070851 1.0844 0.82637 0.31682 -1.1692 0.23339 0.096065 -0.72746 -0.14931 3.2123 1.6497 -0.92016 -1.173 1.2265 1.6361 1.1717 -0.85204 0.69701 1.3007 -0.39467 1.2689 0.2823 1.1709 -2.2575 -1.5542 0.14414 -0.99539 -1.4083 -0.058587
1.5269 -1.4622 -1.1757 0.50606 -1.8153 -0.88163 1.029 2.838 1.8621 0.065133 0.60373 1.7501 1.1272 -0.1806 -0.87551 0.80712 -0.1129 -0.19811 0.060016 3.443 0.18943 -1.2365 -0.99866 0.67414 0.69018 1.2799 -1.0456 0.56263 1.1685 -1.17 1.5583 1.0568 -0.44888 -2.8509 -0.98777 0.2299 -1.5827 -2.0378 -0.039182
1.6157 -1.5235 -1.0127 0.23423 -1.4005 -1.5494 1.7597 2.3159 0.38234 0.16881 -0.29338 0.6008 1.3715 -0.60158 -0.71399 1.4731 -0.97974 0.36177 0.72543 2.4309 -1.1156 -1.9135 -0.97705 -0.11252 -0.53946 1.2256 -0.99394 0.64398 0.92776 -1.3651 1.974 1.8852 -2.0735 -2.1706 -0.40991 0.067783 -1.6138 -2.1581 -0.18028
1.7104 -1.6933 -0.5724 -0.01459 -2.1371 -0.81665 2.3519 1.2466 -0.62952 0.20212 -0.096785 0.77659 1.5025 -1.1445 -0.46164 1.6866 -1.6758 1.3098 1.5953 1.6132 -2.0633 -1.8989 -1.2004 -0.86311 -1.3413 1.1215 -0.72625 0.52735 0.26742 -0.99604 2.1407 2.1986 -2.737 -0.79941 0.70861 -0.23005 -1.5274 -1.6009 -0.41751
0.94798 -1.4985 -0.35059 -0.10552 -1.3481 0.028641 2.294 0.49358 -0.61373 -0.39637 -0.35228 -0.22508 1.861 -1.1078 -0.23495 1.6077 -1.7874 1.9416 2.8487 0.065447 -1.7562 -1.3968 -0.92294 -1.3891 -1.824 0.93381 -0.42299 0.4511 -0.49288 -0.19723 2.2934 1.5915 -2.3817 0.5451 1.7639 -0.39041 -1.5615 -0.89887 -0.53364
0.81501 -1.7217 0.19831 -1.0654 -0.71806 0.72268 2.3631 0.26157 -0.5664 -0.59207 -0.55242 0.092877 1.9441 -1.3223 -0.18066 1.2508 -1.6575 2.7255 3.3929 -0.72633 -1.1816 -0.09762 -1.5034 -1.8899 -1.9891 0.69118 0.053632 0.36041 -0.96823 0.40325 1.5694 0.19637 -1.7572 1.1618 1.9543 -0.41323 -1.3146 -0.10055 -0.56983
0.42391 -1.7669 0.26923 -1.3249 -0.024235 1.4472 2.1068 0.58743 -0.33816 -1.083 -1.0742 -0.61987 2.0462 -1.3278 -0.055309 0.70164 -1.3867 3.6336 3.0028 -1.0604 -0.46205 0.6636 -1.6407 -2.8733 -2.0826 0.50175 0.33171 0.46471 -1.1523 0.72623 0.41198 -1.4595 -0.95494 1.0281 1.6572 -0.37763 -0.50771 0.76576 -0.42976
0.56454 -1.6861 0.32655 -1.4169 0.58449 2.2391 0.91191 0.83316 -0.49716 -0.90211 -1.6169 -1.4008 2.1355 -0.93849 0.086915 0.21218 -1.1084 3.1814 1.8944 -1.2705 -0.33818 0.92389 -1.7047 -2.8758 -1.4251 0.33484 0.60874 0.54706 -0.92681 0.75363 -1.0139 -2.3909 -0.27375 1.0442 0.89509 0.22488 0.74651 1.4329 -0.26956
0.10107 -1.7435 0.21263 -1.4961 1.6587 2.6509 1.2626 0.22348 -0.0095929 -2.2517 -2.979 -2.3876 2.0766 -0.67207 0.45457 -0.16361 -0.66724 2.4139 0.65092 -1.5491 -0.082734 1.3599 -1.6105 -1.9539 -0.52422 0.35576 0.71244 0.59249 -0.38794 0.46362 -2.3019 -2.801 0.32302 1.2035 0.34312 0.72977 2.3005 1.7155 -0.15402
-0.10476 -1.6364 0.14434 -1.5397 2.5053 2.8667 1.3129 0.33779 0.26019 -2.1554 -3.9856 -2.0702 2.1587 -0.49299 0.53374 -0.16231 -0.56934 1.5503 -0.24755 -1.044 0.75742 1.3191 -1.0386 -0.76931 0.19569 0.28992 0.79897 0.61319 0.059502 -0.039814 -2.7387 -2.883 0.53212 1.3115 -0.15516 1.6796 3.0979 1.4279 -0.16165
-0.072723 -1.4192 0.040391 -1.7851 2.1437 1.9376 0.63049 -0.086595 0.56348 -2.8078 -3.4286 -1.4704 2.285 -0.1951 0.77115 0.10655 -0.7713 0.419 -1.5657 -0.57514 1.4488 1.1427 -0.43128 0.92239 0.65654 0.25329 0.7929 0.47433 0.12993 -0.43389 -2.6013 -2.8168 0.66256 0.77952 -0.66697 2.6144 3.1572 1.2119 -0.43397
0.12169 -1.2096 0.13443 -1.9521 1.9052 1.461 -0.0075146 0.73605 1.2927 -2.6535 -2.2666 -0.32514 2.3902 0.34384 1.0152 0.17777 -1.1486 -0.6126 -2.8014 -0.7524 1.5784 0.72691 1.2472 2.2122 0.93825 0.10173 0.68811 0.48224 -0.068374 -0.26597 -1.9216 -2.4308 0.61415 -0.61537 -0.93077 3.0652 2.0172 1.089 -0.87364
-0.13837 -1.2995 0.17966 -1.9246 1.9628 1.697 0.75398 2.2951 0.90848 -2.0594 -2.0889 -1.1979 2.3069 0.41874 1.0542 -0.094002 -1.2348 -1.0567 -3.7434 -0.43611 1.0869 0.34145 2.7557 3.2062 1.6107 -0.31375 0.41745 0.79366 -0.1343 0.72517 -1.0345 -1.2789 0.74825 -2.2279 -1.4307 2.5574 0.2634 0.72302 -1.6197
0.2856 -0.8331 0.51558 -2.4213 1.4107 0.22366 0.48423 2.2412 0.82351 -1.8134 -0.84559 -1.2727 2.3419 0.50899 1.2466 -0.21372 -0.86886 -1.0791 -4.0552 0.051155 -0.37159 -0.11481 3.8259 2.3417 1.9701 -0.96396 -0.055742 1.0875 0.010862 2.209 -0.33127 0.61572 0.86598 -2.5941 -1.4991 0.79117 -1.1813 0.22158 -2.2626
0.49894 -0.6184 0.19868 -2.9894 1.2713 -1.0764 0.20037 1.3416 0.94243 0.13618 -0.88571 -0.86033 2.124 0.51383 2.062 0.02051 0.48149 -1.1688 -3.5236 0.44849 -2.2273 -1.2565 3.6687 1.4218 1.6339 -2.0643 -0.61725 0.99495 0.23956 3.1978 0.054081 2.6315 0.49924 -1.576 -1.1546 -1.0536 -2.0567 -0.36273 -2.3579
0.2346 -0.52986 -0.25181 -2.8679 1.2106 -2.1486 0.51639 1.0823 0.8331 1.8953 0.55621 1.5325 1.7457 0.18324 2.4389 0.12519 2.2663 -1.1518 -1.6935 0.45965 -2.1743 -1.4291 2.4625 0.62992 1.381 -3.005 -1.2721 0.32314 0.42866 3.2628 0.58392 4.0772 0.19195 0.23786 -0.49618 -2.732 -1.5803 -1.182 -1.7177
0.58203 -0.010908 -0.067415 -2.4282 0.75252 -2.7868 0.55419 -0.71702 0.61222 2.1533 -0.80752 1.6975 1.1229 -0.60483 2.2215 0.19254 3.3899 -0.94391 0.33908 0.30082 -1.312 -1.2772 1.2264 -0.25369 1.149 -3.4429 -1.4798 -0.71836 0.41675 2.0152 0.97202 4.2975 -0.3139 1.5397 0.24671 -3.1396 -1.1084 -1.9157 -0.39395
0.60985 1.2861 0.57827 -0.57071 0.51965 -1.7604 1.0251 -1.2968 -1.0501 1.67 -0.60671 0.55639 -0.16348 -1.3699 1.7391 0.52944 3.9954 -0.19161 2.1784 0.46861 -0.37132 -1.0823 -0.6965 -0.13419 -0.24107 -3.2976 -1.1116 -1.5659 0.22592 0.14149 0.96539 2.8573 -0.62721 1.6958 0.73586 -2.375 -0.062912 -1.8085 1.0525
-0.04379 1.173 0.42073 0.86267 0.5037 0.2165 1.2087 1.0186 -0.6158 0.57294 -0.94769 -0.1036 -0.84595 -1.5448 1.1375 0.62404 3.5137 0.027551 3.1474 -0.19606 0.026429 -0.94323 -1.3534 -0.51745 -1.5289 -2.6111 -0.55669 -2.2702 0.16544 -1.9431 0.52038 -0.35532 -0.90869 0.76238 1.5403 -0.92939 0.76767 -1.091 2.5542
-0.60048 1.0906 0.39493 0.53775 0.33098 -0.11144 0.24722 0.65196 -0.08862 0.78849 -0.93675 1.1818 -0.9503 -1.4782 0.20369 0.3385 2.4641 0.027365 2.6188 -0.54124 0.63513 -0.14512 -1.24 0.63964 -1.0316 -1.5683 0.24927 -2.082 0.20575 -3.2098 -0.10953 -3.5529 -0.91008 -0.84295 1.7695 0.3821 0.98334 -0.29843 3.4972
-1.2771 0.82109 0.45873 1.0593 1.582 0.86695 1.1135 0.33302 -0.22131 -0.15108 -0.11406 -0.58418 -1.0815 -1.6213 -1.0367 0.59773 0.36883 -0.16418 -0.61221 -0.99095 -0.27063 1.2911 -0.45144 0.98424 -0.72083 0.18791 1.363 -1.2342 -0.35187 -3.4796 -0.5367 -4.512 -0.44172 -1.3056 1.2975 0.64875 0.88453 -0.027813 3.3848
-0.98837 0.88624 0.46686 0.96006 0.78813 1.0896 -0.019987 -0.18909 -0.84025 0.68072 -0.86743 -0.66976 -1.003 -0.86159 -0.86612 0.93187 -0.67786 -0.30449 -3.0904 -0.93334 -2.0043 1.2893 -0.33669 1.1934 -1.2681 1.4579 2.3889 -0.18385 -0.93668 -3.2045 -0.80642 -3.3917 -0.4108 -1.0995 0.51271 0.50071 0.25395 -0.20731 2.6398
-0.68365 0.71277 0.5365 1.0609 0.28137 0.2721 0.14595 0.068153 0.033665 0.26715 0.43525 0.30195 -0.92913 0.7458 -0.51676 -0.38378 -1.6848 -0.75984 -3.0715 -0.88864 -1.394 0.89783 -0.43301 1.0763 -1.473 1.833 2.7843 0.40762 -1.4594 -2.2261 -0.34818 -0.47961 -0.059163 0.14551 -0.0070269 0.12259 0.19234 -0.16785 1.4896
-1.8419 -0.079092 1.4425 -0.15582 0.21022 -3.4274 -0.24412 -0.89846 1.3421 0.91483 0.51525 -0.75644 0.23438 1.8984 -0.38298 -1.036 -2.7445 -1.0983 -2.9766 -1.4209 -1.1162 1.0626 -0.18879 1.1379 -1.0898 2.2552 2.1466 0.067514 -1.4131 -1.3 0.14015 1.9698 0.28762 1.4221 -0.11654 0.10551 -0.0037467 0.26937 0.58433
-1.0129 0.53484 1.2072 0.070392 0.4396 -3.517 -0.088907 -1.841 0.91639 -0.38491 0.40542 -2.023 0.81855 2.3147 -0.55623 -1.3152 -2.9339 -0.39202 -1.6496 -0.89187 -0.44814 1.3909 -0.26082 1.4267 -1.1625 2.411 0.89151 -0.31848 -0.59972 0.0084554 0.50913 3.2486 1.0141 1.68 -0.29391 -0.067742 -0.1422 1.07 -0.23865
0.88947 0.73495 -1.0658 -1.5534 -0.17854 -1.7882 -0.73173 -0.42368 0.21098 -0.086758 0.51543 -1.2167 0.51957 2.451 -0.72736 -1.4078 -2.5917 -0.26194 0.13406 -0.40206 0.43427 0.81331 -0.19418 1.0205 -0.86995 2.1974 -0.62469 -0.79244 0.38609 1.0652 0.48685 3.1507 1.6731 1.5524 -0.46877 -0.13483 -0.75129 1.9724 -0.95917
1.0996 0.33732 -0.44399 -2.0234 0.051745 -1.8684 -1.2898 -1.0803 0.89976 0.17982 1.3622 -1.9513 1.1949 2.1673 -0.90995 -1.3981 -1.7598 -0.3084 1.8751 0.54441 1.2767 0.44337 -0.56635 0.84608 0.62924 1.442 -1.8182 -0.55987 1.5596 1.9228 -0.047322 1.5976 1.6616 0.64157 -0.41371 -0.24322 -1.5384 2.5682 -1.42
1.203 -0.069255 -0.20003 -1.9578 0.32239 -1.316 -0.7622 -0.45223 1.7343 0.51101 1.5063 -1.6878 1.6273 0.77148 -1.6119 -0.24934 -1.2789 -0.30932 1.5665 1.0848 1.2028 0.61258 -0.31325 -0.14182 2.0962 1.0518 -2.3469 0.5944 1.9737 2.3469 -0.41801 0.21605 1.0506 -0.23832 -0.61779 -0.44957 -1.8181 2.0169 -2.1595
1.1256 -0.44935 -0.12597 -1.8448 -0.15953 -1.4352 0.042743 0.41069 1.3937 -0.062235 1.5985 -1.103 1.7915 -0.32783 -1.1074 1.1665 0.12703 -0.46865 0.82257 1.5661 0.46194 0.67602 -0.70665 -1.2177 2.6706 0.48476 -2.157 1.9254 1.8335 2.5349 -0.17378 -0.13196 0.28002 -0.62241 -1.1348 -0.18212 -1.5629 0.6644 -2.7262
0.64518 -0.68247 -0.24925 -2.0057 -0.1431 -1.2714 0.78684 0.18776 1.3898 -0.75567 1.1679 0.22752 1.6944 -0.79427 0.42462 1.188 1.0056 -0.92825 1.076 1.1004 0.31294 -0.5206 -1.0637 -1.7615 2.2832 -1.1245 -1.3977 2.6409 0.82876 1.8838 0.42205 0.76808 -0.27161 -0.075642 -1.1267 0.071084 -0.35354 -0.68376 -2.7802
0.57048 -0.96259 0.13972 -2.0569 -0.10115 -0.91638 0.68083 -0.31563 1.1791 -0.53923 -0.39461 1.5399 1.6444 -1.1797 1.4851 1.4848 2.0035 -0.31967 1.8376 1.0515 0.39711 -1.2269 -0.56788 -1.6211 1.9075 -2.2677 -0.42081 1.1613 -0.40412 0.5622 0.56277 1.2805 -0.81905 0.7685 -0.34128 0.94384 0.92706 -1.579 -1.505
0.81894 -0.052638 0.45523 -1.2759 -0.81888 -0.82305 0.65988 -0.19787 1.4801 -0.76013 -0.73534 1.9447 1.032 -1.4809 1.7739 1.2103 1.4246 0.33403 2.5826 0.78434 1.0435 -0.65682 -0.22648 -0.67355 1.0564 -2.4648 0.32303 -1.3178 -1.2368 -0.76119 0.071518 0.6508 -0.82134 0.79887 0.9154 1.3626 1.5516 -1.9878 0.8114
0.066536 1.2076 0.9593 -0.53801 -0.99819 -0.25292 -0.19209 -0.3567 0.080224 -1.2002 -0.15031 -0.016122 -0.28753 -0.79541 0.27645 0.34114 0.99387 -0.13668 2.6212 0.10179 1.654 0.071655 0.86781 0.19843 0.0078499 -1.4936 1.0216 -3.3309 -1.8235 -1.852 -0.80542 -0.35451 -0.7069 0.25083 1.3364 1.4136 1.0902 -1.6185 2.6579
-0.33764 1.1047 1.2548 0.64842 0.49907 1.3732 1.594 1.0072 0.10219 0.011507 -0.071373 1.3904 -0.65681 -0.37539 -1.3084 -0.69766 0.017919 -0.91292 1.9724 -0.051573 1.3048 0.63509 1.0929 0.60234 -0.88995 -0.083373 1.6705 -3.8726 -1.7754 -1.6897 -1.4711 -1.525 -0.21677 -1.0664 0.97129 0.9318 0.12271 -0.72554 3.4407
-0.79855 0.60854 0.56319 -1.474 0.37508 1.6844 1.4004 1.9896 1.2845 -0.83712 0.94561 1.0613 -0.22646 0.21399 -2.8805 -1.1765 -0.90301 -1.1179 1.4132 0.065161 0.75124 0.76217 1.7543 0.04416 -0.47723 1.2194 1.7561 -2.1778 -0.9212 -0.98216 -1.4577 -2.1118 0.23133 -2.1766 0.11345 -0.11599 -0.65396 -0.57338 2.602
0.46719 -1.6539 -0.25148 -1.1883 -1.1517 1.4431 0.18891 1.5812 1.9066 1.1888 0.47783 0.74479 0.94256 1.2012 -3.5149 -1.5513 -0.92183 -1.7573 0.10799 0.35147 -0.74966 0.91304 1.298 -0.32815 -0.20899 2.2342 1.5073 0.089006 0.12995 0.52658 -0.80424 -1.9273 0.55079 -2.2143 -0.82224 -0.52096 -0.76579 -0.40507 0.90183
0.39596 -1.8911 -0.40589 -1.7665 -2.0985 0.82124 0.33995 0.35004 1.7516 0.55517 -0.29981 -0.067262 1.5427 1.7669 -2.4825 -1.0667 -0.45775 -2.2731 -0.7029 0.32046 -1.8636 0.15666 0.52767 -0.70166 -1.5253 1.9271 0.55655 2.4515 0.85382 1.455 0.22165 -1.0925 0.78895 -1.0148 -1.0954 -0.95485 -0.18738 -0.52 -1.0698
0.7265 -1.8992 -0.06276 -1.5165 -1.6953 1.2232 0.89095 0.66691 1.2777 1.6948 -0.71639 1.0937 1.3744 1.7231 -1.3503 -0.51285 0.80246 -1.755 -0.85568 0.86219 -2.0107 -0.68281 0.61628 -0.6253 -1.2099 1.1501 -0.43975 2.9763 0.95495 1.28 1.199 0.0031443 0.39384 0.51443 -0.61434 -0.49256 0.14669 0.17724 -1.9983
1.1848 -1.8521 -0.38136 -0.704 -2.1146 0.33293 1.3396 -1.0566 0.95691 0.19432 0.019106 0.073458 1.6065 1.0104 0.38335 -0.027526 1.0441 -0.75058 -0.31563 1.3143 -0.75576 -0.59902 0.091971 -0.19121 -1.0588 -0.1212 -0.98811 2.1097 0.57771 0.41578 1.6285 0.58032 -0.42243 1.43 0.5859 -0.18374 0.14106 1.2157 -1.7561
1.5285 -1.3375 0.070557 -0.60126 -2.067 0.93807 2.0459 -0.35746 0.82859 0.3853 -0.51196 -1.574 1.2879 0.73226 0.32882 -0.20316 0.79689 -0.44649 -0.097294 0.59073 -0.27268 0.080104 0.48572 -0.26467 -0.079712 -0.25845 -1.135 1.0052 0.22812 -0.9208 1.2168 0.52934 -1.7424 1.5871 1.3093 -0.11903 -0.59087 1.6088 -1.0225
1.4245 -1.8813 -0.50685 -0.72721 -2.4086 0.47153 1.595 -0.24331 0.88205 1.2503 0.20241 -0.22219 1.4988 0.36691 0.4181 -0.098224 0.33714 -0.10661 0.064635 -0.39492 0.1953 0.93058 0.21276 -0.57511 0.42367 -0.45922 -0.88375 0.28322 -0.054496 -1.3457 0.63406 -0.16191 -2.682 1.0307 1.0473 -0.59625 -0.99865 1.6711 -0.33943
1.3864 -1.2066 -0.2837 -0.24559 -2.2668 1.1296 1.6682 0.83276 1.4181 1.4018 -0.31468 -0.6984 0.79481 -0.13126 0.41398 -0.04408 -0.64643 0.026122 -0.0013937 -1.7011 0.76723 1.1338 0.3119 -1.666 1.3772 -0.48024 -0.68978 0.98145 0.23246 -1.1496 0.50298 -0.64451 -2.5591 0.50581 -0.071429 -1.5275 -0.86629 0.20677 -0.51916
1.2326 -1.7935 -0.5585 -1.1241 -2.4738 0.62864 0.94107 -0.55134 1.8277 1.5333 -1.1718 1.0385 1.5235 -0.25369 0.84228 -0.23137 -0.86147 0.10048 -0.7065 -2.7848 0.82478 0.93915 -1.0695 -1.5809 1.6702 -0.60754 -0.47127 1.5347 0.42644 -0.43648 0.55912 -0.96725 -1.6238 -0.053957 -1.5217 -1.6212 0.35281 -1.2113 -0.6916
1.4211 -1.2826 0.0029547 -0.726 -1.5824 1.0744 0.44845 0.34919 2.3518 0.97778 -1.1801 1.1267 0.8079 -0.28254 1.8563 0.30539 -0.85028 0.30886 -1.0232 -3.2204 0.42564 -0.064678 -2.0815 -1.5737 -0.2793 -1.0978 -0.7649 1.8745 0.91722 1.103 1.2176 -0.65678 0.25913 -0.27182 -2.4116 -1.0645 1.7472 -2.3315 -1.1571
1.0758 -1.2256 -0.40117 -1.6844 -2.351 0.17092 -0.91296 0.13422 1.8853 0.44475 -2.5491 1.0104 1.096 -0.46483 2.4175 0.55183 -0.42318 0.70877 -1.3837 -2.8227 0.21934 -1.4698 -1.9961 0.13099 -1.2624 -1.3674 -1.3464 1.2881 1.0227 1.9143 1.6441 0.17232 1.8842 -0.71781 -2.5873 0.35862 2.0025 -1.6351 -1.1815
1.2778 -0.33873 -0.48321 -1.3978 -2.124 -0.25969 -1.6524 1.2263 1.717 -1.3359 -1.683 0.82619 0.51125 -1.4944 2.9494 1.3576 1.2606 1.8266 -0.99892 -1.2079 0.4718 -2.4157 -1.4587 1.1633 -1.9916 -2.1365 -1.5666 0.10668 0.88701 2.3085 1.7054 0.98535 2.864 -1.1235 -1.4565 1.8268 1.8496 0.34484 -0.77382
1.024 0.46165 0.061979 -1.3463 -1.93 -0.49414 -2.251 0.14214 0.51789 -1.2611 -1.7051 -1.8751 -0.052183 -2.2281 2.5791 1.2439 1.784 2.1896 -0.39075 -0.15658 -0.72052 -2.9856 -0.61957 1.2727 -0.86598 -2.1673 -1.1351 -1.1778 0.37316 1.4605 0.95169 1.3219 2.7596 -1.3249 0.02873 2.4872 0.33679 1.6591 0.025936
0.70996 1.0274 0.35518 -0.65514 -1.0563 -0.43621 -1.3586 0.54198 -0.46209 -0.4693 0.49235 -1.559 -0.40126 -2.4022 1.964 1.693 2.5121 2.5231 0.43994 0.98634 -1.4671 -2.1778 1.0818 1.756 0.23221 -2.0596 0.015425 -2.1397 -0.36277 -0.16757 -0.26071 1.1014 2.2836 -0.60801 1.2525 1.8292 -1.0453 2.1906 0.99652
-1.0483 1.0479 1.2579 1.0582 0.60164 -0.13884 0.076245 0.28611 -0.70355 -0.21748 -0.12688 -0.78662 -0.95342 -2.1873 0.82124 1.1038 1.7711 2.0015 0.53192 1.417 -1.5913 -1.5317 1.9751 0.55318 1.0583 -1.3601 1.1443 -2.3002 -0.94618 -1.2426 -1.3448 0.27459 1.2683 0.79328 1.9101 0.33151 -1.6007 1.1129 1.4691
-1.1063 1.0693 0.63746 0.51146 0.36582 0.54918 -0.65015 -0.93899 -1.2025 -0.24669 -0.85003 1.1269 -1.2404 -1.4918 0.033638 0.69502 0.92676 1.4483 0.73218 2.4165 -0.38754 -0.67316 1.1004 -0.66543 1.58 -0.78618 1.7694 -2.0432 -1.6196 -2.2767 -2.1167 -0.88619 0.27015 1.723 1.7581 -1.3808 -0.59115 -0.23833 1.995
-1.0996 0.93173 1.2061 0.90554 0.066602 0.36944 -0.33431 -1.3779 -0.14703 1.86 0.049421 0.97575 -0.96962 -0.50225 -0.535 -0.14105 0.14968 0.36506 -0.0037412 1.5651 0.34835 0.027844 0.075422 -0.87314 0.76108 -0.21834 1.6026 -1.266 -1.3472 -2.1027 -1.7791 -1.4383 -0.19763 1.8478 1.8303 -2.1922 1.0928 -1.4133 2.0143
-0.75806 0.70921 0.45122 0.0015762 -0.02237 -0.12535 -0.25317 -0.42248 -0.68231 1.0287 -1.2391 0.45574 -0.93024 0.13118 -0.9814 -0.89745 -1.1114 -0.36591 -1.0888 1.408 1.098 0.50864 -0.86799 1.2359 -0.11765 0.8807 0.69859 -0.50498 -0.995 -1.4197 -0.70623 -1.3214 -1.0258 0.47268 1.5658 -1.7712 2.1732 -1.4982 1.6015
-0.74765 0.76713 1.1394 -0.010342 0.39 0.56474 2.1292 0.59042 -0.88746 -0.42072 -1.9902 -0.18256 -1.0416 0.058209 -0.91666 -0.77544 -1.3064 -0.21031 -1.4621 1.5072 1.4596 1.486 -1.6481 1.9112 -1.0257 1.3516 -0.31275 0.23585 -0.085453 -0.23094 0.32979 -0.31703 -1.432 -0.7077 1.4123 -1.0009 1.8657 -0.74133 0.77375
-0.53918 0.43573 0.25589 0.5084 -0.061754 -0.7038 0.3599 0.88876 -0.47297 -0.5566 0.049545 0.0049722 -0.81845 -0.44308 -0.6716 -0.96809 -1.116 0.4872 -1.2086 0.42095 0.0012518 1.6849 -1.7592 2.5236 -0.63537 1.2475 -0.74036 0.70809 0.63927 0.7012 0.58053 0.49422 -2.0067 -1.4472 0.71472 0.040841 0.0034881 -0.16226 -0.33234
-1.3018 -0.12223 0.059621 -0.693 0.081273 -1.543 1.4762 0.63207 0.061524 -1.1923 2.5463 0.07276 0.30354 -0.81946 -0.27238 -0.29111 -0.31128 0.49552 -0.59805 -0.75585 -0.60452 2.2242 -1.5791 2.4173 -0.52068 0.96016 -0.47737 0.93089 1.1129 0.83475 0.070525 1.0421 -1.7114 -0.97907 -0.50525 0.89591 -1.5973 -0.00097085 -1.1246
-0.93787 0.32422 0.19116 -1.012 -0.025822 -0.89763 1.0384 0.22731 1.5543 -1.398 1.0601 -0.48041 0.19625 -0.85176 -0.048692 0.10517 -0.26283 0.27524 -0.54688 -1.3923 -0.90338 1.5489 -0.81 1.0004 -0.71104 0.49168 0.47986 0.70295 0.76062 0.73414 -0.63738 1.0783 -0.58546 0.33494 -1.1399 1.56 -2.6226 -0.23028 -1.3686
-1.618 0.35694 0.14924 -0.25828 1.1334 -0.82511 -0.12441 -1.797 1.4103 -0.23189 2.2886 0.051355 -0.025016 -0.65649 0.42179 0.86733 -0.12762 0.00076532 0.28043 -0.94376 -0.15163 0.55828 -0.23051 -0.67676 -0.99457 -0.24962 1.4952 -0.16344 -0.44709 -0.19649 -1.1294 0.34109 0.34099 0.95762 -1.474 1.9115 -1.9748 -0.15947 -0.62377
-1.5658 0.56135 0.64762 0.099646 0.44785 -0.33573 -0.55749 0.20651 1.5569 -2.3745 0.63354 -0.73847 -0.29558 0.38625 0.22706 -0.063058 0.2022 -0.39424 0.49833 -0.65323 0.43383 0.27096 0.85655 -1.4355 -0.88023 -0.55612 2.3966 -0.87388 -1.4307 -0.98482 -1.2692 -0.38811 0.67888 0.93671 -1.0781 1.4056 -1.0055 -0.057003 0.68304
-1.5386 0.44025 1.0099 -0.36689 0.24893 -1.02 0.37748 0.074371 0.40146 -1.3387 -0.19296 -1.3169 -0.43435 1.4132 -0.70075 -1.106 -0.9402 -1.1561 -0.45406 -0.49195 0.67606 -0.042329 1.6173 -0.5082 -0.77119 0.38641 2.4412 -1.2467 -1.8968 -1.3162 -0.59969 -0.95463 0.65774 -0.16687 -0.5158 0.63446 0.21832 0.22862 1.8238
-1.3907 0.68719 0.87565 -0.31284 -0.31587 -0.69975 -0.34488 0.98977 0.40375 -0.62635 0.61359 -1.2707 -0.5889 2.6882 -1.0376 -1.7483 -1.7832 -1.3765 -0.97654 -0.3277 0.58862 -0.27598 1.2309 -1.1887 -0.94554 1.3759 1.397 -0.82725 -1.1209 -0.91659 0.49645 -0.66919 0.6225 -1.0463 -0.2361 -0.73958 0.94418 0.40293 1.9295
-0.31157 -0.01301 -0.79665 -0.74429 -0.18325 -0.63798 0.86274 0.39268 1.6926 0.63976 0.68115 -0.96989 0.010879 2.8527 -1.1572 -2.05 -1.7049 -0.57123 -0.91603 0.14287 -0.60973 -0.18477 0.92421 -0.33078 -0.49297 1.9943 -0.10565 -0.059489 0.023669 0.2385 1.5322 0.033366 0.6104 -1.6124 -0.25526 -1.8247 1.0671 0.50945 0.91168
0.75198 -0.64787 -1.0696 -2.2914 -1.1279 -1.8172 -0.72543 -0.11662 1.6496 1.1446 1.0864 -1.3974 0.93571 2.3305 -1.0122 -1.8199 -1.2097 0.16083 -0.6317 0.21023 -1.1261 -0.12294 -0.34697 0.47189 -0.18925 2.0359 -1.6767 0.57403 1.161 1.178 1.55 0.51404 0.16168 -1.3348 -0.62678 -2.0245 1.5205 0.56744 -0.44556
1.4111 -0.42747 -0.96736 -1.8433 -0.33517 -1.9167 -0.8693 -0.48554 0.34843 -0.40915 -0.77892 -1.8006 1.3701 1.3836 -0.8196 -1.0403 -0.779 0.72804 -0.57748 0.39643 -1.8424 -0.62174 -1.4276 0.9161 -0.098567 1.6611 -2.3028 0.99618 1.6482 1.6565 0.72748 0.96631 -0.27344 -0.38245 -0.75373 -1.4135 1.0272 0.53897 -1.5285
1.0418 -0.35729 -0.74171 -1.4162 0.010985 -1.1974 0.67868 -0.24495 0.79026 -1.4533 0.18537 -1.5102 1.4192 0.21106 -0.18926 0.021245 0.02556 0.65776 -0.13211 -0.16973 -1.5957 -1.2928 -1.8476 1.3962 0.028165 0.75852 -1.9595 0.97961 1.5018 1.3643 -0.29569 1.0477 -0.78186 0.23395 -0.22897 0.0023709 0.65794 0.60521 -1.9108
0.58549 -0.42434 -0.83534 -1.5058 0.40852 -1.5303 0.68988 -1.0356 0.3292 -1.1954 1.5755 -1.3194 1.2713 -0.49615 0.197 0.26525 0.87802 0.43052 0.75557 -0.22853 -1.2023 -1.0854 -1.2939 1.3778 0.51026 -0.056841 -0.93586 0.83127 0.92048 0.77738 -1.0207 0.80399 -1.4397 0.74938 0.42484 1.0908 -0.077853 0.72123 -1.6618
0.47895 -0.51152 -0.91588 -1.5387 0.34002 -1.4722 0.10485 -1.6731 0.33565 -1.7503 2.2423 -1.2309 1.2636 -0.48184 0.21578 0.47423 0.59517 -0.22363 0.78654 -1.0274 -0.99637 -0.34215 -0.40228 1.6351 0.75551 -0.46788 0.12321 0.70383 0.42374 0.26744 -1.1656 0.41912 -1.1051 0.85094 0.80099 1.5183 -1.2138 1.1277 -1.1678
0.53568 -0.42406 -0.9186 -1.3077 -0.11643 -1.2746 -0.5789 -1.5511 -0.034966 -1.336 2.0536 -1.1811 1.1297 -0.065406 0.45114 0.53292 0.43021 -0.62818 0.55883 -2.004 -0.62432 -0.25922 0.15224 0.64305 1.0273 -0.65029 0.50473 0.72851 0.15094 -0.0058067 -1.0149 -0.092729 -0.38957 0.66925 0.23729 1.2951 -1.88 1.2817 -0.91821
0.60188 -0.27017 -0.62128 -0.97517 -0.53203 -0.67172 -1.2177 -1.3084 -0.13708 -1.048 1.4018 -0.73644 1.0525 0.22472 0.93096 0.70687 0.75362 -0.86234 0.78947 -1.4606 -0.15656 -0.12651 0.63148 -0.77929 2.1014 -0.9998 0.31436 0.84665 -0.082832 -0.025333 -0.12638 -0.21412 0.88893 0.29176 -0.29137 0.7771 -2.0327 1.1903 -0.88744
0.82615 -0.12559 -0.25607 -1.0957 -0.21907 -0.80912 -1.3242 -1.5713 0.38556 -1.5157 1.678 -0.63241 0.86078 0.10892 1.1305 0.43004 0.77254 -1.0371 0.55004 -0.79913 -0.27049 -0.72513 0.92156 -1.3591 2.488 -1.4067 -0.086043 0.58464 -0.48033 -0.1022 0.54087 -0.39934 1.6266 -0.13506 -0.39477 0.38196 -1.2201 0.65883 -0.74728
0.71775 0.11782 -0.36648 -1.0758 -0.48765 -0.85315 -1.6997 -1.2321 0.37419 -1.0969 1.7512 0.22112 0.6491 0.02544 1.3767 0.34546 0.35985 -0.25731 0.34324 0.069196 -0.60373 -0.68329 0.85521 -1.6292 2.4865 -1.6514 -0.30796 0.17196 -0.69027 -0.14504 0.76655 -0.5985 1.1864 -0.22737 -0.57211 0.054726 -0.34495 -0.4377 -0.30286
0.74482 0.6159 -0.27894 -0.48338 -0.66862 -0.54906 -0.89679 -1.6104 -0.10648 -0.10502 0.40955 2.35 0.056376 -0.13675 1.2643 -0.25102 0.41372 -0.0057585 -0.037487 0.36464 -0.71552 -0.75875 0.85085 -1.4882 2.195 -1.6395 -0.2878 -0.34858 -0.1972 0.087851 0.37077 -0.33409 0.66495 -0.04618 -0.21941 -0.38156 0.20413 -0.99392 0.32523
0.50152 0.55964 -0.73556 -0.61792 -1.3096 -0.821 -1.1927 -2.1743 -1.258 -0.42939 0.39153 1.8038 -0.29925 -0.24765 1.1683 -0.33153 0.63649 -0.059683 -0.1359 0.235 -0.44009 -1.2372 0.78856 -1.4301 1.3363 -1.4163 -0.15305 -1.086 0.17717 0.027314 -0.3123 0.015313 -0.036373 0.45858 0.42141 -0.52187 0.81608 -1.7034 1.0689
0.67554 1.0822 -0.28114 -1.0788 0.065394 -0.59728 -0.61234 -2.1423 -0.51063 -0.24418 -0.2448 1.8358 -0.53384 -0.31119 0.61588 0.36261 0.78976 -0.50742 0.10114 0.38139 -0.48294 -0.88038 0.15835 -1.0191 0.99912 -0.95173 0.077749 -1.7253 0.63119 -0.47837 -0.57267 0.13077 -0.32969 0.68832 1.334 -0.41291 1.1353 -1.9294 1.7198
0.51948 0.8955 -0.90139 -0.36794 -0.44485 -0.91394 -1.1246 -2.0186 -0.53393 -0.15368 0.036772 2.1259 -0.51414 -0.18641 -0.22548 0.37151 0.20986 -0.56867 0.2867 -0.039564 0.19519 0.20861 0.10961 -0.13706 -0.44943 -0.1139 0.22475 -2.0896 0.44986 -0.9457 -0.70307 -0.020044 -0.46751 0.72885 1.7289 -0.2329 1.2636 -1.7926 2.0369
0.5209 1.1577 -0.44998 -0.1847 -0.59431 -1.0379 -1.3338 -1.724 -1.3728 -0.27519 0.060273 1.3329 -0.59622 -0.025237 -1.0987 0.62629 -0.31653 -0.76728 -0.0042976 -0.16886 0.35805 1.1484 0.3278 0.26341 -0.91421 0.73626 0.30245 -1.6873 -0.031856 -1.2709 -0.22348 -0.28207 -0.37987 0.56425 1.4708 -0.097588 0.88204 -1.6299 1.791
0.2827 0.6756 0.38447 0.11049 -1.7983 -0.31174 -0.65963 -2.1483 -0.8054 -0.68459 -0.017536 3.0813 -0.47593 0.032516 -1.6802 0.40763 -0.66109 -1.1731 -0.14138 -0.42866 0.6146 1.1569 0.22018 0.59654 -1.4257 1.3247 0.24651 -0.77019 -0.47033 -0.88572 0.26675 -0.40336 0.042597 -0.0011164 0.81806 -0.35211 0.28282 -0.97646 1.0848
0.59527 0.13358 -0.37317 -0.87418 -1.2149 -0.18929 -1.1109 -1.3515 0.28176 0.35548 0.3042 0.62949 0.0016304 0.15102 -1.6492 0.26493 -1.2567 -0.61259 -0.26889 -0.19241 0.44149 1.5453 -0.095789 0.47947 -1.8943 1.4811 0.17197 0.35816 -0.7131 -0.22395 0.87317 -0.29049 0.25461 -0.19126 0.13279 -0.61788 -0.11477 -0.54657 0.17536
0.58583 -0.57875 -0.090825 -1.4976 -1.4832 -1.3182 -1.3819 -1.917 0.59256 0.12366 0.6042 0.18587 0.59728 0.19019 -1.3166 -0.39272 -1.0544 -0.19889 -0.4085 0.025395 0.1162 1.6232 -0.41314 0.35995 -1.9872 1.423 0.051913 1.2458 -0.33601 0.65957 0.94867 -0.029444 0.48682 -0.32827 -0.49466 -0.77283 -0.61343 0.50803 -0.69644
0.66548 -0.41267 -0.19199 -1.3189 -1.303 -0.90687 -1.419 -1.0801 0.49226 -0.108 0.55237 0.085596 0.80248 0.21816 -0.64616 -0.39754 -0.5696 0.24978 -0.47171 0.069573 0.17601 1.1774 -0.64947 0.15047 -1.7706 0.99591 -0.072955 1.5833 0.0015206 1.3118 0.36851 0.45022 0.40293 -0.42163 -1.2586 -0.41453 -0.93722 1.6121 -1.3353
0.60075 -0.40653 -0.49271 -1.4038 -1.2548 -1.2148 -1.2423 -1.617 0.84144 -0.72131 0.51357 -0.4313 0.74068 0.091682 0.026621 0.059025 0.2607 0.031497 -0.11703 0.35736 0.032236 0.36605 -1.123 -0.51904 -0.4397 0.34181 -0.088475 1.4039 0.33483 1.3461 0.025795 0.50958 0.23022 -0.53336 -1.7186 0.32366 -0.92367 2.1786 -1.6476
0.6368 -0.1482 -0.57668 -0.97961 -1.3 -1.0224 -0.80748 -1.911 0.70013 -1.0042 0.3858 -0.71123 0.771 0.054314 0.48593 0.025304 0.6172 -0.10328 0.47098 0.39549 -0.42508 -0.30694 -0.60677 -1.0422 0.66727 -0.32827 -0.11111 0.9847 0.246 0.92819 -0.122 0.42417 -0.10783 -0.29044 -2.0168 1.1431 -0.67688 2.128 -1.4973
0.65324 -0.2792 -0.0048594 -0.90379 -1.3178 -0.74187 -0.7819 -1.4981 1.1792 -0.94152 0.2828 0.11094 0.67536 0.096488 0.60594 0.039861 0.9502 0.004775 0.12492 0.28047 -0.7233 -1.0223 0.25328 -0.97637 1.3028 -0.81443 -0.2428 0.63633 -0.0020025 0.21971 0.10831 -0.086352 -0.46722 -0.023216 -2.0977 1.344 0.094886 1.1494 -1.1353
0.72857 -0.1114 -0.21607 -0.89598 -1.2508 -0.78296 -0.99297 -1.264 0.53989 -1.1569 -0.50068 -0.069092 0.54911 -0.0031458 0.80949 0.080738 0.87241 0.032661 0.24065 -0.13132 -0.082957 -2.1041 1.0749 -1.0344 1.7622 -1.0611 -0.3107 0.56016 0.079906 -0.19029 0.42303 -0.27279 -0.47221 0.42944 -1.8357 0.81364 0.99763 -0.17385 -0.66988
0.62566 -0.0089906 -0.20625 -0.79763 -1.6838 -0.64074 -1.0188 -2.6585 -0.1836 -0.45165 -0.78478 1.6358 0.2266 -0.35022 0.99245 0.010599 0.54459 0.13449 -0.19313 -0.31744 -0.22188 -2.8705 0.87151 -0.31317 1.3894 -1.2897 -0.41001 0.46409 0.3545 -0.38676 0.57996 -0.014048 -0.50524 0.46886 -0.64216 -0.057243 1.1373 -1.0734 -0.25041
0.79586 0.32433 -0.44827 0.015502 -1.0101 -1.1377 -0.94347 -2.022 -0.83818 0.36965 -0.31702 1.4803 -0.17684 -0.32276 1.2852 0.18086 0.43565 0.55139 0.064559 -0.25348 0.17903 -3.0014 0.80316 0.73477 0.25906 -1.2694 -0.37891 0.14696 0.60477 -0.054234 0.59506 0.22798 -0.21217 0.4994 1.0952 -0.75299 0.64794 -1.7363 0.13981
0.49674 0.54399 -0.38958 -0.48049 -1.2485 -0.71054 -1.3616 -1.2966 -1.9165 0.67316 -0.81376 1.6411 -0.29727 -0.53399 1.1903 0.67262 0.40284 0.73847 0.16681 -0.67059 0.082203 -1.8393 0.27519 0.54124 -0.17408 -1.1508 -0.38731 -0.42864 0.70803 0.41887 0.41569 0.72741 0.35903 0.75648 2.0926 -0.80717 -0.17417 -1.5753 0.49007
0.06798 0.82015 -0.23566 -0.55176 -1.1508 -1.3239 -1.1114 -2.2108 -2.5524 -0.57799 0.41118 0.93792 -0.55053 -0.64209 0.97046 0.92643 0.82302 0.75006 0.50028 -0.39698 0.76477 -0.46024 -0.20528 -0.08861 -1.058 -0.88431 -0.4004 -1.2041 0.22154 0.69161 0.24248 0.71086 0.87874 0.89776 2.6158 -0.64146 -0.32785 -0.51075 0.69657
0.53681 1.0688 0.35434 -0.42722 -0.44307 -0.24596 -1.1303 -0.93751 -2.22 0.15377 1.2302 0.028103 -0.59409 -0.93744 0.38911 1.0183 1.149 0.74189 1.0309 0.42284 1.0177 -0.015529 -0.31661 -0.25766 -1.2205 -0.61962 -0.18837 -1.4418 -0.35384 0.58661 0.30998 0.59922 1.359 1.2336 2.2131 -0.090223 -0.19399 0.25641 0.74339
0.038975 0.99893 0.42695 -0.20295 -0.58072 -0.66937 -2.2669 -2.1586 -1.2376 -0.58831 -0.94555 0.77926 -0.75267 -0.89295 -0.44993 0.42845 1.3901 0.9545 1.0412 0.87896 1.5364 1.2438 -0.2445 0.45482 -0.28065 -0.30897 -0.25743 -1.1846 -0.71188 0.15672 0.45862 -0.20676 0.96249 0.81071 1.578 0.26018 0.17813 0.98538 0.50101
-0.075008 0.99187 0.46415 0.86072 -0.76564 -0.13202 -1.052 -1.1328 -0.75561 -0.07546 -1.2222 0.20697 -0.80655 -0.77515 -0.65669 0.20659 1.243 1.1587 1.081 1.3045 2.2174 1.672 0.11145 -0.12833 -0.036241 -0.13 -0.1937 -0.49058 -0.57159 -0.42935 0.57728 -0.46809 0.48571 0.37557 0.95807 0.3133 0.47855 0.54815 0.26318
-0.55286 0.61686 0.4135 1.1404 -0.065077 0.28625 0.092433 -0.088714 -2.0975 0.18358 -0.1209 -0.31755 -0.83149 -1.2218 -0.60777 -0.089303 1.0652 1.3232 0.042334 1.0042 1.8097 1.8073 0.13484 0.23157 0.38667 -0.24722 -0.21441 0.2881 -0.25857 -1.129 0.34696 -0.53624 -0.082709 -0.51828 -0.085832 -0.21836 0.22162 -0.19367 0.039924
-0.54248 -0.051053 -0.16985 0.54468 0.0056394 0.22624 -0.3898 0.45079 -0.22819 -0.28284 1.319 1.7695 -0.56737 -1.1498 -0.40251 0.13244 0.46303 1.5459 0.57298 1.2751 1.6242 1.5918 0.15967 0.87068 -0.42318 -0.18716 -0.0035206 0.78086 -0.02659 -1.3568 -0.25521 -0.78992 -0.42745 -1.3658 -0.46705 -0.4799 0.14706 -0.58826 -0.040815
-0.45385 0.59115 0.44529 0.66221 0.64587 0.16988 0.28911 0.63199 -0.25479 -0.26 -0.18104 0.054857 -0.76304 -1.122 -0.066862 -0.061509 -0.42643 1.3478 0.20105 0.70319 0.72421 1.115 -0.72165 0.43161 -0.49315 -0.20998 0.40326 1.0266 0.40899 -1.185 -0.67088 -0.57488 -0.07219 -1.2986 -0.96357 -0.57677 -0.17723 -0.89856 0.06212
-1.2457 0.66739 0.39754 1.0812 1.0697 -0.85692 -0.99554 0.31755 0.55938 0.3414 0.36748 0.87348 -1.0891 -0.8383 0.45674 0.12346 -0.65985 0.68375 -0.60166 0.59415 -0.10475 1.0977 -0.46382 0.091122 -0.81981 -0.2203 0.40479 0.63704 0.37536 -0.74678 -1.1657 -0.69582 -0.085778 -0.93458 -1.0628 -0.75326 0.15002 -0.34632 0.27539
-1.3469 0.54712 0.66675 0.67199 0.97949 0.97261 0.24958 -0.093224 0.44946 -0.32456 -0.15559 -0.7654 -0.9062 -0.6132 0.78218 0.70553 -0.6885 0.56709 -0.54209 1.1746 -0.051266 0.15508 -0.76082 0.25873 -1.2814 -0.12117 0.41294 0.082922 0.42224 -0.09585 -0.85493 0.084342 0.3218 -0.12608 -1.2196 -0.60605 0.55522 0.10996 0.44965
-1.393 0.68501 -0.0043549 0.20644 0.8188 0.15406 0.48212 0.3879 -0.49489 -1.5538 0.030177 -0.33265 -0.94109 -0.63687 0.30185 0.47289 -0.87053 -0.11333 -0.46992 0.84289 0.040624 -0.023192 -1.3996 1.2828 -0.75128 0.25326 0.61294 -0.53891 -0.094147 0.3065 -0.57189 0.41615 -0.30914 0.34421 -0.84149 -0.037982 0.40782 0.68228 0.43811
-1.2439 0.90494 0.42069 0.14185 0.62549 -1.1419 0.73576 0.010956 0.032124 0.029299 0.93034 -0.52959 -0.91062 -0.43982 0.15693 0.58028 -0.52214 0.23838 0.28649 1.175 0.35534 -0.72848 -1.5228 1.0138 -0.30431 0.34474 1.2441 -1.1201 -0.80437 0.13897 -1.1086 0.14608 -1.4713 -0.085315 0.091108 1.267 -0.30253 0.74746 0.64553
-1.105 1.0437 1.1218 -0.090729 1.2198 -0.32684 1.2319 0.76429 0.22716 -1.542 1.2413 -0.38554 -0.72412 0.24022 -0.18687 -0.016458 -0.16305 -0.16655 -0.1987 -0.036827 0.37018 -0.11911 -0.15624 0.58156 0.10051 0.31794 1.9242 -1.3821 -1.0866 -0.2133 -1.4022 -0.071099 -1.9206 -0.69775 0.52792 1.9558 -1.2108 0.52123 0.90822
-1.7642 0.7254 0.80608 0.0085897 0.4574 -0.42621 0.368 0.40607 0.043308 -2.2721 1.5654 -0.91394 -0.56787 1.3199 -0.96019 -0.65391 -0.78747 -1.3564 -0.40249 -1.2762 -0.42776 0.38297 1.2908 -0.016784 -0.16338 0.98274 2.1123 -1.393 -1.3232 -0.78475 -2.1055 -0.73124 -2.2555 -1.3297 0.89459 2.1249 -1.1586 0.30912 1.1035
-1.8803 0.69037 0.86615 0.65729 1.7618 0.78792 1.0882 0.59503 -0.88819 -1.7938 0.9451 0.28687 -0.79291 2.1551 -1.5909 -1.071 -1.1669 -1.7779 -0.28609 -1.6959 -1.0485 0.46213 1.3165 -0.73852 0.25342 1.5328 1.6578 -0.6106 -0.75069 -0.84904 -1.6307 -0.6259 -1.3763 -1.2333 0.63501 1.1849 -0.90393 0.33922 0.81308
-0.40446 0.28829 -0.079068 0.11682 0.096999 -0.0984 -0.12544 0.40244 0.45297 0.27845 0.24821 -0.82408 -0.57118 2.6341 -1.6118 -1.5205 -1.5585 -2.6437 -1.1554 -2.4112 -1.7253 0.74481 2.2198 -0.753 0.25495 1.6794 0.60609 0.69829 0.070265 -0.25475 -0.57139 -0.48202 -0.38784 -0.60305 0.31552 -0.15533 -0.29685 0.34278 -0.084991
0.75193 -0.39793 -0.66334 -1.4837 -1.6335 -1.7271 -1.5527 -0.64643 0.34879 1.3284 0.55865 -0.74015 0.54495 2.7456 -0.94445 -1.0814 -1.4406 -2.3832 -1.0964 -2.1753 -1.5714 0.95215 1.8798 -0.94145 0.58942 1.4007 -0.91174 1.8544 0.86572 0.61569 0.90654 0.39594 0.69385 -0.025718 -0.35459 -1.1205 0.36855 0.078989 -1.1845
1.0596 -0.65772 0.14775 -1.127 -0.79601 -0.90082 -0.76822 -1.118 0.72578 0.28834 0.29115 0.25419 0.87824 2.1768 -0.045956 -0.52683 -1.1601 -2.0676 -0.9827 -1.8204 -1.4507 0.7603 0.68882 -0.52953 0.37409 0.89937 -2.5041 2.2824 1.3436 1.6135 2.6525 1.3426 1.6751 0.95335 -0.75694 -1.826 0.62082 -0.10929 -2.1255
1.018 -0.37584 -0.42115 -1.508 -1.9405 -1.4785 -2.1344 -1.2295 0.83834 0.78577 0.65604 -0.24112 0.75137 0.63436 0.91366 0.12384 -0.18595 -0.50369 0.40427 -0.67171 -1.274 -0.24432 -0.26971 -0.064905 0.35279 -0.16163 -3.3543 1.7677 1.1005 1.8943 3.1122 1.07 2.1216 1.6965 -0.8314 -1.1822 0.87639 -0.68777 -2.3365
0.90521 0.16613 -0.18634 -0.80259 -1.3978 -0.83728 -1.7856 -0.98675 0.69588 0.30768 -0.21361 0.42742 0.32644 -1.1036 1.5055 0.51173 0.93125 1.0221 0.77088 0.064704 0.066359 -0.14886 -0.54228 0.12469 0.14213 -1.28 -3.0787 0.62976 0.82354 1.6367 3.1454 0.83855 2.4347 1.8165 -0.58877 -0.48924 0.76005 -0.99824 -1.675
1.1928 0.68563 -0.013043 -0.87054 -1.1466 -0.76646 -1.3933 -1.1593 0.29627 -0.036145 0.12393 0.14057 0.086144 -2.0329 1.4135 0.55441 1.1758 1.4789 0.15631 0.97811 1.1502 -0.23196 0.013551 0.58497 -0.72426 -1.6215 -1.7806 -0.55997 0.22924 0.93416 1.9252 0.18653 2.0257 1.3768 -0.011377 -0.16128 0.48217 -1.2391 -0.40151
0.52801 0.82157 -0.20927 -0.74162 -0.99263 0.02548 -1.2991 -1.8209 -0.0082304 0.5997 0.5807 -0.66348 -0.35665 -2.3814 0.82009 0.86632 1.3211 2.4059 0.80629 2.0596 1.0659 -0.40626 -0.47599 0.75434 -1.1603 -1.3185 -0.38832 -1.295 0.17457 0.29648 0.38616 -0.021167 1.1923 0.47566 0.15571 -0.19055 0.14475 -0.65829 0.67388
-0.99966 0.78478 0.26366 -0.22189 0.23489 -1.0697 -1.3293 -0.043188 0.70418 0.19336 0.81365 0.066185 -0.60536 -2.1371 0.26279 0.38218 1.4175 2.1423 0.74296 2.2403 1.0439 -0.13773 -0.63577 0.64462 -1.5678 -0.84887 0.65436 -1.2804 0.25857 -0.13355 -0.65058 0.005579 0.12644 0.039301 0.51564 -0.34546 -0.35143 0.42527 1.0933
-1.2403 0.71843 0.59354 0.18028 0.50908 -1.167 0.53844 0.69402 0.56854 0.64767 1.1539 -1.2545 -0.77111 -1.8003 -0.21603 0.92559 1.371 1.3457 0.41711 1.7226 1.0701 0.11132 -0.61213 0.40949 -0.80465 -0.48017 1.2658 -0.84032 0.015725 -0.48378 -1.4471 -0.16138 -0.70232 -0.24043 0.39895 -0.00016845 -0.57127 0.90731 0.92333
-1.2378 0.59628 0.37044 0.075133 1.0212 0.42487 0.53712 -0.56586 -0.04385 -0.56818 1.101 -1.7636 -0.54778 -1.079 -0.33943 1.0183 0.87669 0.85722 0.34413 1.3628 1.1946 0.5261 -0.63893 0.028371 -0.025701 -0.11641 1.258 -0.3762 -0.18594 -0.57404 -1.1772 -0.1081 -1.2083 -0.42767 0.017315 0.10397 -0.59104 1.1468 0.53785
-0.84905 0.69896 -0.096006 0.89298 0.83713 0.22292 0.93091 -0.10828 0.43805 -0.7675 0.30118 -1.7105 -0.56791 -0.49732 -0.36947 0.56254 0.63744 0.50822 0.66384 1.1029 0.45742 0.048644 -0.46822 -0.12896 -0.056269 -0.059555 0.93361 0.041617 -0.5352 -0.61441 -0.81475 -0.024387 -1.155 -0.1095 -0.0057477 0.26915 -0.42811 1.1335 0.16986
-1.1493 0.4662 1.3763 0.48776 0.0027663 -0.58535 0.043115 0.037851 0.4555 -0.23101 1.0804 -0.40357 -0.61434 -0.39027 -0.32823 0.18001 0.65494 0.49137 0.38467 0.17077 0.42921 -0.071933 -0.48235 -0.31914 0.42918 -0.11244 0.37098 0.21372 -0.34344 -0.62152 -0.39318 0.12583 -1.2857 -0.24058 -0.39513 0.53587 -0.29193 0.93053 -0.082784
-1.5047 0.46952 0.93057 0.17773 0.73405 -0.094481 0.45628 0.80613 1.2407 -0.066738 0.7565 -0.26188 -0.61603 -0.36649 -0.14852 0.27181 0.2742 0.090635 0.32993 0.043036 1.1909 0.39933 -0.1174 -0.30705 1.3115 -0.18307 0.23183 0.41218 -0.3144 -0.66558 -0.30599 0.13165 -0.92366 -0.28152 -0.49227 0.3297 -0.38542 0.44955 -0.069584
-1.7763 0.37278 0.61162 0.82841 1.4269 -0.14793 1.1538 0.62071 0.17126 -0.47589 0.82602 -1.1827 -0.78659 -0.44176 -0.071634 0.46915 -0.16312 0.36285 0.74566 -0.63702 0.2944 -0.42788 0.32007 -0.48644 1.2136 -0.2002 0.34678 0.3707 -0.056082 -0.62828 -0.69835 -0.1376 -1.0021 -1.1743 -0.29638 0.044261 -0.3077 -0.36982 0.10194
-1.3877 0.39176 0.37419 1.1351 1.2427 0.067252 0.62135 0.48164 -0.0027165 -0.71268 0.52854 -1.1438 -0.78668 -0.034904 0.23239 -0.21924 -0.26049 0.021286 0.7296 -0.31899 -0.093416 -0.74351 -0.16896 -0.84581 0.4782 -0.13799 0.34444 0.1338 -0.045652 -0.7455 -0.79326 -0.34092 -1.1305 -2.0244 -0.3348 -0.4391 -0.13078 -0.59527 0.31276
-1.3506 0.58141 0.74533 0.31236 0.46642 1.021 0.44491 1.2529 1.13 -0.75895 0.40258 1.125 -0.65659 0.10035 0.13793 0.2981 -0.31227 -0.70905 -0.10929 -1.6266 -1.3967 -0.08448 -0.35687 -0.68679 0.074912 0.044583 0.2197 -0.011758 -0.17576 -0.72408 -0.66749 -0.72372 -0.32592 -1.6701 0.20784 -0.53637 0.13403 -0.69446 0.41171
-1.5744 0.5262 1.2657 0.39163 1.0782 0.56042 -0.72681 -0.19616 -0.47166 0.55808 -0.17753 0.34638 -0.82435 0.014392 -0.016749 0.25048 -1.1133 -0.77394 0.055229 -1.6902 -2.1929 -0.43206 -0.69657 -0.47178 0.64282 0.24514 0.053174 -0.186 -0.26404 -0.3761 0.099482 -0.78689 0.48568 -0.93026 0.58646 -0.45549 0.51523 -0.78201 0.34084
-1.3109 0.74679 0.7404 0.037384 0.14891 0.01886 0.39105 0.33398 -0.23032 -0.90624 0.086589 -0.48488 -0.75348 -0.052924 0.031404 -0.12932 -1.1572 -0.42083 -0.38761 -0.61488 -2.1511 -0.17354 -0.53851 -0.38139 -0.31222 0.33297 0.11945 -0.10321 -0.68291 0.078395 0.54624 -0.11753 1.8128 0.50635 1.0638 -0.18368 0.70065 -0.49785 0.17387
-1.5681 0.40489 1.0239 0.37705 0.27586 -0.60268 -1.9674 -1.5436 1.4793 -0.9835 0.059555 -1.0564 -0.54679 0.13688 -0.044834 -0.54335 -0.58307 0.032749 -0.72846 0.089929 -1.6786 0.45749 -1.0303 0.095364 -0.95313 0.31782 0.39873 0.0045762 -0.45226 0.96541 0.299 0.075353 1.5369 1.2659 1.3046 0.54262 0.64527 -0.12677 -0.13094
-1.644 0.27906 0.57875 -0.63663 0.68608 0.72625 -0.61534 -2.0814 -1.2462 -1.7983 0.2681 0.76704 -0.49115 0.26095 -0.031723 -0.6694 -0.44021 -0.1781 0.02872 0.97878 -0.63965 1.5683 -0.57006 0.51351 -0.16328 0.3144 0.87823 -0.54666 -0.40669 0.71746 -0.53584 0.45443 1.0731 2.2323 0.8336 1.2554 0.54055 0.9338 0.087788
-1.2936 0.68467 0.34459 -0.37087 0.5593 -0.13295 0.45266 -1.1214 0.56693 -0.69878 -0.24782 -1.159 -0.41563 0.61317 0.022245 -0.38873 0.38717 -0.39197 -0.019663 0.47211 -0.36066 1.2692 0.46783 0.44816 0.301 0.024118 1.2658 -1.3054 -0.56418 -0.048416 -1.3955 0.080493 0.28787 2.3513 0.6439 1.3988 0.11416 1.1898 0.85772
-1.1742 0.55474 0.51631 -0.032917 0.71107 -0.21269 0.16268 -0.65554 1.6782 -1.9341 0.59831 -0.48171 -0.46866 1.3813 -0.97212 -1.026 -0.26465 -1.1603 0.15207 1.2512 1.7801 1.0643 1.3612 0.58934 0.99067 0.63448 1.3579 -1.8498 -0.70583 -0.74538 -1.1841 -0.20863 -0.1976 1.5469 -0.13404 0.36249 -0.35039 0.97204 1.6778
-1.2744 0.50602 0.53882 -0.12543 0.27664 0.59918 0.62568 -0.93054 1.6909 -0.11614 0.66702 -0.00097299 -0.51597 1.9899 -1.8899 -1.4952 -0.77982 -1.9264 -0.64655 0.48386 1.9482 1.9792 0.95473 0.30773 0.9303 1.6675 0.98813 -1.6278 -0.65385 -1.153 -0.36611 0.11003 0.057856 0.64275 -0.48275 -0.73666 -0.84082 0.42037 2.0915
-0.52759 0.62302 0.44004 0.89294 -0.60823 -0.52434 -0.63797 -1.2456 1.1845 -0.34511 0.51822 -0.085663 -0.73789 2.1619 -2.3562 -1.5258 -1.3186 -1.4926 -0.094522 0.559 1.3759 0.94941 -0.044014 -0.1431 1.5312 2.4456 0.24173 -0.60141 -0.0027277 -0.4975 0.95561 0.54051 0.015686 -0.66371 -0.67677 -1.5722 -0.9767 -0.2423 1.4481
0.24114 -1.3967 -0.63294 -1.212 -1.0097 0.27251 0.56041 1.4198 1.6036 0.97786 0.82957 1.3962 0.74265 2.1053 -2.1728 -1.4459 -1.339 -0.88179 0.3065 0.90108 1.1382 0.37532 -0.3735 -0.94399 0.89694 2.7996 -0.55607 0.49953 0.67157 0.25221 2.1078 1.2858 0.62212 -1.1083 -0.92697 -1.1506 -0.58918 -0.66817 0.21321
0.80579 -1.527 -1.1946 -1.8278 -1.5608 -0.73789 0.56305 0.34147 2.1826 -1.2451 0.22973 1.063 1.6914 1.7792 -1.8978 -1.0728 -0.96578 -0.034753 0.74237 1.0435 0.77501 0.53236 -1.2771 -0.82898 0.50063 2.6171 -1.0612 1.5495 1.1728 1.4256 2.1874 1.1386 0.35081 -1.6789 -0.62911 -0.2309 0.055506 -1.3794 -1.2295
0.88843 -1.2459 -0.62464 -1.255 -0.38622 0.12273 1.3463 0.2066 2.1488 -1.5919 -0.34528 0.85668 1.9258 1.1118 -1.2341 -0.41319 -0.48163 1.0009 1.4976 1.4218 -0.08261 0.36065 -0.84387 -0.57841 0.056552 1.9571 -1.2405 1.6038 1.1658 1.8299 1.6543 0.93243 -0.11643 -1.5281 -1.205 1.0215 0.67468 -1.1974 -2.0717
0.84183 -1.2057 -0.53313 -0.85368 -0.23046 0.76778 1.1282 0.35827 1.7774 -1.4682 -0.59343 0.61849 1.9023 0.62355 -0.078758 0.25544 1.0051 1.3609 1.5771 0.95119 -1.5272 -0.28317 -0.28827 -0.19897 -0.91117 0.70325 -0.94849 1.0479 0.60497 1.4488 0.67765 0.18418 -0.53493 -0.7025 -2.0815 1.8887 0.90975 -1.0054 -1.9949
0.89455 -1.509 -0.57614 -0.73503 -0.23656 1.2434 1.327 -0.02059 2.1661 -1.3823 0.077324 0.85436 1.8248 0.3052 -0.2392 0.17386 1.2126 1.286 1.7425 0.69116 -0.91169 -1.592 1.2887 0.17026 -0.88271 0.11058 -0.44373 0.29239 -0.14165 0.77276 0.10055 -0.84064 -0.56886 0.36625 -2.1503 1.4423 0.94931 -0.55164 -1.2487
1.085 -1.4803 -0.50281 -0.63984 0.39363 1.2794 1.5857 -0.43069 1.6522 -0.58416 0.095343 0.54902 1.8326 0.36284 -0.53784 -0.18918 0.98449 0.98602 0.9716 0.33889 -0.30093 -2.5944 1.6384 0.72035 -1.1174 0.029573 -0.23752 -0.20703 -0.60063 0.097907 0.094661 -1.303 -0.49615 1.3271 -1.4224 0.28926 0.62147 0.44424 -0.31515
1.2079 -1.4739 -0.70354 -0.30902 0.29839 1.6647 1.8349 -1.0174 1.3673 -0.15682 0.37253 -0.35702 1.8917 0.38741 -0.48682 -0.48718 1.0137 1.3458 0.095279 0.59205 0.028155 -2.7226 1.2349 0.96882 -0.98794 0.096548 -0.21429 0.033141 -0.54196 0.083039 0.1042 -1.4812 -0.70477 1.1228 -0.070571 -1.1676 0.31732 1.1576 0.044649
1.0764 -1.6863 -0.87848 -0.27647 0.29004 1.5021 1.4968 -0.37674 -0.46501 0.46311 -0.11251 -0.13599 1.9294 0.1219 -0.32273 -0.61609 1.2796 1.4782 -0.23231 0.0062787 0.71758 -2.5216 0.35398 0.71909 0.057111 0.15578 -0.20473 0.34128 -0.3771 0.086736 -0.012929 -1.2088 -0.73449 0.56107 1.2289 -1.5316 -0.30523 1.8245 -0.0056045
1.2991 -1.8408 -0.67086 0.048242 1.0203 1.403 1.6147 0.45267 -1.3116 0.46632 0.75123 -0.80674 1.9384 0.0095393 -0.28868 -0.69895 1.2113 1.2037 -0.64627 -0.54268 0.87048 -1.7672 -0.52015 0.8485 0.92366 0.12621 0.013634 0.48493 -0.47191 -0.11225 -0.46203 -0.82615 -0.46206 -0.11707 2.3002 -0.87842 -0.96508 1.6516 -0.23625
1.292 -1.7339 -1.15 0.38728 1.5977 0.76015 2.1731 0.10648 -0.67713 -0.21226 1.0614 -0.31869 1.9623 0.15391 -0.032464 -0.84423 1.0391 1.0167 -1.1016 -0.55169 0.40545 -0.64916 -0.70119 0.14867 1.7021 0.0050284 0.33014 0.51571 -0.73822 -0.43091 -0.87903 -0.3863 0.24116 -0.60105 2.8959 0.29682 -1.416 0.60939 -0.51394
0.9508 -1.7605 -1.1712 0.83873 1.6092 1.2004 1.0044 0.59125 -0.46357 -1.0026 0.81996 1.7093 1.9924 0.39097 0.2272 -1.3211 0.90109 0.75337 -1.1461 -0.057157 -0.093298 0.87606 -0.079789 -0.7657 1.6067 -0.24372 0.54484 0.51779 -0.75375 -0.56748 -1.3547 0.40382 0.53654 -0.64615 2.5798 1.2271 -1.6048 -0.71696 -0.74301
1.2008 -1.7592 -1.2514 0.6245 1.4391 0.53914 0.77421 0.10146 -0.61838 -0.94635 1.1891 1.3486 1.9734 0.55578 0.33308 -1.7786 0.58326 0.15337 -0.77565 0.20283 -0.080818 1.8659 0.76507 -1.442 0.97344 -0.56362 0.55612 0.42068 -0.50972 -0.81161 -1.7038 0.85534 0.3298 -0.37669 1.4696 1.4413 -0.91657 -1.9583 -0.83989
1.525 -1.5083 -1.6761 0.7582 1.3274 0.17436 1.3618 -0.54643 -0.13166 -0.29012 -0.19736 1.7182 1.8552 0.84363 0.44598 -1.736 0.32263 -0.74378 -0.016745 0.093776 -0.26011 2.0614 1.336 -1.7214 -0.20212 -0.89698 0.19785 0.36708 0.028932 -1.0268 -1.6005 0.93074 -0.33701 -0.027638 -0.0089082 0.95586 -0.0019865 -2.1411 -0.70789
1.6797 -1.5204 -2.3409 0.84645 1.6174 0.10676 1.9962 0.12989 0.47062 1.0617 -1.1129 1.3094 1.5649 0.98417 0.60338 -1.6595 -0.26209 -1.2224 0.032417 -0.015475 -0.32657 1.6557 1.6311 -1.2912 -1.4554 -1.1463 -0.26119 0.26516 0.68963 -1.1268 -1.3412 0.50059 -0.96261 -0.095346 -1.2771 0.059369 1.1034 -1.6137 -0.38977
1.8784 -1.5105 -2.6216 0.85458 1.4134 0.62693 2.0157 0.68013 1.5405 1.1491 -0.4637 0.33542 1.2837 0.54849 0.74225 -1.3404 -0.68446 -1.3663 0.29987 -0.633 -0.06264 0.96394 1.5056 -0.83511 -1.6196 -1.1981 -0.72916 0.32715 1.0291 -1.1039 -0.78737 -0.41443 -1.2945 -0.13859 -2.1234 -0.77515 1.7262 -0.48163 -0.0442
2.0769 -1.2341 -2.6634 0.90479 0.23626 1.2374 1.2682 -0.45686 1.7439 0.75099 -0.90299 0.14169 1.0332 0.19755 0.65443 -0.63223 -1.1154 -1.891 0.052752 -1.3353 -0.41206 -0.10272 0.81178 0.44583 -1.6658 -1.0989 -1.0532 0.46913 1.1422 -0.78776 -0.12693 -1.3409 -1.0696 -0.34151 -2.2608 -1.07 1.3511 0.58279 0.12257
2.0725 -1.0998 -2.6332 0.13697 0.019017 0.63231 0.40778 -0.072852 0.71026 1.1238 -0.3849 -0.37141 0.84387 -0.16344 0.99985 -0.23558 -1.4086 -1.7997 -0.87664 -1.7932 -0.53948 -1.2451 0.12069 1.051 -1.0995 -0.99835 -1.0295 0.58843 1.1003 -0.26448 0.68116 -2.042 -0.5124 -0.17756 -1.773 -0.80178 0.55716 0.88403 0.061434
1.7192 -0.88404 -2.7036 -0.24719 0.12839 0.43548 0.32633 -0.11849 0.31407 1.6671 -0.49103 -0.59233 0.77022 -0.67968 1.3057 0.025376 -1.4441 -1.2448 -2.0885 -1.5449 -0.83068 -1.6964 0.077973 0.61768 -0.51275 -1.0303 -0.94439 0.60564 1.422 0.7012 1.1554 -1.5198 0.16124 0.24486 -0.42261 -0.39248 -0.31349 1.1466 -0.12891
1.7991 -0.97382 -2.4725 -0.33939 -0.87885 0.042044 0.23188 -0.9282 0.027411 1.1905 0.30362 -0.60755 0.64724 -0.98732 1.4593 0.48546 -1.0484 -0.51997 -2.7456 -1.5543 -0.25618 -1.7341 0.19149 0.26104 -0.36928 -1.1241 -0.86156 0.48776 2.3043 1.3985 0.96955 -0.12029 0.70534 0.46022 0.90525 0.060777 -0.4613 1.2121 -0.32403
1.5475 -0.32007 -2.8216 -0.58349 -0.30479 -0.98984 -0.22667 0.036236 -0.55816 1.034 0.44487 -0.34639 0.36514 -1.2023 1.4979 1.7966 0.050672 -0.53475 -2.0809 -1.1709 -0.081316 -0.69102 -0.043153 0.19161 0.33999 -1.2628 -0.9118 -0.10081 2.8691 1.425 0.67307 1.3117 1.196 0.99557 1.1794 -0.1609 -0.40485 1.2117 -0.0019735
1.0609 0.025801 -2.5385 -0.67029 -0.33361 -1.8478 -0.14166 -0.99874 -0.11689 1.1464 -0.29084 -0.44232 0.027916 -1.5556 1.7679 3.4094 0.54363 -0.48262 -1.1398 -0.63824 0.0044442 0.037154 0.31572 0.30396 0.98059 -1.4523 -0.61608 -0.91351 2.2795 0.82547 0.27734 1.8749 1.7734 0.92296 0.93187 -0.7323 -0.34031 0.88092 0.69079
0.9765 0.27264 -1.9051 -0.38663 -0.38151 -2.093 -1.4131 -0.37791 -0.90925 1.4131 -0.72206 -0.74546 -0.21535 -2.145 0.97196 4.2086 0.51086 -0.10809 -0.27674 0.29309 1.0668 -0.25663 -0.31625 -0.24515 1.3181 -0.86957 0.22135 -1.7599 0.18979 -0.14877 0.066729 1.5679 1.6837 1.107 0.23352 -1.0239 -0.19979 0.2901 1.4671
0.58298 0.30579 -0.2215 0.43774 -0.8488 -1.1933 -0.74705 -0.013545 0.17141 1.2407 0.37778 0.45169 -0.45836 -1.7002 0.10179 3.7611 0.30883 -0.26772 0.097134 1.1326 1.0471 -0.11388 -1.2067 -0.2262 0.96207 -0.10477 1.2866 -2.1511 -2.3626 -0.60541 -0.069487 1.0197 1.1457 0.60303 -0.088324 -1.3912 -0.12498 -0.29906 1.7673
-0.16553 1.0281 1.0446 0.18119 -0.79068 -0.64879 0.037062 -0.55592 0.39368 2.2557 0.49382 1.0815 -0.79024 -0.7134 -0.79017 1.9786 -0.1357 -0.54372 0.42938 1.1881 1.6561 -0.15482 -1.4303 0.046618 0.94558 0.64571 2.0932 -1.4444 -4.0838 -0.57323 -0.0050196 0.39214 0.038844 -0.050772 -0.33074 -0.97282 -0.1247 -0.77367 1.22
-0.87834 -0.33787 1.0364 -0.26722 -0.57937 -0.96806 0.84666 1.2963 -1.2341 -0.34318 -0.45416 1.1643 0.088913 0.18162 -1.1659 -0.15474 -0.32327 -0.40375 0.53573 1.1126 0.92428 -0.18755 -2.0489 -0.094634 0.54252 0.90059 2.0518 -0.4974 -4.071 -0.050955 0.31823 0.13227 -0.90928 0.028377 -0.35746 -0.55705 -0.15029 -0.86601 0.33111
0.067181 -0.1605 -0.059848 -0.46502 -0.51119 -1.8812 0.95618 0.68434 -0.49209 -0.96528 -0.31421 0.17794 0.33846 0.90889 -0.95596 -1.9092 -0.3008 -0.066652 0.27301 0.34899 0.98808 -0.8715 -1.9362 -0.56306 -0.079787 0.77495 1.3544 0.79132 -2.1886 0.76972 0.58929 0.21351 -1.2606 -0.48302 0.31459 0.4414 -0.16126 -1.0385 -0.7625
0.83007 -0.79761 -0.96895 -0.63131 -1.3804 -1.2289 0.18751 1.1927 -0.2531 0.040275 -0.17793 0.87109 0.58707 1.4044 -0.69795 -2.3455 0.27748 0.030606 0.42282 -0.24565 1.405 -0.45991 -2.1197 -0.22731 -0.32419 0.41349 0.033447 1.6389 0.42355 1.0584 0.78257 0.27053 -1.1727 -0.51892 0.40164 1.5886 -0.1438 -0.88588 -1.4234
1.0696 -0.55229 -1.3013 -0.054802 -0.89148 -0.61244 -0.058816 0.2777 -0.72326 -1.3382 -0.26996 0.51724 0.25983 1.2578 0.3783 -1.2618 1.0431 0.24843 0.89638 -0.61373 0.38 0.60185 -0.45934 -0.21607 -0.77727 -0.45254 -1.1949 1.9303 2.3659 0.64887 0.53717 -0.08626 -0.57656 -1.0027 0.51558 1.8415 -0.19755 -0.40707 -1.5305
0.87402 -0.092117 -1.1152 0.16185 -0.63016 -0.60536 0.24101 1.466 -1.1756 -0.86028 -0.37179 0.73785 0.0082102 0.064605 1.0722 0.34063 1.0443 0.78492 0.74903 -0.71612 0.11819 -0.13211 0.56294 -0.56043 -0.94883 -0.9906 -1.6868 1.4924 2.5747 -0.14178 0.15468 -0.55824 -0.58486 -1.5365 -0.018822 1.7218 -0.2049 -0.081729 -1.0709
0.93479 -0.17727 -0.94537 0.27671 -0.55647 -0.49126 0.25376 2.3007 -0.50707 -2.0615 -0.040833 0.5038 0.0018713 -0.71187 1.581 1.3998 0.56036 0.47468 -0.081179 -0.5666 -0.48099 -0.018672 0.60492 -0.80186 -0.61556 -1.2164 -1.3051 0.53667 1.6918 -0.45284 -0.012793 -0.7615 -0.93803 -1.889 -0.59968 0.55759 -0.041151 0.045283 -0.30547
0.8595 0.070721 -0.39396 0.91263 -0.30204 -0.34146 0.010453 0.91273 0.27498 -0.32509 -1.0133 -0.79772 -0.26845 -0.8418 1.3463 1.3878 0.22863 0.16927 -0.22674 -1.4362 -1.383 -0.18643 0.97859 -0.35522 -0.57908 -1.0891 -0.37773 -0.074513 0.58449 -0.2511 -0.081048 -0.38563 -0.59049 -2.0092 -0.41596 0.1144 0.27929 0.38348 0.2426
0.21097 0.93175 -0.01606 0.33611 0.1989 -1.0442 -0.5284 0.45836 -1.1972 0.82964 -0.99485 -0.88816 -0.70365 -0.7903 1.1922 1.5365 0.55689 0.51612 -0.16201 -2.1075 -2.8182 -0.55286 0.51297 -0.39506 -0.87304 -0.94077 0.32787 -0.47789 -0.28726 -0.19213 0.26143 0.38809 -0.091808 -1.222 -0.14542 -0.35037 0.84355 0.82379 0.61927
0.086049 0.80806 0.20817 -0.099043 -1.2794 -1.2059 -0.61178 0.32052 -0.47405 -0.17772 -1.1466 0.90197 -0.76443 -0.62475 1.1338 1.409 0.5436 0.6051 -0.0024722 -1.1236 -2.9111 -0.68472 0.85623 -0.16622 -0.030306 -0.70128 0.58229 -0.67528 -0.73315 -0.15723 0.46269 0.61217 0.59387 0.21626 0.33942 -0.83308 0.94909 0.7097 0.77766
0.274 0.73363 -0.23854 0.52699 -0.36715 -0.49321 -2.2172 -1.0839 -1.3509 -0.50218 -0.16773 -0.46235 -0.85743 -0.20014 0.83921 0.80555 0.014934 0.69463 0.56761 -0.93107 -2.2837 -0.055898 -0.064782 0.88809 0.81207 -0.32024 0.56749 -0.77515 -1.0496 -0.44571 0.33286 0.41746 1.0795 1.4652 0.24354 -0.36324 0.64311 0.12979 0.76532
0.10565 1.0521 0.71032 1.3689 0.58729 -0.65304 -2.2802 -1.6888 -1.4886 -0.75229 -1.0583 -1.1937 -0.86649 -0.03026 0.32472 0.28969 0.17942 0.86868 0.61911 -0.89919 -1.2371 0.23453 -0.47942 1.0096 0.044011 -0.030564 0.31052 -0.79163 -1.1967 -0.442 -0.29863 -0.28932 0.8344 1.8206 -0.036052 -0.020237 0.11449 -0.19178 0.5741
0.2566 1.134 0.68199 0.92093 0.23025 -0.48808 0.0026186 -1.2452 -0.66996 0.64398 -0.62382 0.55173 -0.74993 -0.0092086 0.22159 0.0079995 -0.1412 0.94669 0.34708 -0.15002 -0.65435 -0.53206 0.42282 0.37984 -0.64602 0.070948 0.05237 -0.71169 -1.1663 -0.33801 -1.048 -0.62413 0.54846 1.4031 -0.26101 0.59795 -0.38109 -0.11009 0.25726
0.45011 1.26 0.27786 0.064634 0.41986 0.21277 -1.7304 -1.8218 0.13352 -0.12609 0.57604 0.80094 -0.75116 -0.13313 0.038303 -0.57056 -0.2513 -0.059291 -0.49083 0.078796 0.011332 -0.51739 0.57638 0.33888 0.2967 0.11365 0.066787 -0.76834 -0.93464 -0.073045 -1.3173 -0.73397 0.25606 0.93294 -0.167 0.17526 -0.8953 0.17896 0.16215
-0.083376 1.0398 0.093277 0.43205 0.57047 -0.78035 -2.3996 -0.50736 -1.3747 -0.6454 0.12888 -1.0623 -0.79859 -0.055097 -0.28018 -1.0828 -0.44081 -0.68596 -0.14799 -0.38318 -0.035827 -0.19416 0.67239 0.43209 0.45292 0.060565 0.20956 -1.022 -0.5046 0.52943 -1.3582 -0.6961 0.60766 0.71258 0.20553 -0.60368 -1.108 0.41723 0.29547
0.19107 0.90449 0.13401 0.14053 0.0065823 -0.63097 -1.0011 -1.3023 -2.0825 0.70084 -1.0852 -0.85078 -0.71808 0.11386 -0.78745 -1.0261 0.17245 -0.62893 -0.62439 -0.31432 0.35169 -0.26332 -0.22878 -0.88943 -0.13941 0.26015 0.56381 -1.1273 -0.013816 0.57031 -1.0214 -0.10269 1.445 0.58064 0.42505 -0.77242 -0.91072 0.32216 0.51593
0.082198 0.92592 -0.59945 1.0461 -0.19468 -1.3995 -2.1236 -1.5395 -1.7742 0.29967 0.31756 0.52374 -0.74281 0.2614 -1.1783 -0.77675 0.65963 -1.1538 -1.0012 1.1986 0.61693 -0.25359 -0.43864 -1.3263 0.43173 0.51786 0.49936 -1.1318 0.28765 0.094082 -0.81764 0.29087 1.6798 1.0682 0.34013 -1.092 -0.10565 0.19486 0.69922
0.20477 0.83775 -0.16474 0.44582 -0.31175 -0.07351 -1.9157 -1.712 -0.41932 0.76058 -0.2191 0.41089 -0.77606 0.77991 -1.5122 -0.76758 0.29053 -1.6236 -0.28829 2.0683 0.85305 0.35059 -0.48731 -0.68733 0.97004 0.79316 0.33701 -0.71504 0.39211 -0.79594 -0.28567 0.83214 1.2303 1.2391 -0.31879 -0.85643 0.85841 -0.40364 0.53288
0.57475 0.13127 -0.4769 0.78555 -0.23613 -1.3446 -0.63332 -0.24591 -0.71253 -0.75114 -2.0054 -0.04156 -0.30307 0.55996 -1.9253 -0.66114 -0.33221 -1.6317 0.24977 1.6625 1.8919 0.16973 -1.4902 0.11899 0.2972 1.0248 0.061217 0.0026054 0.2717 -1.0482 0.73336 0.62068 0.17405 1.0825 -1.0875 -0.6189 1.5496 -1.0003 0.14221
0.49016 -0.089646 -0.52031 0.95451 -1.1663 -1.5976 -0.14163 -0.6008 -1.3871 -1.0414 -1.0515 0.68661 -0.17088 0.60231 -1.6825 -0.32689 -0.89164 -0.90577 0.40226 1.8165 2.2466 -1.1031 -1.499 0.20364 -0.91311 0.94467 -0.37227 1.098 0.53332 -0.64181 1.3892 0.26367 -0.68318 0.437 -1.0062 0.3297 1.4478 -0.74745 -0.51318
0.99784 -0.57001 -0.77427 0.51878 -1.7774 -0.74171 0.7908 0.32461 -1.5047 -0.21014 -0.54566 0.3239 0.053952 0.46072 -1.0892 -0.47768 -0.79896 -0.25226 -0.11871 1.6332 2.1281 -1.6703 -1.2288 1.4977 -0.70379 0.69254 -0.58871 2.1757 1.2345 0.30463 1.7909 0.15479 -1.1953 -0.44901 0.16224 1.3343 0.33403 -0.15944 -1.1757
0.52247 -1.0191 -0.7201 -0.29034 -1.8128 -0.082281 -0.11449 0.89212 -1.615 -1.7142 0.026478 -0.13161 0.31061 0.11139 0.016073 0.1764 -0.73691 0.090434 0.40717 0.72471 1.6054 -0.71272 0.082517 1.6786 -0.082753 0.056267 -1.0794 2.5379 1.4478 1.2665 1.8653 0.23134 -1.392 -1.3838 1.5739 1.8028 -0.52211 0.18663 -1.5832
0.84486 -0.4254 -0.67375 -0.024977 -0.42782 -0.81314 -0.059591 1.0509 -2.9424 -1.6065 0.10292 -1.3375 0.03778 -0.32647 1.0825 1.5066 0.16675 0.97407 0.54002 -0.14574 1.2471 0.29468 0.5339 0.09425 -0.45301 -0.60002 -1.2107 2.1231 1.27 1.7291 1.6757 0.57189 -0.77519 -1.5983 2.0669 1.8218 -1.4492 -0.22778 -1.5446
0.86689 -0.30943 -0.75668 -0.077712 -0.44503 -1.1842 1.0533 1.2057 -2.2242 -1.2066 1.1561 -0.072899 0.027381 -1.074 1.731 1.5213 1.0689 1.7145 0.51922 -0.0305 -0.21505 1.0174 1.4206 -0.18266 -0.65656 -1.1953 -1.1586 0.91238 0.41889 1.3432 0.9055 0.419 -0.019763 -1.3618 1.8931 0.94974 -1.3079 -0.29492 -0.92661
0.57982 0.25479 -0.075089 0.29125 -0.97692 -0.80516 0.33501 1.5426 -1.1212 0.042913 -0.17513 0.82403 -0.33104 -1.2675 1.8172 1.3393 1.6395 1.8388 0.95508 0.47375 -0.3081 1.5397 1.9431 -0.60956 -0.89353 -1.4 -0.74307 -0.25532 -0.54186 0.118 -0.13658 0.066206 0.19468 -0.8059 1.2315 0.14648 -0.64751 0.0093022 -0.15691
0.047358 0.93735 1.4746 1.3482 -0.24736 -0.13337 -0.5458 1.0014 -0.86434 -0.13505 -1.468 -0.71108 -0.84772 -1.6395 1.2658 1.07 1.119 1.2186 1.0226 0.34688 -0.47349 2.3971 1.3834 -0.7103 -0.47822 -1.1744 -0.085915 -1.1542 -1.0101 -0.9883 -0.7351 -0.16614 0.14553 -0.033055 0.07472 -0.96467 -0.14451 0.50305 0.59927
-0.58987 0.79967 0.035784 1.3077 0.71054 0.30305 0.86636 -0.31663 -0.58678 1.4467 0.17171 -1.5224 -1.1008 -1.4707 0.86171 0.64624 0.35579 0.96612 0.40325 0.014494 -0.32836 2.0329 0.86736 -0.9937 -0.52762 -0.8865 0.62018 -1.6998 -1.8975 -1.8753 -0.909 -0.42028 0.059781 -0.17573 -1.0659 -1.422 0.43033 1.2731 1.143
-0.59936 0.79397 0.2388 1.3912 0.95276 0.70073 0.76367 1.2814 -0.56534 0.3399 -0.4085 -1.8518 -1.04 -1.1431 0.16158 -0.14229 -0.22264 0.85166 0.44373 0.45248 -0.30836 0.9184 -0.065334 -0.28438 0.198 -0.39723 1.435 -1.6472 -2.1606 -1.6645 -0.70668 0.07337 0.026662 -0.1021 -2.135 -1.2375 0.49596 1.4558 1.2979
-0.82899 0.77811 0.36175 0.73651 0.46193 -0.42791 0.6564 0.69897 0.56731 0.069343 -0.444 -0.47204 -1.008 -0.33659 -0.64531 -1.816 -1.3449 0.42 0.38305 0.50755 -0.78971 0.17808 -0.31896 0.092774 1.4012 0.22322 1.5168 -1.2962 -1.6977 -0.77112 -0.38654 0.59681 -0.18019 -0.50293 -2.2055 -0.81204 0.41998 1.2555 0.99743
-0.7067 0.83265 0.40857 0.27473 0.08877 -0.93031 0.41513 1.0437 0.61342 0.61951 -1.0845 -0.044613 -0.97696 0.53023 -0.90208 -1.9794 -1.2767 0.24204 1.162 0.12255 -0.48931 -0.88404 -0.62158 -0.2002 1.5687 0.55523 1.0008 -0.6175 -0.53824 0.16918 -0.26979 0.40895 -0.81602 -0.27114 -1.9334 -0.45786 0.04201 -0.1286 0.35719
-0.95871 0.60096 0.28454 0.78773 0.55232 0.8335 0.68282 0.58475 -0.66426 -0.11855 -0.80988 0.47968 -0.95555 0.58558 -0.90554 -1.8023 -0.62901 0.57934 1.2239 -0.20058 -1.3149 -1.4134 -0.55711 -0.14226 1.3835 0.39283 0.13846 0.11228 0.83273 1.2409 0.048198 0.21683 -0.88754 -0.077517 -0.886 -0.16622 -0.17242 -1.4901 -0.27367
-0.29641 -0.026878 -1.7218 -0.42465 0.97703 0.8001 0.72509 -1.0737 -0.86425 0.12133 -0.38438 0.5645 -0.5801 0.3025 -0.8039 -1.228 -0.26714 0.28389 0.82608 -0.80995 -0.64251 -2.097 -0.9034 -0.068336 -0.064309 0.14674 -0.57096 0.69811 1.7058 1.1226 -0.39166 -0.86406 -0.61159 0.26875 0.82125 0.42047 -0.24049 -1.8338 -0.58496
0.23324 -0.10842 -1.8721 0.13597 1.149 2.1039 1.1194 0.33867 -1.7668 0.27339 -0.13074 0.14683 -0.46942 0.035451 -0.496 -0.5651 0.54422 0.46525 0.96823 -0.78177 -0.90868 -0.96177 -0.52136 -0.32565 -0.87417 -0.054023 -0.77058 1.1991 2.5113 0.88754 -0.86582 -1.3212 -0.41903 1.0677 1.8205 0.8397 -0.1449 -0.99983 -0.57888
-0.3598 0.15133 -0.51349 0.86112 1.3394 0.84648 -0.080504 -0.37588 -1.3687 -0.86521 -1.1379 0.70465 -0.85467 -0.29265 0.1303 0.75155 0.30071 -0.40142 -0.46227 -0.80582 -0.17053 0.50948 0.25206 -0.60418 -1.1065 -0.25069 -0.31248 0.93957 1.7026 0.077283 -0.94564 -1.1911 0.29683 0.73436 2.1349 1.1259 0.46571 0.024402 -0.15866
-0.89799 0.11904 -0.31908 0.070693 -0.0045456 -0.41423 -0.85117 0.46832 -1.9673 -1.0936 -0.76747 -1.0128 -0.99744 -0.59639 0.75287 2.1469 0.79491 -0.605 -0.8014 -1.0471 0.62648 0.87256 0.63906 -0.16895 -0.17156 -0.42709 0.91022 -0.083583 -0.47938 -0.87548 -1.1968 -0.69423 0.86265 0.54899 0.82383 1.14 1.1594 0.32318 0.77569
-0.66165 0.26108 -0.52425 1.3373 1.2581 1.7895 0.07212 -0.90245 -0.29548 0.44448 -1.5321 -1.108 -0.94803 0.014579 0.23696 0.75918 -0.25746 -0.8471 -0.69762 -0.12969 0.076498 1.195 0.89274 0.84302 -0.36977 0.054184 2.1128 -1.2599 -2.5866 -1.0144 -0.69789 0.17527 1.1285 -0.31469 -0.38777 0.69274 1.1838 0.047997 1.6586
-0.88212 0.5499 0.1849 0.19623 -0.017241 0.080881 0.091033 0.11188 0.029716 0.72542 -1.0851 -0.56386 -0.96242 1.6153 -0.69821 -1.5317 -0.8911 -1.4158 -0.32536 0.52803 0.070322 0.3199 1.5641 1.3996 -0.57768 1.1589 2.4586 -1.9895 -3.5398 -1.0212 -0.57146 0.14774 0.79466 -0.55133 -0.9336 0.11556 0.52093 -0.36407 2.018
-0.55939 0.75832 0.40415 0.85475 0.619 0.22976 -0.82328 0.53088 -0.68482 0.86664 0.040234 1.2441 -0.95131 2.6338 -1.3788 -2.5303 -0.84042 -1.2303 -0.36649 0.57149 -0.57942 0.021674 1.2541 1.1116 -0.80871 1.8756 1.6254 -1.7536 -2.399 0.045007 0.31851 0.23758 -0.073086 -0.65424 -0.69828 -0.46694 -0.75697 -0.11849 1.5634
0.38671 -0.26114 -1.423 -0.3758 5.2019e-05 0.9511 1.0149 0.031318 -0.50663 0.57223 0.96158 -1.216 -0.32141 2.7875 -1.9675 -3.2107 -0.91079 -1.4273 -0.6884 0.11791 -0.22284 -0.38096 0.70814 0.80263 -0.71109 2.2138 -0.062683 -1.0671 -0.51733 0.56508 1.0953 0.018279 -0.55737 -0.75006 0.31791 -1.0083 -1.6881 0.33185 0.51853
1.7435 -0.93349 -2.597 -0.33013 -1.1902 -0.20478 0.048614 -0.39633 -1.5868 1.4691 0.12032 -1.2749 0.68751 2.5292 -2.2384 -3.1522 -0.17524 -0.304 -0.05724 -0.096402 -1.1674 0.16913 0.34451 -0.4405 -0.55326 2.2783 -1.5361 -0.056319 1.358 1.0335 1.6501 0.064378 -0.87462 -0.1191 0.73241 -1.086 -1.77 1.3706 -0.5424
1.9579 -1.1281 -2.5411 -0.18274 -0.75687 -0.11726 0.021129 -0.97518 -0.90017 1.1554 -0.21808 -2.5456 0.92078 1.5413 -2.1612 -2.2584 -0.14179 0.012454 -0.46126 -0.25154 -1.2247 0.87322 -0.096803 -1.3649 -0.022596 1.8703 -2.3172 0.81101 2.6605 1.2215 2.0762 0.53164 -0.36263 0.62339 0.95115 -1.1726 -0.98762 1.9764 -1.3985
1.8446 -1.3572 -2.9568 0.29863 -0.40767 0.6858 0.054593 -0.28876 -0.15527 1.5973 -0.44931 -0.58449 1.0532 0.31393 -1.3826 -0.34325 0.76635 0.90823 -0.36882 -0.97422 -0.36021 0.83878 -0.62258 -1.5173 1.682 1.0929 -2.3063 1.1207 2.7331 0.81712 1.3125 0.56757 0.28722 1.5901 0.28839 -1.1748 0.44103 1.8771 -1.6872
1.6798 -1.5059 -2.3566 0.18099 0.34232 0.0035369 -0.3797 -1.3146 0.13126 0.85781 -1.2761 -0.17649 1.2008 -0.54097 -0.95808 0.61844 0.97455 1.5677 0.51642 -0.178 0.63022 1.1596 -1.2697 -0.72608 2.2613 0.34537 -1.5721 0.91313 1.9615 0.43207 0.63723 0.71681 0.77775 1.5667 -0.76851 -0.96526 1.3769 0.6968 -1.4225
1.4014 -1.8963 -2.5495 0.014382 0.16827 -0.36577 -0.43313 -1.0306 0.14891 0.44446 -1.1206 0.2645 1.1251 -0.84493 -0.85357 0.78615 0.83773 1.1882 0.57507 0.39571 1.1648 0.59478 -1.5352 0.17789 2.1891 0.071552 -0.62504 0.5638 0.68898 -0.099067 -0.30654 0.56726 0.96395 1.1985 -1.3201 -0.48045 1.8718 -1.0465 -0.87023
1.2882 -1.8134 -2.0865 0.69858 0.50851 0.27104 -0.56256 -0.12736 -0.34052 -0.029425 -1.0195 0.82554 1.1721 -0.89111 -0.80727 1.0309 0.64624 0.96534 0.48746 0.54627 1.2239 -0.51949 -1.6656 0.69376 1.1628 -0.12249 0.033533 0.57757 0.20156 -0.35279 -0.65247 -0.011534 0.33862 0.42823 -1.4461 0.26279 1.7157 -1.8771 -0.38201
1.3333 -1.9052 -2.0366 0.98866 0.83734 0.89468 0.21482 0.57109 0.24955 -0.21138 -0.62901 1.3822 1.0911 -0.71234 -0.45895 0.79339 0.72321 0.65726 0.76618 0.5085 1.7912 -0.92372 -1.4293 1.7199 0.058298 -0.20454 0.41771 0.74511 0.0063878 -0.50181 -0.69439 -0.35725 -0.10254 -0.37688 -0.85682 1.0176 1.1894 -1.9514 -0.18693
0.86133 -2.0933 -1.9716 0.74247 0.68279 0.77841 0.77629 0.40982 0.16467 -0.80097 0.19803 0.83094 1.0301 -0.54966 -0.13197 0.99583 0.33202 0.67805 0.37975 0.39444 1.1693 -0.93159 -0.76299 2.1218 -0.5671 -0.18876 0.41973 0.74193 -0.084925 -0.7007 -1.0299 -0.5546 -0.60655 -0.97179 -0.20918 1.4443 0.44052 -1.4836 0.00081122
0.75931 -2.318 -1.712 0.80202 1.0339 0.69947 0.18037 0.49982 -1.2694 -0.83245 -0.13596 1.0366 0.97021 -0.22365 0.12928 0.79956 0.0057851 0.10369 -0.10604 0.24257 0.37622 -0.88798 0.1618 1.9757 -0.99356 -0.22416 0.37797 0.44955 -0.08991 -0.93247 -1.3967 -0.56478 -0.86795 -1.3627 0.237 1.5233 -0.63383 -0.66952 0.097206
0.92803 -1.9027 -1.6685 0.98655 0.99953 0.6272 -0.20069 1.0924 -0.96099 -1.251 1.2661 -0.56374 1.0024 -0.33959 0.21348 0.8435 -0.37019 -0.57095 -0.20747 -0.52992 -0.11706 -0.94942 0.58536 1.5026 -1.3898 -0.1111 0.36549 0.17174 -0.15494 -0.86339 -1.6325 0.0041621 -0.6377 -1.1071 0.7392 1.1102 -1.2041 -0.022858 0.13534
0.81237 -1.9221 -1.3212 0.50411 1.1082 0.19873 0.13551 0.54302 -0.81632 -0.23711 1.6358 -0.00076836 0.9567 -0.10134 0.16475 0.67537 -0.75072 -1.1706 -0.091668 -0.74681 -0.42392 -0.44726 1.1092 0.70653 -0.92221 -0.072139 0.21364 -0.17173 -0.056102 -0.69976 -1.279 0.68774 -0.33288 -0.65121 0.97832 0.58655 -1.5188 0.91676 0.12207
1.1973 -1.6506 -1.3697 0.95448 0.43807 0.55923 0.30028 0.44138 -1.0524 0.53637 1.2536 -0.073422 0.88832 0.081359 0.15414 0.73541 -0.98066 -1.5482 0.36296 -0.38061 -0.7595 0.30563 1.1066 0.23401 -0.65485 -0.026421 0.15574 -0.26763 -0.011496 -0.46694 -0.59622 0.82585 0.1167 -0.37945 0.8737 0.013895 -1.4856 1.2675 0.090831
0.46065 -1.9761 -1.2017 0.26329 -0.12069 0.78044 -0.56621 0.32703 -1.011 0.059804 1.227 -0.86459 1.0016 -0.032222 -0.14623 0.72613 -1.0623 -1.6549 0.97107 -0.50907 -0.68677 0.41347 1.1422 -0.57445 0.53363 -0.051517 -0.15478 -0.25623 0.087811 -0.30484 0.14052 0.51542 0.26831 -0.31472 0.52682 -0.52337 -1.0344 1.1078 0.087187
0.78146 -2.1308 -1.3194 -0.27703 -0.62295 0.5494 -0.45487 -0.080069 -0.89048 0.56002 0.78017 -0.18701 0.92555 -0.082943 -0.10625 0.77867 -1.1358 -1.3859 0.90065 -0.4515 -0.8068 0.34294 0.60462 -0.97155 0.50361 0.038593 -0.21069 -0.040998 0.028889 0.10994 0.6633 -0.010543 0.56234 -0.33759 0.18059 -0.54762 -0.64083 0.82935 0.090412
1.1238 -1.8913 -0.79454 -0.091274 -0.47195 1.261 -0.22079 -0.13951 -0.65422 0.40705 0.82338 -0.43469 0.96335 -0.32157 -0.16008 0.81026 -1.2799 -1.0247 0.65596 -0.21926 -1.0873 0.57297 0.26519 -0.85629 0.78907 0.048947 -0.28595 0.19874 -0.021945 0.44402 0.81582 -0.25696 0.76235 -0.2459 0.17775 -0.45481 -0.13026 0.088954 0.13588
0.79793 -2.0102 -0.8615 -0.17342 -0.79798 1.8314 -0.78165 0.37366 -0.30937 0.93839 0.77508 0.98411 0.89936 -0.18322 0.087678 0.73359 -0.67345 -0.72501 0.48139 0.53837 -1.2937 0.58222 0.39911 -0.96279 0.93098 0.082616 -0.31927 0.1287 -0.068616 0.5144 0.70054 -0.2615 0.75975 -0.020629 0.25188 -0.11856 0.043774 -0.11683 0.1088
0.70241 -1.8906 -0.53504 -0.72951 -0.632 0.95995 -0.20949 -0.84383 -0.75848 0.7841 0.068993 0.30268 1.0306 -0.5352 0.10852 0.68861 -0.44654 -0.58115 0.64702 0.44883 -0.98778 0.64457 0.29428 -0.84266 0.49953 0.16576 -0.2058 0.13812 -0.25839 0.32367 0.40814 -0.27647 0.34979 0.08782 0.2367 -0.22508 0.032502 -0.53429 0.0077894
0.433 -2.018 -0.65446 -0.78929 -1.1415 1.2967 -0.29943 -1.0776 -0.28081 0.56098 0.24788 0.56522 0.96401 -0.59294 -0.013025 0.68734 -0.56893 -0.40436 0.36233 0.66223 -0.93426 0.804 0.34708 -0.87613 0.40161 0.17181 -0.11981 0.11152 -0.43829 -0.091018 0.14825 -0.18221 -0.50928 0.48041 0.32683 -0.41474 0.050228 -0.4079 -0.17267
0.49236 -1.9063 -0.54433 -0.42842 -1.1177 1.321 0.42247 -1.334 -0.23049 0.87142 -0.16869 0.52117 1.0976 -0.51662 0.1345 0.30672 -0.71884 -0.4914 0.14265 0.36937 -1.12 0.92902 -0.17598 -0.82109 -0.057921 0.018206 0.26012 0.33157 -0.34806 -0.23379 0.11379 -0.29081 -0.86761 0.86013 0.37815 -0.50668 0.014666 -0.042798 -0.3341
0.33034 -1.938 -0.44148 -0.67196 -1.1942 1.9544 -0.13356 -0.74931 0.094876 1.0759 -0.13372 0.45777 1.1013 -0.42804 0.27175 0.042846 -0.72896 -0.52932 0.34993 -0.4419 -0.26711 1.0846 -0.23213 -0.85776 0.3599 -0.14735 0.40725 0.63107 -0.0069061 -0.33551 0.01677 -0.54165 -1.2926 1.4191 0.11569 -0.8787 0.030596 0.13844 -0.42037
0.40477 -1.9578 0.040171 -0.91134 -0.81831 1.761 0.48873 -1.0698 0.49755 1.1059 -0.31247 0.76095 1.1036 -0.12691 0.55336 0.30724 -0.83533 -0.33816 0.051609 -0.71593 0.42583 1.2501 -0.47601 -0.81083 0.427 -0.26249 0.41351 0.84134 0.40121 -0.32728 0.033982 -0.96967 -1.1059 1.7748 -0.42389 -1.0652 0.24965 0.34753 -0.37373
0.071326 -1.7683 -0.82554 -1.4215 -1.5979 1.345 -0.55587 -1.7988 0.57616 0.1832 -0.54932 0.57687 0.83841 -0.015799 0.89583 0.65669 -1.1769 -0.46957 -0.69718 -1.3384 1.1982 0.87188 -1.3458 -0.80674 0.44127 -0.42752 0.35002 1.1827 0.56093 0.0052232 -0.025162 -1.2484 -0.85599 1.4604 -1.0162 -1.0481 0.69624 -0.084404 -0.45484
0.17773 -1.586 -0.55605 -1.496 -1.443 1.4588 -0.9919 -0.9597 0.58786 0.46118 -1.1342 1.0368 0.86157 0.061238 1.3136 0.7748 -1.1451 -0.47987 -1.2979 -1.3627 1.7896 0.20006 -1.8545 -0.31133 0.6167 -0.49931 0.022169 1.3958 0.5731 1.1014 0.54693 -1.0659 -0.15888 0.64916 -1.3555 -0.1359 0.93188 -0.2883 -0.81291
0.49246 -1.362 -0.027344 -1.374 -1.4337 1.4943 -0.71378 -0.10059 1.5055 0.081242 -0.65441 1.1576 0.76057 0.14049 1.9881 0.89925 -0.57891 -0.52015 -1.4988 -1.8128 2.0419 -0.39342 -1.7423 0.36708 0.085464 -0.82928 -0.42157 1.3567 0.12978 2.0806 1.184 -0.46875 0.6356 -0.82658 -0.96908 1.0976 0.69125 -0.7301 -1.1296
0.42934 -0.91388 0.43994 -1.9456 -1.649 0.3304 -1.4826 0.6177 0.53245 -1.278 -1.2236 0.97128 0.6737 -0.16917 2.4815 1.3002 0.98867 0.62262 -1.7047 -0.81737 1.3141 -0.78912 -0.55722 0.5725 0.0028868 -1.4921 -0.84475 0.80976 -0.38976 2.5666 1.6946 0.085196 1.3014 -2.2114 -0.96127 2.0574 0.30907 -0.89866 -1.1505
0.2858 -0.56852 0.28032 -2.1194 -1.6144 0.26946 -1.6023 1.1628 0.14729 -1.4843 -0.13185 1.5354 0.55883 -0.71297 2.7168 0.63337 1.78 1.0251 -1.4525 -0.40469 -0.31155 -0.54365 0.3222 0.21545 -0.76918 -1.919 -1.0192 -0.16835 -0.81637 2.2715 1.8253 0.64155 1.7057 -2.5906 -0.71577 2.0305 0.2918 -0.75202 -0.7109
0.43709 0.35027 0.42842 -1.3668 -1.7362 -0.133 -2.4165 0.53763 -0.0034334 -1.1313 0.21625 0.33545 -0.068899 -1.1334 2.3843 0.12183 2.6425 1.6835 -1.168 0.43444 -1.6505 -1.6196 1.4501 0.42474 -0.82256 -1.9791 -0.69513 -1.154 -0.98103 0.91895 1.3184 1.1699 1.5855 -1.4445 -0.61724 0.90832 0.071495 -0.65107 0.13037
-0.3477 0.83568 0.52742 0.57858 -0.11717 -0.58102 -1.0177 -0.56569 -0.17623 0.53132 -0.41726 0.92058 -1.0335 -1.3322 1.7375 -0.13938 2.9885 2.1131 -0.49752 0.84855 -1.8784 -1.3889 1.5341 1.0649 -1.0646 -1.8368 -0.12033 -1.8372 -0.60107 -0.70513 0.50812 1.1063 1.3947 0.72054 0.10894 -0.55732 -0.028394 0.28107 0.9401
-0.58809 1.0814 0.10149 0.3152 -0.28372 0.10137 -1.3323 -1.2204 0.78083 0.87537 -1.3119 -0.36386 -0.9872 -1.1949 0.92434 -0.26618 2.1532 2.3588 0.14784 1.6096 -0.93047 -1.583 0.75514 0.30833 -1.203 -1.3037 0.59958 -1.8909 -0.30523 -2.0758 -0.78845 0.6405 0.53126 2.0676 0.79986 -1.3912 -0.49574 0.76345 1.4855
-0.72093 0.83612 0.3046 1.1257 0.44526 -0.40097 -0.12768 -1.5733 -1.8179 1.3002 0.3973 0.35948 -0.99694 -0.91874 0.18864 -0.37554 0.6409 1.5553 0.091997 1.6902 0.78638 -0.34685 -0.4968 0.2241 -0.0013413 -0.60209 0.90636 -1.4468 0.092915 -2.3577 -1.9224 0.2333 0.036005 2.1387 0.77245 -1.1467 -0.92611 1.202 1.4049
-1.0294 0.81768 0.29508 0.87845 0.61768 -0.30303 -1.0895 -0.702 -1.2217 -0.28594 1.1686 -0.46056 -1.1342 -0.20046 -0.19466 -0.37919 -0.22799 0.57024 -0.19523 1.0171 1.266 -0.56345 -0.45595 -0.18742 0.22283 0.01804 0.73929 -0.7302 0.28783 -1.5897 -2.2978 0.0061284 -0.79195 0.78207 0.92341 -0.17478 -1.03 0.74023 0.88297
-0.829 0.66791 -0.0010982 0.19979 1.2306 0.59992 0.52792 0.4903 -1.6855 -0.55715 -0.38381 -0.51367 -0.97907 -0.10334 -0.26898 0.083721 -0.41259 -0.36121 0.12429 1.1852 1.4197 -0.37559 -0.26738 -0.62501 0.70817 -0.024901 0.33781 -0.038455 0.69416 -0.1609 -1.5704 -0.082882 -0.95627 -0.87513 0.42453 0.97836 -0.78403 -0.03416 0.3388
-0.79983 0.86458 0.093165 -0.10946 0.10371 -0.61908 -0.049734 1.2584 0.95834 -1.1166 -0.15445 1.3162 -1.0876 -0.19581 -0.14228 0.055437 -0.42086 -0.70585 0.12603 0.29242 0.33832 0.25212 0.2791 -1.4234 -0.028877 -0.038121 -0.11531 0.23344 0.759 0.77785 -0.58222 -0.24435 -1.092 -1.5759 0.51496 1.2407 -0.21164 -0.63859 -0.0090394
-0.54353 0.70814 0.005851 0.75082 0.48586 -0.83735 -0.0051746 -0.3497 -1.4852 1.4732 -1.3101 0.59866 -0.93932 -0.28181 0.093576 0.76026 0.41001 -0.56176 -0.25294 0.16326 -0.59796 0.082606 1.2014 -0.79681 0.049025 0.022414 -0.053142 0.19386 0.3057 0.98237 0.39977 -0.15352 -0.83845 -1.3845 0.1698 0.82879 0.60247 -0.80554 0.041377
-0.97582 0.69832 0.49445 0.13243 -0.82794 0.72809 0.67329 0.17405 -0.9372 0.46021 -1.0287 0.50587 -1.0817 -0.33815 0.037303 0.76361 0.85563 -0.36215 -0.51498 -0.62508 -1.0252 0.22296 1.4276 -0.5365 -0.77535 -0.021377 0.1352 0.033443 0.095542 0.65174 0.8911 0.16412 -0.37653 -0.13938 0.36638 -0.0011359 1.2653 -0.044238 0.049525
-1.2162 0.66195 0.2497 0.66203 0.29849 -0.37541 -0.53775 -1.1756 -1.5844 0.79116 -0.79379 -0.72644 -1.1084 -0.14026 -0.015712 0.31614 0.8411 0.14592 0.11872 -0.016162 -0.80213 -0.025944 0.90932 0.20891 -0.59224 0.039698 0.31756 -0.1328 -0.31458 -0.044662 1.1879 0.42509 0.18502 0.79896 0.58804 -0.55536 0.77649 0.36215 0.013747
-1.2364 1.0322 1.2248 1.2539 0.47113 -0.61927 -0.29976 -0.39997 -0.5075 1.0508 0.078114 0.059417 -1.0093 -0.014633 -0.029021 0.44929 0.61372 0.4757 0.25162 -0.37972 0.11666 1.029 0.4293 0.74521 0.19539 0.040548 0.36054 -0.072466 -0.14859 -0.37849 0.73208 0.80665 0.93754 1.3093 0.39847 -1.0977 0.17273 1.335 -0.02074
-0.94204 0.63233 0.39932 0.91147 0.35786 -0.59082 -0.43801 -0.15305 -0.24379 1.5004 -1.8221 -1.0189 -1.0094 0.15699 -0.10942 0.27987 0.42928 1.0721 0.19895 0.37072 0.45153 0.83916 0.53821 0.20572 0.30924 0.015794 0.21499 -0.05111 -0.25876 -0.4804 0.18086 0.75383 0.9237 1.0371 -0.24268 -1.1598 -0.451 0.77584 -0.11308
-0.70867 0.77571 0.09322 0.97362 0.053877 -0.11492 0.51238 -0.25958 -0.080526 0.7658 0.26461 1.1791 -0.99466 0.19594 -0.045018 0.47175 0.31184 0.43297 1.0459 0.97498 1.0258 0.57627 -0.69067 -0.16144 1.5351 -0.045777 0.0088967 0.099411 -0.39547 -0.41246 -0.30952 0.43379 0.6464 0.34173 -1.0422 -0.85569 -0.17901 0.00053745 -0.095153
-0.84148 0.616 0.94657 1.249 0.81745 0.27931 -0.73385 -0.14283 -0.45448 2.0396 -0.26208 0.69143 -0.95849 0.15894 -0.099022 -0.22248 0.044517 0.46471 1.2166 1.0731 0.85714 -0.27767 -0.96525 -0.27621 0.34061 -0.11601 -0.14483 0.17714 -0.49337 -0.41006 -0.70676 -0.2472 -0.3956 -0.1215 -0.92157 -0.26038 0.20875 -0.78606 -0.017673
-1.1118 0.62922 0.85367 0.63446 1.0644 0.50193 1.2827 0.36683 -0.16499 0.97696 -1.0053 -0.1071 -1.1572 -0.0050971 0.14136 -0.096727 -0.009526 0.22206 0.59547 0.49645 0.58693 -0.46687 -0.61342 0.61983 0.1761 -0.060865 -0.092139 0.17619 -0.76633 -0.40713 -0.71812 -1.1037 -0.96673 -0.56597 -0.47317 0.60162 0.62728 -1.1576 0.088156
-0.97084 0.85882 1.0745 1.5445 0.60592 0.64451 0.50498 0.38598 -0.60219 -0.87801 -0.91883 2.3345 -1.1032 -0.025851 0.1108 -0.42627 -0.221 -0.072174 -0.089938 -0.18895 0.38428 -0.45573 -0.041912 0.26432 -0.64457 -0.0076156 0.037229 0.10813 -0.50143 -0.24176 -0.8193 -1.2331 -1.3133 -0.656 0.074109 1.0785 0.75638 -0.41917 0.18261
-0.7895 0.76226 0.14794 1.031 0.88678 0.74734 1.0168 0.77085 -0.81351 0.40336 -0.66796 -0.96994 -1.0895 0.1057 0.16179 -0.95541 -0.36069 -0.56815 -0.53396 -0.30358 0.054635 -0.26718 0.12045 0.89784 -0.37538 0.055325 0.14481 -0.041378 -0.44215 -0.1346 -0.60084 -0.79711 -1.048 -0.55523 0.17641 0.97125 0.48336 -0.11309 0.16232
-0.85581 0.79564 0.15219 0.76056 0.31904 -0.12287 -0.17782 0.18251 -0.65863 1.3514 0.32394 0.26587 -1.0002 0.1682 0.081809 -0.79944 -0.26419 -0.5861 -0.71149 -1.1104 -0.27086 -0.23109 0.94426 1.1859 -0.2568 0.14743 0.12126 -0.038519 -0.14109 0.010327 -0.28977 -0.34497 -0.66605 -0.37788 0.12294 0.66114 0.50178 0.21806 0.11418
