39 312
-1.0036 0.99571 0.40538 1.6607 0.61003 1.5856 0.45534 0.79191 -1.3432 -0.22951 -0.29194 0.38769 -1.6031 0.19418 0.094083 -0.17989 0.083293 -0.22328 -1.0589 -0.406 -0.66679 -0.40608 0.37128 0.16857 0.64805 -0.21468 0.034136 0.10762 -0.15572 -0.020482 0.35705 0.30974 -0.13654 -0.42769 0.37909 0.23813 -0.008574 -0.61624 0.12723
-0.95643 1.1406 0.40262 1.3897 -0.39682 0.025104 0.23162 0.295 -2.1198 -0.048734 -1.3045 1.5432 -1.8782 0.18941 0.16414 -0.34499 0.065407 0.12931 -0.76143 -0.75261 -1.0888 -0.20462 0.2755 0.24106 0.04733 -0.10723 0.083723 -7.8523e-05 -0.30178 -0.099809 0.33845 0.47952 0.087088 0.22173 0.57632 0.41442 -0.22312 -0.66189 0.17842
-0.66227 1.1535 0.29324 1.7471 0.32991 0.097814 0.2094 0.10484 -1.7719 -0.28335 -0.28673 1.133 -1.8606 0.24741 0.2367 -0.35732 0.051533 0.25221 -0.61869 -0.5021 -1.2756 0.27145 0.86142 0.13606 -0.31254 -0.044599 -0.041577 -0.12166 -0.12771 -0.15151 0.12328 0.712 0.54422 1.1865 0.66844 -0.0089172 -0.49506 -0.58483 0.23675
-0.92205 1.0041 0.16937 1.8659 0.63426 0.81795 -0.20107 0.31852 -1.6332 0.55259 0.40667 0.89178 -1.7302 0.29775 0.023199 -0.59642 -0.099132 0.15649 -0.36485 -0.18827 0.066751 0.43763 0.89862 -0.2302 -0.2249 0.013581 -0.34081 -0.20217 0.31661 -0.092439 -0.30855 0.62984 0.72547 1.7929 0.6312 -0.43479 -0.84247 0.03308 0.17473
-0.8548 1.2227 0.014942 1.6318 0.97408 0.94077 -0.66238 -0.45034 -1.4143 -0.12376 -0.2473 -0.10372 -1.6268 0.06972 -0.035099 -0.26712 -0.13546 -0.015894 0.1023 0.37905 1.04 0.64407 0.039299 -0.54163 -0.41327 0.14018 -0.46541 -0.24861 0.58331 -0.064453 -0.52307 0.38209 0.62022 1.2606 0.14745 -0.76888 -0.71613 0.67288 0.054342
-0.70135 1.3027 0.13785 1.6303 0.58408 0.39961 0.24396 -0.47981 -0.85542 1.3155 -0.5937 0.25092 -1.7166 -0.2708 -0.032084 0.14308 -0.024758 -0.31153 0.080154 0.22991 1.2042 0.90403 -0.13143 -1.044 0.14973 0.10723 -0.32234 -0.17622 0.56136 0.12929 -0.4501 0.28193 0.30271 0.093065 -0.3974 -0.58296 -0.08291 0.83044 -0.056759
-0.61327 0.90174 -0.32695 1.347 0.08871 0.23852 0.3091 1.5953 -1.3502 0.70035 -1.2262 1.1686 -1.7625 -0.21673 -0.14422 0.25397 -0.11372 -0.48401 -0.11369 0.50524 0.58271 0.3418 -0.067226 -0.83434 0.8459 0.0049599 -0.072695 -0.11915 0.28026 0.14965 -0.076449 0.25744 -0.49774 -0.64023 -0.89026 -0.392 0.8387 0.45765 -0.10097
-0.94376 1.1435 0.37041 1.4707 -0.25572 0.23921 0.8033 1.2599 -1.2671 -0.83609 -1.4259 0.83475 -1.6907 -0.078533 -0.21167 0.087203 0.14686 -0.44521 0.27878 0.34168 0.47707 -0.22431 -0.1436 -0.2252 0.80987 -0.016653 0.053354 0.017463 0.29789 0.14739 0.36141 0.23315 -0.63449 -0.75535 -0.67164 -0.07745 1.2813 -0.35268 -0.0016769
-1.1728 1.1074 0.49644 2.0623 0.52377 0.83951 -0.31696 0.75622 -0.092828 0.13886 -0.84261 1.0604 -1.6444 -0.14649 -0.14082 0.23296 0.076035 -0.096179 0.49171 -0.65541 0.17497 -0.61493 -0.69247 0.70647 0.16719 0.026994 0.044894 0.12322 0.21445 0.0283 0.68477 0.19818 -0.69946 -0.064438 -0.085731 0.28245 1.0646 -0.69322 0.096188
-0.98429 0.87664 0.17779 1.4113 0.13581 0.65202 0.43896 -0.12067 -1.6251 0.99805 -0.59609 1.7331 -1.7166 -0.22432 -0.004494 0.65533 0.17318 0.15438 0.21966 -0.43684 -0.041878 0.0072726 0.032422 0.70696 -0.23893 0.094664 -0.11004 0.25062 0.31828 -0.31273 0.73909 0.02679 -0.017438 0.18768 0.38272 0.35482 0.41834 -0.37815 0.20232
-0.60605 1.0621 -0.15544 1.8389 0.1357 1.1127 0.12273 0.36235 -1.7694 0.021066 -0.8106 0.67867 -1.6951 -0.075773 -0.044486 0.33154 -0.070664 0.47195 0.29108 -0.48014 0.72098 0.051661 0.37001 0.79809 -0.0463 0.11884 -0.32524 0.26822 0.34364 -0.37668 0.7152 -0.15942 0.43323 0.47701 1.2256 0.28166 0.18352 -0.037321 0.33991
-0.93149 1.0334 0.45985 1.4802 0.20709 0.6687 -0.93948 1.081 -1.7344 -0.2274 0.31219 0.62916 -1.7021 -0.29371 0.15314 0.5739 -0.40111 0.6266 0.426 0.2185 0.56772 0.2281 -0.014055 0.566 0.13711 0.2925 -0.66004 0.14021 -0.053898 -0.71602 0.66471 -0.39867 0.50554 0.1919 1.7086 0.23862 0.88014 0.13409 0.44897
-1.178 0.97873 0.90246 1.7672 0.25218 0.27703 0.3634 1.7701 -0.4377 0.4424 -0.93505 0.9098 -1.5637 -0.63593 0.22228 0.85224 -0.3852 0.97955 0.078739 -0.13377 0.79027 1.7878 -0.14545 1.1556 -0.11116 0.52369 -0.46904 0.16585 -0.34357 -0.9416 0.42548 -0.46098 0.83733 -1.0355 1.516 0.36882 1.2288 0.020264 0.5107
-1.0798 1.0951 0.54114 1.5096 0.95124 1.1751 -0.24453 1.3544 -0.86447 0.17388 -0.021024 1.1947 -1.5309 -1.004 0.093395 0.30599 -1.0921 1.1194 -0.44227 0.38125 0.29525 2.6423 0.73332 2.2666 0.049765 0.67853 0.12224 -0.12038 -1.1522 -1.322 -0.055798 -0.44125 0.66077 -1.5423 0.90703 0.59728 0.98109 -0.5591 0.54115
-1.401 1.2554 0.83843 1.2259 1.3353 1.6203 0.50108 0.22414 -0.53318 0.56071 -0.010901 1.6286 -1.2765 -0.47482 0.25885 -0.10993 -1.5959 1.0035 -0.16225 1.0812 -1.1315 1.9528 0.68334 2.3668 0.023485 0.82003 0.73298 -0.50755 -1.3731 -1.2666 -0.75233 -0.77923 0.56004 -1.5591 -0.070458 0.12579 -0.30254 -0.95839 0.5827
-1.4536 1.1147 0.886 1.0471 1.2678 0.26364 -0.3568 1.1646 1.0799 0.24676 1.3557 0.66319 -1.0952 -0.18245 -0.062676 -0.87833 -2.4223 0.50557 -0.30317 0.90707 -1.4348 2.0058 0.68642 1.8959 -1.0756 1.0918 1.1296 -0.71567 -0.99647 -0.55443 -1.0436 -1.2103 -0.42319 -0.65172 -0.69296 -0.66988 -1.6483 -1.0897 0.49262
-1.8414 1.0764 0.074912 0.13335 1.5586 -0.044652 0.47958 1.2972 2.0181 1.2176 2.8211 0.51469 -0.95527 0.12225 -0.53433 -0.85982 -2.2366 -0.1063 -1.4879 0.7016 -1.3405 1.9629 0.10986 0.77093 -1.5013 1.3371 0.91651 -0.61061 -0.43346 0.29518 -0.86147 -1.0643 -1.1884 0.095052 -0.95324 -0.61861 -2.2252 -0.33918 0.047851
-1.1467 1.4136 0.70078 -0.45707 1.4636 0.7977 1.3108 -0.39701 0.14944 0.68064 2.1886 1.1115 -0.75445 0.50098 -0.68715 -0.99087 -1.8733 -0.25536 -2.1024 -0.26114 -0.85089 1.2184 -0.23821 -0.13236 -1.4062 1.2826 0.59517 -0.06743 0.51402 1.4766 -0.41301 -0.11501 -1.6936 0.5165 -1.4256 -0.72057 -2.2669 0.89431 -0.76856
-1.2849 0.71218 -0.41801 -1.3885 0.96069 0.39722 1.251 0.22777 2.3177 1.3411 0.52869 -0.98748 -0.19383 0.64608 -0.43316 -0.78003 -1.284 -0.20998 -1.3059 -0.66934 -1.2379 0.39426 -0.0166 -0.94188 -0.51194 0.80967 -0.05927 0.3518 0.94685 2.067 -0.29888 1.235 -1.5587 1.3113 -1.4306 -0.32636 -1.2948 1.3682 -1.4643
-1.0536 0.41379 0.002616 -0.70613 0.89799 -1.3718 0.17693 -0.32563 1.7358 -0.22294 0.93241 -0.4509 0.076289 0.50412 -0.22367 -0.053539 0.035035 -0.20998 -0.61891 -1.7341 -0.49005 -0.1302 -0.60357 -1.6519 0.22322 0.013264 -0.18723 0.42639 1.5159 1.8429 -0.72343 1.7924 -0.74271 1.1357 -1.6426 -0.30519 0.19563 1.6226 -1.4073
-1.0207 0.63127 -0.063295 -0.83253 1.2115 -1.9165 -0.69657 0.17614 1.5409 0.38388 0.78741 -0.16349 0.031594 0.022087 -0.18661 0.26302 0.91578 -0.68604 0.13177 -1.6236 1.0037 -0.29338 -0.32239 -0.97615 0.43573 -0.5867 0.12252 0.0876 1.1373 0.59379 -1.1802 1.4317 0.024627 0.57196 -1.6612 -0.1654 1.1241 0.81194 -0.58118
-0.95924 0.97884 -0.09488 -0.78372 1.2191 -0.56577 -0.65367 -0.14232 1.7323 1.1114 1.2343 0.52536 -0.55042 0.50965 -0.10821 1.0346 0.68812 -1.3568 0.60786 -1.2436 0.21528 -1.8028 -0.66061 0.28709 1.3862 -0.47815 0.62002 -0.21444 0.55851 -0.71694 -1.0193 0.40363 0.89033 -0.62099 -1.3419 -0.26245 1.1644 -0.22286 0.51781
-1.2168 0.99593 0.38471 0.24197 1.1694 0.28348 -1.3009 0.33638 0.97229 0.048259 0.029627 1.1025 -1.1407 0.83557 -0.34618 0.58722 -0.43084 -1.8179 0.81878 -0.86754 -0.48789 -2.1727 -0.30156 0.3031 0.53349 0.040721 0.79465 -0.30894 0.1686 -1.4614 -0.092256 -0.9609 1.1063 -1.2239 -0.69634 -0.83122 0.4287 -1.0486 1.3222
-1.1835 0.70405 0.62006 0.31676 -0.31097 0.83549 -0.21386 1.1025 0.45194 0.47558 0.45492 0.32188 -0.98386 1.0856 -0.4962 0.72374 -0.71603 -1.5288 -0.19365 -0.36533 -0.93583 -1.9393 -1.1092 0.0017096 -0.29117 0.60619 0.33761 -0.027731 -0.40468 -1.3726 1.1226 -1.3594 1.311 -0.52862 0.82732 -0.43535 -0.17944 -1.3083 1.237
-0.28612 0.20307 0.72097 -1.0483 -1.241 -0.57321 -0.97581 -0.4332 -0.43431 -0.33146 1.7054 1.0504 0.032313 1.0017 -0.50043 0.70309 -1.2856 -0.77632 -1.3126 0.10805 -0.77183 -1.6509 -1.6585 0.023779 -0.86084 1.184 -0.3117 0.37204 -0.53647 -0.57119 1.9956 -0.9416 1.1716 0.10386 1.751 0.034142 -0.5131 -0.38961 0.51835
-0.082437 0.17808 0.20038 -1.7833 -1.0051 -1.0553 -1.667 -1.139 -1.1027 -0.11339 1.2186 -0.052782 0.29613 0.96296 -0.076164 0.29863 -1.6115 0.18516 -0.9349 0.84146 -0.65666 -0.3668 -0.80119 0.096981 -0.57693 1.1141 -1.0219 0.31882 -0.92539 0.23351 1.8626 0.14661 1.0031 1.1241 2.0657 1.133 -0.84845 0.47981 -0.3655
-0.11554 0.55264 0.81283 -1.1597 0.093251 -1.7601 -0.93723 -0.43966 -0.18722 -0.9157 0.26414 -0.39624 0.18435 0.39443 0.056569 -0.099563 -1.1179 0.99669 -0.6187 0.82815 -0.42501 0.63089 -0.39536 -0.72558 -0.1263 0.69432 -1.1907 -0.13266 -1.0266 0.78131 0.92852 0.65145 0.79044 1.4961 1.5792 1.357 -0.5374 0.9257 -0.77842
-0.39933 0.56549 0.91045 -1.7102 0.43858 -1.3877 -0.20569 -0.14653 -0.45171 -1.4236 0.89317 -0.21235 0.30245 -0.24956 -0.24951 -0.42737 -0.33593 1.0112 -0.26415 1.2429 1.0554 1.1548 0.37736 -1.2592 0.29692 0.21342 -0.93102 -0.68108 -0.97534 0.71233 -0.10918 0.58574 0.43891 1.3926 0.43129 0.7716 -0.12723 0.56966 -0.41184
-0.19951 0.83412 0.64141 -1.5814 0.63614 0.1429 0.45767 0.090708 0.74102 -0.099159 0.43671 0.69019 -0.013505 -0.3008 -0.6315 -0.65624 -0.37108 0.51563 -0.40446 1.458 1.2522 0.82608 0.2899 -0.3266 0.5592 0.27486 -0.19199 -0.75733 -0.64757 0.33704 -0.7888 0.65695 0.22046 0.75253 -0.25279 0.089426 0.20898 -0.15392 0.19959
-0.47937 0.2501 0.25778 -1.5784 0.17426 -0.88279 0.091752 -0.27951 0.81643 -0.015013 -0.046427 0.33455 0.3136 -0.18279 -0.85234 -1.0594 -0.56969 0.21825 0.075593 1.387 1.1857 0.42087 0.2975 -0.33036 0.21734 0.60526 0.34685 -0.50665 -0.10374 0.030677 -0.7711 0.79348 -0.21687 -0.44287 -0.70323 -0.96665 0.037872 -1.1214 0.64911
-0.4029 -0.38146 0.01825 -1.7089 0.042046 -1.9267 0.023426 0.53455 0.45328 0.14976 -0.050684 1.0603 0.47773 0.050114 -0.8877 -0.86948 -0.33144 -0.066795 0.46543 1.1877 0.95976 0.48115 -0.19168 -0.76163 -0.41262 0.84871 0.58079 -0.15069 0.50547 0.25537 -0.39116 1.4423 -0.13852 -0.84831 -0.50194 -1.2921 -0.57975 -1.7067 0.48443
-0.35838 -0.20888 -0.15303 -2.1959 0.26407 -2.0125 0.69078 0.29502 -0.17333 -0.65436 1.0982 -0.011252 0.60011 0.12616 -0.95458 -0.49344 -0.29481 -0.12491 0.81645 0.95096 0.35256 -0.11259 -1.1959 -0.9473 -1.4995 1.0627 0.61022 -0.063324 0.92419 0.56291 -0.29511 1.5495 -0.07681 -1.2027 -0.34521 -1.1819 -0.61882 -1.5958 0.11735
-0.37397 -0.029338 -0.038872 -1.9248 0.89246 -0.54154 1.5552 1.0487 0.64263 -0.85697 -0.3612 -0.19465 0.92861 0.4702 -0.82781 -0.088873 -0.0011843 -0.039918 1.9835 1.4027 0.040012 0.065476 -1.387 -1.1293 -2.0483 0.89442 0.39412 -0.34697 0.65979 0.72598 -0.31297 1.1938 -0.28984 -0.96239 -0.45071 -0.36583 -0.45703 -0.72829 -0.19529
-0.23689 -0.27152 0.047023 -1.931 0.08801 0.37925 1.3813 0.58462 0.99121 -1.0582 -0.48546 -0.40413 1.1298 0.57974 -0.98594 0.10378 0.38353 -0.34531 2.2803 1.1274 -0.66462 -0.077433 -1.322 -1.3339 -2.2065 0.78895 0.15656 -0.51615 0.22524 0.73341 -0.34714 0.11535 -0.61959 -0.53914 -0.56749 0.59067 0.17921 0.4288 -0.40082
-0.15851 -0.61882 -0.030075 -1.8568 0.13103 0.514 1.0988 -0.087842 0.34929 -1.4893 -1.0741 -1.6355 1.2336 0.45014 -1.4424 -0.058622 0.77171 -0.53963 2.0158 0.52908 -0.37978 -0.45878 -0.8175 -1.4399 -1.5466 0.64555 -0.24059 -0.3713 -0.12663 0.42329 -0.092689 -1.144 -0.90341 0.11482 -0.75398 0.92426 0.72371 1.1929 -0.38646
0.098774 -1.031 0.062378 -1.5642 0.083711 0.82767 2.1237 0.096976 0.66321 -1.6025 -1.1137 -2.155 1.2675 0.38291 -1.4961 -0.12882 0.77582 -0.52105 1.0169 0.16995 -0.4717 -1.0121 -0.37818 -0.42171 -0.89812 0.48777 -0.49899 0.23953 -0.21982 -0.088688 0.20063 -1.4058 -0.61862 0.76022 -0.34676 1.0026 1.006 1.5135 -0.38276
0.18334 -1.3754 0.029889 -1.3806 -0.3537 0.58844 1.6095 -0.048119 -0.14415 -1.6882 -1.0325 -1.7885 1.3729 0.17991 -1.1832 -0.1837 0.64363 -0.1291 0.41934 0.10636 0.16709 -1.011 -0.1317 -0.15229 -0.30527 0.37079 -0.62153 1.0156 -0.1258 -0.6497 0.21005 -1.1382 -0.40447 0.64513 0.43329 0.89446 0.78785 1.1253 -0.36692
-0.093414 -1.6001 -0.31481 -1.1337 -0.10615 1.2876 1.5149 0.56077 -0.48594 -1.5606 -1.1546 -1.7029 1.438 -0.08727 -0.72084 -0.2013 0.27137 -0.18706 0.38113 0.1228 0.52671 -0.51061 0.20913 0.0062698 0.21837 0.25856 -0.52516 1.5157 0.18298 -0.89352 -0.13001 -0.82175 -0.42283 0.36516 1.3202 1.0925 0.1042 0.59075 -0.39682
0.053578 -1.5276 -0.044729 -1.0597 0.022422 0.92478 1.6345 0.27311 -0.32841 -1.1928 -0.76601 -1.2197 1.5686 -0.31296 -0.15821 -0.23211 -0.26685 -0.32576 0.14905 -0.2428 0.36443 0.17982 0.56026 -0.095633 0.15568 0.12008 -0.23348 1.7007 0.55935 -0.95999 -0.52304 -1.1206 -0.70406 -0.49561 1.6011 1.1876 0.1191 0.36831 -0.4342
-0.012987 -1.5616 -0.13548 -1.3145 -0.064761 0.78901 1.4295 0.45517 -0.2919 -1.4993 -0.9658 -1.4978 1.528 -0.21465 0.48612 0.20417 -0.54414 -0.66856 -0.42654 -0.48697 0.13462 1.0995 1.3182 -0.22618 0.051084 -0.079227 -0.0025751 1.7575 0.71948 -0.77436 -0.472 -1.6582 -0.99126 -1.0665 1.0766 0.71698 0.29774 0.6085 -0.4898
-0.18161 -1.4864 -0.22044 -1.5822 -0.31285 1.184 1.7908 0.41983 -0.0089477 -1.2507 -1.2273 -1.8019 1.4682 -0.13373 1.0126 0.55437 -0.85587 -0.85853 -1.3278 -0.97242 -0.5873 1.4666 1.5341 0.21687 0.50827 -0.21802 0.15934 1.7763 0.92983 -0.10831 -0.054139 -1.7218 -0.90766 -1.3752 0.019954 0.03193 0.39888 1.2636 -0.64809
-0.19904 -1.2519 -0.2287 -1.8962 -0.68359 0.86386 1.4858 0.40853 0.9166 -0.71892 -1.22 -1.8881 1.3947 -0.18477 1.5865 0.61517 -0.97258 -0.7968 -2.0612 -1.46 -1.0458 1.0537 1.0613 0.45164 1.2577 -0.4273 0.097603 1.7842 0.8326 1.1902 0.64026 -0.97508 -0.65425 -1.0066 -1.4817 -0.71712 0.28067 1.5021 -1.3126
-0.019484 -0.7695 0.3555 -1.7784 -1.3464 -0.162 0.50841 0.21719 1.1735 0.52661 -1.2742 -1.3698 1.2921 -0.076727 2.2152 1.1253 -0.26783 -0.36766 -2.3362 -1.5397 -1.6875 0.24497 0.74481 0.3645 2.0927 -0.83752 0.036058 1.3589 0.43228 2.3976 1.0924 0.49064 -0.099047 0.051435 -2.3945 -0.87915 -0.15429 0.9024 -1.9311
-0.20042 -0.43064 0.35395 -2.1635 -0.89968 -0.85953 0.13879 -0.35357 1.2479 0.2343 -0.26824 -0.38753 1.2702 -0.090756 2.8214 1.3184 1.5264 0.25975 -1.7946 -1.4892 -1.2485 -1.325 0.3661 0.2683 2.2814 -2.0629 -0.31166 0.30789 -0.27969 2.762 1.2683 1.9887 0.66792 1.1467 -1.9036 -0.65534 -0.36943 -0.088018 -1.9832
-0.1777 0.26739 0.44221 -2.3642 -0.85138 -1.9205 -0.22984 -0.83671 0.51288 -0.7135 -0.27465 0.59432 1.0206 -0.12681 2.6319 0.9302 2.658 0.62016 -0.52566 -1.1536 -0.3843 -2.2501 0.23149 0.027862 1.8063 -2.7748 -0.85796 -0.99725 -1.2424 1.8117 1.0967 1.9512 1.0603 1.3906 -0.47271 -0.29165 -0.36461 -0.89683 -1.0825
-0.13855 0.88962 1.0787 -1.2327 -0.45326 -1.5397 -0.097494 -1.2184 -0.20382 -0.59943 -1.1548 0.90015 0.3404 -0.66214 1.8853 0.24457 3.0519 1.0404 0.83872 -0.34292 0.51065 -1.5988 0.086871 -0.080657 1.208 -2.9243 -0.96033 -1.7978 -1.7636 -0.047015 0.8879 0.79685 0.91635 0.70434 1.4197 -0.12533 -0.031664 -1.2935 0.6993
-0.31583 1.7011 1.049 1.225 -0.054192 -0.45833 -0.1224 -0.19214 -1.8258 -0.12124 -1.0364 0.58641 -1.5028 -1.1675 1.0427 -0.42262 2.5688 1.2569 0.080398 -0.032362 0.10997 -0.58557 0.3345 -0.15221 0.80105 -2.2979 -0.79018 -1.9521 -1.6049 -1.6997 0.7933 -0.4749 0.72091 0.093239 2.3856 -0.40589 0.43516 -1.4599 2.2278
-0.22839 1.2884 0.5944 1.1053 -0.31428 0.13263 -0.51098 0.3343 -1.3463 0.50944 -1.0049 0.25764 -1.4962 -1.1107 0.65805 -0.96525 1.4776 1.5715 -0.57561 -0.25192 -0.13838 0.75374 0.076153 0.31701 0.1535 -1.0774 -0.15418 -1.6532 -0.82717 -2.8224 0.1954 -1.3497 0.43632 -0.59688 2.0712 -0.92606 0.71942 -1.0697 3.1623
-1.0469 0.92031 0.38431 0.94665 0.31281 0.4103 0.14593 0.37104 0.31773 0.36648 -0.67195 0.79412 -1.3594 -1.1706 0.033821 -1.1585 0.068384 1.8104 -0.73261 0.21505 0.12225 1.4641 -0.52703 0.69889 -0.63336 0.19783 0.50484 -1.1195 0.25718 -2.7277 -0.54214 -0.62568 0.418 -0.42414 0.58541 -1.2534 0.76608 -0.39427 2.8089
-1.5193 0.83227 -0.15974 -0.014115 1.0751 -2.8485 -0.068581 -1.5039 0.54338 -0.1246 -0.34179 1.4089 -0.72438 -0.91107 -0.33012 -0.77501 -1.3052 1.1176 -1.3447 0.38874 -0.64069 1.6225 -1.2204 0.91849 -0.2526 1.3576 1.1054 -0.89983 1.0597 -1.8442 -1.5391 0.26828 -0.011315 -0.066656 -1.0157 -0.83295 0.60003 0.1132 1.6962
-0.84775 1.7201 -0.12312 -0.12693 1.5049 -2.5983 -0.90349 -1.0676 0.92587 -0.99398 -0.2714 0.50754 -0.28282 -0.46335 -0.30489 -0.084361 -1.4591 0.47851 -0.73801 0.4667 -0.45185 0.18114 -1.3683 1.0628 0.192 1.3965 1.6022 -0.74254 1.5294 -0.68148 -2.1468 1.5061 -0.72499 0.33748 -1.6575 -0.03405 0.44395 0.16919 0.44895
-1.287 1.0848 0.17892 0.18452 2.0736 -0.71116 0.71099 0.17047 0.46431 -0.84987 -0.44169 -0.80311 -0.36758 0.30054 -0.65277 0.27872 -1.4225 -0.60526 -0.06343 -0.40127 0.023193 -0.68507 -1.0669 1.3267 -0.045138 1.2899 1.5524 -0.89494 1.4401 0.14916 -2.0529 2.0461 -1.2117 0.24886 -1.2078 0.60046 0.35401 -0.25909 -0.33842
-1.1804 0.98565 0.19769 -0.4035 0.44348 -1.7753 0.22 -0.65781 0.23304 -1.2332 0.34574 0.83659 -0.13415 0.78331 -1.0262 0.88446 -1.2269 -1.2909 1.5073 -0.81471 0.44205 -0.77768 -0.67128 1.3818 -0.40983 1.0179 1.47 -0.68999 1.0672 0.45911 -1.789 1.398 -1.4907 -0.78433 0.25952 0.73365 0.0067772 -0.45772 -0.33017
-0.97994 0.62049 0.45247 -0.96841 0.33002 -0.72598 0.15399 -0.2837 -0.85247 -0.9585 0.53489 1.3711 0.11893 0.94559 -1.4416 1.1603 -1.125 -1.7873 1.4477 -1.3509 -0.60633 -0.37204 -0.4481 1.4705 -0.49045 0.95669 1.353 -0.32856 0.60062 1.0188 -1.0337 0.94774 -0.8716 -1.0756 1.2315 1.0352 -0.87363 -0.66076 -0.34752
-0.79473 0.15406 0.31717 -1.1594 -0.18518 -1.46 -1.2618 -0.54838 0.052747 -1.1534 1.26 0.60366 0.38521 1.5623 -1.0454 1.2685 -0.69578 -2.2337 1.18 -1.9866 -1.6428 0.55785 -0.30741 1.0246 -0.52575 0.98729 1.3293 -0.044038 -0.29727 1.4843 -0.58973 0.14523 0.019818 -0.77101 1.4556 1.4785 -1.6393 -0.50687 -0.41036
-0.35734 0.22177 0.90682 -1.3852 -0.091917 -0.4716 -1.4144 -0.98343 -0.058551 -1.3228 1.146 -0.27088 0.52789 2.0719 -1.1833 1.0968 0.33597 -2.0452 1.9113 -1.5279 -1.0003 1.1724 0.68613 -0.17945 -1.3382 0.69909 1.1028 0.14474 -1.0461 1.6367 -0.056828 -0.23146 1.4314 0.36082 0.71905 1.8974 -2.0662 -0.042712 -0.56328
-0.027888 0.032437 1.26 -1.0688 -0.82187 0.14197 -1.9114 -1.3331 0.57209 -1.5864 1.3801 -0.83412 0.69508 2.3431 -1.2273 0.41856 0.99146 -2.255 1.5493 -0.68858 -0.84105 1.4347 1.5268 -0.97257 -1.0258 0.43072 0.297 0.057253 -1.7029 1.2716 0.49802 -1.092 2.5244 1.1922 -0.27622 1.8371 -1.3629 0.4057 -0.61371
0.32581 0.010177 1.4066 -0.61622 -1.9162 0.3665 -1.6256 -1.8384 1.1837 -1.0843 0.77225 -0.28242 0.74715 2.3159 -1.1119 -0.16991 1.283 -1.8876 0.81524 0.8093 -0.31057 0.66452 2.1845 -1.5435 -0.34167 0.25162 -0.65118 0.35374 -1.8645 0.41426 0.98672 -2.1707 2.6265 1.1329 -1.095 0.98859 -0.21113 0.77242 -0.44637
1.1254 -0.65271 1.0503 0.0086214 -2.4012 0.94491 -1.675 -1.002 1.2161 0.4499 -0.19643 -0.47093 0.62148 1.9118 -0.98628 -0.95619 1.357 -1.401 -0.36829 1.7998 0.30786 0.24704 2.3803 -0.93308 -0.21851 0.1395 -1.3852 0.60819 -1.2668 -0.2108 1.4737 -2.1096 1.9228 0.8799 -1.3053 -0.18451 0.6647 0.39239 -0.27358
1.393 -0.93423 0.47669 -0.017366 -2.606 0.61072 -1.0003 -1.0782 1.028 1.0795 -0.32798 -0.12536 0.67613 1.242 -0.72114 -1.3453 0.9762 -0.66001 -1.2924 2.3835 0.60669 -0.47657 2.1071 -0.59082 -0.19476 0.065717 -1.8278 0.86307 -0.26763 -0.60782 1.3144 -1.2734 0.56649 -0.0057071 -0.65928 -1.3808 1.0919 0.02886 -0.15621
1.4896 -0.80705 0.37868 0.13775 -2.1861 -0.77758 0.09137 -1.1104 0.55004 1.1072 -0.35246 -0.35864 0.77177 0.66015 -0.42126 -1.1195 0.72603 -0.15915 -1.4423 2.2982 0.39524 -0.66846 1.2162 -0.13102 -0.32065 0.046779 -1.6928 0.97742 1.0184 -0.72781 0.8878 0.19808 -0.84357 -0.64856 0.13566 -1.9644 0.66583 0.040366 -0.15346
1.4421 -0.64286 0.20684 0.32692 -2.0725 -0.76368 0.87152 -0.88936 0.55883 1.1041 0.78975 -1.1193 0.7566 0.013501 0.026357 -0.53617 0.3909 -0.092372 -1.0914 1.671 -0.36251 -0.22752 0.17683 0.20717 -0.2471 0.026277 -1.3134 1.0132 1.6905 -0.61024 0.24541 1.5819 -2.1309 -0.86374 0.99573 -1.9181 0.33319 0.3615 -0.28614
1.1651 -0.75332 0.041773 0.21503 -2.2598 -1.3025 0.91475 -0.94531 0.22652 1.117 0.23915 -0.74161 0.76015 -0.18618 0.24893 0.35097 0.20371 -0.054842 -0.093762 0.49848 -0.45213 0.4019 -0.33724 -0.011992 -0.12557 -0.10768 -1.204 1.2316 2.1958 -0.50753 0.14319 1.8348 -2.8883 -0.16616 0.87985 -1.1859 -0.28682 0.69887 -0.7232
1.3788 -0.76477 0.30097 0.58746 -2.5436 -0.76529 0.92098 -1.3004 0.60863 1.0094 -0.13602 -0.46962 0.71478 -0.44 0.61158 0.75989 0.02497 -0.26612 1.0591 -0.90174 -0.62804 1.0303 -0.71204 0.020489 0.42382 -0.35591 -1.3745 1.5388 1.8478 -0.10512 0.91189 1.3912 -2.5334 0.80895 -0.42293 -0.61232 -0.45935 0.66898 -1.3209
1.2689 -0.74087 0.3779 0.36646 -2.6249 -0.31109 0.32339 -1.5087 1.1477 0.89936 -0.078477 -0.65445 0.64906 -1.0432 1.3134 1.9214 -0.099339 0.18538 0.99266 -2.0877 0.21117 0.50717 -0.56397 -0.57704 0.74221 -1.0251 -1.8117 1.599 0.54918 0.24773 1.7288 0.58032 -1.02 1.6951 -1.598 -0.0062235 0.056299 0.93435 -1.6582
1.2567 -0.50336 1.0134 0.15633 -2.2795 0.055368 -0.12919 -1.4219 1.4923 0.59689 -0.20505 -0.42381 0.5768 -1.7609 2.0268 1.7831 0.33358 1.4618 1.0259 -2.0112 0.86431 -1.1456 -0.86027 -0.38642 0.65687 -1.8228 -1.5984 1.1139 -0.91175 0.71908 2.1435 0.021265 0.88492 2.0335 -2.1025 0.72575 0.3439 0.68171 -1.4753
0.85414 0.16828 0.97382 0.25708 -2.5199 0.53177 -1.0011 -1.6013 1.833 0.0933 0.47973 0.052098 0.28043 -2.4281 2.173 0.7631 0.54156 2.2611 1.0301 -0.95069 2.0644 -1.7838 -0.2785 0.32183 1.6324 -2.2718 -0.78752 0.045764 -2.2705 0.98156 1.7424 -0.023774 2.3041 1.7015 -1.2026 1.1553 0.78134 0.28734 -0.73549
-0.032406 0.96291 2.5168 0.25044 -1.5754 -0.21436 -1.998 -0.073665 0.29591 0.8044 -0.50089 -0.07495 -0.74739 -2.3087 2.0152 -0.1905 1.1331 2.6401 1.0767 0.26592 2.3589 -2.1318 0.50069 0.26278 1.3424 -2.3102 0.52467 -1.0299 -2.4119 0.83057 0.60523 -0.14057 2.4901 1.2589 0.43615 1.2678 0.72808 -0.21406 0.32498
-0.66602 1.3546 1.3056 1.1485 0.31321 0.16509 -1.0308 -0.32695 -2.1968 -0.2076 -0.46889 0.16486 -1.4683 -2.0331 1.395 -0.90304 1.451 2.8012 0.91729 1.2962 2.7389 -1.4629 0.91545 0.64391 0.96563 -2.0658 1.5348 -1.8888 -1.8688 0.10252 -0.57205 -0.092514 1.5126 -0.42628 1.8082 0.53394 0.12718 -0.66737 1.4409
-0.91575 1.1695 0.43165 1.1224 0.29575 1.1317 0.38516 0.82904 -0.52016 1.1464 0.8994 2.3728 -1.5781 -1.1228 0.72156 -1.4325 1.529 2.301 0.80861 1.7532 2.9508 -0.41079 0.91344 0.89414 0.54253 -1.3563 1.8119 -2.2774 -0.62794 -1.25 -1.64 -0.58453 0.083311 -1.789 2.8431 -0.25519 -0.27624 -0.52865 2.3567
-0.59266 1.2907 0.32591 1.6942 0.59045 1.3165 0.53457 0.41393 -0.66277 1.7063 0.057756 0.32419 -1.5474 -0.56925 -0.28767 -1.7526 0.54731 1.3701 0.9825 1.2743 0.95134 1.0628 0.51138 0.27487 0.66795 -0.22842 2.0562 -2.3648 0.39986 -2.5027 -2.3384 -1.5318 -1.3423 -2.8072 2.3253 -0.9521 -0.88953 -0.60042 2.8852
-0.84478 1.1305 0.63093 1.8113 1.2583 0.97028 0.80354 1.4027 0.35158 1.3347 0.9417 0.64861 -1.6975 -0.14539 -0.89052 -0.81866 -0.89857 0.32685 -0.080006 0.43917 -0.18514 2.4335 0.22108 -0.071422 0.40737 0.89251 2.022 -2.2485 0.84478 -3.1104 -2.5672 -2.0749 -1.8838 -2.6011 1.1902 -1.2015 -1.1975 -0.52601 2.7892
-0.48297 1.3438 0.1711 2.0941 0.6202 1.0159 0.33904 1.983 0.43986 1.0248 1.184 0.67561 -1.5344 0.76438 -1.6898 -0.537 -2.3075 -0.52765 -1.5772 -0.68364 -1.0892 1.8818 -0.52519 -0.58909 -0.19574 1.8551 1.9277 -1.6636 0.70997 -2.4478 -2.3082 -1.5822 -1.2163 -1.3505 -0.46227 -0.90553 -1.0231 -1.1824 2.1912
-1.1165 0.47325 0.29001 0.48958 0.94839 1.2966 -0.34686 -0.25726 0.5288 1.015 -1.036 1.5882 -1.0791 1.4417 -2.2769 -0.62022 -3.2231 -1.4876 -1.8906 -0.96793 -1.0287 1.6202 -0.82214 -0.99082 -0.10411 2.4795 1.3509 -1.0267 0.23734 -0.97968 -1.3138 0.028364 0.36503 -0.13591 -1.6584 -0.63839 -0.79164 -1.6306 1.2518
-0.8058 0.23047 0.081875 -0.35103 0.59482 -0.060463 0.43766 -0.43564 1.9253 0.6043 0.32196 1.4388 -0.17452 1.7177 -2.3314 -0.65809 -3.1535 -1.9827 -1.1474 -0.41157 -1.2215 0.52339 -0.66662 -1.242 -1.4821 2.8102 0.40357 0.04689 -0.016573 1.0501 -0.10728 1.3182 1.8109 1.0985 -2.0305 -0.67903 -0.15235 -1.6019 0.16309
0.58525 -0.88154 -0.19521 -1.6752 -0.77959 -1.4315 -0.65634 0.16134 1.7139 0.94781 0.20471 0.88635 0.68866 1.5356 -2.2586 -0.35805 -2.4219 -1.3732 -0.24499 1.0185 -0.37762 -0.28464 -0.9075 -1.2697 -2.2616 2.6049 -0.60078 0.82069 -0.035708 2.561 1.3125 1.7101 1.9679 1.3455 -2.299 -1.1189 0.28041 -0.8128 -0.83198
0.95072 -1.0068 -0.13462 -1.5964 -1.3554 -0.7569 -0.62353 0.35915 1.3976 0.45301 -1.1591 -0.32159 0.93662 1.3594 -1.6212 -0.69441 -0.62175 -0.78879 0.12064 1.8775 0.70069 -1.3257 -1.7579 -0.72654 -2.3709 2.0789 -1.4124 1.2981 -0.044837 3.1321 2.3275 1.3106 1.2264 1.1251 -1.7593 -1.4288 0.8257 1.0904 -1.4325
0.478 -0.95678 -0.10727 -1.2979 -1.2638 0.5952 0.64153 0.34193 0.45509 0.40722 -0.41658 -1.6516 1.1976 0.65592 -1.2809 -0.66051 0.59903 0.32802 0.74686 1.7501 0.60049 -2.1655 -2.3757 -0.68072 -1.3181 1.392 -1.4665 1.2625 -0.04979 2.5672 2.3912 0.36834 -0.14639 0.24083 -0.99274 -0.96902 1.3194 2.4707 -1.4159
0.41306 -1.2682 -0.098666 -1.1293 -0.31321 1.1518 2.19 0.6941 0.087858 -0.34679 -1.2985 -1.4546 1.3343 -0.10591 -0.68356 -0.58064 1.5587 1.4499 0.86286 1.6293 0.45594 -2.1404 -2.6122 0.095693 0.23618 0.91369 -1.0016 0.75073 0.25653 1.1795 1.7631 -0.47574 -1.2905 -0.54727 -0.010976 0.0014372 1.2681 2.7513 -1.0991
0.35954 -1.3588 -0.78285 -0.35268 -0.041994 0.019945 2.0481 0.067272 -0.61214 -1.7494 -1.2062 -0.7491 1.5421 -0.081838 -0.64932 -0.49703 1.5882 1.9081 0.085052 0.8539 0.21064 -1.9105 -2.2989 0.915 1.416 0.7136 -0.32795 0.46498 0.42549 0.0013781 0.47202 -0.89562 -1.7778 -0.86437 0.67952 0.98759 1.3483 1.6765 -0.704
0.61277 -1.6218 -0.64612 -0.18597 0.48493 -0.13688 1.4198 0.48956 -0.65433 -2.1819 -0.055304 0.060817 1.6667 0.12196 -0.7011 -0.34385 1.227 1.6643 -0.46418 -0.20963 -0.15418 -1.4744 -1.7973 0.97128 1.8104 0.49809 0.014404 0.22935 0.65651 -0.91489 -0.6607 -0.42829 -1.6242 -0.95433 0.80863 1.815 0.68995 0.128 -0.46911
0.67834 -1.544 -0.60448 0.18818 0.81307 0.11894 0.97679 0.90385 -1.076 -1.9148 -0.05178 0.83016 1.7566 0.013513 -0.50645 -0.062894 0.76762 1.0845 -0.30966 -0.82227 -0.75408 -1.1045 -0.93725 1.5337 1.27 0.37046 -0.20129 0.34009 0.68602 -1.1388 -1.1966 0.3405 -0.72626 -0.90987 0.77006 2.1022 -0.18258 -0.93603 -0.34992
0.61872 -1.6437 -0.45764 0.27609 1.241 0.12229 1.2132 0.38969 -1.3603 -2.08 0.067305 0.55796 1.7574 -0.1343 -0.37703 0.30626 0.15129 0.6378 0.23537 -0.72284 -0.89433 -0.88479 0.10246 1.1535 0.55315 0.26653 -0.36883 0.31914 0.50213 -1.1069 -1.2344 0.46662 0.23906 -0.77803 0.82588 1.7127 -0.65825 -1.3262 -0.22634
0.43997 -1.8821 -0.51067 0.041183 1.1193 0.22268 1.1755 0.0067319 -1.5256 -2.042 0.28669 0.36833 1.7549 -0.27953 -0.25117 0.33143 -0.13655 0.20981 0.38312 -0.31676 -1.1664 -0.62577 0.68447 0.48799 0.13705 0.21903 -0.30811 0.16468 0.17008 -0.94938 -1.0636 0.0022581 0.60208 -0.32308 0.89413 0.91995 -1.1939 -1.0919 -0.15282
0.38336 -1.8069 -0.46085 -0.0068255 1.0739 0.23019 1.0541 -0.472 -1.3841 -2.0741 0.80898 0.35968 1.8401 -0.32539 -0.30303 0.30371 -0.52013 -0.17956 0.078849 0.0056882 -1.4416 -0.019807 0.59564 0.2298 -0.31957 0.17949 -0.27741 0.16375 -0.15583 -0.64256 -1.0239 -0.43972 0.3275 0.1236 0.85476 0.1517 -1.3985 -0.93561 -0.1484
0.37326 -1.7898 -0.44409 -0.11478 0.88217 0.1897 0.6521 -0.46162 -1.8259 -1.526 0.47434 0.38746 1.9152 -0.38767 -0.27191 0.22551 -0.78285 -0.47329 -0.23149 -0.0057104 -1.0991 0.2968 0.53531 -0.31429 -0.51635 0.1482 -0.27418 0.19667 -0.081254 -0.38359 -1.0784 -0.30901 -0.059217 0.59472 0.75086 -0.18629 -1.4937 -0.98861 -0.27296
0.43563 -1.8491 -0.21674 -0.15615 0.96061 0.54053 0.98548 -0.22658 -1.4472 -0.99156 0.36151 0.70825 1.9348 -0.52785 -0.096655 0.099049 -0.80217 -0.91397 -0.30406 -0.23666 -0.68758 0.40705 0.45742 -1.1545 -1.0269 0.043893 -0.20826 0.49404 0.28954 -0.01111 -0.90164 0.44753 -0.0046642 0.90352 0.82697 0.021222 -1.1006 -0.89324 -0.45956
0.28777 -1.9747 -0.29796 -0.50411 0.67824 -0.029859 1.2899 -0.89257 -0.93331 -1.5439 0.17874 0.026923 1.9141 -0.62075 -0.030163 0.29883 -0.75763 -1.4167 -0.021777 -0.31316 -0.39696 0.701 0.40097 -1.7149 -1.5232 -0.18898 0.37735 0.82085 0.36803 0.42246 -0.88991 0.90489 -0.002621 0.53778 0.97885 0.6511 -0.60428 -0.28311 -0.79472
0.064848 -2.05 -0.32102 -0.86767 0.51806 -0.34808 1.1222 -0.89617 -1.0778 -1.6286 -0.32997 -0.45085 1.8917 -0.54583 0.38962 0.75478 -0.55482 -1.3758 0.82685 0.14895 -0.052283 1.4743 0.69883 -1.1977 -1.6372 -0.45395 0.77417 1.9201 0.46469 1.1578 -0.27901 0.76429 -0.30757 0.42811 0.75722 1.2478 0.16198 0.60952 -1.5984
-0.18907 -1.8321 -0.50226 -0.85079 -0.47797 -0.0069011 0.38522 -0.69789 -1.1371 -1.3492 -1.1842 -1.1903 1.8024 0.2213 0.83627 0.51717 -0.067212 -1.8887 0.93201 -0.20497 -0.37975 1.7706 1.6303 -1.4517 -0.79851 -0.99084 0.5752 2.6804 0.22321 1.6635 0.63462 0.036967 -0.83152 0.60595 -0.038141 0.88618 0.90995 1.4714 -2.3118
-0.14176 -1.7684 0.093931 -0.78569 -1.0269 0.56434 0.49033 -0.74736 -0.45262 -1.1121 -1.3244 -1.4896 1.5861 0.28601 2.6303 0.77172 1.1529 -1.1984 0.67869 -0.89597 0.12986 1.4255 2.1759 -0.94946 -0.17161 -2.3482 -0.15504 2.4809 -0.10468 1.7738 1.5481 -0.85715 -1.0258 0.73916 -1.0817 -0.049558 1.5806 2.159 -2.4464
0.017506 -1.2091 0.65335 -0.68123 -0.47136 1.8623 1.5774 -0.27208 0.7331 -0.029527 -0.36407 -1.2744 1.3576 -0.12013 3.2608 0.66669 1.6934 -0.34205 0.1187 -1.4246 0.68004 0.6486 1.3184 -0.042449 0.70444 -3.282 -1.064 1.479 -0.29169 1.3125 2.2944 -1.0508 -0.57447 1.3173 -1.7077 -1.2002 1.8984 2.13 -1.6356
1.0544 -0.98544 -0.14636 -0.19339 -1.9639 0.89279 0.54003 -1.3178 1.0163 1.226 -1.8789 0.19451 0.60027 -0.62693 3.2603 0.50575 2.089 0.69769 -0.41285 -1.2566 0.84207 -0.18012 0.75824 1.2034 1.9622 -3.5839 -1.3018 -0.79282 -0.4503 0.26608 1.7402 -0.63632 0.13272 1.0926 -1.8857 -1.6231 1.032 1.5839 0.090657
0.036001 1.7325 0.46492 1.2983 -0.33842 -0.09644 -0.66377 -0.54848 0.097784 0.63611 -0.97343 -0.75344 -1.362 -1.0283 2.9556 0.16186 2.0724 1.3854 -0.53957 -1.1539 1.8003 -0.92497 0.087704 1.1978 2.4267 -3.231 -0.93083 -2.9361 -0.18521 -1.0141 0.56524 -0.022506 0.77435 0.44119 -0.70511 -1.0965 0.83516 0.21646 2.3044
-0.67915 1.0465 0.20483 0.88986 -0.025178 -0.19482 -1.2717 0.29851 -0.98813 -0.97453 -0.3507 0.20405 -1.6601 -1.3466 1.4788 0.26949 1.492 1.1387 -0.21552 -0.77207 1.6737 -1.651 -0.2522 0.46527 2.1551 -2.2138 0.36808 -4.4471 -0.057115 -2.0864 -1.1113 0.40819 1.0002 -0.82307 0.89188 -0.42164 0.29635 -1.1552 3.958
-0.87078 1.0439 0.3106 1.5501 0.36216 0.23446 -0.40986 0.065967 -0.9237 -0.059351 0.84078 1.7217 -1.668 -1.2534 -0.67941 0.47531 -0.022969 0.47291 -0.027495 -0.14786 1.1154 -0.059668 -0.23358 1.9772 1.0308 0.062997 1.0309 -3.7731 0.34497 -1.9518 -1.6407 0.51488 1.3374 -2.2113 2.2048 0.43914 -0.33287 -2.254 3.8155
-0.66969 1.2491 0.45974 1.5103 0.85457 0.82726 -0.077631 1.4235 -0.61535 -0.13624 -0.17739 1.7245 -1.5404 0.070746 -2.2396 0.25463 -1.0085 -0.90041 0.10862 0.20282 -0.39569 1.2164 0.12551 1.4126 0.30946 1.6899 0.81284 -1.8103 0.10686 -1.3172 -1.4267 -0.051581 1.3828 -2.6997 2.1932 0.53133 -0.82159 -2.4336 2.4455
-0.7554 0.12915 0.73337 1.0847 -0.049748 1.2941 0.22556 0.42377 -1.3143 0.63285 -1.1346 1.5106 -1.1533 -0.091292 -1.3935 0.7501 -0.55502 -0.62493 0.28023 0.98318 -1.415 2.1613 0.71755 0.094879 -1.223 1.4888 -0.030683 0.44879 -0.25197 -0.18559 -0.45366 -0.65301 0.91977 -2.5619 0.67805 0.16571 -1.1106 -2.0515 0.42411
-0.49154 -1.1832 0.36325 -0.29744 -1.3978 -0.48009 -0.79293 -0.52526 1.7335 0.50948 2.2171 0.38831 0.53774 -0.63086 -1.1425 0.31305 -0.85887 -0.94793 -0.4726 1.3761 -2.2504 1.7347 0.26359 -0.17673 -1.6537 1.3499 -0.84771 2.1545 -0.40173 0.68709 1.0317 -0.82582 0.48021 -1.0201 -0.36547 -0.38747 -0.24126 -1.389 -0.91582
-0.0069302 -0.42045 0.62642 0.23741 -1.2917 -0.077674 -0.78574 -0.77257 1.0207 -0.28366 0.87007 -0.1486 0.087781 -0.95543 -0.4889 0.024488 -0.46649 -0.34564 -0.99219 1.0701 -2.8814 1.0721 0.0039921 0.62449 -2.1507 0.97584 -0.56255 2.2726 -0.64084 0.96988 1.4828 -0.23167 0.082165 0.38563 -1.5461 -0.71356 -0.13109 -0.30823 -1.3973
-1.462 0.37789 1.2551 1.2654 0.43584 0.99266 1.2977 -0.81282 1.5441 0.47938 -0.95385 -0.74493 -0.80392 -0.85725 0.85397 -0.05566 0.31235 0.85504 -0.84152 1.1009 -1.6216 1.0134 -0.24708 0.69732 -2.0501 0.34673 0.13442 1.8285 -0.54506 0.91277 1.4443 0.24991 -0.20054 1.8015 -1.3339 -0.21008 -0.22926 0.57074 -1.2318
-1.6324 -0.20606 0.32078 0.28688 -1.0561 -0.4622 1.9324 -1.7297 0.56492 0.42041 0.35184 0.35262 -0.10684 -0.88193 1.3485 -0.14016 0.78626 1.2 0.016496 1.2808 -0.98508 -0.64537 -0.36719 -0.57754 -1.6629 -0.45099 0.89692 0.75828 -0.58235 0.1985 0.53155 0.64563 -0.4586 2.4597 -1.0308 -0.051751 -0.4196 1.046 -0.67163
-1.3389 0.088317 0.46434 0.59588 0.14376 -0.63195 0.35411 -1.7616 0.49608 0.065435 1.1813 -1.7639 -0.007841 -0.45631 0.94835 -0.5184 0.32819 0.93483 -0.50264 0.87571 0.26873 -0.13888 0.052033 -0.0027234 -0.7584 -0.088823 1.0048 -0.17672 -0.45895 -0.41957 -0.27451 0.67704 -0.64413 2.0343 -0.82953 -0.04232 -0.57665 1.113 -0.32868
-1.0636 0.709 0.66194 1.1027 0.74658 -0.29798 0.8874 -1.0905 1.839 0.22711 1.1696 -1.6434 -0.090257 0.27537 0.71226 -0.72054 -0.080053 0.58786 0.070711 0.28094 0.90661 -0.46288 -0.24621 0.17598 -0.69644 0.020843 0.63228 -0.40528 -0.35777 -0.74054 -0.8592 0.32687 -0.13327 1.4263 -0.08166 0.15375 -0.27472 1.3395 -0.21567
-1.2839 0.52955 0.3573 0.92524 0.011359 0.19589 1.124 -1.6143 0.19507 -0.4075 0.15144 -1.8637 -0.43075 0.1679 0.88183 -0.53464 -0.088088 0.64898 0.42387 0.33485 1.3476 -0.7766 -0.39056 -0.7845 -0.29772 -0.46242 -0.083856 -0.35984 0.11748 -0.50561 -0.90111 0.62791 0.34632 0.36167 -0.45802 0.25082 -0.14124 1.1327 -0.50359
-1.0668 0.83848 0.23888 0.85386 0.47056 -0.7082 1.5286 -0.019379 1.2275 0.52099 -0.12352 -0.37867 -0.32718 -0.18618 0.71541 -0.73131 -0.47687 -0.24675 0.17497 1.2883 1.2212 -0.49251 0.13832 -0.70239 0.80041 -0.63985 -0.5322 -0.34196 0.6413 -0.091716 -0.35203 0.45345 0.4558 -0.47246 -0.17674 0.57226 0.56334 0.9492 -0.30315
-1.3982 0.78409 0.13822 0.62402 0.76989 0.9826 1.8866 -0.52768 0.2476 0.1047 0.085976 -1.732 -0.47651 -0.36347 0.35519 -0.31422 -0.47792 -0.31481 0.64361 1.0507 0.80968 -1.0614 0.32578 0.18125 0.76876 -0.63748 -0.30523 -0.46773 0.91987 0.26098 -0.061642 0.44739 -0.45305 -1.187 -0.1034 0.54664 1.0104 -0.022009 -0.012523
-1.3105 0.83494 -0.22007 0.18136 0.062247 -0.55534 1.3888 -0.71417 -0.68625 -0.46628 -0.062491 -0.73983 -0.5581 -0.31421 0.41343 0.24766 -0.067361 0.41474 0.82504 0.81662 0.26965 -0.68135 0.46362 0.81314 0.67482 -0.42022 0.26983 -0.29669 1.2591 1.0327 0.38442 0.49599 -1.6255 -1.1872 -0.1604 0.19523 0.45706 -0.20599 -0.073653
-1.4407 1.1747 -0.099654 0.36443 -0.20325 -0.40091 2.4995 -0.38603 1.1441 0.68364 0.61608 -0.69609 -0.84729 -0.2602 0.26369 0.52208 0.22564 0.1984 0.95143 -0.32017 -0.45678 -0.89274 0.46682 0.45043 -0.29429 -0.59274 1.0235 -0.71882 0.74983 0.69807 0.037395 0.079306 -2.1442 -0.52382 0.21185 0.23648 -0.46758 0.1979 0.29153
-1.4756 0.90143 0.58538 0.75254 0.32385 1.3587 2.2421 -0.36177 -0.38051 0.54152 1.2299 -0.65543 -0.89786 0.19013 0.27348 0.96633 1.2231 0.19887 0.96675 -1.2191 -0.4261 -0.9042 0.4297 0.075607 0.90055 -0.7896 1.5575 -1.3756 -0.18034 -0.44255 -0.805 -1.0011 -2.3348 -0.064355 0.17704 -0.11932 -0.84296 0.61638 1.0383
-1.5135 1.0812 0.60209 0.95103 1.3558 0.97142 2.1677 -0.99987 -0.45035 0.38248 0.74917 -0.58074 -0.69234 1.0182 -0.75715 0.5871 0.26371 -0.1442 0.72026 -2.1427 0.15287 -0.51444 0.7819 -0.34217 1.0412 0.058244 1.6899 -1.4091 -0.99242 -1.5341 -1.2098 -2.2075 -1.515 0.12795 0.77505 -0.49438 -0.42545 0.68859 1.8349
-1.3619 1.0786 0.51217 0.90226 0.43338 0.62 0.34565 -0.57589 -0.27613 1.0031 -0.058101 -1.8166 -1.1506 1.5347 -1.3392 -0.086179 -0.96564 -0.90379 -0.98147 -2.8576 -0.15622 -0.50632 0.078904 -0.41544 1.2386 1.0709 1.2618 -0.96725 -1.2466 -2.0511 -1.3301 -2.4803 -0.38177 -0.21165 0.89163 -0.94161 0.34291 -0.43751 2.0045
-1.0215 1.1304 1.003 2.3966 0.44447 1.7327 0.056257 -1.119 -1.3857 0.15228 0.214 0.87698 -1.5731 1.7675 -1.2482 -0.61668 -1.7278 -1.4861 -2.3075 -2.4767 -0.34294 0.49808 -0.28739 -0.114 0.91421 1.6862 0.4076 0.15353 -0.73673 -1.0989 -0.5663 -1.8536 0.97592 -0.7331 0.48555 -1.2895 1.0708 -1.0701 1.3217
0.060429 -0.53051 0.027955 -0.69051 -0.72814 -0.26013 -0.96481 0.088367 -0.099082 1.3862 -0.040267 0.83089 0.11786 1.8306 -1.0721 -0.52363 -1.8561 -1.5878 -2.2751 -1.8029 -0.58253 0.41823 -0.80284 0.65132 0.06451 1.9021 -0.41334 0.94638 -0.14643 0.14091 0.42931 -0.37865 1.5121 -0.61555 -0.11254 -0.94788 1.1571 -1.8153 0.24216
-0.085742 -0.24722 -0.018146 -1.0775 -1.2113 -1.692 -0.80444 -0.90905 0.22091 0.40154 0.81692 0.48434 0.72565 1.5186 -0.63753 -0.4298 -1.4743 -0.85211 -2.1881 -0.75518 -1.0411 0.019753 -1.1959 1.235 -0.55038 1.9546 -1.1378 1.4605 0.41577 1.6353 1.2391 0.90851 1.1874 -0.71365 -1.323 -0.82245 0.71015 -1.5134 -1.084
0.026543 0.12337 0.12511 -0.80829 -0.88721 -1.4846 -0.66967 -1.2115 0.1963 -0.14898 0.96808 -0.28895 0.81374 0.99407 -0.086698 -0.42399 -0.81248 -0.43584 -1.7709 -0.75074 -0.98821 -0.49643 -1.2457 1.1891 -1.7148 1.3614 -1.2539 1.3322 0.46214 2.1917 1.4009 1.3336 0.61596 -0.22602 -1.5439 -0.24831 -0.088754 -0.38368 -1.8487
0.28161 0.28712 0.31948 -0.45083 -0.74776 -1.3279 -0.75533 -1.6054 -0.38689 -0.54421 1.2113 -1.3382 0.70567 0.36155 0.66288 0.033197 0.99928 0.21528 -0.82366 -0.6728 -1.5099 -1.7546 -1.6099 1.0237 -1.2712 0.062811 -0.97213 0.72841 0.42301 1.7111 0.94932 1.2021 0.25995 0.4201 -0.98162 0.30828 -0.61271 0.82533 -1.8595
0.297 0.29737 0.20984 -0.09793 -0.61687 -1.592 -0.85446 -1.5272 -0.9718 -0.4421 1.4763 -1.16 0.66806 0.39926 0.47044 0.022436 1.2616 0.45412 -0.40706 -0.63601 -0.78013 -1.8572 -1.0646 0.60419 -0.3658 -0.38265 -0.60519 0.048205 0.31828 0.61181 0.48565 0.7607 0.57111 0.95342 0.0058927 0.54714 -0.75923 1.673 -1.0995
0.3467 0.24415 0.053212 0.17643 -0.75556 -1.2818 -1.667 -1.4322 -1.6276 -0.83739 1.5134 -0.88804 0.55361 0.25687 0.2831 0.058835 0.8883 0.44623 -0.57174 -0.30345 -0.33454 -1.3102 -0.71289 0.35198 0.42916 -0.42284 -0.35009 -0.40154 0.16456 -0.7074 -0.016934 0.21369 0.88509 1.1714 1.0782 0.62232 -0.97594 1.0678 -0.18617
0.28377 0.24666 -0.0065988 0.23845 -0.64382 -2.2816 -1.7946 -1.9326 -2.1727 -0.96402 1.4313 -0.70881 0.39729 0.074365 0.18307 0.099184 0.45852 0.33747 -0.44412 0.1846 0.26045 -0.70519 -0.67331 0.063491 0.8031 -0.31652 -0.32081 -0.14844 0.2785 -1.0383 -0.20949 0.25959 1.0088 0.71963 1.2763 0.54346 -1.1578 0.15647 0.012035
0.38526 0.50905 0.18185 0.54102 -0.36097 -2.0815 -1.1382 -1.7684 -1.6992 -1.1081 1.6587 -0.18197 0.35692 -0.039904 0.14636 0.27268 -0.0046254 0.23616 -0.4002 0.65338 0.22537 -0.1196 -0.64384 -0.59036 0.28871 -0.29434 0.00029897 0.21375 0.32292 -0.72862 -0.3766 1.0126 0.75571 0.50729 0.94552 0.77896 -1.5567 -0.30009 -0.25153
0.39044 0.4868 0.37273 0.19842 -0.14368 -2.005 -0.77635 -1.5218 -1.2812 -1.0255 1.4227 -0.29518 0.36608 0.030594 0.29509 0.3847 -0.35482 0.16683 2.5355e-05 0.86498 0.32661 0.16437 -0.085045 -1.164 0.0059605 -0.42448 -0.19948 0.35001 0.53865 -0.40294 -0.42253 1.4882 0.25991 0.68254 0.63626 1.0533 -1.7024 -0.23112 -0.53606
0.33306 0.39101 0.31856 0.15191 -0.44447 -1.7696 -0.61366 -1.0786 -1.626 -1.4099 1.3493 -0.43022 0.39622 0.27547 0.57938 0.45985 -0.15263 -0.16874 1.1415 0.83883 0.61071 0.19412 0.44808 -2.0523 0.20606 -0.80721 -0.5165 0.43698 0.83919 -0.031774 -0.32588 1.5112 -0.088295 1.2433 0.63515 1.1817 -1.1541 0.42709 -0.67359
0.20806 0.3733 0.34442 -0.071257 -0.46627 -2.25 -0.52204 -1.5388 -1.497 -1.3241 0.40824 -0.99041 0.24755 -0.40625 0.54308 0.91163 -0.26803 -0.24502 1.6315 0.60088 1.3831 0.44327 0.74957 -2.5079 0.36221 -0.99586 -0.99234 0.26758 0.72213 0.49014 0.0057015 1.2313 -0.26839 1.4173 0.69488 1.1061 -0.46407 0.84033 -0.7862
0.46874 0.71465 0.39711 -0.18972 -0.47573 -1.454 -0.86293 -1.3982 -1.727 -0.63007 -0.04953 -0.61352 -0.13308 -0.65163 0.74201 1.4199 -0.11116 -0.16474 1.6745 0.61076 2.0909 1.044 1.1482 -2.1506 0.95934 -1.1848 -1.2008 0.054985 0.33672 0.58001 0.56939 0.6506 -0.61023 1.1061 0.90733 0.98597 0.61823 0.87057 -0.49995
0.74827 1.1632 0.60728 0.51694 -0.83649 -0.25884 -0.29163 -1.1829 -1.6437 -0.21853 -1.2481 0.24539 -0.70865 -1.0973 0.65465 1.1188 0.59822 0.1691 2.0878 0.45074 2.3149 1.1649 1.6327 -2.0002 1.3137 -1.6087 -0.64759 0.066291 -0.54372 0.66816 0.7634 -0.12854 -0.86952 0.082028 0.54018 0.51994 1.7536 0.44308 -0.14691
-0.56719 0.90216 1.4956 -0.086467 -0.4352 0.041761 -0.11667 0.3655 -0.45679 -0.32049 -1.1783 0.28961 -0.56667 -1.304 0.61463 0.92321 0.56656 0.66733 2.1551 -0.28554 2.2748 1.6942 1.8493 -1.079 1.4758 -1.3734 -0.16838 -0.14622 -1.5909 0.46587 0.41536 -0.91512 -0.85753 -0.56459 -0.30972 -0.52543 2.2684 -0.13612 0.26177
-0.26415 1.1847 1.8386 -0.054473 -0.39426 -0.39292 0.098282 0.80682 0.22968 0.28613 -0.69656 0.86917 -0.83478 -1.1199 0.71641 0.24847 0.72055 0.73962 1.1405 -0.65951 1.4516 1.2266 1.369 0.39954 0.98504 -1.157 0.45777 -0.21632 -1.8361 0.26761 -0.025215 -1.5279 -0.68733 -1.4634 -1.1461 -1.3121 2.1894 -0.51657 0.59172
-0.81899 0.93583 0.7957 1.3071 -0.13058 0.84843 -0.33595 0.54586 -0.70268 0.81775 -1.5883 0.84788 -1.673 -0.91348 0.47107 -0.81497 0.75324 0.30926 0.39079 -0.51911 1.4394 0.37976 0.29225 1.0976 0.83356 -0.95168 0.22858 -0.61141 -1.5115 -0.072252 -0.18397 -1.1242 -0.053867 -1.8079 -1.4837 -1.7522 1.6175 -0.70738 0.69886
-0.75015 1.2965 1.1837 0.25891 0.64085 0.75645 -1.6403 0.21253 0.81621 1.393 -0.92476 0.99531 -1.1895 -0.56394 0.37101 -1.0939 1.0365 0.29543 0.038711 -0.78331 -0.079134 -0.52549 -0.049726 1.2055 0.57541 -0.78376 0.11693 -1.1046 -0.4093 -1.0894 -0.46286 -0.40055 0.61324 -0.89748 -0.81092 -1.4444 0.62846 -0.73458 1.0084
-0.29797 1.8715 0.64396 0.96288 0.083401 -0.042282 -1.3286 -0.023367 -0.65628 0.77747 0.70631 0.81192 -1.5544 -1.2201 -0.21825 -0.94233 0.26501 0.54413 0.54817 -0.33071 -0.43398 -0.46922 -0.72665 1.6957 0.23542 -0.33691 0.17001 -1.5852 0.52711 -1.9575 -0.72418 0.090921 1.1609 0.36739 0.19421 -0.59931 -0.32876 -0.86167 1.2774
-0.77717 1.305 0.029733 1.2233 -0.8398 0.1908 -0.041321 1.6196 -0.87386 -0.67574 -0.17278 1.6406 -1.6678 -0.78334 -0.75607 -0.37365 -1.1996 -0.23708 0.29013 0.44903 0.66504 -0.0094684 -0.83036 1.3476 -0.21613 0.29988 0.45643 -1.6897 1.0061 -2.3906 -0.47496 0.29963 1.0189 1.1965 0.96899 -0.29596 -1.3614 -0.82891 1.5169
-1.3284 1.1593 0.92654 1.2525 0.44717 -0.016075 -1.3958 -0.12326 -0.82453 0.27358 0.18298 1.0171 -1.4802 -0.53553 -1.5734 -0.28841 -2.0177 -0.76535 0.43483 1.1428 1.7766 0.52112 -0.44355 0.40527 -0.5279 0.74102 1.4046 -0.88661 1.0232 -1.9112 0.026385 -0.17709 0.26861 0.43637 0.81354 0.15903 -1.634 -0.82639 1.3766
-1.9308 0.64526 0.5615 0.19587 0.92449 1.4805 -0.46185 0.067279 -0.094345 -0.11626 1.3451 1.0392 -1.4175 -0.1797 -1.7314 0.27014 -2.5716 0.068606 0.66492 0.47908 1.1194 0.96657 -0.74928 -0.78619 -0.73392 1.3305 1.6932 0.30124 0.38597 -0.8066 0.39173 -0.50047 -0.34629 -0.59026 0.12612 0.024396 -1.2978 -0.68655 0.81124
-0.98104 0.27341 0.48367 -1.1368 -0.96978 0.92149 -0.16284 1.7556 -0.032903 0.32353 -0.16241 0.27622 -0.99688 0.72167 -1.189 0.45544 -2.8461 0.43368 0.017128 0.18035 0.18078 0.7114 -0.47308 -0.40623 -1.1916 1.5558 1.6056 1.5926 0.1537 0.43918 0.41412 -0.87309 -0.60466 -1.3742 -0.83113 -0.033724 -0.53435 -0.49669 0.079365
-0.79281 -0.19037 0.62186 -2.0218 -0.95006 0.55361 0.14491 2.4403 1.273 0.6374 -0.0051737 0.40782 -0.29039 1.2933 -0.452 -0.095921 -2.388 -0.12089 -0.46412 0.24901 0.33049 0.15523 -0.77363 -0.75919 -1.2874 1.3121 0.74843 2.1119 -0.19092 1.6814 0.30929 -0.5971 -0.38152 -1.335 -1.4388 0.1611 0.42729 -0.035689 -0.8341
-0.69713 0.11357 0.83056 -1.2063 0.78092 0.75802 -0.86305 0.62544 -0.27425 -1.616 -0.86932 0.29218 -0.20339 1.2931 0.40816 0.15423 -1.237 0.086369 -0.67753 0.069291 -0.46903 -0.77518 -0.49826 -0.63074 -1.2704 0.89034 -0.052725 1.8326 -0.27625 2.6191 0.15264 0.30197 -0.49112 -0.85405 -1.3116 0.34416 0.60021 0.72698 -1.5236
-0.37969 0.18481 0.81424 -2.0755 0.527 -0.027391 -0.2378 0.61765 -0.16066 -0.59978 0.1733 -0.23931 -0.052917 0.72829 0.94587 0.10165 -0.035583 0.80603 -0.13595 -0.21577 -1.1205 -1.2376 -0.43871 0.18055 -0.78155 0.20641 -0.50705 1.017 -0.22117 2.6176 0.076472 0.94981 -0.45857 -0.2244 -0.57461 0.91298 0.87616 1.3974 -1.6505
-0.31364 0.72054 0.46981 -1.9724 -0.14157 0.01793 -0.80376 0.4194 -0.34384 -0.30907 -0.32423 -0.9158 -0.25759 0.91604 1.1282 -0.10572 1.1812 0.24529 0.42706 -0.55284 -0.73349 -1.2789 0.00027926 0.3159 0.010654 -0.55355 -0.5661 0.17136 -0.43414 2.0277 -0.038856 1.1386 -0.42881 0.56348 0.036713 0.77201 0.4484 1.5894 -1.3455
-0.37023 0.93665 0.74835 -1.6931 0.071236 0.80085 0.21604 0.79178 -1.0268 -0.2665 0.13093 -0.69362 -0.36262 0.66677 0.86203 -0.33583 1.6034 -0.065649 0.79859 -0.3416 0.033879 -0.76915 0.68321 0.49812 0.88278 -0.85004 -0.42509 -0.47052 -0.31609 0.92226 -0.13952 0.56048 -0.33437 0.74133 0.14488 0.46078 0.078086 1.1112 -0.67
-0.18196 0.98043 0.67423 -1.1654 0.45026 0.66952 -0.71753 1.0847 -1.075 -0.37123 -0.045905 -0.27789 -0.55234 0.41435 0.73261 -0.35455 1.9719 0.44436 1.0319 -0.71104 0.040161 -0.9328 0.38288 0.10617 1.0965 -0.93232 -0.59047 -0.64562 -0.016961 -0.12357 0.18526 -0.056807 -0.27939 0.15124 0.036216 0.084963 -0.20412 0.29184 -0.036322
0.37988 0.96267 0.5592 0.18845 -0.032649 1.1897 -1.3128 0.87002 -0.59069 -0.26114 0.12447 0.95344 -0.96356 0.29524 0.36996 -0.30322 1.4013 0.44312 0.63084 -0.79449 -0.078923 -1.1124 0.22921 0.4583 0.90765 -0.77413 -0.56395 -0.48111 0.27225 -0.69127 0.11822 -0.4616 0.17379 -0.31227 -0.13814 -0.24264 -0.21246 -0.30646 0.32439
-0.14057 1.0215 0.36246 0.22343 0.80955 1.3659 -0.93212 0.28352 -1.3487 -0.37212 0.10587 1.1758 -1.0483 0.1533 0.3124 -0.14899 1.0367 0.3261 0.3977 -0.87627 -0.38351 -1.0317 0.38267 -0.042139 0.57349 -0.65362 -0.53943 -0.28621 0.46876 -0.84538 -0.21896 -0.77149 0.90979 -0.28882 -0.031308 0.063708 0.12285 -0.39246 0.48681
-0.055954 1.2609 0.34787 -0.22251 0.91578 1.0728 -1.1909 0.7405 -1.5882 0.27081 0.12624 0.16863 -1.0259 -0.10877 0.28099 0.020083 0.69758 0.20511 0.22707 0.080927 -0.35212 -1.0014 0.22517 0.17806 0.50972 -0.4209 -0.5801 -0.68248 0.55998 -0.27562 -0.60305 -0.60423 1.2583 -0.16514 0.58295 0.29368 0.027397 -0.35879 0.68422
-0.044892 1.138 0.32475 -0.61116 0.1611 0.88731 -1.5213 0.58435 -2.2113 -0.15312 0.58265 -0.030283 -1.0618 -0.25047 0.30667 0.27248 0.64426 0.15359 -0.24843 0.63626 -0.37599 -1.0511 0.50049 0.50655 0.48697 -0.2565 -0.54514 -1.301 0.56589 0.21416 -0.80209 -0.4341 1.3707 -0.43909 1.118 0.20607 -0.0046279 -0.27241 0.85481
-0.059126 1.2782 0.79126 0.15084 0.67281 1.4859 -1.1909 0.5344 -2.0987 0.2407 -0.35308 0.62854 -1.1939 -0.43478 -0.74969 0.42791 1.05 -0.58826 -0.20795 0.91857 -0.39756 0.093359 0.71658 0.2579 0.21054 0.22487 -0.54036 -1.4354 0.38473 0.52622 -0.60946 -0.35976 0.99113 -0.25385 1.5744 0.21527 -0.028365 -0.31743 0.72407
-0.097626 1.222 0.55163 0.53713 0.6517 1.0631 -0.45445 0.62534 -1.8797 -0.27325 0.49742 1.4291 -1.1612 -0.55965 -1.3126 0.59888 1.286 -0.76168 -0.22075 1.3948 -1.2025 0.7134 0.51917 -0.070617 0.15739 0.51928 -0.34263 -1.4253 -0.46134 -0.07101 -0.52256 -0.5807 0.37556 0.24346 1.6644 0.045956 0.19882 -0.15623 0.60299
-0.058604 1.3592 0.72289 1.1476 0.49446 0.6829 -0.29389 0.089033 -2.2694 0.75555 1.0758 1.6707 -1.2991 -0.8225 -1.2708 0.50445 1.4222 -0.46671 -0.48034 1.6463 -0.42434 1.3444 0.61527 0.43176 0.017776 0.45842 0.39999 -0.71876 -1.2122 -0.97939 -0.37572 -1.1725 -0.65066 0.36844 0.9122 -0.18458 0.16482 0.18343 0.36114
-0.8371 -0.39479 0.73186 1.0302 -0.38379 1.0816 0.056305 0.047094 -0.78026 0.86237 0.047657 0.13233 -0.4211 -0.60857 -1.7776 -0.53899 0.31706 -0.87648 -1.229 1.0084 0.10833 1.7358 0.63349 0.82817 0.25259 0.68226 1.2278 -0.1354 -1.7852 -1.5175 -0.43398 -1.362 -1.6016 0.49116 0.24535 -0.52987 -0.22458 0.40578 0.23709
-0.45049 -0.057429 1.0775 0.92525 -0.35827 0.69834 0.42047 -0.72555 -0.94523 0.53323 -0.11574 0.04283 -0.46851 0.22588 -1.6994 -1.0373 -0.41139 -1.2295 -1.9541 -0.16705 -0.34169 1.453 0.31001 0.1507 0.51898 0.77612 1.9663 0.52067 -1.6295 -1.4479 -0.4108 -1.2043 -1.9585 -0.31367 -0.56126 -0.72607 -0.70078 0.78169 0.11446
-0.89492 0.32762 0.89568 1.5544 0.15358 0.34626 0.73492 0.91623 -0.46828 0.58228 1.4747 0.82192 -0.95368 0.87686 -1.3205 -1.6266 -0.81208 -1.1863 -2.0973 -0.84436 -0.29654 1.1632 -0.32427 -0.34797 0.71244 0.77631 1.8223 0.89047 -0.61925 -0.59913 -0.087813 -0.46119 -1.4149 -0.81687 -0.76473 -0.55954 -0.83383 0.55703 0.11046
-0.40041 -0.78478 -0.46278 0.18614 -0.66321 -0.67979 -0.087455 0.78175 0.2278 1.0909 1.0999 2.1108 -0.36212 1.577 -0.642 -1.6866 -0.88984 -1.0751 -2.3576 -1.2739 -0.82243 0.48172 -0.26936 -0.32754 1.3536 0.61289 1.0762 0.74495 0.59155 0.031067 0.084566 0.2983 -0.33071 -1.1942 -0.64581 -0.1885 -0.61643 -0.066365 0.26542
0.52683 -0.58333 -0.44431 0.18808 -1.494 -1.9506 -1.2014 -0.69194 -0.53948 0.2768 0.33386 2.0141 -0.18993 1.6277 -0.84041 -1.2527 -0.63403 -1.1218 -1.9152 -1.2175 -1.2196 0.65554 -0.12846 -0.53977 0.94677 0.95837 0.019631 0.73126 2.0581 0.66485 0.20355 1.0513 0.73868 -1.2626 -0.3621 -0.025547 -0.2694 -0.98012 0.18475
0.46987 -0.59988 -0.68747 0.33994 -1.3059 -1.3053 -1.1199 -0.41268 -0.32657 0.334 -0.20716 1.2515 -0.069978 1.5686 -0.71304 -0.22934 -0.4387 -1.1122 -1.4782 -0.63109 -2.1741 0.38469 -0.14464 -0.93612 0.25275 1.1505 -1.0583 0.56595 2.6416 0.66035 0.41311 1.8904 1.378 -0.68787 0.17115 -0.23428 0.0074628 -1.5588 0.050365
0.68836 -0.86279 -0.4522 0.10508 -1.5974 -1.835 -1.0252 -0.97689 -0.12036 0.58408 -0.15649 1.834 0.179 0.90868 -0.081126 1.1023 0.28322 -0.79888 -0.52766 0.28324 -2.0462 0.47102 -0.4382 -0.54903 -0.73385 0.83188 -1.4913 0.85886 2.3701 0.18486 0.63602 2.0313 1.1329 -0.35129 0.21481 -0.58769 0.28427 -1.2732 -0.26816
0.90078 -0.80787 -0.037605 0.58032 -1.4751 -1.7241 -0.69505 -1.0659 0.42494 0.56158 0.32998 1.6836 0.43005 0.23952 -0.089783 1.5732 -0.036539 -0.48145 0.56532 0.67986 -1.7293 0.92609 -0.55698 -0.28787 -0.97287 0.76556 -1.6717 0.99577 1.2969 -0.35296 0.81257 1.9486 0.273 0.20328 0.26011 -0.93624 0.34024 -0.93623 -0.40313
0.7829 -0.82213 0.22127 0.44947 -1.7478 -2.1599 -0.29578 -1.3176 0.10337 0.57668 0.26715 1.702 0.497 -0.097498 0.26182 1.8276 -0.46785 -0.27121 0.94982 0.34997 -2.1148 0.82643 -1.0266 -0.28857 -1.0298 0.68339 -1.5097 0.95503 0.0011875 -0.81697 0.84943 1.2733 -0.71232 0.35833 -0.22186 -1.1973 0.27295 -0.3671 -0.33103
0.79235 -0.70264 0.68899 0.50354 -2.2172 -1.5604 -0.25157 -1.935 0.57465 -0.045517 -0.13093 0.58646 0.5334 -0.60664 0.75464 1.5874 -0.7644 0.11526 1.5112 -0.12975 -1.7461 0.74143 -1.6075 -0.38177 -1.5072 0.52135 -1.2993 1.0636 -0.75204 -0.50694 1.0351 0.28958 -1.0832 0.69401 -0.74442 -1.4265 0.5705 0.094781 -0.35075
0.68019 -0.69001 1.0057 -0.10253 -1.9092 -0.52756 -0.59271 -2.3971 0.77639 -0.57303 -0.42278 0.39857 0.70091 -1.0875 1.0688 1.0988 -0.97595 0.46198 1.4341 -0.71183 -1.346 0.11003 -2.1589 0.051167 -1.2238 0.37665 -1.0481 0.72714 -1.2813 -0.05543 1.1732 -0.77087 -0.88256 1.3248 -1.027 -1.1127 0.98556 0.7406 -0.36949
0.35367 -0.29311 1.1118 -0.4241 -1.4555 -0.27614 -0.83185 -2.6399 0.80553 -0.7648 -0.44203 0.34872 0.79672 -1.348 1.2576 0.6763 -0.78966 1.0533 0.87346 -0.9173 -0.7763 -0.23999 -2.6662 0.67628 -0.69908 0.30714 -0.37442 0.39779 -1.1817 0.42426 0.91016 -1.3842 -0.3325 1.5751 -1.2464 -0.16209 0.9945 1.2835 -0.5282
0.087085 0.074195 1.1356 -0.56154 -1.3011 -0.20537 -1.1383 -2.4288 1.0011 -1.4173 -0.16761 -0.094687 0.81984 -1.4075 1.2075 0.13299 -0.56536 1.4157 -0.21237 -0.9904 -0.049174 -0.78635 -2.5849 1.1266 0.048756 0.14593 0.53353 0.13083 -0.80742 0.76019 0.5438 -1.1954 0.14707 1.7072 -0.90263 1.4494 0.06591 1.1306 -0.90159
-0.28497 0.33501 1.0181 -0.37914 -0.99932 -0.47873 -1.4899 -2.2972 0.0096345 -2.2738 0.84908 0.31759 0.81616 -1.0494 1.3404 0.087385 -0.12682 1.3095 -0.32149 -0.64462 0.63743 -1.3634 -1.7018 1.0421 0.43691 -0.28533 0.86037 -0.22892 -0.47284 0.88493 0.026063 -0.48326 0.31661 1.4685 -0.32438 2.8511 -1.1073 0.45063 -1.253
-0.52821 0.44053 1.065 -0.37974 -0.4185 -1.194 -1.2784 -2.3416 -0.077204 -3.1056 0.92684 0.5321 0.83105 -0.38689 1.2432 0.038877 0.20292 1.3298 -0.26266 -0.56073 1.2332 -1.1768 0.069676 0.01736 0.4795 -0.90192 0.4897 -0.69516 -0.47006 0.6525 0.060326 0.68647 0.80616 1.0142 0.63327 3.4329 -1.6681 -0.78414 -1.2145
-0.51455 0.45526 0.8872 -0.44939 -0.21227 -1.5435 -1.7217 -2.1739 -0.23232 -3.1359 0.85371 0.60398 0.70807 -0.48555 0.86357 -0.069155 0.58432 1.138 -0.031525 -0.51181 1.4093 -0.70822 1.3424 -0.91002 -0.018101 -1.3581 -0.29538 -1.1114 -1.0663 0.22972 0.26015 1.3425 0.94827 0.31679 1.3034 2.9341 -1.0809 -1.6964 -0.73008
-0.26883 1.0439 1.3099 -0.3933 -0.11787 -0.078143 -1.3588 -1.7023 -1.0378 -1.8927 0.49144 0.95113 0.23688 -0.90969 0.30252 -0.57658 0.37541 1.6064 0.95321 0.52472 1.5181 0.18523 2.3184 -1.1328 -1.3242 -1.4395 -0.90436 -1.2462 -1.3739 -0.071679 0.10601 1.3831 1.0313 -0.40202 1.1545 1.5479 0.20615 -1.6662 0.04825
0.030854 1.2041 1.0899 -0.10141 0.45286 -0.60703 -1.8339 -1.1571 -0.22406 0.024766 -0.8262 0.57937 -0.42364 -1.2644 -0.017476 -1.394 0.24331 1.6445 1.6378 0.67321 1.1069 0.62824 2.665 -0.47217 -2.1064 -1.2915 -0.88321 -1.1674 -1.2147 -0.239 -0.26684 0.51471 0.89869 -0.69199 0.87944 0.093317 1.3691 -0.67446 0.74286
-1.0098 0.80952 0.87788 0.43088 0.16314 -0.60547 -2.0037 -1.1058 0.0015082 -0.54761 -0.73672 -0.45664 -0.63332 -1.4482 -0.36639 -1.6043 0.23101 1.2658 1.5477 0.87028 0.61394 0.52241 2.3035 0.22129 -1.8604 -0.84946 -0.59188 -1.0519 -0.55933 -0.27438 -0.80365 -0.21777 0.62629 -0.88746 0.11025 -0.99475 1.935 0.88233 1.1969
-1.6474 0.36805 0.10658 -0.27967 1.9666 0.77926 0.12951 -0.98621 0.37408 -0.21611 0.23342 -1.8742 -0.45669 -1.6332 -0.72244 -1.5935 0.18168 0.81037 0.65279 1.0786 0.53329 0.92689 1.5209 1.1057 -1.1286 -0.353 0.29787 -0.64589 0.45444 -0.33429 -1.0288 -0.29561 0.88689 -0.6438 -0.45074 -1.0979 1.0216 1.7588 1.277
-1.6146 0.54241 -0.59325 -0.27553 1.6953 0.83906 -0.88104 -1.5304 0.53152 0.029973 0.80997 -1.8894 -0.45864 -1.6761 -1.0753 -1.4146 -0.13891 0.53613 1.0241 1.5504 0.10086 0.26321 1.0238 1.8756 -0.043815 0.18503 1.1 0.12062 1.5506 -0.1462 -1.1304 -0.43187 0.48654 0.00046469 -0.32482 -0.78834 -0.5079 1.8978 0.8062
-1.4506 0.41996 -0.1873 -0.00096174 0.8913 0.59879 -0.85608 -1.3494 -0.34298 0.44844 0.76004 -0.69784 -0.36647 -0.67765 -0.72531 -0.72425 -0.23589 0.10697 1.3288 2.0732 0.12805 -0.16456 1.245 0.71514 0.52691 0.42501 1.3933 0.65511 2.1335 -0.060453 -1.0062 -0.39364 -0.073245 0.98432 -0.029085 -0.81724 -1.8005 1.3922 0.089039
-1.7784 0.38092 -0.0013925 0.14424 0.88221 -0.034408 -0.10013 -0.56835 0.85778 0.80639 1.1906 -0.15797 -0.50237 -0.16974 -0.16593 0.56641 0.14932 -0.47207 0.37793 1.327 0.82016 0.4038 0.96129 -0.55432 1.1344 0.17233 1.4811 0.91228 1.9502 -0.059631 -0.84904 -0.72913 -0.96481 1.6834 0.44175 -1.1048 -1.7155 0.60031 -0.46433
-2.2921 -0.42322 -0.58275 -0.27438 1.5244 1.1844 0.52075 -1.2368 0.029201 1.0509 1.5528 -0.11494 -0.20173 -0.16094 -0.098561 1.0002 -0.082546 -0.54619 0.21742 1.0452 2.0694 0.79834 0.017877 -1.1732 1.0825 -0.18961 1.3077 0.46859 1.0389 -0.49942 -0.79577 -1.2632 -2.0335 1.1707 0.25993 -1.6053 -0.12846 0.055365 -0.2598
-1.6431 0.11097 -0.073189 -0.17741 0.966 2.1701 1.8901 -1.0574 -0.19966 0.95483 -0.26603 -1.0812 -0.011331 0.43148 0.11306 0.99967 -0.33406 -0.70828 0.17871 0.16874 2.3704 0.68844 -0.43536 -0.50822 0.87741 -0.31803 1.5517 0.16862 0.24326 -0.79499 -0.79238 -1.3129 -2.4311 0.069278 -0.14939 -1.7587 1.3969 -0.35016 0.39447
-1.6252 0.64113 0.81615 0.050463 1.1897 0.44631 0.63984 -0.0058473 1.6208 0.98808 -0.42052 -0.17432 -0.49371 1.1103 -0.093156 0.80521 -0.98642 -1.2477 -0.99566 -1.3416 1.607 0.22719 -1.0668 0.46182 0.75249 0.21739 1.5511 -0.090843 0.091898 -0.60996 -0.7708 -1.1917 -2.4036 -1.4507 -0.4211 -1.2898 2.0875 -0.48885 0.96817
-1.8061 0.30787 0.40469 -0.36122 0.2514 0.61707 -0.32851 1.1118 1.2951 -0.30065 -0.28434 0.39055 -0.88214 1.6735 0.1094 1.0739 -0.97819 -1.5879 -1.5349 -2.2542 1.1873 0.38456 -1.7938 1.3752 0.57647 0.65984 1.1038 -0.26699 0.12576 -0.16657 -0.59081 -0.30532 -1.0708 -2.6958 -0.67197 -0.44235 1.4016 -1.0548 1.1116
-0.93697 0.30917 0.71776 -0.43315 -0.15446 0.74009 -0.40748 0.98704 0.32209 0.35257 1.388 0.83607 -0.59504 1.696 -0.24567 1.1189 -0.97233 -1.5332 -1.2129 -2.4639 -0.12638 0.088611 -1.7222 1.98 0.2296 1.0154 0.61471 -0.1592 0.011802 0.71365 0.10701 0.40249 0.5449 -2.6828 -0.88405 0.58081 0.010438 -1.5073 0.50561
-0.78678 -0.34053 0.29229 -1.6522 -0.53921 -1.367 -1.6406 -0.15482 0.67296 -0.4648 2.2682 0.32835 0.44847 1.9009 -0.24948 1.0555 -0.67206 -1.6606 -0.30194 -1.3738 -1.9446 -0.61807 -0.93979 1.4889 -1.009 1.2276 0.005428 0.026508 -0.81129 1.4409 0.90423 0.34407 1.4219 -1.5363 -1.0108 1.1729 -1.7618 -1.0457 -0.53065
-0.31975 0.17729 0.97146 -1.0771 -0.56013 0.1611 -1.6297 -0.23637 0.72288 -1.4434 2.0813 -0.15941 0.7316 1.9763 -0.17513 0.83575 0.27835 -1.0204 -0.84559 -0.71326 -1.9837 -1.0819 -0.40977 0.44578 -1.5176 0.8188 -0.19866 0.60951 -1.6446 2.0486 1.541 0.25624 1.3033 0.27081 -0.72116 1.5846 -2.4674 0.12521 -1.6523
-0.043267 0.20041 1.7003 -0.93079 -1.0183 0.41706 -1.4621 -0.69539 0.82105 -0.87458 1.2673 -0.585 0.58348 1.5383 0.1183 -0.14534 1.2591 -0.18405 -1.0639 -0.33894 -0.836 -1.1004 -0.25715 -1.2761 -0.67926 -0.16816 -0.39354 0.67523 -2.6814 1.6652 1.7971 0.16756 0.60841 1.5005 -0.39251 1.4483 -1.7367 1.7815 -2.0833
0.14282 0.31409 1.6024 -0.691 -1.5267 0.088843 -1.1648 -1.5788 0.51887 0.075644 1.3663 -1.3728 0.3296 1.5558 0.57397 -1.0408 2.1321 0.56226 -0.34549 -0.42366 -0.15716 -1.1468 0.9004 -1.4331 0.30305 -1.1739 -0.50688 0.75065 -3.07 0.44124 1.4605 0.98153 0.25096 1.2558 -0.23163 0.90402 -0.60858 2.4739 -1.5372
0.49996 -0.18753 0.71617 0.13225 -0.94677 -1.3735 -1.4362 -0.24691 -1.1538 -0.78157 0.99259 -1.1079 -0.047299 1.4778 0.48765 -2.5074 1.7093 0.85387 -0.23543 -0.32534 0.030546 -1.3887 1.1138 -0.94099 1.668 -1.4167 -0.50811 0.6821 -2.3108 -0.87407 0.77384 1.5038 0.35706 0.43538 0.052895 -0.0054484 0.43367 1.8836 -0.38406
0.59992 0.36608 -0.029584 0.76911 0.028658 -1.5219 -1.45 0.12227 -0.69956 -0.43042 -0.099573 0.72711 -0.43602 1.1918 0.87599 -3.137 0.92986 1.146 0.61594 -0.22863 0.00088303 -1.4111 0.5941 -0.88916 2.2963 -1.243 -0.72553 0.50742 -0.90943 -1.8339 0.036249 1.1271 0.85176 -0.007338 0.4559 -0.9214 0.77721 0.46145 0.69225
0.99684 0.66923 -0.44999 1.0264 0.29514 -0.42378 -2.7017 -0.80756 -0.12647 0.72506 0.91766 0.55515 -0.70439 0.90354 1.0903 -2.9762 0.1237 0.94399 1.3316 0.2633 -0.074982 -0.85848 -0.11793 -0.68112 2.1181 -0.80366 -0.757 0.11383 0.69724 -1.7514 -0.56189 0.17135 1.2266 0.26674 0.64038 -1.3097 0.92313 -1.2509 1.2391
1.2833 0.70184 -1.2179 0.55098 -0.054292 0.71497 -1.4303 -0.68598 -1.1584 -0.0055625 0.90889 1.9622 -0.73932 0.67831 1.1082 -2.3321 -0.71851 0.57777 1.0257 0.95309 -0.11579 -0.47625 -0.21308 -0.025575 0.99627 -0.26882 -0.67359 -0.72847 1.5866 -1.2113 -0.87409 -1.3446 1.2652 0.99331 0.60384 -1.2852 0.82845 -1.9894 1.426
1.0064 1.1941 -1.2404 -0.19375 0.13652 0.9345 -1.3782 -1.1096 -1.3699 -0.057295 -0.19139 1.5714 -0.75257 0.51964 0.5594 -1.7375 -0.94614 0.096226 -0.11647 1.4909 0.60458 -0.54236 -0.93923 0.44953 -0.22619 0.26389 -0.43154 -1.3688 1.9022 -0.40031 -0.84351 -2.1757 0.50351 1.3207 0.61816 -0.73536 0.5904 -1.8707 1.2857
1.076 1.1959 -1.6404 -0.14771 -0.12071 0.56486 -0.67143 -0.86412 -0.97845 -0.7499 0.45432 0.97966 -0.56476 0.30229 -0.05676 -1.0905 -0.94169 -0.047228 -1.2401 1.6404 1.5741 -0.33031 -1.4058 0.18301 -0.56909 0.71749 0.10255 -1.7973 1.6132 0.26285 -0.695 -1.7524 -0.29202 1.0045 0.59469 0.021794 0.24235 -0.8063 0.93715
1.3053 1.0306 -1.823 -0.2784 0.49093 -1.1021 -0.38049 0.3148 -1.5369 -0.70483 0.96235 0.5207 -0.43466 0.39734 -0.57912 -0.40122 -0.56003 -0.30431 -1.7077 0.90692 1.6227 0.33678 -0.90245 0.38745 -0.89681 0.95226 0.52933 -1.5474 1.0588 0.348 -0.41643 -0.31833 -0.84653 -0.15049 0.53475 1.0767 -0.17351 0.30087 0.46333
1.3268 0.94112 -1.865 -0.011244 0.13346 -1.3124 -0.082712 0.41421 -0.943 -1.1216 0.95866 0.58192 -0.19078 0.89976 -1.2796 -0.28972 -0.38935 -0.50906 -1.54 0.67041 1.3096 0.30431 -0.19437 0.49898 -0.31367 1.0267 0.60456 -1.106 0.49273 0.19215 -0.32323 1.4987 -0.90914 -1.2902 0.42258 1.5643 -0.12409 0.7023 0.082716
1.372 0.46066 -1.6444 -0.44481 -0.054349 -1.0551 -0.44462 0.54962 -0.88834 -1.1686 0.89385 0.59181 0.13527 1.064 -1.375 -0.35845 -0.53093 -0.44656 -0.58073 0.3125 0.45013 0.23762 0.46786 -0.026649 0.23962 0.92066 0.26198 -0.68714 0.18809 -0.15196 0.14174 2.4637 -0.42276 -1.5012 0.21818 1.4606 -0.047569 0.51452 -0.14392
1.617 0.25303 -1.552 -0.43925 -0.69028 -0.98067 -0.33192 0.42659 -0.75011 -0.95761 0.82742 0.80865 0.28405 0.93244 -1.4783 -0.28297 -0.57449 -0.57805 1.0628 0.15132 -0.31809 0.58667 0.83498 0.16832 0.26794 0.87928 -0.4366 -0.28006 0.28572 -0.13105 0.62868 2.5695 0.025281 -1.0948 0.45683 1.3366 -0.069529 -0.35159 -0.22643
2.1158 -0.2426 -1.8525 -0.71521 -0.43637 -1.3449 -0.17269 0.084817 -1.0661 -0.12274 0.61986 0.97772 0.36744 0.79639 -1.6099 -0.087238 -0.76937 -0.014823 1.7059 0.3351 -0.44787 0.64411 1.3146 0.48041 -0.16208 0.77576 -1.1202 -0.23528 0.3883 0.12214 1.1303 1.6905 0.30611 -0.24683 0.53522 0.92763 -0.40522 -1.2895 -0.15147
2.2031 -0.14889 -2.3325 -0.76785 -0.22314 -0.65549 -0.082945 0.013463 -0.82583 -0.18726 0.69355 1.1064 0.42446 0.33128 -1.6224 0.055989 -0.53051 0.42747 2.2344 0.70744 -0.34419 1.0387 1.8817 0.13021 -0.83863 0.70471 -1.6506 -0.039683 0.48118 0.43729 1.3591 0.43511 0.29962 0.43289 0.51101 0.32561 -1.2786 -1.7778 -0.067693
2.0196 -0.61319 -1.9244 -0.82486 -0.43194 0.75024 -0.17226 0.20973 -0.28453 0.085118 1.5945 0.61037 0.68447 -0.43142 -1.6895 0.12564 -0.31027 1.1275 2.0674 0.63415 -0.0088145 1.1099 1.678 -0.77807 -1.8295 0.74453 -1.8772 0.19585 0.43572 0.70934 1.1026 -0.7174 0.021655 0.35341 0.31773 -0.50481 -2.0847 -1.6933 0.014316
2.021 -1.0455 -1.5764 -1.1785 0.19543 0.9251 0.34507 0.039238 0.072803 0.53502 1.5356 0.11265 0.81399 -1.0983 -1.5033 0.42011 0.064723 1.3494 1.7112 0.58876 0.29762 1.4024 1.2593 -1.6776 -2.508 0.77793 -1.4036 0.5567 0.16317 0.81721 0.76908 -1.6454 -0.26294 0.14914 -0.19848 -1.2556 -2.4112 -0.47655 -0.051098
1.6865 -1.4086 -1.5251 -0.96861 0.30433 1.6398 0.59374 0.19639 0.53258 1.6843 0.38334 -0.63566 0.96429 -1.4961 -1.3467 0.4639 0.34227 1.5501 0.58884 0.43565 -0.086376 1.1147 0.67666 -2.6642 -2.7663 0.76556 -0.51704 0.81968 0.012222 0.76818 0.13499 -1.7485 -0.20607 0.20286 -0.57329 -1.7135 -1.6974 1.3739 -0.22204
1.2536 -1.6473 -1.8279 -0.7468 1.1854 0.81437 0.3473 0.32191 0.26569 1.0946 -0.85807 -1.7313 1.117 -1.3859 -0.87722 0.16237 0.76679 1.6273 -0.18267 0.28911 -0.015863 0.63082 0.027261 -3.6127 -1.3487 0.60624 0.39281 0.87842 -0.018556 0.50952 -0.42107 -1.3876 -0.06509 0.45765 -1.0875 -2.1708 -0.44995 2.7249 -0.3873
1.046 -1.6274 -1.6399 -0.54586 1.3822 0.93929 0.52078 0.36275 0.93556 1.125 -1.3357 -2.1225 1.2341 -1.1187 -0.65318 0.27655 0.86487 1.2311 -0.33944 0.37806 0.54077 0.32213 -0.91866 -3.1031 0.35407 0.44358 0.97688 0.82266 0.37767 0.15917 -1.2374 -0.55725 0.12139 0.87965 -1.0068 -2.1098 1.2263 3.0616 -0.47037
0.63594 -1.6454 -1.6837 -0.40804 1.6873 0.44969 0.362 -0.33125 0.68791 0.3683 -1.9572 -2.4203 1.3561 -0.66232 -0.404 0.48414 0.8157 0.72666 -0.48713 0.48845 0.8669 -0.42856 -2.0121 -2.316 1.4269 0.26321 1.0271 0.67025 0.87696 -0.15425 -1.8823 -0.07578 0.33049 0.94948 -0.87366 -1.405 2.4156 1.8885 -0.48222
0.8668 -1.6875 -1.5593 0.058022 1.836 0.86832 0.43463 0.36804 0.53597 0.48063 -2.8368 -0.11732 1.3414 -0.29865 -0.22899 0.93872 0.63404 -0.28624 -0.33078 0.57303 1.1667 -0.41759 -2.2586 -0.89859 2.0217 0.11615 1.044 0.71719 0.92676 -0.32914 -2.3963 -0.040607 0.30309 0.35966 -0.79781 -0.14596 2.7248 0.38081 -0.61797
0.92586 -2.0131 -1.1573 -0.24254 1.7467 0.79806 1.2306 1.0191 0.63988 -0.27062 -2.2468 0.75008 1.2942 -0.15631 0.014179 1.3054 0.57574 -1.0892 -0.33658 0.83921 1.4999 -0.78848 -1.9378 0.020455 1.6213 -0.07169 0.66772 1.2845 0.81932 -0.46214 -2.3104 -0.098695 -0.32209 -0.49557 -0.12783 1.2627 2.5269 -1.3182 -0.9526
0.87235 -1.8592 -1.2108 0.12904 1.3956 0.60002 1.0544 1.1394 -0.46605 -1.2929 -2.8836 0.10438 1.2924 0.2949 0.31847 1.4237 0.33092 -2.2835 -0.49692 0.79647 0.91867 -1.1316 -1.2329 1.0677 1.012 -0.46794 -0.037908 1.996 0.75533 -0.29538 -1.4965 -0.05897 -1.1299 -1.8008 0.35351 2.1909 1.7135 -1.828 -1.3627
0.78215 -1.7768 -0.74822 0.020441 0.51842 0.17979 0.90397 1.2535 0.35702 -1.6902 -1.5375 0.070233 1.3123 0.10547 1.4365 1.619 0.049105 -2.539 -0.59754 -0.25698 0.040542 -0.33217 -0.16383 1.6536 -0.74851 -1.1087 -1.0647 2.1347 0.84693 -0.37652 -0.27784 0.279 -1.8632 -2.3382 1.0521 2.6215 1.2393 -1.0233 -1.4586
0.69157 -1.4613 -0.23116 0.30075 -0.11768 0.45181 1.7249 1.4932 -0.15569 -0.86047 -1.5369 -0.37558 1.1503 -0.49395 2.345 2.0518 0.31051 -2.3255 -0.31768 -1.0986 -1.5642 0.080114 0.95388 1.6498 -0.50466 -1.7462 -2.1805 1.1277 0.58002 -0.39804 1.1429 0.5627 -1.8392 -1.783 1.1423 1.75 0.38803 -0.012146 -0.91541
1.2922 -1.3183 -0.36116 0.0095302 -1.6856 -0.16146 1.2912 0.33463 -1.1304 -0.76188 -0.86534 0.14811 0.62469 -1.4691 2.5142 2.4151 -0.1621 -1.5865 0.10383 -1.8728 -1.7526 0.7633 1.8746 2.1688 0.29554 -1.9811 -2.2391 -0.58522 0.016186 -0.50577 2.0114 0.56183 -1.3601 -0.5565 0.75118 0.047 0.018345 0.51529 0.25509
0.86091 0.24061 0.25125 -0.062984 -1.0249 0.25036 -0.40504 0.76535 0.93485 0.36839 -0.81906 -1.176 -0.18748 -2.4103 1.6359 2.0011 -0.35429 -0.65967 0.22587 -2.0081 -1.611 0.66308 1.0216 1.588 0.45059 -1.6307 -1.3788 -1.8704 -0.29226 -0.58384 2.2229 0.3295 -0.38285 0.7652 0.2502 -1.4696 -0.168 -0.32837 1.5321
-0.050303 0.55676 1.1238 0.51539 -1.0832 0.42791 -0.30386 -0.98908 0.39846 0.31874 -0.46739 0.48263 -0.67635 -2.5225 0.8286 1.6731 -0.62335 0.32876 0.2025 -2.474 -1.0036 0.91719 -0.11338 1.7408 -0.19904 -0.71916 0.11081 -2.5151 -0.62272 -0.30397 1.4178 -0.073322 0.87343 0.95415 -0.59324 -1.9195 -0.35203 -0.91578 2.2434
-1.0564 0.43822 1.3668 -0.39717 -0.76726 0.67346 -1.4668 0.0053594 0.78876 0.86077 0.60012 0.72359 -0.55109 -2.1771 0.11048 1.9336 -0.61882 0.80725 0.25973 -1.551 -0.46439 0.5173 -0.80803 1.5564 -0.93622 0.30259 1.4253 -1.9319 -0.82792 -0.23473 0.44283 -0.11009 1.8318 0.96312 -0.84929 -1.1024 -0.56357 -1.1303 1.9951
-1.5897 -0.79333 0.99235 -0.38417 -0.71899 0.26457 -0.76272 0.046443 0.6511 -1.0522 0.15917 0.18703 -0.095223 -1.4122 -0.86125 1.4047 -0.63376 0.28678 -0.057977 -0.38769 -0.4882 -0.37826 -0.80921 1.518 -0.87771 0.97561 2.1197 -0.80708 -0.97195 0.062617 -0.35616 -0.2233 2.3518 0.23921 -1.0694 -0.068092 -1.4095 -0.47481 0.9645
-0.91849 -0.42277 1.2521 -0.56394 -0.11712 0.40649 -1.8761 0.2911 0.67769 -1.0228 0.87212 -1.4719 0.44004 -0.68888 -0.69778 0.74658 -0.81543 0.1712 0.1408 0.54409 -0.013727 -0.4284 -0.69878 0.61984 -1.5104 1.0112 1.9394 0.383 -1.1535 0.45094 -0.66154 -0.11612 2.0074 -0.37944 -0.75578 0.96186 -1.5724 0.6 -0.2754
-0.6072 -0.23527 2.2044 -0.58616 -0.61614 0.28931 -0.92237 -0.46067 0.080881 -0.99982 0.98798 -1.58 0.56654 0.1211 -0.094825 0.63592 -0.40065 -0.015843 -0.17019 1.0947 -0.76617 -0.80019 -0.29925 -0.5216 -0.88691 0.61409 0.99052 1.0152 -0.81346 1.2749 -0.42127 -0.19803 1.743 -0.335 -0.67214 0.95031 -1.5873 1.5429 -1.3082
-1.1469 -0.46347 1.882 -0.53238 -0.91563 0.2623 -0.71201 -0.48737 0.40794 0.25051 1.2315 -0.96706 0.4361 0.15558 0.35806 0.38245 0.16052 -0.26687 0.088986 1.6479 -1.0524 -0.8193 0.73464 -0.47249 0.26677 0.0032714 0.20374 0.90659 -1.0022 1.9943 -0.043368 -0.83489 0.85932 0.38693 -0.37935 0.7333 -0.97324 2.0553 -1.7707
-1.4538 -0.25959 1.5992 -0.94927 -0.63851 0.94342 0.38609 -0.52129 -0.039613 -0.6892 0.1186 -1.0612 0.29242 -0.25335 0.28197 0.22224 1.4111 -0.27681 -0.41582 2.4813 -0.6104 -1.559 0.25011 -1.0135 1.3387 -0.80613 -0.073228 0.80363 -1.4312 1.985 0.5082 -0.93079 -0.23275 1.4602 0.2774 0.24974 -0.60324 1.2535 -1.728
-0.86696 -0.074537 1.7919 -0.82479 -0.59106 -0.13709 -0.30154 -0.61618 -0.33155 -0.38014 -0.53304 -0.53041 0.31435 -0.17944 0.60622 -0.72803 2.2408 0.21552 -1.3401 1.5366 0.65524 -0.82512 0.39614 -1.0134 1.5178 -1.373 0.19344 0.73246 -1.8729 1.2634 0.95468 -0.5547 -1.4682 1.9517 0.94898 0.070248 -0.54552 -0.14521 -1.3088
-1.0809 -0.39099 1.4539 0.23752 -0.99075 0.54933 1.2556 -1.0559 -0.34713 -0.029311 0.4453 -0.048194 0.08741 0.16768 1.1041 -1.2106 2.5029 0.67331 -1.2431 0.69203 1.191 -0.22741 0.33399 -1.4081 1.0073 -1.7174 0.42289 0.81992 -1.82 0.086882 1.1225 0.41991 -2.1052 1.4275 1.1792 0.50118 0.095175 -0.63652 -0.69751
-1.1116 0.04391 2.1368 1.8086 -0.59287 -0.55766 1.8242 -0.27409 -2.0707 -0.90267 -0.21975 0.23391 -0.67011 0.2508 1.1529 -2.0447 2.1247 1.0113 -0.56438 -0.34136 1.8031 0.46115 0.82054 -1.3195 0.12396 -1.8278 0.48756 0.48857 -1.0344 -0.91844 0.82096 1.1178 -1.7877 0.36816 0.66596 0.58972 0.64975 -0.42916 -0.049613
-1.0484 0.53332 0.86333 1.9386 -0.23512 -1.9053 0.36277 0.63895 0.11225 0.40666 -0.19487 0.53996 -1.1326 0.20438 1.3584 -2.1742 1.6418 1.3877 -0.0037284 -0.71437 1.5638 0.21591 0.97279 -0.65422 0.73363 -1.7968 0.98758 -0.37847 -0.91172 -1.9348 0.11794 1.4039 -0.89568 -0.54116 0.308 0.60934 1.194 0.15123 0.89969
-1.0546 0.90749 0.23862 1.6689 0.314 -0.36643 0.051766 0.56432 0.43078 0.42376 -1.509 -0.1299 -1.4194 0.57852 1.2836 -1.9818 0.84666 1.3651 0.17712 -1.2715 1.1796 0.3194 1.1774 -0.10162 0.772 -1.4187 1.8392 -1.1722 -0.44538 -2.4252 -0.83353 0.93838 0.12178 -1.2901 -0.5927 -0.32115 1.575 0.61344 1.7853
-0.92102 0.80255 -0.56886 1.0702 0.75658 0.6774 -0.30833 1.0664 0.30402 0.36125 -1.682 -1.2662 -1.4803 1.5801 0.41647 -2.7716 -0.70207 0.70754 1.071 -0.60283 0.4647 0.47604 1.293 0.3339 0.97419 -0.34771 2.511 -1.7961 -0.24892 -2.2547 -1.7188 -0.0675 0.48539 -1.2466 -0.84933 -1.2445 1.6817 0.40595 2.3174
-0.65084 1.2285 0.1582 1.9515 1.0303 -0.34129 -0.22349 0.23811 -1.1147 0.96263 0.0045605 1.9732 -1.6693 2.5018 -0.30456 -2.4924 -1.5217 -0.19103 0.69136 -0.15933 -0.12576 -0.88225 0.055278 1.2811 1.2292 0.5701 2.3736 -1.8221 -0.045383 -1.4591 -2.0155 -0.86605 0.5911 -1.1743 -0.80876 -1.7549 1.1495 0.16421 2.2468
-0.46977 0.98438 -0.04589 2.1286 0.6346 -0.1296 0.095876 0.38075 -0.3441 1.209 0.60602 1.0473 -1.7189 3.2565 -0.80253 -2.3354 -1.6535 -1.0081 -0.39456 -0.31872 -0.17822 -0.92255 -0.80051 1.9574 1.311 1.2615 1.3352 -1.3149 0.33378 -0.64926 -1.5156 -1.0455 0.033864 -0.63866 -0.46394 -1.5092 0.16597 -0.81635 1.6164
0.9862 0.36535 -1.8347 0.19193 0.16273 0.46108 0.77742 0.75897 -0.21476 1.0875 -0.55709 1.2828 -0.82922 3.5343 -1.1048 -2.2746 -1.5765 -1.4978 -0.75348 -0.25426 -0.75457 -0.63744 -1.066 1.3507 0.92077 1.706 -0.15923 -0.66767 0.62616 -0.049204 -0.49519 -0.18928 -0.33057 -0.37212 0.20982 -0.17875 -0.69118 -1.4593 0.84919
1.5839 0.29457 -2.0708 -0.46209 -0.51993 -0.77757 -0.62237 0.52488 -1.0861 -0.16279 1.0372 1.4641 -0.40431 3.1965 -1.3466 -2.3185 -1.9646 -1.4385 -0.21375 -0.49018 -0.44644 -0.59582 -0.97643 0.64353 -0.53716 1.9115 -1.8611 -0.09146 1.5448 0.60837 0.56741 1.0198 -0.2296 -0.34427 0.53879 0.85383 -0.60427 -1.977 -0.039032
2.1218 0.1181 -1.9778 -0.018764 -0.79113 -0.54301 -0.78051 0.45312 -0.87271 -0.87538 0.87142 1.0931 -0.1123 2.2733 -1.1307 -1.4478 -1.4639 -0.89464 0.23396 -0.72395 -0.70459 -0.61426 -0.19525 0.60946 -0.81238 1.7311 -2.9843 0.1594 2.0095 0.91568 1.4725 1.668 0.30408 0.16087 1.0883 1.648 -0.32091 -1.854 -0.62458
2.3976 -0.17481 -2.2512 0.10546 -0.97995 -0.60797 -0.26751 -0.36554 -0.93543 -0.10985 0.36742 1.1547 0.15945 0.90558 -0.93953 -0.15309 -0.50111 -0.27019 1.0608 -0.53598 -0.86259 0.17143 0.35942 1.1691 -1.835 1.1821 -3.2479 0.16031 1.8578 0.88097 1.8483 1.3838 0.80792 0.65116 1.4409 1.8403 -0.473 -1.1801 -0.83126
2.3517 -0.28936 -2.1778 -0.54649 -0.77907 -0.18555 -0.53716 0.10063 -1.7384 0.527 1.0189 0.79977 0.33047 -0.098825 -1.0454 0.018707 -0.48901 0.62544 1.8 0.36436 -0.2344 1.2108 1.3488 0.48208 -2.194 0.98018 -2.5481 -0.0576 1.1443 0.41218 1.7337 0.62681 1.0034 1.2886 1.5743 1.0093 -1.2274 -0.80158 -0.71811
2.1137 -0.41582 -2.1689 -0.48537 -0.57697 0.69101 -0.72193 -0.042405 -0.65487 1.2047 1.0407 -0.28499 0.48176 -0.81766 -1.1249 0.069405 -0.70183 1.2016 1.6496 0.55064 0.57347 1.446 1.6943 -0.19554 -2.2475 0.83507 -1.3833 -0.13399 0.44386 0.24029 1.325 -0.63858 0.92032 1.3851 1.197 -0.16822 -2.1316 0.1213 -0.47527
2.0583 -0.68205 -1.9699 -0.61111 -0.40583 1.5523 -0.41064 -0.16244 0.17669 0.49039 1.7926 -1.4119 0.59204 -0.94572 -1.1322 0.36395 -0.54468 1.5584 1.1359 0.7015 1.0583 1.9763 1.0237 -1.0834 -2.2418 0.65059 -0.47431 0.055223 0.32776 0.69535 0.59625 -1.6686 0.59529 0.92225 0.34655 -1.4616 -2.4153 1.0346 -0.4178
1.5608 -0.93485 -2.0862 -0.84053 0.48024 1.1405 0.037547 0.43715 0.7159 1.3081 1.2014 -1.1173 0.80958 -0.88804 -1.1161 0.42116 0.0041012 1.699 0.16527 1.1011 1.1575 2.2432 0.20319 -2.1883 -1.5807 0.51743 0.090748 0.26653 0.35008 1.0602 -0.11521 -1.8812 0.42453 0.45188 -0.316 -2.0598 -2.1801 2.0091 -0.38745
1.428 -1.2272 -2.0558 -0.76185 0.78507 1.1428 0.12794 0.93566 0.48222 1.7228 -0.31912 -1.5015 0.89306 -0.82628 -0.95842 0.39473 0.5395 1.4694 -0.65858 1.2566 1.2499 1.5238 -0.64676 -3.2155 -0.45032 0.40998 0.31187 0.50013 0.50689 0.98956 -0.92894 -1.4702 0.046879 0.10213 -1.0232 -2.1468 -0.81139 2.3701 -0.36648
1.6364 -1.3724 -1.771 -0.71405 1.0933 0.70426 0.51303 0.64034 1.3463 1.2086 -0.97826 -1.8679 0.86432 -0.73595 -0.77262 0.6434 0.86244 1.0276 -1.0612 1.1053 1.3494 1.026 -1.3318 -3.3643 0.9044 0.2794 0.25871 0.77979 0.82896 0.50319 -1.5546 -0.94782 -0.36552 -0.042677 -1.3313 -1.7111 1.009 2.046 -0.34721
1.4142 -1.4374 -1.7306 -0.32938 1.4919 0.24336 0.79298 1.1639 1.6109 0.57387 -1.3644 -1.5262 0.92119 -0.52654 -0.4804 1.1055 0.99214 0.17588 -1.0715 0.79013 1.1615 0.48919 -2.233 -2.0587 1.2934 0.1303 0.17913 0.99019 1.0923 -0.085048 -1.9262 -0.58357 -0.73334 -0.18231 -1.3835 -0.50923 2.2607 1.5031 -0.39977
1.1543 -1.4565 -1.7934 0.36821 1.2237 0.27331 0.98322 1.0412 1.4379 -0.10796 -2.6523 -0.93667 0.99402 -0.62775 -0.071335 1.4593 0.77748 -0.52563 -1.4483 0.61539 1.1224 0.033431 -2.2119 -0.77666 1.6697 0.051642 0.12937 1.1328 1.1184 -0.53054 -1.952 -0.10056 -1.0787 -0.46944 -1.5579 0.97027 2.5683 0.69992 -0.59681
1.1197 -1.6274 -1.2215 0.16736 1.1495 0.14558 1.0792 1.5569 1.5223 -0.88365 -2.1169 0.4138 0.97126 -0.59754 0.32092 1.8226 0.413 -1.3102 -1.5873 0.060418 1.0156 -0.814 -1.1641 -0.07626 2.1915 -0.17364 0.12229 0.84834 0.55559 -0.72956 -1.5335 0.2571 -0.99679 -0.71442 -1.288 2.3207 1.9658 0.040583 -0.67104
1.0594 -1.489 -0.81747 0.16668 0.58431 -0.35739 0.91356 1.7804 1.0564 -1.0724 -1.2115 0.070559 0.95357 -0.49722 0.69143 2.1645 0.097956 -1.833 -1.0004 -0.64908 0.52228 -1.5138 -0.052835 0.67798 1.8558 -0.6106 0.31853 0.2338 -0.38974 -0.44753 -0.89703 0.59863 -0.49493 -1.0978 -0.67529 2.6198 0.73429 -0.65695 -0.47832
0.87569 -1.2154 -0.45779 0.044191 0.06726 -1.2177 1.0582 1.8717 0.80266 -0.78441 -1.4724 0.1446 0.91264 -0.39991 0.53476 1.6874 -0.11756 -2.0029 -0.8074 -0.53607 0.090291 -1.3755 1.03 1.0715 1.2675 -0.71032 0.40843 -0.42864 -1.3624 0.097033 0.074071 0.74902 0.38535 -1.0703 0.28479 1.9351 -0.41904 -1.123 0.01083
1.0418 -0.94858 0.060353 -0.06497 -0.66167 -1.5054 0.46349 1.5746 0.3123 0.079945 -1.5204 1.3909 0.568 -0.22069 0.20703 0.87393 0.15361 -1.8387 -0.69597 -0.059443 -0.52361 -1.0684 1.5937 0.10317 0.78842 -0.51484 0.56067 -0.97263 -1.8903 0.52932 1.0005 0.65502 1.0112 -0.4331 0.89095 0.89338 -1.1047 -1.2817 0.57011
0.75133 -0.70034 0.35044 0.20229 -0.97231 -0.2728 -0.26908 1.5497 -0.5833 0.34851 -0.93234 0.9975 0.11155 -0.086106 -0.14169 0.18164 0.57794 -1.177 -0.30912 0.52089 -0.51709 -0.45171 1.633 -0.58628 0.43965 -0.20121 0.55359 -1.0483 -1.6315 0.54662 1.7551 0.47133 1.0185 0.47258 0.9706 -0.18258 -1.0892 -1.4951 0.90088
0.74757 -1.3174 -0.35271 0.1936 -1.4064 -0.81463 0.85859 1.2549 0.19863 0.84961 -1.1364 0.95365 0.40045 0.23915 -0.57031 -0.25533 0.80181 -0.40835 0.00082551 0.80654 -0.0042356 -0.14844 1.3151 -0.62897 -0.33685 0.1329 0.49979 -0.6767 -0.9807 0.16646 2.0623 0.028462 0.55307 1.0815 0.91609 -0.84899 -0.34466 -1.4236 0.92335
1.0074 -1.5529 -0.36695 0.40969 -1.2714 -1.3791 1.4056 1.1515 0.31651 0.78141 -2.1156 1.229 0.66866 0.25213 -0.80112 -0.48605 0.64432 0.51032 -0.25735 1.0294 0.74217 0.15503 0.82364 -0.66794 -1.2079 0.54214 0.2875 0.0089557 -0.20862 -0.32364 1.8387 -0.082481 -0.44529 0.95308 0.59059 -1.0361 0.27319 -1.0256 0.57523
0.93069 -1.394 -0.4532 0.99715 -0.89651 -1.179 1.6405 1.5147 0.48693 1.0321 -2.0828 0.43087 0.80625 0.40607 -0.57625 -0.43754 0.45112 1.1121 -0.67176 0.77091 0.92942 0.50704 0.40465 -0.50826 -1.2813 0.72908 -0.047082 0.59657 -0.07367 -0.7418 1.1582 0.16957 -1.2558 0.14761 0.52348 -0.87517 0.65951 -0.35759 0.076523
1.2637 -1.6414 -0.31294 0.87435 -0.58664 -1.112 1.4173 2.0302 0.098158 1.1867 -1.9621 -0.026438 0.81221 0.28665 -0.12343 -0.076068 0.11028 1.4451 -0.13525 -0.3369 0.85175 0.43227 0.14411 -0.092925 -1.1769 0.5077 -0.011407 0.82135 -0.48621 -0.92809 0.30645 0.63127 -1.6083 -0.86404 0.59337 -0.69185 0.77625 0.27081 -0.40176
1.06 -1.709 -0.28269 0.51201 0.046334 -1.4143 1.2579 2.3734 0.11751 1.1984 -1.8568 -0.361 0.95683 0.1428 0.073088 -0.58251 -0.40495 1.2525 0.26018 -0.97726 0.22758 0.78713 0.012105 0.39128 -1.0903 0.28528 0.14447 0.83584 -1.2654 -0.81985 -0.2809 0.92812 -1.1459 -1.4081 0.51947 -0.25657 0.50094 0.38441 -0.6779
1.1331 -1.4274 -0.4527 0.7422 0.3057 -1.4256 1.0866 2.0229 0.64588 0.85606 -1.5165 -0.47425 1.0253 0.36175 0.22634 -1.2285 -0.77153 0.99863 0.4815 -1.2556 -0.5659 1.2324 -0.2795 0.41792 -0.77063 0.063051 0.49559 0.69079 -1.6091 -0.49321 -0.71601 0.87144 -0.24998 -1.4917 0.25855 -0.094969 0.28838 0.30629 -0.7864
1.0985 -1.5169 -0.49211 0.36009 0.44411 -1.0376 0.45187 1.7725 1.0459 1.083 -1.7789 -0.18895 1.0409 0.59591 0.62485 -1.9847 -0.73681 0.81137 0.79332 -1.0208 -1.0671 1.1729 0.13222 0.23457 -0.72196 -0.23233 0.38744 0.62193 -0.87455 -0.20673 -0.96652 0.8257 0.26503 -0.82914 -0.23843 -0.16784 0.24182 0.2749 -0.83777
1.1789 -1.4173 -1.273 0.076022 0.32482 -0.8675 0.18981 1.3467 1.4578 0.92444 -1.6488 -0.56407 0.96353 0.84926 0.73799 -2.0756 -0.70369 0.33986 1.2631 -0.80724 -1.3669 0.7706 -0.097529 0.56877 -0.75659 -0.60691 -0.21817 0.32764 -0.097004 -0.25019 -0.9793 0.58277 0.28006 -0.067804 -0.98114 -0.32277 0.46099 0.1565 -0.58769
1.5765 -1.2128 -1.7919 0.045554 0.58546 -0.49952 0.012923 1.2384 1.9121 0.71162 -1.4455 -0.93563 0.79397 0.51518 0.84124 -1.6261 -0.8496 -0.20559 1.4467 -0.68239 -0.96377 0.53073 -0.39693 0.80833 -0.55628 -0.84297 -0.70619 -0.069552 0.92371 -0.28275 -0.65804 0.42362 0.1291 0.68743 -1.0192 -0.47904 0.11093 0.023542 -0.17824
1.8937 -0.87966 -2.3344 -0.057736 0.85288 -0.28244 0.33444 1.2609 1.146 1.8025 -1.6933 -1.1762 0.51873 0.049283 0.65784 -1.5692 -1.2122 -0.30394 1.2667 -0.87625 -0.74525 -0.4559 -0.62314 1.0513 -0.55188 -0.65766 -1.0704 -0.38092 1.3101 -0.10344 -0.16534 0.04263 0.10907 0.97209 -1.0682 -0.16123 -0.22045 0.019 0.28422
1.8024 -0.88056 -2.0466 -0.24884 0.39001 0.26006 0.15133 0.81798 1.1568 0.53217 -0.67083 -1.2815 0.27037 -0.13775 0.55102 -0.68523 -1.0443 -0.085708 1.5985 -0.73417 -0.05317 -0.30127 -0.50585 0.23029 -0.79157 -0.51718 -0.81874 -0.81309 1.2558 0.18398 0.40434 -0.16113 0.31056 1.061 -0.88452 0.23058 -0.36304 0.049949 0.70437
1.2816 -0.55424 -1.7696 -0.49762 -0.293 0.51719 -0.2482 1.1054 1.8285 0.15491 -0.57352 -0.74802 0.1498 -0.54063 0.25683 -0.3445 -0.81185 -0.031043 1.2644 -0.5685 0.04998 -1.0013 -0.34873 0.44797 -0.61539 -0.27155 -0.24166 -0.86088 0.9523 0.52906 0.89617 -0.3601 0.91107 1.1351 -0.60097 0.80264 -0.39875 0.33959 0.83824
1.0398 -1.0491 -2.689 -1.5738 0.24344 0.40968 -1.2044 0.84826 0.1102 0.4143 -0.59239 -1.1477 0.55878 -0.50358 -0.29568 -0.12811 -0.68427 0.39691 1.1348 -0.22782 0.68176 -1.008 -0.10604 0.42186 -0.43839 0.19675 0.29834 -0.78694 0.50521 0.6485 0.98462 -0.46383 1.2574 0.80871 -0.58247 0.80114 -0.11219 0.65246 0.81938
1.5163 -0.669 -2.0119 -0.77694 0.74294 1.5829 -0.40224 1.5645 1.8192 0.67186 -2.1005 -2.278 0.30065 -0.15822 -0.33488 -0.24711 -0.34113 1.1001 0.80441 0.65808 1.0731 -1.3329 0.67641 0.1977 -0.056648 0.45219 0.52327 -0.47486 0.58821 0.74755 0.64705 -0.22564 1.4032 0.42248 0.24139 0.41992 0.021603 0.73706 0.54539
1.1912 -0.84879 -2.3771 -0.64831 0.63745 0.82558 -0.28703 1.1003 -0.28521 0.82828 -0.2668 -1.5791 0.34899 0.14462 -0.44753 0.11596 0.0087374 1.1571 0.9356 1.1201 0.99329 -1.3279 0.47822 0.15693 0.23352 0.55479 0.042509 -0.23867 0.3906 0.60662 -0.14028 -0.26474 0.80319 -0.62601 0.48453 -0.25141 0.27252 0.56869 0.30057
1.3932 -1.3865 -2.2592 -1.0585 1.2252 1.3307 0.16472 2.0266 -0.00098817 1.2562 -0.57348 -1.4202 0.77672 -0.031291 -0.4481 0.52272 0.32682 0.77512 0.92732 1.5113 0.70944 -0.34529 0.14185 0.64307 0.52419 0.50428 -0.37263 -0.20686 0.44879 0.38094 -0.60953 -0.18752 0.042199 -1.26 1.0712 -0.73857 -0.026776 -0.034146 0.12597
1.4193 -0.9854 -2.2472 -0.85839 1.6947 1.2279 0.95436 1.8663 -0.29243 1.0948 -0.35554 -0.82029 0.74935 -0.50279 -0.63126 0.14441 0.18694 0.29463 0.56179 0.92129 -0.33763 -0.50737 -0.31332 0.75156 0.40627 0.69755 -0.67995 -0.011693 0.12674 0.24086 -0.59483 -0.50383 -0.43593 -1.5753 0.97586 -0.48122 -0.46773 -0.47053 -0.041696
1.3125 -1.1487 -1.8034 -0.85704 1.1537 1.9812 0.49737 1.8887 -0.086448 0.53313 -0.89958 -0.75838 0.87836 -0.43448 -0.58286 0.49382 0.32658 0.40176 0.62768 0.83904 -0.68204 0.45367 -0.31473 -0.13141 -0.22693 0.60241 -0.42945 0.087444 -0.16851 0.10266 -0.35608 -0.76908 -0.71065 -1.3965 0.35786 0.074841 -0.81293 -0.82752 -0.12425
1.0514 -1.4759 -2.0193 -0.79152 1.3418 1.918 0.99349 1.529 0.67733 0.75186 -0.032952 -1.2942 0.96228 -0.74545 -0.39884 0.34476 0.48738 0.24128 0.11588 0.59901 -1.3378 0.27395 -0.19843 -0.3483 -0.35723 0.43421 0.1027 0.38904 -0.22974 0.082144 -0.083263 -0.88472 -0.52803 -0.73279 -0.0045046 0.63575 -0.5101 -0.72862 -0.28511
0.80795 -1.4446 -2.1769 -0.36909 0.9521 1.7751 0.58104 0.76556 0.1565 0.36034 -0.59638 -1.8228 1.1328 -0.60084 -0.41987 0.14109 0.38056 0.13932 -0.32736 0.27578 -1.4734 -0.0011877 0.22084 -0.37327 -0.78222 0.42012 0.43116 0.5536 -0.37845 -0.17797 -0.19363 -0.82495 -0.61714 -0.14428 -0.43383 0.78409 0.1219 -0.23581 -0.30885
0.98864 -1.6758 -1.7037 -0.47185 1.8305 1.5755 1.1941 0.93149 0.27566 0.93346 -0.60517 -1.6499 1.1418 -0.25907 -0.072013 -0.063497 0.32314 0.26616 -0.65985 0.16487 -1.3485 -0.28781 0.60579 -0.10269 -0.80427 0.29163 0.8192 0.61302 -0.24941 -0.42558 -0.12274 -0.35368 -0.49085 0.73653 0.12447 0.7931 0.63359 0.17722 -0.38264
0.61854 -1.533 -1.9397 -0.49939 1.738 1.3648 1.2346 0.83047 0.14718 1.0545 -1.1958 -1.29 1.2244 0.0084017 0.16527 0.063948 0.055107 0.026233 -0.56912 -0.15689 -0.95142 -0.1532 0.74788 0.0041902 -0.4951 0.13514 0.94638 0.66337 -0.216 -0.29774 -0.33239 -0.086599 -0.53985 0.92482 0.68409 0.2302 0.61409 0.5397 -0.51106
0.91226 -1.405 -2.0415 -0.43721 1.4514 1.0156 0.9613 0.35558 -0.29006 1.1833 -0.7058 -2.0398 1.2273 0.25686 0.31791 -0.033985 -0.19543 0.065385 -0.44517 -0.14971 -0.17958 0.60641 1.0196 0.72013 -0.1573 -0.090846 0.94081 0.45998 0.10792 -0.043916 -0.53467 -0.11791 -0.65648 0.96691 1.0506 -0.25879 0.29913 0.62818 -0.53068
1.0433 -1.2969 -1.9865 -0.39831 1.4102 1.2811 0.62871 0.43804 -0.022201 1.3035 -0.43888 -2.1789 1.2051 0.65161 0.47733 -0.23487 0.048305 -0.3791 -0.60501 -0.6282 -0.27656 0.95505 0.44131 0.43443 -0.02926 -0.2807 0.57132 0.32476 0.45178 0.29245 -0.64964 -0.72472 -0.67242 1.1973 0.84903 -0.89475 -0.23695 0.8269 -0.41856
0.93744 -1.3775 -1.9414 -0.66733 1.2201 1.1868 0.67789 0.37701 0.6868 1.6219 -0.074481 -2.0014 1.1338 0.92083 0.52943 0.26865 0.23928 -0.52279 -0.8722 -0.88974 0.17629 1.3126 0.27069 0.28652 0.21818 -0.42682 0.071215 0.18036 1.1057 0.47123 -0.96441 -1.3688 -0.41115 1.2138 -0.096265 -1.467 -0.62217 1.0482 -0.21326
1.1291 -1.1664 -2.0729 -0.65649 1.6128 1.0763 0.7811 0.96523 1.252 1.9602 0.28489 -1.6396 0.98026 0.58674 0.59448 0.67279 0.41876 -0.88318 -1.7483 -1.1084 1.1761 1.2351 -0.55706 -0.22102 0.97435 -0.42724 -0.51314 0.10549 1.8613 0.36876 -0.98932 -1.2478 0.16836 0.95197 -1.1741 -1.2057 -0.038899 0.78888 0.00034344
1.7216 -1.0931 -2.051 -0.18773 1.146 0.38794 0.22004 0.37521 1.2662 1.1342 -0.89696 -1.5015 0.82481 0.39947 0.55668 1.3705 0.55556 -1.4662 -2.5 -0.71815 1.4312 0.27045 -1.2323 -0.14606 1.4456 -0.38902 -1.1443 0.14269 2.2589 0.0050642 -0.92746 -0.40911 0.4794 -0.28816 -1.8643 -0.69592 0.69104 0.15876 0.12332
1.5776 -0.85651 -1.4733 -0.095597 0.70908 -0.03462 -0.25302 0.92249 1.496 1.4677 -0.70491 -1.3679 0.78996 0.087515 0.63785 2.3413 0.62278 -1.7369 -2.1857 -0.38475 0.92948 -0.92885 -1.0689 0.59527 0.93735 -0.29762 -1.6156 0.41703 2.1846 -0.50199 -0.35948 1.0049 0.37555 -1.5673 -1.7952 0.3226 1.3892 -0.29427 0.048679
1.2691 -0.75096 -1.2465 0.043568 -0.023747 -1.5742 -0.69766 1.9481 1.1514 0.13096 -0.6828 -0.65867 0.82856 -0.66424 0.7431 3.2291 0.14733 -1.8114 -1.4416 -0.31164 -0.25188 -1.4249 -0.78045 1.2477 0.54283 -0.27466 -1.903 0.72224 1.1984 -0.81037 0.64191 1.9164 -0.0070007 -2.2245 -0.89765 0.76864 1.1853 -0.19699 -0.14768
1.3372 -0.84201 -0.39343 0.056417 -0.72449 -1.8262 0.32695 1.7368 0.18716 -0.03454 0.020664 -0.061786 0.76335 -1.47 1.1881 3.4135 -0.37446 -1.3793 -0.35702 -0.57563 -0.99378 -1.595 -0.18255 1.8141 0.81583 -0.39794 -1.7055 0.89216 -0.39674 -0.73154 1.6071 2.0423 -0.25213 -2.2719 0.3416 0.52816 0.24838 0.36588 -0.39545
1.0979 -0.58916 0.53511 0.030161 -0.69967 -0.87983 0.43714 0.85017 -0.50867 1.1265 1.2635 -1.3254 0.73538 -1.8703 1.4706 2.8483 -0.55583 -0.46822 0.25216 -0.63776 -1.8824 -1.2348 -0.23969 1.5785 1.0932 -0.59566 -1.0559 0.8621 -2.068 -0.05823 2.4129 1.6431 -0.17314 -1.446 1.3717 -0.41126 -0.91846 0.52891 -0.53978
0.52947 -0.20331 1.1779 -0.55201 -0.71268 -0.56791 -0.2498 -0.041816 -0.12441 0.9005 1.164 -1.0327 0.54885 -2.0419 1.7428 1.8671 -0.47903 0.54703 0.87521 -0.71802 -2.6218 -0.32247 -0.35383 0.93514 1.3872 -0.82706 -0.29444 0.42236 -3.1017 0.70845 2.4233 0.89953 0.37098 -0.23882 1.9928 -1.6867 -1.8721 0.20758 -0.54366
0.048626 0.50433 1.2279 -0.62053 -0.75258 -0.28792 -1.4186 -0.24746 -0.45681 0.84631 0.92256 0.24461 0.29166 -2.0714 1.885 0.53119 0.083913 1.666 1.0854 -0.58171 -2.216 0.75144 -1.4687 -0.085102 1.3118 -1.0024 0.45906 -0.17221 -3.3014 1.0965 1.7401 0.28479 0.90087 0.84388 1.7903 -2.054 -1.8137 -0.409 -0.32455
-0.43074 0.67775 1.0574 -0.55378 0.14759 -0.82711 -0.97145 -0.10486 0.079428 0.22726 1.0784 0.69785 0.13347 -1.8443 1.6765 -0.63491 0.71316 2.0134 0.94507 0.12343 -1.2836 1.4974 -2.7306 -0.98786 1.1114 -1.1436 1.1009 -0.79944 -2.664 0.92225 0.6074 -0.23857 1.033 1.2254 1.079 -1.5177 -1.1017 -1.0336 0.089641
-0.57774 0.93425 0.63421 -0.2831 0.6293 -0.63945 -0.77669 -0.75056 0.54861 -0.63707 0.65071 1.2886 -0.11196 -1.2384 1.2209 -1.443 1.0265 1.9992 0.75834 0.70898 -0.92591 1.5257 -2.9018 -0.97968 0.38916 -1.0034 1.4892 -1.1481 -1.4511 0.23112 -0.66408 -0.35946 0.46279 0.86781 0.18264 -0.1733 -0.34812 -1.4053 0.52922
-0.6496 1.1618 0.44681 0.43963 1.8107 0.34119 0.10546 -0.80414 1.0351 -1.6175 0.30586 0.43353 -0.3617 -0.70083 0.75979 -1.6178 0.88192 1.4936 0.57733 0.66354 -0.90744 1.503 -2.4833 -0.7475 -0.25643 -0.66846 1.4422 -1.1683 -0.15091 -0.54981 -1.5021 -0.54236 -0.50173 0.50064 -0.63368 1.2518 0.37433 -1.3942 0.9306
-0.95548 1.3037 0.15504 0.68693 1.6388 0.57664 0.22531 -0.57905 1.5863 -2.2823 -0.063382 -0.26738 -0.60934 -0.26433 0.4546 -1.4126 0.45869 0.69576 0.57627 0.055585 -0.73242 1.1243 -1.9207 -0.86429 -0.86082 -0.3134 1.13 -1.0815 0.81402 -1.155 -1.8433 -0.97957 -1.1068 0.22808 -1.1252 1.9255 0.68007 -0.81102 1.1249
-0.77378 1.2471 -0.30725 0.30131 1.5886 0.01794 -0.21161 -1.1082 1.4581 -2.3333 0.10593 0.22558 -0.51569 -0.027591 0.13764 -0.90206 -0.095265 -0.10938 -0.0072387 -0.53629 -0.41478 0.40076 -0.88051 -0.29443 -1.0976 0.13965 0.91594 -0.96362 1.3475 -1.2292 -1.3613 -1.2443 -0.81264 0.0014494 -1.398 1.9293 1.0221 -0.11501 1.1124
-0.75286 1.3349 -0.39605 0.25342 1.2743 -0.086629 -0.86339 -1.1261 1.4932 -1.9708 0.30864 0.51738 -0.3286 0.22919 -0.24718 -0.43245 -0.77958 -0.60274 -0.83023 -0.86548 -0.73089 -0.22789 -0.10083 0.14166 -0.84507 0.56049 0.6152 -0.72748 1.5562 -0.84091 -0.59604 -1.0993 -0.11677 -0.069286 -1.2184 1.5874 1.177 0.41013 0.85916
-0.70643 1.1785 -0.35787 0.056846 1.3395 0.079882 -0.71428 -0.95748 1.7204 -2.5588 -0.36492 -0.58036 -0.2414 0.51411 -0.47446 0.15644 -0.94115 -0.37216 -1.1073 -0.47279 -0.90271 -0.68474 0.21628 0.76498 -0.51173 0.84061 0.37742 -0.37837 1.3851 -0.41969 0.08848 -0.579 0.58 -0.10425 -0.854 0.90871 0.93472 0.85094 0.43276
-0.6495 1.1513 -0.15349 -0.067417 0.82032 -0.30662 -1.0413 -1.1512 0.99967 -1.885 0.39593 -0.66835 -0.029302 0.44535 -0.43591 0.67299 -0.78905 -0.27756 -0.98396 -0.20673 -0.61899 -0.82853 0.50002 0.92385 -0.3393 0.8395 0.077603 0.015046 0.96071 -0.025851 0.36047 -0.0018908 0.81429 0.21543 -0.45461 0.59556 0.75743 1.216 0.076656
-0.49326 0.84769 -0.060651 -0.52652 1.0964 -0.88828 -0.76163 -1.6748 0.88212 -1.9731 0.46638 -0.85829 0.18489 0.46443 -0.39007 0.87266 -0.92435 -0.11514 -1.0439 0.27182 -0.6685 -1.0478 0.51716 1.1594 0.35535 0.75809 -0.17487 0.20462 0.44347 0.15644 0.18201 0.20841 0.45842 0.63711 0.23083 0.43912 0.20728 1.1173 -0.18285
-0.32272 0.79268 0.15517 -0.52741 1.2886 -1.1277 -0.38671 -1.6756 0.70903 -2.0639 1.2459 -0.25983 0.35994 0.37443 -0.26407 0.82421 -0.83935 -0.073155 -0.86997 0.3597 -0.43097 -0.9767 0.86037 1.4433 1.1654 0.73715 -0.28097 0.24503 0.0019473 0.19786 -0.18522 0.34593 -0.16191 0.96574 0.70382 0.5453 -0.35995 0.56309 -0.29104
-0.39115 0.94818 0.32717 -0.55313 1.0411 -1.0871 -0.98176 -1.5217 0.52953 -1.3949 1.1061 0.097239 0.41726 0.26601 -0.22312 0.82704 -0.6052 -0.14517 -0.76949 0.14276 0.23128 -0.13623 0.85476 0.93029 0.98041 0.57351 -0.26536 0.10525 -0.13674 0.11573 -0.61269 0.58614 -0.64738 1.2314 0.75671 0.70561 -0.70609 -0.38122 -0.37418
-0.29995 0.91791 0.47607 -1.0262 1.0598 -1.2832 -0.34645 -1.675 0.18811 -1.5802 1.4263 0.68555 0.48798 0.091239 -0.11561 0.70058 -0.55553 -0.61014 -0.46293 -0.46142 0.79112 0.15947 1.3487 0.3563 0.47192 0.42436 -0.033468 -0.30311 -0.18475 -0.080526 -0.86874 0.67723 -0.6774 1.2432 0.42383 0.30829 -0.56686 -0.97116 -0.365
-0.3504 0.83225 0.4446 -0.96497 1.0344 -1.0843 -0.3591 -1.3709 0.33387 -1.141 1.6945 0.69828 0.6835 0.17769 -0.29056 0.70637 -0.83635 -0.98205 -0.12905 -0.59002 1.0913 -0.063697 1.5907 0.34521 -0.083619 0.26171 0.31989 -0.60676 -0.134 -0.056983 -0.9445 0.83795 -0.542 0.90244 0.21699 -0.12364 -0.29714 -0.86385 -0.26644
-0.30862 0.72356 0.75885 -0.81115 0.6137 -1.7937 -1.0427 -0.98328 1.2766 -0.79875 1.4322 0.080323 0.6441 0.36128 -0.72858 0.57582 -0.88377 -1.262 0.10268 -0.60525 1.5326 -0.143 1.066 0.6499 -0.28119 0.25633 0.72716 -0.81194 -0.065617 0.25441 -0.7527 1.1817 -0.19024 0.43476 0.33485 -0.62066 -0.69199 -0.34772 -0.17975
-0.36173 0.72533 0.64444 -1.3032 0.1892 -1.4684 -1.5455 -0.90096 0.93401 -0.081638 0.89272 -0.2784 0.68291 0.63904 -0.91455 0.66591 -0.5543 -1.5662 0.54843 -0.8508 1.5988 0.46107 0.76083 0.22398 -0.40467 0.19311 0.90302 -0.8085 -0.32246 0.77948 -0.46756 1.5451 0.24562 -0.10734 0.45825 -0.55497 -1.4452 0.1873 -0.094799
-0.041892 0.49111 1.0057 -1.763 -0.18211 -1.0226 -1.0679 -0.54372 -0.031818 0.118 2.1102 0.0035607 0.61006 1.0202 -1.1392 0.61214 -0.19111 -1.7115 1.4575 -0.70586 1.3762 0.58469 0.59758 -0.91329 -0.085538 0.14581 0.81781 -0.6582 -0.6636 1.2377 -0.23887 1.2616 0.8511 -0.69471 0.49962 -0.081777 -1.767 0.40162 -0.0859
0.04193 -0.017286 0.84754 -1.7078 -0.65985 -0.96345 -1.427 0.064914 0.19949 -0.64289 2.2617 0.26342 0.80551 1.2892 -1.4152 0.14824 0.36595 -1.6252 2.1489 -0.058763 0.96578 0.51296 0.78187 -1.6735 0.18242 0.15262 0.49046 -0.53007 -0.97803 1.4095 0.046282 0.5437 1.4869 -1.0314 0.31328 0.34402 -1.3384 0.21825 -0.052409
0.41054 -0.051115 1.2144 -1.3144 -1.0332 -0.51166 -1.4737 -0.17299 1.7186 -0.6091 1.2995 0.12121 0.77202 1.3409 -1.5608 -0.27818 1.1152 -1.6789 1.7146 0.66849 0.51576 0.85635 0.89863 -1.8298 0.22252 0.12778 -0.091297 -0.16083 -1.0701 1.2283 0.43838 -0.64449 2.1401 -1.017 -0.13382 0.54553 -0.035305 -0.12529 -0.053653
0.72729 -0.41187 1.0734 -0.87001 -1.396 0.91854 -1.6484 0.0088439 1.551 0.1922 -0.51108 0.29751 0.82503 1.2597 -1.5754 -0.52977 1.593 -1.5034 1.457 1.3802 0.048283 0.96863 1.2509 -1.9097 -0.13223 0.11188 -0.65519 0.20266 -0.91345 0.69681 0.86253 -1.6075 2.2663 -0.49813 -0.93229 0.21638 1.2184 -0.22753 -0.058247
0.95137 -0.8313 0.63513 -0.51249 -1.665 0.92814 -0.99001 -0.14224 1.3966 0.91314 -0.74696 0.041037 0.77548 0.88517 -1.3231 -0.84436 1.6356 -0.97075 0.56453 2.7752 -0.11817 0.083944 1.381 -0.84365 -0.19642 0.073762 -0.83468 0.73387 -0.51009 0.16647 1.2242 -1.9087 1.7838 0.030197 -1.5665 -0.36707 1.9247 -0.098211 -0.19713
0.96988 -1.0116 0.3417 -0.18299 -2.3156 0.17166 -0.11723 -0.31429 1.3745 1.0024 0.018257 0.15542 0.8009 0.46505 -1.2 -1.1011 1.4901 -0.39595 -0.35972 3.3363 0.32747 -1.0101 0.94218 0.23208 -0.08306 0.079184 -0.72902 1.2345 0.07334 -0.23063 1.046 -1.5795 0.50602 0.58419 -1.7092 -0.77015 1.8154 0.28404 -0.48624
1.2471 -1.3617 0.64479 0.14041 -2.2157 0.76539 0.82833 -0.22955 1.3737 1.1317 0.42198 -0.19114 0.81772 0.39897 -0.54038 -0.84759 1.4973 0.017333 -1.0378 3.1916 0.43695 -1.3634 0.3618 0.87651 -0.015524 -0.19911 -0.84615 1.8853 0.54025 -0.28764 0.89465 -0.51419 -1.2849 0.84538 -1.2951 -0.54895 0.73237 0.21568 -1.0743
0.87158 -1.2755 0.058901 0.36577 -1.7272 -0.42282 2.4464 0.0098997 0.69312 0.81258 0.97429 0.087431 0.91924 0.33261 0.065112 -0.40349 1.2039 -0.075861 -0.77193 2.1642 0.89694 -1.8093 0.31441 0.79408 0.33681 -0.60036 -1.5501 2.2141 0.5801 -0.1619 0.79897 0.63393 -2.3681 0.30891 -0.74627 -0.39352 -0.71996 0.042989 -1.6239
0.98882 -1.4137 0.050073 0.62591 -1.5114 -0.36882 2.3105 0.38332 0.18217 0.88671 0.41341 0.15108 0.84118 -0.40618 1.1472 -0.28442 1.2072 0.51178 -0.21876 0.8372 1.2256 -2.1694 0.66312 0.32532 0.014905 -1.4632 -2.4239 1.864 0.82749 -0.16095 0.91391 1.7692 -2.578 -0.27281 -0.21745 -0.1044 -1.3633 -0.073876 -1.6835
1.3988 -0.89016 0.14003 1.1844 -1.6571 -0.25386 2.1069 0.25726 -0.27757 1.06 0.20234 0.2046 0.37979 -1.6163 1.6002 -0.40699 1.3135 0.82305 0.44071 -0.13752 0.52993 -2.1352 0.05082 -0.87712 -0.02621 -2.1264 -2.6782 1.2168 0.86053 -0.31858 1.038 1.8634 -2.0102 -0.77259 0.66367 -0.22869 -1.1286 0.10825 -1.1671
1.3054 -0.78401 0.28577 0.8244 -2.5088 -0.084842 1.6431 0.73109 -0.91604 1.6457 0.77106 0.61037 -0.046097 -2.5086 1.76 0.54522 1.1228 1.2459 1.7405 -0.72051 0.098519 -1.6447 0.29434 -0.92834 0.0017441 -2.3778 -1.83 0.22115 0.99887 -0.66916 0.70904 1.2147 -1.2165 -0.73161 1.8034 -0.54072 -0.51377 0.58027 -0.075288
0.086705 0.48982 0.069171 1.5051 -1.0053 0.17373 1.2205 0.95869 -1.3507 1.9847 0.7265 -0.39469 -1.113 -2.905 1.7616 0.62825 0.6132 1.4637 1.8135 -1.0051 -0.022618 -0.71011 0.066784 -0.76153 0.54742 -2.182 -0.09583 -0.48729 0.58981 -0.81537 0.45787 0.29581 -0.56167 -0.29191 2.2888 -0.65923 0.054499 0.62755 0.90949
-1.0061 0.063601 -0.12847 1.9438 -0.53318 1.155 1.5482 -0.1192 -1.4003 0.24367 -1.2962 -0.088034 -1.412 -2.6936 1.431 0.87682 0.22792 1.4919 1.4174 -1.1188 0.097599 0.81533 -0.36124 -0.71481 0.88657 -1.5656 1.7036 -0.9248 -0.20674 -0.79312 -0.20369 -0.90131 -0.088666 0.10906 1.9264 -0.73033 0.48876 0.72361 1.5461
-1.5084 0.37293 1.0909 1.6286 0.17614 2.0411 1.6816 0.26482 -1.3563 1.581 0.070905 0.44156 -1.4204 -1.6808 0.96339 0.41917 0.14094 1.5377 1.1645 -1.0425 -0.028291 1.3269 -0.85971 -0.85703 0.78547 -0.94113 2.6025 -0.69537 -0.48952 -0.49262 -0.63071 -1.5919 0.094358 0.55298 0.66558 -0.42978 0.90544 0.2002 1.4296
-1.1058 0.5577 0.58111 1.1874 -0.13442 1.4642 0.44773 0.61744 -0.41684 1.1861 -0.33871 1.3954 -1.4853 -0.39868 0.63782 0.30411 -0.21684 0.82734 0.33402 -0.87721 0.31382 1.2861 -0.6139 0.093894 1.3311 -0.29397 2.5216 -0.41882 -0.96421 -0.12464 -0.96243 -2.024 0.26476 0.46066 -0.91161 -0.19121 0.74415 -0.49242 0.87875
-0.91548 0.76868 1.0412 1.3626 -0.31332 1.0321 0.32844 0.71653 1.1478 0.79886 -0.27301 1.302 -1.4148 0.10772 1.0144 0.094095 -0.14315 0.62742 -0.69868 -0.94193 0.93546 0.41992 -0.6155 0.62191 0.71513 -0.31715 1.5121 -0.33051 -0.57402 0.031726 -0.84594 -1.5377 0.4065 0.2112 -1.6696 -0.04252 0.48362 -1.0786 0.36687
-0.77092 0.5569 0.081815 1.4592 0.31923 1.6478 0.3465 0.59344 -0.067983 0.3934 -0.605 0.66666 -1.5371 0.44284 0.71686 -0.57827 0.12233 0.1671 -1.5325 -0.65059 0.50437 -0.5981 -0.84518 0.018681 -0.088836 -0.33993 0.41116 -0.42479 -0.41838 0.071463 -0.41103 -0.51431 0.48666 -0.48674 -1.656 0.16854 -0.27847 -1.2441 0.055647
-0.92384 1.1477 0.43556 1.49 0.43047 0.83856 0.56853 0.83862 -0.3187 0.92312 0.59289 1.6716 -1.5667 0.31387 0.38055 -0.10205 0.034383 0.3025 -0.85218 -0.35895 0.28532 -1.1514 -0.82743 0.14502 -0.70052 -0.27539 -0.035781 -0.53412 0.24921 -0.0043112 -0.34518 0.34758 0.31292 -1.207 -0.59968 0.78891 -0.45059 -0.76585 0.12635
-1.3256 1.3287 0.61699 1.6659 0.54183 0.37522 0.2812 1.0279 -1.2908 -0.27931 -0.268 0.86536 -1.8748 0.15232 0.25631 -0.29886 -0.16363 0.22605 -0.57885 -0.2145 -0.29449 -1.3207 -0.19601 -0.19072 -0.49158 -0.21618 -0.14987 -0.48674 0.4954 0.10332 -0.17746 0.88052 0.215 -0.89491 0.58981 1.2779 -0.50605 -0.16597 0.18596
-0.62279 0.99032 0.29731 1.5176 -0.15166 -0.44664 0.29377 0.76754 -1.5268 0.81769 -0.20544 0.47172 -1.7292 0.19197 0.36634 0.37438 -0.0087431 -0.044452 -0.5141 -0.5469 -0.9837 -0.4464 0.53367 -0.13242 -0.64696 -0.15676 -0.0071659 -0.46334 -0.15161 0.26667 0.017055 0.73299 0.22612 -0.42295 1.3455 1.2164 -0.55278 0.27366 0.30697
-0.5931 0.81862 0.71586 1.09 0.35601 1.0303 -0.30155 0.89764 -0.64187 -0.26455 -0.17948 0.36607 -1.6644 0.26025 -0.076448 0.01693 0.34916 0.0072903 -0.019249 -0.1358 -0.57948 0.25952 0.86374 -0.80987 -0.46609 -0.072776 -0.22482 -0.49149 -0.49817 0.30583 0.41857 0.72975 0.053045 0.34199 1.2383 0.4602 -0.3054 0.47254 0.36575
-0.87879 1.094 0.15581 1.279 0.35841 0.60451 0.36729 0.048824 -0.84182 0.91076 -0.65742 0.83547 -1.6689 0.24468 -0.21498 -0.51303 0.30778 0.43707 0.2677 0.044356 -0.38287 0.81724 0.91702 -0.60389 -0.17477 0.19094 -0.38088 -0.39438 -0.91417 0.21915 0.33226 -0.035728 0.0228 0.73271 0.35152 -0.044371 0.25975 0.50687 0.26268
-0.72393 1.4037 0.84174 1.7806 0.3292 0.45432 -0.5218 -0.45166 -0.85577 1.5376 -0.04914 -0.010827 -1.8237 -0.2375 -0.26126 -0.69019 0.2857 0.75046 0.42373 -0.40728 0.065515 0.58652 0.47045 -0.53061 0.21298 0.25076 -0.31646 -0.099771 -0.41204 -0.0010329 -0.12372 -0.80991 -0.33546 0.61044 -0.27047 -0.51362 1.096 0.18818 0.071903
-0.80546 0.92498 0.34721 2.1966 0.41739 0.34765 0.76313 1.1102 -0.25982 1.5015 -1.0296 1.1225 -1.7522 -0.17232 -0.18969 -0.80566 0.45836 0.19007 -0.80845 -0.3677 0.10565 0.11187 0.64349 0.25542 0.023578 0.14208 -0.14721 0.045317 0.020743 -0.12501 -0.65901 -1.1618 -0.26144 0.29078 -0.58378 -0.64081 1.2534 -0.065991 -0.14673
-0.75181 0.79531 -0.32171 1.6039 1.1434 0.55489 0.11134 0.61617 -0.30384 0.59452 -0.96994 0.17218 -1.4563 -0.041339 -0.25272 -0.52715 0.27181 -0.10346 -1.037 -0.58973 0.35295 0.05925 0.034871 0.92012 -0.19962 0.078737 0.15757 0.30248 0.47873 -0.20104 -0.87139 -1.0007 -0.10109 -0.4365 -0.49956 -0.35029 1.2771 -0.3652 -0.25822
-0.93088 0.59885 -0.2317 1.4459 0.97346 0.8021 -1.0111 0.70119 -0.67523 1.0588 -0.61316 0.95496 -1.3809 -0.0927 -0.14412 -0.5582 0.066352 -0.35673 -1.2318 -0.37904 0.035352 -0.11418 -0.069024 1.1377 -0.11677 0.021826 0.095814 0.38704 0.62823 -0.23699 -0.55051 -0.31185 -0.12133 -0.72223 -0.30605 -0.21719 0.8075 -0.30373 -0.22398
-0.83068 1.0141 0.013837 1.9592 0.096682 -0.88665 -0.40656 0.27216 -0.67286 1.3182 0.63929 0.26737 -1.7179 -0.028972 0.21427 -0.0085111 0.082281 -0.58831 -1.2858 -0.6014 -0.73609 -0.32292 0.16696 1.5414 -0.47017 -0.13915 0.029998 0.39235 0.47162 -0.091382 -0.32252 -0.14168 -0.061904 -0.76825 -0.23806 0.13553 0.41121 -0.21384 -0.17147
