39 257
-1.3493 0.88924 0.24134 1.302 1.482 0.96149 0.24263 1.0212 -1.0563 -0.0063033 0.0039017 1.772 -1.5559 0.43789 0.54346 -0.28051 0.2035 -0.62707 -0.55854 0.22645 -0.46704 0.4111 0.63888 0.21423 -1.7472 0.069718 -0.16395 -0.23933 0.11208 -0.19713 -0.1413 -0.38467 -0.24503 -0.0059518 -0.16691 -0.12734 -0.11367 1.0673 -0.01755
-0.9083 1.2862 -0.13858 1.8715 0.34176 0.099543 -0.2001 0.28903 -1.314 0.42908 0.29034 0.020521 -1.5687 0.31545 0.40716 -0.10472 0.14996 -0.49535 -0.93538 -0.054357 -0.42525 0.25703 0.5139 -0.17696 -0.99106 0.087335 -0.19541 -0.40556 0.10632 -0.35661 -0.28796 -0.37162 -0.44029 -0.059366 -0.33858 -0.2456 -0.114 1.2927 -0.046189
-0.97608 1.4372 -0.0095892 1.3991 0.75068 0.59273 0.72774 0.70732 -0.13659 0.81413 -0.18511 -0.10571 -1.4781 0.21485 0.20766 -0.1702 -0.12981 -0.96595 -1.0373 -0.083824 -0.49449 0.15972 0.42582 0.1676 0.049655 0.030872 -0.25305 -0.52168 0.21185 -0.25385 -0.087077 -0.040255 -0.38195 -0.0071445 -0.29546 -0.44761 -0.16601 1.6443 -0.12839
-1.0339 1.309 0.014571 1.4476 1.076 0.44561 0.54693 0.49798 -0.68579 0.71183 0.44194 -0.15177 -1.4868 0.21059 0.035659 -0.14691 -0.27824 -1.0252 -0.96295 -0.4379 -0.56888 -0.12188 0.23879 -0.0053509 -0.017846 0.011503 -0.24828 -0.39992 0.27627 0.11684 0.027614 0.22754 -0.44813 -0.23051 -0.28047 -0.3196 0.023013 1.2429 -0.22413
-1.1693 1.1174 0.29636 1.4669 0.9821 -0.33408 -0.2015 0.58426 -1.0328 0.37409 -0.58336 1.5361 -1.4821 0.051531 -0.13632 0.1026 -0.045016 -0.52624 -0.5952 -0.29106 -0.40421 0.024843 -0.12487 -0.22014 1.1004 -0.10662 -0.25337 -0.095698 0.53622 0.4298 0.53521 0.58267 -0.14474 0.024457 0.039628 0.0018058 -0.26784 0.42803 -0.17942
-1.0742 1.0883 -0.15317 1.0747 -0.3702 -0.24543 0.15142 0.20972 -0.9068 0.58285 0.6611 2.0653 -1.58 -0.033405 -0.087326 0.22665 0.31512 -0.64895 -0.72736 -0.78502 -0.93521 -0.22241 0.13805 0.052361 1.0113 -0.2173 -0.28478 0.12205 0.4562 0.38513 0.80273 1.1538 0.45263 0.49427 0.65909 0.34419 -0.19702 -0.48659 -0.097355
-0.82791 1.2003 -0.11254 1.2585 -0.17791 -0.31419 -0.52597 -0.071395 -1.2405 0.55945 -0.13285 -0.20405 -1.5267 -0.10249 0.10002 0.53756 0.34687 -0.068312 -0.090142 -0.1715 -0.25581 0.27891 0.45296 -0.41668 0.42538 -0.1538 -0.29855 0.26654 0.29122 0.11531 1.242 1.3856 0.61284 0.60872 0.66284 0.37872 -0.33907 -1.5468 0.057266
-0.90261 1.3041 0.2082 1.9984 0.36768 -0.18392 0.2162 0.057269 -0.41051 0.35572 -0.26032 1.67 -1.6803 -0.20621 0.10432 0.39877 0.21841 0.36892 0.87202 0.3694 0.37124 1.0117 0.59559 -0.31864 -0.62783 -0.12759 -0.37049 -0.030854 0.22932 -0.4215 1.1064 1.1206 0.59377 0.64402 0.58174 -0.05828 -0.17986 -1.1974 0.21953
-1.2227 1.2808 0.46041 1.7221 0.2928 -0.36282 -0.47948 -0.72208 -0.67159 1.2876 0.22354 1.3924 -1.6923 -0.37976 0.19091 0.50886 0.20812 1.4703 1.1076 0.30141 0.19044 0.67562 0.35954 -0.73477 -1.1578 -0.057174 -0.28117 -0.7407 0.13855 -0.96231 0.31248 0.10348 -0.21086 0.051932 0.25151 -0.51348 0.39006 -0.67058 0.52194
-1.2117 1.3078 0.85046 1.6531 1.1158 0.28196 0.39763 0.87866 -0.46941 1.1758 -0.61633 0.95686 -1.5663 -0.53723 -0.1959 0.63169 -0.38123 0.81482 0.7018 0.11219 0.16158 0.69106 0.044136 -0.16528 -0.57283 0.098381 0.15504 -1.2983 -0.38097 -1.349 -0.58988 -0.93767 -0.55423 -0.58903 0.43573 -0.78709 0.4278 0.43682 0.99092
-1.2688 1.131 0.23284 1.3564 0.52145 0.98965 0.38391 1.107 0.63371 1.0501 -0.4861 0.37438 -1.6457 -0.42454 -0.97345 0.66278 -1.0968 0.34716 0.20189 -0.42903 -0.039408 0.91578 -0.3013 0.28778 -0.91933 0.59984 0.90894 -1.3594 -1.0375 -1.4611 -1.6157 -1.5436 -0.57518 -1.0158 0.53545 -0.27315 0.68602 0.77594 1.2434
-1.2786 1.4641 0.41253 1.5338 1.769 0.83521 0.11389 -0.47064 -0.68842 0.77216 -0.43486 -0.58316 -1.6319 0.085166 -1.4485 -0.28942 -1.5717 -0.24354 -0.33241 -0.30007 -0.71035 1.7226 -0.63855 0.027895 0.16091 1.19 1.6545 -0.93808 -1.3783 -1.2307 -1.5711 -1.7981 -0.36842 -0.73017 -0.044689 0.1901 0.47215 0.29381 1.4232
-1.416 0.83083 1.0753 0.93448 0.37629 -0.10756 -0.49317 -0.009618 -0.0099764 0.45022 -0.11532 0.38635 -1.4105 0.88557 -1.4178 -0.71958 -1.8418 -1.2349 -1.1175 -0.56671 -1.4412 1.1826 0.14046 0.55103 0.064694 1.4627 2.0806 -0.44939 -1.6552 -0.542 -1.5967 -1.3649 0.33951 0.2317 -0.85379 0.25807 0.40491 -0.17484 1.2634
-1.4247 -0.054547 1.2527 0.3932 0.73833 -0.148 -0.50644 -0.062806 1.1694 0.37052 0.45656 0.8629 -0.85304 1.6773 -1.52 -0.92564 -2.2375 -1.5389 -1.8364 -0.5027 -0.6221 0.46434 0.16791 0.65099 -0.44424 2.0316 1.9975 -0.048289 -1.4627 0.47377 -0.77259 -0.47001 0.95659 1.3719 -1.8253 -0.31707 0.31112 -1.2056 0.7927
-0.88667 -0.10796 -0.62659 -0.40621 0.074108 -0.3314 -0.15372 -1.2004 2.0775 0.59737 -0.57256 1.7672 -0.27705 2.388 -1.6851 -1.7222 -1.7475 -2.2014 -1.4684 0.32571 0.39491 -0.10494 -0.22708 0.78753 -0.93784 2.278 1.1587 0.19959 -1.209 1.6124 0.61574 0.45345 1.3986 2.1444 -1.6412 -1.4895 -0.30048 -1.2847 0.13217
0.012178 0.29418 -0.2288 -0.4344 -0.71266 -0.61679 -0.13793 -0.7039 0.45219 1.9147 0.21094 -0.34305 -0.31819 2.7984 -1.4065 -2.1753 -0.76602 -1.3013 -0.97689 1.0727 1.177 -1.1525 -1.101 0.53039 -1.73 2.099 -0.14114 0.31413 -0.49531 2.4807 2.0557 1.0646 0.96985 1.8049 -0.77828 -1.9159 -0.77647 -0.81457 -0.71052
0.39518 -0.29196 -0.54402 -1.3094 -0.79193 -1.4358 -0.53453 0.36319 0.18599 0.60352 0.49823 -1.2224 0.46156 2.3347 -1.1609 -2.0654 0.33397 -0.10621 -0.71371 1.2994 2.0412 -1.1736 -2.162 -0.010419 -1.8435 1.6478 -1.4347 0.41956 0.18275 2.3454 3.0595 1.1544 -0.063685 0.47186 0.72152 -1.4833 -1.6019 0.12941 -1.1498
0.87691 -0.69413 -1.3305 -0.15066 -1.3413 -0.89445 0.6966 0.29509 -0.75624 -0.35793 0.76769 -1.1394 0.71019 1.4593 -1.2812 -1.553 1.203 1.5531 -0.28595 0.85448 2.2437 -0.5059 -2.6345 -0.53878 -1.5979 1.1649 -1.8884 0.69527 0.60204 1.6533 2.5435 1.3675 -1.1159 -1.0849 1.9035 0.11894 -1.6063 0.68731 -1.4085
1.1231 -1.0085 -1.425 0.081825 -0.54944 -1.0828 0.99852 1.6435 -0.45212 -1.5204 0.34671 -1.005 0.77346 0.5694 -1.0745 -1.7191 1.5047 2.5272 0.27478 0.32666 0.83013 0.95248 -2.3852 -1.9436 -0.71362 0.83316 -1.5651 1.0894 0.87815 0.33155 1.2494 1.1608 -2.0515 -2.4081 1.726 1.869 -1.1855 0.50157 -1.363
0.70361 -1.0431 -1.8296 0.63129 1.1152 -0.8973 1.0658 1.903 0.85837 -2.2709 -0.37411 -0.98866 0.83005 0.40593 -0.3258 -1.3458 1.634 2.5016 0.99902 -0.5366 -0.42589 1.4391 -0.78381 -1.7777 -0.88371 0.16445 -0.73995 1.5481 1.209 -0.73542 -0.62253 0.69237 -2.2232 -2.9559 0.51516 2.8806 -0.11806 0.19133 -1.1708
0.76074 -1.0962 -2.254 0.79535 1.7927 -0.79508 0.26465 1.2471 1.0087 -1.7645 -1.1985 -1.3154 0.78119 0.14697 0.12955 -0.71311 0.71419 1.9398 0.74397 -1.8678 -1.5329 1.167 0.53752 -1.8108 -1.1626 -0.11813 0.12284 1.3861 1.8292 -1.2965 -2.1932 -0.020945 -1.8152 -2.1632 -1.0352 2.7483 1.1027 0.079464 -0.92135
0.74864 -0.82802 -2.2329 0.874 1.6808 -0.51451 -0.11393 -0.13129 1.3899 -1.1755 -2.0937 -1.883 0.80787 0.38724 0.63477 -0.056923 0.265 0.60722 0.74079 -2.2354 -2.6016 0.37056 1.5054 -0.85634 -0.95877 -0.3063 0.34003 0.71681 2.0833 -1.4383 -2.6205 -0.82388 -0.83015 -0.6606 -1.6814 1.4725 1.2663 0.68411 -0.49905
1.2614 -0.70237 -2.2526 0.99747 1.2977 0.11451 -0.7903 -0.11209 1.3055 -0.51976 -0.57077 -2.5382 0.66716 0.79189 0.69839 0.65363 -0.1584 -0.92003 0.38802 -2.2404 -2.491 -0.51208 1.8131 -0.17547 -0.48618 -0.46366 0.14693 0.030552 1.8851 -1.0256 -2.0561 -1.287 0.33603 1.1444 -1.7475 0.10398 0.95409 1.2673 -0.22069
1.0139 -0.74119 -2.004 0.56758 1.018 -0.40352 -1.4116 -1.0304 0.36578 -0.20511 -1.6038 -2.3298 0.59445 0.67331 0.54892 1.4053 -0.53367 -1.321 -0.27655 -1.9062 -1.2894 -0.9633 1.4287 -0.034171 0.18296 -0.49309 -0.51582 -0.43242 1.3846 -0.54486 -0.782 -1.7596 1.2611 2.3595 -1.4053 -0.95914 -0.0036653 1.6515 -0.032771
1.3793 -0.27171 -1.3964 0.5786 0.83638 -0.30446 -1.4249 -1.3252 0.59069 0.02224 -0.73083 -1.7787 0.46337 0.25886 0.20973 1.6648 -0.74434 -1.2151 -1.0302 -1.3856 0.1522 -1.5351 0.75226 -0.29485 0.84322 -0.39239 -0.96102 -0.058411 0.57285 0.082795 0.55431 -1.4071 1.6652 2.5562 -1.0035 -1.4758 -0.073915 1.6054 -0.089419
1.4824 -0.44649 -1.1869 0.56271 0.12333 -0.51849 -1.8118 -1.2318 0.45483 0.2326 -1.2045 -1.5968 0.34769 -0.24077 0.1595 1.7248 -0.43079 -0.80514 -1.6791 -0.26874 0.89774 -1.8287 0.13507 -0.8154 1.7252 -0.39727 -1.0962 0.57376 0.083607 0.57062 0.69598 -0.55025 1.5403 1.4224 -0.69229 -1.4138 0.017244 1.1663 -0.36454
1.3215 -0.56757 -0.48837 0.085502 0.34514 -1.168 -2.1623 -0.28678 -0.092321 0.2806 -1.8167 -1.3961 0.34185 -0.41773 0.78491 1.4485 -0.063831 -0.053817 -1.4086 0.098253 1.6377 -2.0172 -0.45037 0.053678 1.9988 -0.66106 -1.0917 1.2999 0.076792 0.65749 0.38039 0.46953 1.3174 0.14422 -0.22733 -1.1342 0.73738 0.66694 -0.66093
0.97628 -0.65397 -0.42976 0.010193 0.18288 -1.5632 -1.7987 0.3525 -0.86053 -0.19292 -1.9852 -1.1152 0.45947 -0.88954 1.1866 1.6649 0.15404 -0.49293 -1.051 0.27338 0.87628 -2.0614 -0.7589 -0.1847 1.9788 -0.9655 -1.0323 1.6065 -0.040291 0.44218 0.041352 1.5475 1.0051 -0.7183 0.47704 -0.58211 1.6344 0.11831 -0.79765
0.92752 -0.38332 -0.23678 0.67979 0.39396 -1.9949 -0.79328 0.45714 -1.4131 -0.32278 -1.5626 0.18203 0.14206 -1.3101 1.8085 1.835 0.14826 -0.59636 -0.48194 0.84374 0.46285 -1.8634 -1.0435 0.87653 2.0868 -1.2076 -0.87598 1.2204 0.15914 0.19329 -0.32334 2.11 0.93912 -1.4174 1.2058 0.13806 1.2584 -0.19783 -0.66257
0.82143 0.72156 -0.19717 0.556 1.1478 -1.5866 -1.6125 0.61612 -2.0159 -0.84235 -0.6959 0.44435 -0.3204 -1.5849 2.2613 1.4796 0.25892 -0.44002 0.65006 1.2692 0.024834 -0.99524 -0.73244 2.0823 1.9492 -1.4506 -0.6415 0.11559 -0.27821 -0.37907 -0.15149 2.4571 0.84379 -0.77933 2.0297 1.0985 0.53211 -0.77361 -0.15513
0.53149 0.87569 1.1117 0.68734 -0.87252 -1.298 -1.4405 -1.0121 -1.5698 -0.75437 -1.528 0.53367 -0.61988 -1.5892 2.23 1.8167 0.2295 -0.71892 1.5406 1.3863 -0.82372 -0.23799 -0.22061 1.4653 1.6463 -1.5206 -0.1892 -1.5563 -1.1466 -0.9282 0.0074077 1.8759 0.52555 0.27454 2.4597 1.5862 -1.0991 -1.2657 0.64437
-0.034148 1.1551 1.2506 0.27048 -0.59977 -1.328 -0.64464 0.10449 -2.011 -1.1874 -0.12279 1.0266 -0.74683 -1.8625 1.1521 1.2316 -0.57559 -0.72512 2.3589 1.608 -0.065304 1.0233 0.94922 0.59063 0.67484 -1.0677 0.37514 -2.404 -1.7189 -1.212 0.50905 0.77092 -0.042141 1.2046 1.919 1.1617 -2.1886 -1.5576 1.226
-0.40896 1.5824 0.83443 0.41912 0.3836 -0.31808 -0.15751 0.40589 -1.3022 -0.54812 0.99449 1.1948 -0.99735 -1.4993 -0.19374 0.090868 -1.1163 -0.42814 2.044 1.6791 1.0738 1.8519 1.1879 -0.62187 0.21093 -0.32896 0.82482 -2.5069 -1.8693 -1.0806 0.67136 -0.21309 -0.65207 1.4042 1.1928 0.4728 -2.0417 -1.4776 1.4891
-0.39059 1.6145 1.9196 0.73067 -0.68216 0.15752 0.24675 -1.1547 -1.3893 -0.42643 -1.0245 1.5045 -1.152 -0.97912 -0.46947 -0.46523 -1.2631 0.44783 1.8003 1.0553 1.54 1.6442 0.80623 -1.3317 -0.43259 -0.0096559 1.283 -1.9057 -1.3141 -0.86531 0.39773 -1.1758 -1.3416 0.49009 -0.01676 -0.2767 -1.4401 -0.80667 1.4562
-0.93268 0.71598 0.85595 -0.4871 -0.27142 0.98975 0.77333 1.0167 0.25163 1.4307 -1.04 0.66878 -0.94203 -0.60026 -1.0702 -0.38966 -1.3841 0.053849 1.46 0.44317 1.245 1.7389 0.74789 -1.7327 -0.73876 0.42441 1.3413 -1.0457 -0.75979 -0.74605 0.063998 -1.2347 -1.4579 -0.43784 -0.63575 -1.1492 0.057627 -0.10872 1.3357
-0.48236 0.36573 -0.050198 -1.0231 -0.10752 0.27091 -0.0099489 1.8835 0.45877 0.076999 -1.9498 0.61799 -0.51323 -0.086677 -1.5376 -0.67138 -2.0098 -0.15647 0.56725 -0.29598 0.85485 1.0402 0.60186 -1.7909 -0.44098 0.97497 1.219 -0.52966 -0.10551 -0.24283 -0.00057052 -1.0948 -0.87425 -1.3082 -1.2277 -1.8666 0.84783 0.50067 1.2129
-0.55872 0.92284 1.0928 -0.64708 -0.14011 0.61653 -0.041753 0.75957 -0.27018 -0.47502 -2.2504 0.029909 -0.80868 0.38085 -1.3818 -1.0392 -2.0955 0.013345 0.47135 -0.3867 0.52842 0.92356 -0.98195 -0.28651 0.026904 1.3979 0.92664 -0.27767 0.013882 0.49094 0.49523 -0.60134 -0.10654 -1.4811 -1.5746 -1.9599 1.4429 0.40178 0.8322
-0.85908 0.24365 1.0025 -1.1722 -0.37548 0.7833 0.27583 1.4093 0.34607 0.24836 -1.0547 0.49322 -0.38235 0.64467 -1.1923 -0.29947 -1.3502 0.47772 0.35601 -0.1689 -0.76584 -0.3172 -2.0025 -0.34368 0.22083 1.5187 0.5836 -0.37604 -0.085104 1.3377 0.92893 0.13671 0.36549 -1.0399 -1.2198 -1.4118 1.0615 -0.33516 0.42916
-0.35215 -0.11785 0.088202 -2.2337 -0.21195 0.4713 -0.46636 0.53115 -0.07824 0.96525 -2.0994 1.1125 0.05873 0.64131 -1.7095 -0.53862 -0.83003 0.74223 0.5105 0.19054 -0.96163 -0.61887 -1.806 0.46376 -0.23212 1.5349 0.23918 -0.36872 -0.084166 1.8098 1.0867 0.38233 0.4055 -0.61676 -0.9161 -0.25392 -0.021496 -1.1499 -0.075554
-0.032333 -0.074733 0.0886 -2.1993 -0.64552 1.233 0.23598 0.40295 0.83244 -2.363 -1.1894 1.2802 0.45017 0.79536 -2.0012 -1.0472 -0.22769 1.3557 0.81408 0.11789 -0.51678 -0.54246 -1.7713 -0.020817 -0.95469 1.6189 -0.13614 0.09886 -0.00055967 1.7763 0.99328 0.40634 0.41474 -0.0041937 -0.15552 0.85053 0.024425 -1.2981 -0.45418
-0.25831 -0.61404 0.54083 -1.845 1.0123 1.0791 0.44304 0.48737 -0.67949 -1.8792 -2.2819 0.31058 0.63924 0.72042 -1.5928 -0.78931 0.61167 1.7679 0.94852 0.24797 -0.8492 -0.7335 -1.6204 -0.50291 -1.6657 1.2213 -0.48891 0.8636 0.54219 1.3457 0.63267 -0.087597 0.19107 -0.18364 0.01087 1.7754 -0.024758 -0.65421 -0.69356
0.079619 -1.3348 -0.39878 -1.5249 0.636 0.78741 0.088684 0.40419 -0.67632 -2.1364 -0.98795 -0.35475 0.78342 0.3691 -1.1017 -0.16083 1.1368 1.9707 0.88619 0.59789 -0.82501 -0.56638 -0.46025 0.17798 -1.6405 0.91971 -0.79948 1.4036 0.80123 0.58755 -0.33904 -0.62843 0.15423 -0.48988 0.2879 1.9659 0.80128 0.49079 -0.66236
0.069364 -1.176 -0.13126 -0.99371 1.4068 1.9606 0.043631 0.36514 -0.475 -1.8801 -2.2866 -1.2041 0.89906 0.0065839 -0.76016 -0.077467 0.91697 1.7162 0.33923 0.32357 -1.1767 -0.59331 0.98054 0.30277 -1.1735 0.73085 -0.85571 1.4199 0.63862 -0.17284 -0.96946 -1.019 0.11241 -0.38249 0.3075 1.505 1.1447 1.4027 -0.29776
-0.012552 -1.2678 -0.19606 -1.0167 1.559 1.7429 0.50796 -0.24492 -0.37091 -1.5381 -1.9932 -1.0027 0.9673 -0.2342 -0.13555 -0.073499 0.67824 0.71133 0.015137 0.38356 -1.3472 -0.066016 0.74235 1.1929 -0.18437 0.7624 -0.52394 1.0198 0.17809 -0.53907 -1.2965 -1.2798 0.025731 -0.11628 0.044241 0.46881 1.1208 1.5641 -0.050395
0.12628 -0.95503 0.2134 -1.0609 2.0268 1.5235 0.70591 -0.71076 -0.48078 -0.61544 -1.2253 -0.39223 1.1496 -0.46193 0.23274 0.22966 0.52479 0.46122 -0.41893 0.57961 -1.3631 -0.39944 0.69194 1.3038 0.45496 0.80421 -0.05737 0.41836 -0.12957 -0.45925 -1.1497 -0.99286 -0.021306 0.54242 -0.20397 -0.29048 0.66463 1.0452 -0.030525
-0.23914 -1.1213 0.11236 -1.081 1.7095 1.2688 0.59468 -1.0215 -0.59449 -1.2359 -0.97783 -0.56928 1.2586 -0.30525 0.056281 -0.0078037 0.3546 0.0049619 -1.0047 0.53061 -0.96353 -0.58553 0.57325 1.9432 0.7183 0.79839 0.11187 -0.35204 -0.64325 -0.49945 -0.85538 -0.62259 -0.32925 0.87995 -0.45118 -0.52005 -0.40387 -0.069632 -0.2632
-0.43247 -1.0423 -0.034075 -0.78 1.4509 0.94088 0.67822 -0.99466 -0.82738 -1.261 -0.31924 -0.23833 1.5011 -0.057291 -0.18484 -0.30883 0.24481 -0.22909 -0.90698 0.22194 -0.25596 -0.73327 0.4708 1.2666 0.50551 0.66124 0.19119 -0.57159 -1.0103 -0.5711 -0.91136 -0.065623 -0.46995 0.9112 0.06397 -0.60924 -1.0014 -0.98198 -0.54017
-0.24358 -1.0723 -0.097756 -0.61075 1.425 0.84057 0.82075 -1.2543 -1.1561 -1.1218 -0.097783 -0.1988 1.6162 -0.2424 -0.51497 -0.84608 -0.088423 -0.65078 -0.83398 -0.047358 -0.099363 -0.77439 -0.18991 0.3797 -0.31932 0.39556 0.14811 -0.22709 -0.59715 -0.45966 -0.73326 0.5448 -0.069631 0.81105 0.65382 -0.39527 -1.43 -1.4372 -0.84831
-0.072127 -1.1704 -0.10616 -0.65921 1.6585 0.86282 0.93071 -0.86742 -1.0125 -0.678 -0.060475 -0.28459 1.6709 -0.16166 -0.42875 -0.99559 -0.28989 -1.0306 -0.60014 -0.006904 0.069995 -0.18926 -0.14356 0.039893 -0.96916 0.10698 0.19527 0.29055 0.48903 -0.25371 -0.40181 0.60163 0.030474 0.66196 0.79051 0.2014 -1.0295 -1.025 -1.1089
0.037515 -1.4349 -0.48859 -0.95952 1.4091 0.61739 0.75389 -0.60422 -1.3132 -0.4975 -0.59573 -0.14568 1.5953 0.0039147 -0.2057 -0.63056 -0.21275 -1.0563 -0.16098 0.52567 0.53429 0.39295 0.081404 -0.35985 -1.4021 -0.33528 0.19048 1.3562 1.8097 0.35338 -0.15541 0.54609 -0.017829 0.50964 0.31228 0.7435 -0.22071 -0.059043 -1.4703
-0.55914 -1.5469 -0.97939 -1.3591 0.83751 0.41328 0.45 -1.2499 -1.5095 -1.7326 -0.83493 -1.3688 1.5239 0.15832 0.12282 0.40046 -0.1554 -0.82261 -0.14461 0.0051402 0.78374 0.1965 0.70188 -0.46643 -0.98258 -0.81724 -0.4122 1.9315 2.4958 0.87356 0.098015 0.28525 0.13098 0.3033 0.090105 0.82822 0.46883 0.86701 -1.6466
-0.49964 -1.3643 -1.0345 -1.1538 0.055668 0.56711 0.78414 -0.93743 -0.43915 -1.4572 -0.40181 -1.9309 1.4285 -0.071927 1.4136 1.4411 0.47954 -1.0561 -0.062328 -0.07491 0.58944 -0.37382 0.81325 0.17317 -0.40101 -1.5869 -1.2565 1.9778 2.3445 1.3955 0.26928 -0.10005 0.075602 -0.24881 0.26612 0.91036 0.90338 1.6227 -1.5214
-0.084856 -1.0512 -0.318 -0.60733 0.51893 0.97662 1.9394 0.0094698 -0.27972 -0.51385 -0.57464 -1.7444 1.1221 -0.83855 1.9065 2.0803 0.93962 -0.82302 -0.11708 0.55292 0.66699 0.36015 1.0819 0.71455 0.30271 -2.0047 -1.7841 1.294 1.0077 1.4586 0.27548 -0.4043 0.16795 -0.83129 0.74855 0.57528 0.92299 1.4886 -0.98407
0.20642 -0.95774 1.0253 -0.88987 0.97733 0.51604 0.17725 -0.12564 -1.4848 0.63884 -0.74451 -0.75676 0.68762 -1.6768 2.123 2.3927 1.7589 -0.50441 -0.33224 0.40672 0.090475 0.81576 1.6433 0.87363 1.2461 -2.2711 -1.6647 0.13688 -0.802 0.92205 0.35838 -0.79726 -0.55987 -1.5262 1.2221 0.049887 0.67183 0.54636 -0.064006
-0.45 0.71151 1.4819 -0.010459 -0.065673 0.63294 0.69815 -0.40462 -2.0438 -0.044292 0.27907 -0.63603 -0.21289 -2.1334 1.8708 1.5933 1.8383 -0.53436 -0.71193 0.093703 -0.65769 1.0344 1.3841 1.0472 1.2152 -2.1116 -0.90612 -0.49526 -1.9992 0.31966 0.19801 -0.74907 -0.7078 -1.7848 1.046 -0.69631 0.09093 -0.60664 0.73559
-1.6085 0.1093 1.2413 -0.091413 0.044613 0.27466 1.9216 -0.076793 0.18329 0.072549 0.1627 -0.40651 -0.31354 -2.3116 1.6426 0.38212 1.6935 -0.46985 -1.1708 -0.89065 -1.8573 1.6327 0.73288 1.3604 0.27083 -1.6407 0.29478 -1.095 -2.2276 -0.72862 0.43246 -0.36262 -0.40762 -1.1801 0.50617 -0.80448 -0.37744 -1.282 1.3793
-2.3817 0.42867 1.5665 1.2084 0.0075148 0.10218 0.94487 -1.5127 0.40351 0.73209 0.20242 -0.12032 -0.62398 -2.0926 1.3244 -0.18233 1.5466 -0.43181 -1.0174 -0.12315 -1.9961 1.9566 0.14992 0.64458 -0.39836 -1.0982 1.4956 -1.0046 -1.4919 -1.5127 0.6864 0.33007 -0.045537 -0.25883 -0.67848 -0.40081 -0.97389 -1.0321 1.4872
-1.7801 0.41938 0.75006 1.0012 -0.38366 -0.10887 1.0812 -1.3085 0.74433 0.96634 0.81566 -0.56238 -0.56411 -1.1858 0.59345 -0.36243 0.58385 0.32372 -0.80716 -0.24262 -1.6431 1.3211 0.66181 0.29682 -0.4928 -0.48626 2.1549 -0.72515 -0.5872 -1.9361 0.7007 0.8661 1.0539 0.84558 -1.6286 -0.46079 -0.97105 0.015736 1.3143
-1.8193 0.87115 0.60154 1.071 0.43768 -0.63792 -0.49193 -2.6753 0.85852 0.62805 1.0619 -1.4949 -0.61823 -0.10227 0.74037 -0.46958 -0.34545 0.45831 -0.28112 -0.30417 -1.2874 -0.12232 0.60977 -0.41086 -0.44664 -0.2179 1.9419 -0.27211 -0.099802 -1.5528 0.61401 0.87249 0.97083 1.4601 -1.6584 -0.51229 -0.37799 1.1577 0.72245
-2.1747 1.0492 1.4456 1.0798 -0.10478 -0.42655 1.0341 -2.3302 0.50734 0.21689 -0.23416 -1.0106 -0.77329 0.43072 0.73641 -0.42406 -0.86442 0.50326 0.033474 1.2026 -0.48032 -0.46815 -0.42409 -0.095913 0.35682 0.10261 1.335 -0.091726 -0.25391 -0.50762 0.46053 1.3268 0.85716 2.3332 -1.4373 -1.2091 -0.27256 1.7697 0.00012866
-2.1555 0.93801 0.98778 0.40643 0.48846 -0.17255 1.314 -1.9161 0.38014 1.3553 0.8263 -0.8552 -0.71107 0.46717 0.79534 -0.30115 -0.5404 0.72248 0.14614 1.0001 0.40793 -0.34655 -0.3348 0.06173 1.5333 -0.19276 0.80022 -0.38766 -0.58253 0.59082 0.49442 1.1241 -0.51337 2.2994 -0.63509 -0.88515 0.14816 1.542 -0.53497
-1.7837 0.80485 0.50796 -0.26795 0.49389 0.039854 1.1138 -2.1352 0.065425 1.2525 -0.71936 -0.74868 -0.54474 0.84492 0.40331 -0.84929 -0.24011 1.1274 1.3765 0.73639 2.2765 -1.3392 -1.2551 -0.5045 2.1034 -0.49949 0.45674 -0.43058 -0.43652 1.2993 0.27282 0.57947 -1.7924 1.8622 -0.12171 0.054904 -0.11529 0.57764 -0.91564
-1.5675 1.3879 0.80012 0.56525 0.3569 -0.080391 2.7469 -2.2186 0.083406 -0.65181 1.1047 0.52529 -0.43492 1.0786 0.26048 -1.1991 0.40689 1.1501 1.0818 -1.0286 2.0325 -0.9159 -0.73088 0.083138 1.8088 -0.80686 0.20267 -0.32678 0.044998 1.2095 -0.058749 -0.0057099 -1.7462 0.89912 0.1003 0.75039 0.24831 -0.32312 -0.76697
-1.32 1.4929 0.3695 0.71736 0.8535 -0.35105 0.91758 -0.85062 0.72928 0.72198 1.0579 1.251 -1.0799 0.91727 0.28725 -0.67752 1.0073 0.84821 0.62484 -1.1565 2.5133 -0.42493 -0.14554 -0.35214 1.41 -1.113 -0.043104 -0.43871 0.65837 0.12117 -0.54908 -0.91704 -1.6981 -0.28997 0.30654 1.4331 0.60189 -1.1103 -0.07447
-1.2204 1.1097 -0.24216 0.78301 2.0227 1.8951 0.6046 1.1191 -1.9354 -1.8361 -0.89161 1.0025 -1.3305 0.7826 0.30648 -0.29895 1.0188 0.75487 0.53336 -1.3396 2.1301 -0.61803 0.54978 0.47872 1.261 -1.1616 0.040634 -0.50382 1.1089 -1.2 -1.1755 -1.2351 -0.65296 -1.055 -0.19291 0.52758 0.59167 -1.7701 0.98801
-1.2128 1.152 0.0096955 1.3025 0.97714 0.38149 -0.44896 -0.60496 -0.034248 0.88916 0.4696 0.92026 -1.5148 0.91826 -0.34958 -0.2043 -0.3307 0.23297 0.030312 -2.3033 1.6416 -0.90569 0.87789 0.50919 0.17667 -0.44677 0.28465 -0.50931 0.99143 -2.0575 -1.7073 -1.6712 -0.14096 -2.2716 0.038034 -0.055505 1.0012 -2.0784 1.9048
-1.171 1.2904 0.37681 1.2758 1.2414 0.13238 0.79359 1.1193 0.27732 1.6602 -0.0020569 0.85731 -1.605 1.1487 -0.25743 0.39892 -1.0974 -0.89249 -0.81091 -1.6764 0.32094 -1.054 -0.23858 0.84318 -1.101 0.50125 0.21047 -0.44801 0.76392 -2.1416 -1.5099 -1.3495 0.45977 -2.4722 0.060669 -0.94736 0.5569 -1.9757 2.2359
-0.81915 1.5066 0.35364 1.0751 1.3096 0.67184 0.23024 -0.064371 -1.0534 0.86769 1.1398 1.806 -1.5392 1.228 -0.2761 0.6154 -1.6581 -1.7464 -1.6737 -1.2422 -1.2124 -0.14112 0.11344 1.4884 -1.555 1.2205 -0.26763 -0.17207 0.42374 -1.3239 -0.89683 -0.66031 0.79298 -2.2943 0.17884 -1.2412 0.21315 -1.1968 1.7388
-0.43539 0.75005 0.23145 -0.49331 0.73252 -0.10902 -1.4198 0.62796 -1.3085 0.026718 1.7385 0.55352 -0.77465 0.99285 -0.47534 0.55954 -2.1929 -1.2772 -1.0093 -0.98957 -1.4827 -0.89092 -0.94569 1.1092 -1.8129 1.72 -0.85877 -0.15284 -0.043699 -0.36084 -0.01724 -0.039612 0.65633 -1.1136 0.51401 -0.83774 -0.73933 -0.19559 0.73554
-0.12214 1.1993 0.73597 -0.5272 -0.19337 -0.63851 -1.2717 -0.055359 -1.5003 -1.0514 0.71973 -1.1242 -0.61212 0.53211 -0.5346 0.42525 -2.1802 -1.3652 -1.0312 -1.1367 -2.1332 -0.65047 -1.2203 0.79791 -1.842 1.8329 -1.2228 0.24942 -0.036083 0.99712 0.69145 0.73169 0.86887 -0.18566 0.29922 -0.62978 -1.6535 1.1507 -0.57754
-0.21289 0.81208 0.53876 -0.68717 -0.50448 -0.50445 -0.55631 -1.5968 -0.68104 0.24532 1.2631 -0.88224 -0.18952 0.0073097 -0.39074 0.43647 -1.4924 -1.107 -1.1815 -0.47728 -1.4858 0.18226 -1.2353 -0.32485 -1.3203 1.4167 -1.2015 0.35741 0.10612 1.6103 0.76004 0.81367 1.1035 0.57936 0.56881 0.23358 -1.6941 2.3077 -1.4417
-0.48164 0.79564 0.88261 -1.1916 0.08855 -0.65956 -0.99197 -1.8677 -1.0584 0.36289 1.9255 -0.843 0.078121 -0.39989 0.076646 0.63191 -0.20936 -0.432 -0.25586 0.15488 -1.5841 -0.10938 -0.999 -1.165 0.54102 0.4114 -0.74767 0.23005 0.037815 1.3356 0.76473 0.82233 0.95819 1.3413 0.35218 0.55683 -1.6783 2.3763 -1.5924
-0.60761 0.86738 0.76964 -1.46 -0.25879 -0.79192 -0.91635 -1.3484 -1.2401 -0.79523 1.1826 -0.86004 0.154 -0.62488 -0.20937 0.64464 -0.27066 -0.20647 0.081557 0.46109 -0.56926 -0.074511 -0.62673 -1.3623 1.6628 0.033777 0.014533 -0.13188 -0.17407 0.75518 0.38628 0.51182 0.53632 1.3349 0.64132 1.1176 -0.77708 1.4759 -0.99202
-0.56449 0.92598 0.81563 -1.0111 -0.34178 -1.0941 -1.1211 -1.2196 -0.82487 -1.8082 0.4607 -0.19288 -0.044378 -0.44843 -0.2619 0.39746 -0.38013 -0.26862 -0.16863 0.21607 0.15156 0.14813 -0.46337 -2.1043 1.4714 -0.12313 0.92205 -0.48908 -0.22292 0.36931 0.022833 0.044759 0.19028 1.2216 1.5468 1.7247 0.8661 -0.040796 -0.043551
-0.64262 1.0546 1.35 -0.32905 -0.14012 -0.18549 -1.0627 -1.9583 -1.7579 -1.3496 -0.35435 1.0533 -0.586 0.056885 -0.44975 0.28213 -0.045394 -0.40201 -0.28701 0.51728 0.37618 1.28 0.65372 -1.4452 1.2103 0.034292 1.524 -0.35157 -0.33253 0.54751 -0.17882 0.057485 -0.1405 0.5619 1.6616 1.8077 2.2956 -1.049 0.52671
-0.80292 0.65905 1.4908 -1.3632 -0.73856 -0.54357 0.056763 -1.2177 -0.97316 -0.66526 -0.39216 0.8929 -0.24977 0.85851 -0.61539 0.46141 0.34202 -0.27758 0.030196 0.49834 0.44175 2.1818 1.7038 0.62466 0.71552 0.33789 1.4783 -0.069476 -0.44877 0.50594 -0.28184 0.11788 -0.5933 0.095547 0.89761 1.0754 3.0244 -1.3289 0.72951
-0.69866 0.41817 0.73386 -1.7032 -0.56071 -1.0948 -0.74725 -1.528 -0.21487 0.07756 -0.81044 0.43805 0.073472 1.3649 -0.62005 0.080955 0.35445 -0.55036 0.10671 0.066717 0.43797 2.0978 1.7947 1.9256 -0.036928 0.67781 0.86428 0.51152 -0.21772 0.34572 -0.16701 0.2812 -1.2323 -0.23162 -0.9165 -0.20278 2.1265 -1.1062 0.2093
-0.24185 0.44897 1.2518 -1.0039 -0.40855 -1.1762 -0.43755 -0.9867 1.0134 0.84326 0.69775 0.48737 0.25832 1.4616 -0.30302 -0.2245 0.33097 -0.74975 -0.13279 -0.66714 0.32125 1.4587 1.0404 2.3432 -0.54505 0.76672 -0.28052 1.2796 0.12827 0.5171 0.18518 0.25277 -0.98457 -0.23771 -2.4591 -1.2642 -0.12168 -0.31391 -0.86007
0.58251 0.3868 1.6023 -0.33283 -0.65978 -0.36863 -0.45517 -0.74998 1.6029 0.73697 2.3875 0.39236 0.29247 1.2544 0.21759 0.28185 0.58148 -0.49056 0.31961 -1.2154 -0.030664 -0.12895 0.56246 2.0045 -0.35183 0.16687 -1.5648 1.5824 -0.045104 0.81899 0.99864 0.29684 -0.28285 -0.027936 -3.0395 -1.4971 -2.4722 0.57495 -1.9497
0.63127 0.42269 0.90739 -0.42984 -1.228 -0.55083 -1.1996 -1.2128 0.68048 0.27543 2.0268 0.27658 0.32281 0.42732 1.0449 0.58575 1.1597 0.075265 0.39797 -0.70813 0.19655 -1.4429 -0.17674 0.32669 0.27245 -0.83699 -2.3355 1.3639 -0.6022 0.98902 1.6046 0.23138 0.69183 0.39309 -2.3676 -0.80661 -3.293 0.85915 -2.3197
0.32889 0.7316 1.0374 -0.75601 -1.296 -0.66576 -1.6234 -1.5722 -0.38832 0.10561 1.5418 0.28776 0.22851 -0.83174 1.2802 -0.38401 1.4171 1.0537 0.39446 -0.43488 0.4489 -2.3061 -0.54843 -2.1 0.73985 -1.7617 -2.2571 0.68387 -0.95189 1.0523 1.6848 0.086406 1.3205 0.92555 -0.37255 0.025614 -1.9649 0.67401 -1.7812
0.24317 0.8341 1.973 -1.0388 -0.98021 -0.42466 -1.4988 -1.1897 -0.97278 0.74581 1.5085 0.28436 -0.097332 -1.5458 1.3827 -0.86601 1.6976 1.7118 0.2657 0.2615 0.88929 -2.0148 -0.0068402 -2.3059 0.66569 -2.1254 -1.4086 -0.24905 -0.72926 0.90719 1.0871 0.25982 1.1116 0.87504 1.5261 0.55579 -0.13061 0.19635 -0.71373
-0.24316 1.7982 1.6005 0.7513 0.14131 -0.73506 -1.033 -0.72701 -1.1878 -0.048348 -0.44137 1.1627 -1.0508 -1.6736 1.154 -0.5408 2.2114 2.0859 0.56209 0.8062 1.5174 -0.56704 0.5008 -0.68225 0.83613 -2.1503 -0.37272 -1.2844 -0.30977 -0.0047076 0.095551 0.35369 0.71807 0.53183 2.3749 0.57018 1.3491 -0.40806 0.72436
-0.88903 1.5141 0.17639 1.2753 1.0097 -0.21886 -0.79062 -0.097822 -1.3323 -0.016872 -1.3661 1.524 -1.6179 -1.5947 0.68816 -0.51889 2.399 1.7534 0.80099 0.78312 1.4537 0.61611 0.35779 -0.65885 0.64908 -1.8298 0.3631 -2.3697 -0.17492 -1.9367 -0.99051 -0.029023 0.05443 -0.47798 2.0443 0.27492 1.6826 -1.1047 2.3561
-0.68662 1.6174 0.24585 1.3813 0.69968 -0.055532 -0.37463 0.044834 -0.93973 0.95918 0.78497 0.66348 -1.5006 -1.4536 -0.48497 -1.0519 1.0542 1.2357 0.78174 0.67275 1.2577 0.93987 0.35651 -0.1941 -0.041551 -0.70642 0.83671 -2.1657 0.046921 -3.1447 -1.5169 -0.74683 -0.31051 -1.4268 1.0681 0.05707 0.92004 -1.6788 3.0344
-0.99288 1.5388 1.0085 1.743 0.84505 0.046153 -0.63249 0.46014 0.029958 1.0641 2.1423 1.3713 -1.5721 -1.0259 -1.6844 -0.88341 -1.2289 0.15829 0.12554 0.44318 0.049298 1.1572 0.57569 0.85697 -1.0849 1.0677 0.75411 -1.1793 0.18888 -2.9938 -1.0353 -1.1142 -0.1338 -1.223 -0.044839 -0.33189 0.32797 -1.4389 2.4006
-1.251 1.4803 1.149 1.9193 0.71327 0.3185 -0.83067 0.054055 0.18486 0.34343 -0.59102 1.0884 -1.6629 -0.50673 -1.2128 -0.2673 -1.6637 -0.15251 -0.41577 0.40183 -0.68663 1.2099 0.47659 0.41766 -1.6399 1.4435 0.56485 0.24158 0.1727 -1.6543 -0.37225 -1.0378 -0.043204 -0.79934 -0.56226 -0.87863 -0.15774 -0.54273 0.867
-1.3757 0.24411 -0.019958 0.10831 1.0864 0.27284 -0.31669 0.68292 -0.34381 0.90734 0.046975 0.26851 -0.87138 -0.76011 -0.88843 -0.5869 -1.6583 0.37891 -0.57364 0.67801 -0.064599 0.38751 -0.37745 -0.30973 -1.4127 1.0844 0.35568 1.4303 0.17144 0.036437 0.35103 -0.23863 -0.014717 0.038862 -0.93592 -1.2298 0.36009 0.69146 -0.76856
-1.3693 -0.098819 -0.25952 -1.0812 0.35792 -0.94155 -0.28483 -1.1626 0.22876 0.81064 0.74085 -0.48681 0.27247 -0.60681 -0.50072 -0.90242 -1.7256 0.38845 -0.70531 0.48588 -0.3111 0.23572 -0.91033 0.057483 -0.93797 0.72536 0.24538 1.6369 0.40556 0.96448 0.26937 0.39051 -0.53657 0.73741 -0.57848 -1.069 0.76398 1.3996 -1.5296
-1.1115 1.085 0.36106 0.17119 0.81759 -0.48249 -0.12606 -0.79641 0.57345 1.1842 0.16743 -0.87174 -0.64512 -0.35892 0.28507 -0.27018 -1.1358 0.60365 -0.13533 0.38551 -0.053565 -0.16355 -1.1604 1.7573 -0.01624 0.14846 0.38889 1.3225 0.92087 1.1492 0.063099 1.0909 -0.78827 1.0884 -0.30139 -0.18 0.85208 1.8251 -1.5253
-1.7801 0.98122 0.032166 0.14944 1.543 -0.3607 0.48596 1.1413 -0.46809 -0.12371 1.0394 -0.36102 -0.96918 -0.28164 0.86369 0.25436 -0.18495 0.28696 0.085931 -0.45325 0.81835 0.36525 -1.2473 0.92492 0.5045 -0.63174 0.5834 0.17294 0.88144 0.87803 -0.12637 1.2827 -0.61808 1.0528 -0.053741 0.53299 0.18837 1.6376 -0.62992
-1.6941 0.77127 -0.10062 -0.51107 1.1069 -0.57614 -0.57658 -0.42658 0.69221 -0.74742 1.1158 0.68673 -0.9091 -0.24812 0.57871 0.36072 -0.35459 0.56718 1.0056 -0.32917 1.5975 -0.26438 -0.58741 0.9763 1.5636 -0.77302 1.07 -1.3834 0.025345 -0.017117 -0.77714 0.77861 -0.23176 0.26184 0.60686 0.7597 -0.71776 0.50256 0.90014
-1.4698 1.2564 0.60488 -0.32517 1.4536 0.443 -0.11718 -0.098278 -0.57178 -0.82799 2.0249 0.70549 -0.97698 0.34972 -0.37751 0.24342 -0.53244 0.16365 1.0426 -0.31207 1.0175 0.17543 -0.18222 0.81937 1.5929 0.13828 1.4152 -2.2674 -0.63507 -0.74447 -1.116 0.31044 0.50934 -0.58459 0.68884 0.31267 -1.0622 -1.1176 2.2456
-1.5584 0.8955 0.074197 -0.53601 0.78512 -0.44798 -1.1529 1.5237 0.95257 -0.13547 0.67348 0.0042202 -0.99374 1.1813 -1.3685 -0.20888 -0.99664 -0.88483 0.80209 -0.11068 0.38683 1.0915 -0.23536 0.3406 0.47962 1.2587 1.3309 -2.2592 -0.97978 -0.73791 -1.2523 -0.28704 0.83092 -1.2509 1.1183 -0.44069 -1.8273 -2.4687 2.5819
-1.5649 0.9119 0.4636 -1.1546 1.4866 0.67951 -0.026519 0.98393 -0.49751 0.61171 1.9742 1.8859 -0.76945 1.4582 -1.882 -0.48923 -1.2136 -1.2177 0.76517 0.4117 0.23626 1.0052 -0.83916 -0.92644 -1.169 2.0839 0.78874 -1.4845 -0.75649 -0.39944 -0.67529 -0.063227 1.1943 -1.3129 0.35249 -0.87835 -1.978 -2.7276 1.808
-0.73046 0.4749 0.51046 -0.0057204 1.2453 0.76336 -0.18553 0.74252 0.91352 0.076421 1.2837 1.2326 -0.52005 1.5061 -2.375 -0.86726 -1.3518 -1.2467 0.65198 0.89054 -0.55908 1.4648 -1.1467 -1.8744 -1.9857 2.5445 0.038105 -0.50444 -0.31058 0.35802 -0.024643 0.072446 0.95016 -0.89578 -0.44294 -0.70264 -1.7555 -2.2523 0.59705
-0.48607 -0.97023 -0.70993 -1.8831 -0.34137 0.1942 0.0032291 0.78505 1.6734 -1.6844 1.5993 -0.12148 0.78498 1.5554 -2.3138 -0.65513 -1.0807 -1.001 1.0261 1.4553 -1.1834 0.65962 -1.4694 -2.1028 -2.6249 2.4994 -0.6148 0.49312 0.2179 0.91145 0.3684 0.17212 0.53281 -0.35601 -1.2226 0.14825 -0.64018 -0.93701 -0.62295
-0.27663 -0.72239 -0.29495 -2.0501 -0.28616 0.64279 -0.12994 -0.2816 1.3425 -2.1198 -0.62915 -1.6958 1.2057 1.1989 -1.99 -0.62161 -0.41948 -1.0319 0.82298 1.1743 -0.72584 0.40485 -1.3198 -2.6489 -3.2878 2.0424 -0.94177 1.498 0.92041 1.7026 0.69032 0.22412 0.09558 0.51134 -1.8045 1.0693 0.57064 0.55161 -1.6748
-0.25773 -0.97609 -0.41637 -1.7471 0.28373 1.1202 0.99469 0.0052649 1.5352 -1.2955 -0.66254 -1.7609 1.2476 0.54559 -1.2811 -0.24012 -0.035561 -0.57432 1.0095 1.2883 -0.40132 -0.82429 -0.48972 -1.851 -2.3705 1.2987 -0.96805 1.5705 0.9571 1.7797 0.47585 -0.33791 -0.23415 0.99272 -1.2802 1.3648 1.6765 1.9164 -1.9495
-0.0758 -1.2834 -0.31784 -1.5978 0.087804 1.2492 1.0772 0.063977 0.86936 -1.4044 -1.059 -2.2226 1.2208 0.37771 -0.45514 0.45049 1.2 -0.06266 1.0832 1.1667 0.099008 -1.2721 0.42588 -0.85225 -0.97429 0.36032 -0.51431 1.2484 0.95037 1.2542 0.1165 -0.96298 -0.38007 0.70487 -0.63019 0.95751 1.9784 2.5982 -1.5524
-0.14449 -1.2118 -0.2642 -0.96982 -0.020675 1.6132 1.1706 0.18612 0.46271 -1.4709 -0.90705 -2.3143 1.2944 0.28713 -0.52656 0.39431 1.3235 -0.51904 0.31256 1.029 0.43567 -0.97213 0.29748 0.39347 0.099364 0.099364 -0.0089917 0.68192 0.52801 0.56865 -0.3181 -1.7226 -0.58918 0.35157 0.4061 0.36412 1.2185 2.1635 -0.85937
-0.14094 -1.2954 -0.22142 -0.83776 -0.26298 1.5346 1.2305 0.18559 0.20498 -1.4009 -0.53725 -2.2206 1.2843 0.43622 -0.33905 0.63562 1.1648 -0.81474 -0.53118 0.59826 0.29977 -0.74089 0.13061 0.23674 0.72823 0.061098 0.34098 0.16498 0.04153 -0.24891 -0.42367 -1.9843 -0.5792 0.11798 0.83381 0.19116 0.28222 1.4837 -0.29106
0.00039029 -1.2537 0.087186 -0.58049 -0.418 1.4942 1.3918 0.60381 0.18389 -1.168 -0.0606 -1.6957 1.3142 0.50084 -0.23704 0.54838 1.0065 -0.82641 -1.246 0.47184 0.22139 -0.31596 0.34257 0.068576 1.1558 0.019177 0.41284 0.13882 -0.22014 -0.34522 -0.016639 -1.6935 -0.63832 0.13116 0.63486 0.59041 -0.53491 0.98164 -0.17276
0.042259 -1.3962 0.12512 -0.46728 -0.76243 0.89835 1.6339 0.16343 0.48377 -1.554 -0.44601 -1.5552 1.3058 0.86234 -0.34289 0.45585 0.90485 -0.74915 -1.6688 0.36343 0.45251 -0.003437 0.75006 -0.12776 1.5089 -0.084214 0.16157 0.13223 -0.59619 -0.26265 0.31191 -1.2814 -0.60432 0.28187 0.38463 0.91378 -0.46988 0.65876 -0.16613
0.32387 -1.4378 0.42706 -0.3304 -0.66011 0.39652 1.771 0.40415 0.38538 -1.0154 -0.90181 -0.88404 1.2867 0.7902 -0.3104 0.13699 0.82562 -0.57447 -2.1292 -0.047096 0.63257 -0.12685 1.1145 -0.52228 1.7117 -0.11598 -0.022843 0.37639 -0.68021 -0.10177 0.38421 -0.62735 -0.68542 0.22093 0.016215 0.88819 0.033311 0.3707 -0.1335
0.36323 -1.4803 0.19249 -0.16022 -0.98549 -0.077997 1.5117 0.36883 0.21255 -0.90493 -0.97055 -0.95659 1.2519 0.57186 -0.098894 -0.12324 0.77666 -0.30344 -2.3624 -0.27158 0.67502 -0.10282 1.5032 -0.43372 1.8042 -0.14831 -0.24225 0.61874 -0.41023 -0.21996 0.24104 0.092917 -0.69661 -0.29141 -0.26001 0.37109 0.77681 -0.12321 -0.083048
0.80425 -1.5845 0.25381 0.28157 -0.97228 -0.096673 1.6099 1.0498 0.42548 -0.1952 -0.59971 -0.23203 1.1873 0.60656 0.24358 -0.26458 0.88292 -0.26677 -2.0009 -0.49314 0.56659 -0.24239 1.6746 0.27793 1.7833 -0.17153 -0.21501 0.72706 0.22601 -0.46095 -0.0034774 1.0257 -0.52562 -1.0499 -0.10196 -0.15002 1.464 -0.75907 -0.044578
0.49303 -1.5501 -0.066036 0.11501 -0.98924 -1.1018 1.0607 1.1103 -0.087527 0.20094 -1.0372 0.23269 1.1964 0.5341 0.37892 -0.0026435 0.47484 -0.40807 -1.545 -0.71717 -0.10361 -0.45319 1.1683 1.039 1.2558 -0.19534 -0.34983 0.65993 0.65816 -0.78001 -0.41757 1.9153 -0.69585 -1.897 0.30866 -0.84069 1.3236 -1.4822 0.016696
0.46611 -1.2536 0.056648 0.36039 -0.79937 -1.4717 1.3151 1.1354 0.37954 0.71862 -0.62801 0.72122 1.1763 0.43627 0.62657 0.46195 0.13947 -0.51835 -0.67977 -0.80496 -1.1152 -0.15513 0.96212 1.7043 0.49091 -0.16743 -0.48975 0.48242 0.86419 -1.0529 -0.56787 2.5648 -0.9102 -2.1475 0.942 -1.2937 0.60766 -1.8123 0.049581
0.88622 -1.0773 -0.031575 0.72355 -1.2328 -1.2943 1.134 0.5833 0.12538 0.63198 -0.074141 0.75971 1.1156 0.050375 0.77575 0.60821 -0.26551 -1.0056 0.42819 -1.4178 -2.3499 0.44003 0.19015 1.5308 -0.49766 -0.12348 -0.61338 0.31001 0.54827 -1.1529 -0.37139 2.6205 -1.0769 -1.5191 1.2403 -1.3267 -0.57126 -1.4587 0.054423
0.95365 -1.1732 0.6603 -0.0093778 -1.3955 -1.2507 0.72036 0.0054041 -0.44224 0.24156 0.53194 0.30881 1.0595 -0.0008908 0.82112 0.86296 -0.65413 -1.0978 1.6264 -1.8498 -2.6873 1.1159 -0.39062 1.2552 -0.95134 -0.12592 -0.7944 0.032661 0.027726 -1.1704 0.30789 1.9134 -0.69373 -0.22821 1.1878 -1.3956 -1.5714 -0.8666 0.0064262
0.84124 -0.85644 0.8291 0.10446 -1.6818 -0.52302 0.50467 -1.0721 0.43933 0.78838 1.2783 -0.47178 1.0885 -0.31105 0.77575 0.71117 -1.2165 -0.85349 2.0155 -2.2166 -2.4121 1.2901 -0.77409 0.091691 -0.92394 -0.12651 -0.72149 -0.12531 -0.47695 -0.75593 1.2812 0.73272 0.39141 1.3203 0.79721 -1.106 -1.7941 -0.099622 -0.050227
0.49876 -0.76984 0.65853 -0.11507 -2.3306 0.26268 -0.61829 -1.9769 1.3061 -0.014261 0.4547 -0.71539 1.0954 -0.7607 0.66727 0.4702 -1.5048 0.034816 1.9743 -1.7037 -1.5442 1.6976 -1.3091 -0.77977 -1.007 -0.1561 -0.47123 -0.35192 -0.73104 -0.25688 1.9888 -0.57779 1.4784 2.4004 0.00081645 -0.67635 -1.5354 0.5626 -0.098763
0.49312 -0.56682 0.94253 -0.65676 -2.019 0.57202 -1.0987 -1.8171 1.5546 -0.239 0.23535 -0.45858 1.0526 -0.82094 0.63514 0.035785 -1.2105 1.0123 1.5879 -0.73945 -0.22142 1.6755 -1.5383 -1.1078 -0.63976 -0.19274 0.089425 -0.48852 -0.59636 0.51326 2.0771 -1.2846 2.323 2.6436 -0.67036 0.065935 -0.51662 0.9431 -0.10889
0.38874 -0.42441 0.81019 -1.0909 -1.6829 0.60348 -1.1394 -1.5902 1.571 -0.34357 -0.64095 -0.12616 0.99856 -0.56313 0.30343 0.014699 -1.1252 1.9747 0.82734 0.2162 1.1217 0.91745 -1.3567 -1.2756 0.067276 -0.25782 0.46297 -0.65637 -0.36624 1.0342 1.277 -1.4469 2.14 1.9937 -1.2998 1.0681 0.12369 1.0596 -0.07664
0.16594 -0.54955 0.76576 -1.2783 -0.89955 0.85029 -0.45867 -1.302 1.9867 -1.552 -0.48278 -1.1332 0.91141 -0.25463 0.14636 -0.025921 -0.48203 2.3592 0.31048 1.2232 1.6556 0.38325 -0.64823 -0.72127 0.46418 -0.2575 0.40212 -0.72102 -0.08312 1.0684 0.063396 -1.3538 1.1816 0.69328 -1.5759 1.7943 0.236 0.67267 -0.020342
0.13087 -0.42292 0.74463 -1.1572 -0.17952 0.73444 0.091253 -0.44032 1.967 -1.5139 -0.10915 -0.84065 0.89247 -0.24079 -0.17404 -0.086002 -0.0029332 1.9371 0.043874 1.3691 1.5915 -0.16401 0.30585 -0.73305 0.60035 -0.25197 0.17204 -0.49059 0.048469 0.914 -1.095 -1.0674 -0.058357 -0.52724 -1.5513 2.2738 -0.0018565 0.26616 0.024052
0.2998 -0.57543 0.88239 -1.2199 0.35878 0.64426 0.27799 0.030761 1.8062 -0.79643 -0.61514 -0.047215 0.8458 -0.28459 -0.31753 -0.036113 0.15628 1.1692 -0.42274 0.92817 0.96412 -0.82285 1.1094 -0.91092 0.47559 -0.23034 -0.018256 -0.21869 0.20124 0.39438 -1.7313 -0.84185 -1.1377 -1.1541 -1.5277 1.9107 -0.28762 -0.23617 -0.067917
0.3131 -0.50789 0.69348 -0.67246 0.18787 0.76696 0.52054 -0.1923 1.8461 -0.70109 -0.57928 0.21249 0.8441 -0.24967 -0.27933 0.11358 0.20441 0.38126 -0.69563 0.26566 0.39703 -1.4713 2.1803 -1.1958 0.62661 -0.23229 -0.015862 0.24661 0.21586 0.11656 -1.851 -0.51941 -1.555 -1.0705 -1.3533 0.86384 0.29323 -0.78297 -0.2781
0.12066 -0.77893 0.83795 -0.96308 0.08824 0.62309 0.30659 0.074263 1.1322 0.41806 -1.2084 0.20847 0.76208 -0.28175 -0.1712 0.21889 0.12363 -0.3294 -0.80548 -0.36183 -0.096922 -1.9094 2.121 -1.0855 0.0067446 -0.38109 0.011956 0.42077 0.073692 -0.065264 -1.5088 -0.095462 -1.4928 -0.57598 -0.98988 -0.41999 1.1679 -1.1016 -0.46706
-0.090411 -0.7583 0.73235 -1.1558 -0.2016 -0.047837 0.086072 -0.61629 0.5106 0.52755 -1.7954 -0.3833 0.73468 -0.26962 0.14324 0.15509 0.22045 -1.0205 -0.67315 -0.91086 -0.057047 -2.2315 1.4611 -0.061343 -0.70827 -0.63968 0.16109 0.45086 -0.15241 0.058717 -0.92367 0.24221 -0.98573 0.0038054 -0.26475 -1.461 1.9752 -0.96956 -0.45315
-0.019357 -0.7097 1.0323 -0.96291 -0.08346 0.070315 0.093525 -0.39427 0.16246 1.516 -1.5134 -0.2124 0.66173 -0.25378 0.14635 0.078325 0.026581 -1.1496 -0.58328 -1.2911 0.021284 -2.3544 0.62169 0.88314 -1.0403 -0.8038 0.43479 0.23723 -0.28088 0.23443 -0.29365 0.44954 -0.29742 0.44813 0.54899 -1.5051 2.1259 -0.33271 -0.21773
0.03411 -0.52158 1.0795 -0.92513 -0.4426 -0.12783 -0.33334 -0.22908 -0.42369 1.2371 -1.2416 -0.54503 0.42283 0.015839 0.28626 -0.052146 0.35541 -1.0531 -0.35142 -1.1194 0.35129 -1.7654 0.048657 1.8213 -0.76784 -0.77497 0.54184 -0.0785 -0.47535 0.19406 0.23343 0.18347 0.45205 0.32839 1.1219 -1.0584 1.2362 0.22736 0.16851
0.10791 -0.33785 0.88429 -0.61788 -1.2119 0.15906 -0.86842 0.080223 -0.9593 0.78187 -0.20385 -0.94224 0.10365 0.3297 0.13242 -0.12441 0.47631 -0.89216 -0.13979 -0.80717 0.61906 -1.0936 -0.14019 2.2808 -0.60176 -0.67618 0.55763 -0.21955 -0.76845 0.18446 0.7367 -0.24687 1.2731 0.029335 1.2974 -0.33829 -0.069523 0.75905 0.57182
-0.11904 -0.62415 0.72203 -0.92906 -1.1673 0.0071287 -1.1009 -0.29508 -1.3059 0.19189 0.28327 -1.2159 0.05917 0.37848 0.0091843 -0.50973 0.34275 -0.66962 -0.54475 -0.28684 0.31985 -0.71084 -0.25259 1.7399 -0.44045 -0.42429 0.42106 -0.22378 -1.097 -0.099228 1.2522 -0.84779 1.813 -0.17162 0.92869 0.048171 -1.3232 0.97339 0.81193
0.13105 -0.50283 0.81631 -0.52886 -1.004 -0.10007 -0.78382 0.41259 -0.91488 0.98583 0.5226 -0.66073 0.11828 0.53214 -0.08673 -0.94025 0.36272 0.14915 -0.907 0.70943 0.10246 -0.39312 0.084614 0.77129 0.35146 -0.029616 0.3022 0.13203 -1.3884 -0.079755 1.4442 -0.9574 1.7748 0.025024 0.71119 -0.29577 -1.6272 1.1678 0.7969
0.39796 -0.62851 0.77748 -0.50449 -1.1418 -0.23554 -0.6532 0.13049 -0.71096 0.90925 0.79159 -1.1736 0.10139 0.64499 0.01731 -1.4309 0.22912 0.9521 -1.4642 1.5588 0.26492 -0.33638 0.0036125 -0.12331 0.74168 0.25035 0.20726 0.33255 -1.2671 -0.067915 1.3128 -0.42325 0.98613 0.32072 0.90755 -1.1807 -1.2017 1.0455 0.54623
0.34628 -0.55495 0.29107 -0.59763 -1.0441 -0.79442 -0.26437 -0.098957 -1.0981 1.0968 0.283 -0.85547 0.17088 0.72067 0.3315 -1.9289 0.38525 1.2085 -1.3727 1.6344 0.70318 0.08002 -0.87293 -0.10458 1.1839 0.31012 -0.0034301 0.25696 -0.85434 -0.048243 0.74226 0.24775 -0.20907 0.45745 1.3591 -1.6261 -0.82987 0.66252 0.22206
0.56545 -0.50651 -0.34358 -0.3653 -0.30871 -1.12 0.55751 -0.05386 -1.3055 0.9672 -0.23768 0.1062 0.31631 0.64379 0.33101 -2.0814 0.20502 1.4483 -1.0481 1.1254 0.67962 0.7912 -2.1074 -0.27478 1.2743 0.31284 -0.049681 -0.1097 -0.34708 0.20555 0.14535 0.68545 -1.0963 0.053883 1.8837 -1.3061 -0.50574 0.010701 -0.025814
0.6236 -0.35691 -0.98182 -0.52004 0.063911 -1.6216 0.98858 0.62249 -1.5564 0.22725 -0.029916 -0.20209 0.33002 0.52689 0.16379 -2.0034 0.28387 1.4027 -0.64981 0.54339 0.83428 1.6504 -2.0637 -0.85022 1.4466 0.30735 0.014642 -0.53585 0.27209 0.43773 -0.39277 1.0273 -1.4745 -0.50888 1.9679 -0.079445 -0.55993 -0.72486 -0.13008
0.66201 -0.19733 -1.4228 -0.22195 0.18265 -1.274 0.60034 1.0626 -0.47136 -1.2693 0.77815 0.55292 0.36054 0.65582 -0.090864 -1.9493 0.64775 1.1577 -0.57668 0.045767 0.31493 2.495 -1.9796 -0.78923 0.66205 0.20796 -0.0042522 -0.71782 0.79259 0.5704 -0.76571 1.2187 -1.4075 -0.88332 1.3185 1.1994 -0.47005 -1.3188 -0.10841
0.90439 -0.29233 -1.3054 -0.33995 0.55523 -1.1079 0.23474 0.93828 0.76693 -1.9614 0.086158 0.66478 0.41114 0.74015 -0.34625 -1.534 0.95159 0.5757 0.2527 -0.59869 -0.14741 3.0067 -1.1188 -0.99618 0.063742 0.14549 -0.10742 -0.58974 1.1324 0.33278 -0.87589 1.096 -0.918 -1.1771 0.11617 1.8826 -0.21449 -1.739 -0.027395
0.84785 -0.62092 -1.6602 -0.16507 0.35013 -1.197 0.11162 0.77328 1.2447 -0.89902 -1.0919 0.72638 0.43606 0.52988 -0.60013 -1.0006 0.89872 0.33461 0.70444 -0.94992 -0.62663 2.6422 -0.2633 -1.168 -0.65398 0.21272 -0.15206 -0.11733 1.2338 -0.06922 -0.89019 0.70871 -0.21984 -0.98183 -1.2061 2.0911 0.10016 -1.4075 0.030564
1.1256 -0.63819 -2.4801 0.4871 0.59261 -1.9976 0.40417 -0.11997 1.6619 -1.3352 -0.74294 -0.17127 0.40925 0.40365 -0.55836 -0.60451 0.75636 0.065824 0.69363 -0.68055 -1.0915 1.793 0.72951 -1.1079 -1.3595 0.25856 -0.095117 0.48795 1.0479 -0.46598 -0.75319 -0.01256 0.25126 -0.51077 -1.8757 1.3449 0.88889 -0.93468 0.030252
1.3654 -0.7407 -2.2171 0.82316 0.37694 -0.40821 -0.054466 0.22001 2.2765 -0.6083 -1.1008 0.13649 0.48026 0.56044 -0.18931 -0.37433 0.61654 -0.36452 0.49345 -0.31638 -1.2111 0.77416 1.1551 -0.5412 -1.4242 0.20135 0.21736 0.74517 0.90358 -0.67128 -0.81827 -0.4481 0.27899 0.25429 -1.892 0.83209 1.1722 -0.14029 -0.0894
0.93992 -0.86472 -1.9778 0.28187 0.54129 -0.56028 -0.49591 0.2314 1.8544 -1.0157 -0.79913 -1.0701 0.60395 0.56 0.23334 -0.11255 0.24655 -0.57676 0.35733 -0.42872 -0.89194 0.32501 0.77296 0.48495 -1.399 0.20059 0.3649 0.59907 0.64957 -0.62988 -0.71115 -0.9976 0.07341 0.80538 -1.4474 0.38127 0.89349 0.60838 -0.19635
1.1221 -0.69165 -1.9379 0.52703 0.27328 -0.58059 -0.18485 -0.54573 2.2334 -0.38511 -0.80917 -1.0251 0.64618 0.82878 0.20951 0.25103 -0.063675 -0.97684 0.09189 -0.53673 -0.20185 -0.27082 1.3139 0.40568 -0.88587 0.092256 0.2392 0.3343 0.462 -0.39895 -0.47053 -1.0257 -0.11187 1.1099 -0.70319 0.19313 0.41514 1.0362 -0.24868
1.6914 -0.47146 -1.9904 0.48363 -0.13328 -1.0555 0.1306 -0.81016 1.6969 0.14631 -1.1548 -0.93749 0.54047 0.90244 0.20887 0.16344 -0.045988 -1.0456 -0.87019 -0.41957 0.053065 -0.47623 1.3683 0.22256 -0.37596 -0.014097 -0.091109 0.15864 0.31083 -0.14234 0.0060484 -0.83499 -0.17301 1.0965 -0.45004 0.2098 0.093915 0.86578 -0.25254
1.459 -0.34698 -2.2748 0.42117 -0.30604 -1.0829 -0.48825 -0.36388 1.9542 -0.25305 0.022881 -1.3913 0.62632 0.80417 0.35673 0.26036 0.03785 -1.0644 -0.70769 -0.52012 0.58702 -0.18532 1.208 0.42208 0.17666 -0.10549 -0.49812 0.17149 0.21612 -0.023835 0.60263 -0.27131 -0.31595 0.54433 -0.25131 0.053711 0.16445 0.50833 -0.1523
2.1514 -0.66997 -1.9275 0.55986 -0.6894 -1.2005 -0.55648 0.18669 1.4078 0.95024 -0.59124 -1.1166 0.48694 0.41439 0.40637 0.4073 -0.065232 -0.51005 -0.71633 -0.75166 0.95694 -0.59084 1.2091 0.65624 -0.16039 -0.12115 -0.45989 0.16627 0.13794 -0.085397 0.90923 0.37647 -0.3848 -0.15195 -0.50978 0.026842 0.44367 0.13249 -0.11995
1.9025 -0.62469 -1.7982 0.5801 -0.70704 -1.453 -0.72044 0.28498 1.7183 1.0672 -1.0929 -0.54099 0.54293 0.20898 0.37842 0.49811 -0.10083 -0.023425 -0.4492 -0.9553 0.46267 -0.7043 1.4717 0.51164 0.05801 -0.10822 -0.30258 0.17402 -0.33841 -0.055664 0.90191 0.3969 -0.22466 -1.118 -0.74261 -0.23596 0.69705 -0.035788 -0.12182
1.5656 -0.23645 -1.5638 0.29378 -0.75431 -1.2617 -0.91771 0.54194 1.9506 0.42238 0.01653 -0.98335 0.51755 0.40252 0.45716 0.28524 -0.13472 0.27093 -0.30372 -0.91664 -0.18927 -1.2048 1.2621 1.0678 -0.02018 -0.21297 0.038733 0.045982 -0.4932 0.054565 0.50455 0.44598 -0.025192 -1.4547 -0.54833 -0.56986 0.68194 0.086977 -0.16427
1.7317 -0.066415 -1.568 0.46956 -0.22235 -1.6674 -0.87797 0.29589 0.95541 1.6674 0.054571 -1.648 0.49028 0.28542 0.60313 -0.21998 -0.031723 0.36744 -0.18171 -0.84983 -1.1158 -1.3143 0.69374 1.6211 0.064881 -0.26292 0.098702 -0.30684 -0.41544 0.24147 -0.13531 0.257 0.24097 -1.0684 -0.18228 -1.0041 -0.043535 0.21989 -0.12329
2.0487 -0.16019 -1.5936 0.33865 -0.25284 -1.4874 -1.3645 -0.42815 0.75823 2.302 -0.38888 -0.71437 0.44336 0.44345 0.3565 -0.029147 -0.004814 0.31873 -0.029906 -0.83984 -1.217 -1.348 0.45792 1.4756 0.041185 -0.31769 -0.33418 -0.78046 0.11898 0.24858 -0.82681 0.22146 0.46625 -0.18641 0.40421 -1.5462 -0.54374 0.72407 0.088398
2.2389 -0.099088 -1.9977 0.33707 -0.26463 -1.3868 -1.6953 -0.36148 0.1764 1.4402 1.5839 -1.3611 0.3221 0.3598 -0.085561 -0.01252 0.26709 -0.3083 -0.10432 -0.5264 -1.1982 -0.99065 -0.11478 0.208 0.4994 -0.26163 -0.89836 -0.91631 0.8708 0.0048818 -1.1291 0.11693 0.89194 0.65789 0.59268 -1.4402 -0.3531 0.62036 0.37268
2.2326 -0.029083 -2.1878 0.64209 -0.4675 -1.5051 -1.4227 -1.3731 0.14003 1.6072 0.9207 -0.54845 0.22546 -0.21416 -0.48707 0.39106 0.16161 -1.0411 0.075741 -0.18554 -0.52293 -0.59628 -1.3813 0.65843 1.2477 -0.067558 -1.383 -0.64858 1.3839 -0.41379 -1.0145 0.21204 1.0763 0.87127 0.82038 -0.78428 -0.093778 0.18539 0.63743
2.009 -0.14569 -1.2722 0.38041 -0.29605 -1.4326 -1.7565 -0.74183 0.42165 1.3614 0.67116 -0.86611 0.26971 -0.94377 -0.48574 1.0137 -0.10979 -1.2098 -0.0035343 0.51987 -0.11464 -0.55731 -1.2273 1.301 0.73837 0.23055 -1.3762 -0.1546 1.6821 -0.9729 -0.35752 0.4486 0.79494 0.76712 0.96509 -0.030344 0.29385 -0.52944 0.716
1.9054 -0.35647 -1.5639 0.77789 -1.2798 -1.6016 -1.333 -0.93519 0.49291 0.59425 -0.43575 -0.52077 0.30593 -1.3033 -0.51639 1.7439 -0.56817 -1.2573 0.321 0.6821 0.024939 0.0062 -0.54489 0.7273 0.32445 0.49478 -0.79207 0.39824 1.1331 -1.0126 0.26705 0.58881 0.28782 0.11377 0.98018 0.41439 -0.0032778 -0.66673 0.51769
1.5684 -0.71726 -1.048 0.4796 -1.6159 -1.4243 -1.2196 -0.33104 -0.14829 -0.24464 1.6671 0.69543 0.48899 -1.4824 -0.33633 2.0868 -1.1306 -0.90747 0.59792 0.55341 0.099007 0.55742 -0.61903 0.75923 -0.072562 0.64635 -0.086185 0.77429 0.33194 -0.76095 0.76253 0.54509 -0.35816 -0.48704 0.90959 0.055176 -0.18699 -0.01353 0.10579
1.098 -0.43396 -0.44556 -0.020778 -1.502 -1.4285 -0.64654 -0.84441 -0.26067 1.0281 2.5427 -0.54499 0.68787 -1.3185 0.076558 1.729 -1.1623 -0.64507 0.85092 0.35348 -0.39197 0.72469 -0.90256 0.91137 0.34371 0.5841 0.44356 1.0023 -0.49517 -0.14381 0.96232 0.18238 -0.62981 -0.89612 0.5617 -0.56009 -0.27411 0.46217 -0.33951
1.0582 -0.48466 0.17114 -0.37927 -1.6494 -0.82452 -1.0034 -0.81311 0.68854 1.1425 1.5824 -1.2184 0.76027 -1.0855 0.47087 1.5804 -1.1922 0.02642 0.72913 0.019832 -0.89456 0.82598 -0.96741 0.81782 0.73179 0.36085 0.74271 0.77975 -0.89665 0.58767 0.62717 -0.043948 -0.77764 -0.80978 0.012174 -1.0307 -0.37612 1.0457 -0.65627
0.76409 -0.32368 0.54718 -0.82222 -1.3169 -0.82788 -1.0217 -1.1654 1.4155 0.2248 0.79472 -0.488 0.84128 -0.73229 0.70592 1.1984 -0.80109 0.21936 0.60359 -0.22856 -1.3015 0.94519 -1.4918 0.12982 0.88117 0.072382 0.61867 0.4467 -0.63322 0.93054 0.069905 -0.27236 -0.5949 -0.24138 -0.78665 -0.94689 -0.29356 1.1887 -0.75218
0.83147 -0.10451 0.29019 -0.5661 -1.5693 -0.52914 -1.3027 -1.2494 1.078 -0.8681 1.6512 0.45662 0.78962 -0.48725 0.61101 0.89427 -0.25243 -0.069189 0.66453 -0.61224 -1.0932 0.46328 -2.3649 0.37459 1.7901 -0.18941 0.33764 0.043224 -0.053689 0.91448 -0.58631 -0.25833 -0.15025 0.4273 -1.3749 -0.22118 -0.4564 0.92692 -0.66623
0.77355 -0.0050639 0.30095 -0.61643 -1.3599 -1.01 -1.0842 -2.0739 0.87782 -0.87983 1.7465 1.155 0.65244 -0.54454 0.72404 1.0467 0.046539 -0.44607 0.41718 -0.44198 -0.77963 -0.61461 -2.0806 0.52529 2.2333 -0.39179 -0.006979 -0.44567 0.66167 0.4957 -0.67834 -0.1819 0.22437 0.89923 -1.5107 1.3882 -1.109 0.14441 -0.42735
0.69291 0.057851 0.76187 -0.64662 -1.3448 -0.65089 -1.2548 -2.0629 0.97214 -1.6246 2.4172 0.85837 0.62387 -0.59372 0.51978 1.5823 0.033661 -0.80771 0.38142 -0.14511 -0.27786 -1.0464 -1.1319 -0.31843 1.9485 -0.51524 -0.056972 -0.98428 0.39397 0.23326 -0.44192 -0.18149 0.44828 1.0728 -0.99901 2.7601 -1.6034 -1.0839 -0.11051
0.56445 0.128 1.0001 -0.41224 -1.8662 -0.21727 -1.6497 -1.976 0.7358 -2.0204 2.3903 1.3188 0.52988 -0.69106 0.010272 1.9549 -0.051635 -0.76305 0.44108 -0.026189 0.13156 -1.2136 0.57729 -1.788 1.1224 -0.47584 0.28348 -1.4602 -1.0321 0.28053 0.014653 -0.49723 0.24326 1.0489 -0.45125 2.8073 -1.6306 -1.5064 0.13375
0.37161 0.378 1.7649 -0.53588 -2.2753 -0.39294 -1.4529 -1.6226 -0.060014 -1.7385 1.2797 2.1858 0.3766 -0.5127 -0.65388 1.1012 0.21469 -0.78753 0.34925 0.038719 0.64613 -1.1664 1.672 -1.7374 0.19783 -0.33194 0.85089 -1.3349 -2.785 0.60234 0.66726 -0.8714 0.019266 0.67996 0.075289 2.0186 -0.90907 -1.3939 0.21989
0.19549 0.18834 2.4226 -0.84602 -2.3066 -0.45252 -0.99356 -1.5357 0.085876 -1.3375 0.19259 2.4389 0.30681 -0.093291 -1.0889 -0.39289 0.45953 -0.41593 -0.43541 -0.062268 0.9046 -1.43 1.9757 -2.0893 0.11201 -0.26202 1.3056 -0.69044 -3.8748 0.88919 1.0678 -0.89925 -0.26912 0.17017 0.69883 0.63777 0.29033 -1.3197 0.14547
0.22281 -0.30987 2.3556 -0.55414 -2.1693 -0.14342 -1.3205 -1.4973 -0.53366 0.74844 -0.44548 1.528 0.31695 0.58325 -1.1256 -1.8018 0.86339 0.36973 -0.71897 -0.078533 0.72888 -0.80069 2.0862 -2.0259 -0.31695 -0.25756 1.3581 0.24225 -3.3901 0.78552 1.2272 -0.66369 -0.4301 -0.37376 1.0364 -0.35257 0.86625 -1.1221 0.017522
0.39514 -0.8548 0.92297 -0.11125 -2.2529 -0.60036 -1.1531 -1.2791 -0.28704 1.0154 0.97476 0.73025 0.38386 1.0255 -0.89529 -2.9408 1.2279 0.81392 -0.6133 -0.46374 0.44306 -0.05942 1.5895 -1.0652 -1.2417 -0.27213 1.0289 0.93509 -1.6887 0.41912 0.83667 -0.10551 -0.24343 -0.59878 1.2766 -0.95923 1.1823 -0.71207 0.014419
0.7139 -0.85633 -0.12219 0.065014 -1.9804 -1.2946 -1.7253 -0.71777 -1.1221 -0.098052 -0.16558 1.6818 0.30917 1.2834 -0.36738 -3.1763 1.247 1.0731 -0.72853 -0.56077 0.11973 0.13469 1.1495 -0.5009 -1.3497 -0.29863 0.3606 1.1056 0.39648 -0.082585 0.073702 0.26309 0.087354 -0.54231 1.0408 -1.1321 0.76281 0.092 0.20711
1.2143 -0.56099 -0.71266 0.64675 -1.3922 -0.91962 -1.5427 -1.1756 -0.056054 0.72644 -0.88436 1.5199 0.12458 1.3413 0.047918 -2.4638 1.0218 0.92364 -0.59792 -0.26879 -0.0072404 0.55083 0.54312 -0.46126 -0.77217 -0.21839 -0.3367 0.64037 2.0617 -0.57026 -0.60922 0.23984 0.67605 -0.16975 0.88056 -0.87495 0.36641 0.76039 0.54985
1.1833 -0.41675 -0.99838 0.68762 -1.385 -0.8505 -1.8475 -1.2227 0.14924 0.6893 -0.19252 0.067451 0.052027 1.0509 0.19758 -1.3751 0.81347 0.4737 -0.23397 0.0011356 -0.14713 0.88918 0.37077 -0.78947 -0.33663 0.058919 -0.90519 -0.22456 2.7275 -0.97626 -1.0718 0.050571 0.99451 0.53977 0.47542 -0.80287 0.48343 0.99977 0.88638
1.3508 -0.43642 -0.93245 0.53619 -1.0433 -1.2455 -1.6013 -1.5201 -0.12392 1.3425 -0.34867 0.23893 0.077378 0.55792 -0.14361 -0.44236 0.41002 -0.099225 -0.40951 0.54438 0.23566 1.25 0.24262 -0.18781 -0.19015 0.4621 -1.2196 -0.78375 2.5426 -1.032 -0.94015 -0.049563 1.4021 1.1333 0.09222 -0.74007 0.65885 1.0202 0.9829
1.5909 -0.64239 -0.87 0.82431 -1.3953 -0.98491 -1.4879 -1.1969 0.12232 1.4655 -0.46895 0.71686 0.2472 0.10528 -0.65142 0.30498 -0.21582 -0.5575 -0.71055 0.92323 1.1054 0.69238 -0.29568 0.3332 0.39839 0.83345 -1.3204 -0.83453 1.9124 -0.89975 -0.4637 0.3208 1.7295 1.3298 -0.0081097 -1.0388 0.81381 0.65327 0.76834
1.4604 -0.69701 -1.1486 1.0252 -1.8661 -1.1328 -1.2607 -1.1618 0.79864 0.58242 -0.55877 1.054 0.53969 -0.30101 -0.82153 0.88452 -0.33295 -0.4383 -0.42674 1.9307 1.685 0.81932 -0.59635 0.30461 0.94047 1.0271 -1.3048 -0.37259 1.2185 -0.70879 0.28521 1.2492 1.687 0.76644 -0.06309 -1.3512 0.62944 -0.17139 0.3309
1.318 -0.9162 -0.70891 0.57547 -1.8956 -1.8746 -0.91924 -0.26328 0.96069 0.26935 -0.66998 1.3423 0.73287 -0.80967 -0.84041 1.1152 -0.44541 -0.27732 0.37068 2.5868 1.8478 1.0816 -1.2661 0.60633 0.44096 1.0526 -1.1247 0.16314 0.43393 -0.50201 1.0413 2.1697 1.2866 -0.064815 -0.16056 -1.1315 0.54874 -1.2217 -0.12131
1.2653 -1.2118 -0.21891 0.12978 -1.9143 -1.6113 -0.40612 0.33087 0.57855 0.59424 0.14436 1.2218 0.89616 -1.2474 -0.67091 1.1671 -0.76032 0.34433 1.3083 2.9111 1.4342 0.92671 -1.9389 0.94306 -0.52558 0.90165 -0.76607 0.49205 -0.51298 -0.41999 1.3894 2.4336 0.21163 -0.6771 -0.79986 -0.65233 0.31021 -1.6946 -0.40012
0.85628 -1.1623 0.21075 0.38125 -1.5397 -1.1096 1.0431 0.69241 1.1488 0.2535 0.13022 1.185 1.0441 -1.3721 -0.47273 0.89028 -0.91342 1.1534 2.3284 2.8753 1.1041 0.32249 -1.8619 1.1175 -1.2932 0.69369 -0.2788 0.71065 -1.2284 -0.17851 1.4933 1.7351 -0.77439 -0.87631 -1.2107 0.10928 -0.25306 -1.2319 -0.47522
0.61396 -1.3034 0.22308 0.24749 -1.5162 -0.29282 1.611 0.51871 1.5583 -0.67431 0.19254 0.78525 1.1692 -1.3483 -0.21368 0.16904 -0.86194 1.6478 2.9734 2.1983 0.68056 -0.34719 -1.5997 0.66794 -1.5672 0.54065 0.27044 0.61475 -1.4735 -0.052904 1.1138 0.28955 -1.5672 -0.82355 -1.3451 0.80684 -0.60076 -0.44941 -0.43276
0.31475 -1.2592 0.19552 -0.097475 -1.1088 0.68517 1.7746 0.30754 1.524 -2.0067 0.59761 -0.20168 1.2161 -1.2426 0.080032 -0.38811 -0.72101 2.081 2.6664 1.4926 0.44182 -0.61781 -1.2489 0.21848 -1.4833 0.44236 0.58464 0.40327 -1.1389 0.082558 0.49042 -1.0778 -1.8262 -0.58198 -1.1138 1.1836 -0.80053 0.16484 -0.38647
0.15189 -1.2112 -0.14922 -0.37302 -0.29228 1.1374 2.0307 0.65776 0.80981 -1.6216 0.75567 -0.56099 1.2749 -0.843 0.044981 -0.59848 -0.95585 2.1283 1.6794 0.65454 0.090276 -1.1981 -0.69577 0.16077 -1.3033 0.30717 0.6361 0.063719 -0.53245 0.20217 -0.18191 -1.7903 -1.4765 -0.3698 -0.57256 1.3498 -0.78557 0.52092 -0.37555
0.084454 -1.2267 -0.39923 -0.63564 0.083808 1.3319 1.6228 1.0366 0.001017 -1.0619 0.062311 -0.3819 1.3184 -0.61067 0.044491 -0.58148 -0.72089 1.909 1.0672 0.20996 0.21715 -1.4022 -0.028165 -0.26656 -1.0637 0.16723 0.56958 -0.20505 0.023315 0.38295 -0.89019 -1.4904 -0.97 -0.38058 0.17916 1.0331 -0.65027 0.52545 -0.37203
-0.052752 -1.0533 -0.4175 -0.41276 0.6525 1.3404 2.0714 0.95236 0.34957 -0.99581 0.41774 -0.48054 1.4109 -0.561 -0.10444 -0.5942 -0.50017 1.3793 0.58903 0.062971 0.043802 -1.0638 0.40037 -0.69678 -0.70002 0.05317 0.37999 -0.23722 0.38909 0.4747 -1.2617 -0.77516 -0.41563 -0.37591 1.0546 0.43138 -0.26402 0.33403 -0.32838
0.032451 -1.2518 -0.30125 -0.89069 0.76724 0.77348 2.1201 0.3328 0.010937 -1.4013 0.46136 -0.72242 1.3582 -0.39569 -0.19316 -0.33776 -0.26019 0.67833 0.56458 -0.031579 -0.30603 -0.34759 0.19471 -0.6851 -0.69889 -0.049839 0.35672 -0.16262 0.59491 0.18701 -1.3207 -0.2994 -0.34411 -0.21815 1.2728 0.18116 0.19477 0.26794 -0.24928
-0.10171 -1.2737 -0.46064 -0.63752 0.63662 1.6093 1.8143 0.83775 -0.15564 -1.3579 -0.13762 -1.1939 1.3071 -0.29135 -0.23668 -0.06735 -0.33166 0.22021 0.56436 0.0024173 -0.40971 0.29604 0.0088705 -0.17763 -0.78433 -0.13094 0.40437 0.14099 0.71725 -0.090029 -1.1353 -0.21879 -0.52427 0.046416 1.195 0.28909 0.64552 0.28048 -0.13535
-0.39119 -1.3697 -0.75854 -0.82691 0.71992 1.6802 1.9073 0.49882 -0.00755 -1.1889 -0.31564 -1.1889 1.2707 -0.12672 -0.16792 0.14599 -0.47071 -0.15332 0.56507 -0.39758 0.0042938 0.3591 0.49478 -0.14176 -0.45292 -0.15589 0.45215 0.47571 0.77036 -0.32359 -0.88484 -0.73507 -0.85662 0.057688 0.93801 0.3565 0.80819 0.52076 -0.025449
-0.14164 -1.3505 -0.52702 -0.68701 0.5849 1.8928 1.8925 0.4099 0.30265 -0.9925 -0.16013 -1.3055 1.2603 0.005946 0.10073 0.35565 -0.56135 -0.47442 0.21866 -0.73212 -0.011041 0.87441 0.7884 0.33167 -0.22917 -0.11963 0.51915 0.79752 0.90545 -0.26983 -0.6812 -1.2512 -1.2814 -0.0094138 0.69453 -0.026338 0.75275 0.76853 0.01619
-0.17452 -1.3698 -0.28113 -1.1318 0.53883 1.7381 1.8466 0.48456 0.69671 -1.124 0.34701 -1.3792 1.2328 0.23997 0.40312 0.72967 -0.73405 -0.74079 -0.55711 -1.2702 -0.38204 1.1604 0.47471 0.69084 0.10017 -0.098661 0.42038 1.0292 1.0176 -0.17585 -0.4527 -1.523 -1.3972 -0.19614 0.33978 -0.76394 0.81716 0.90556 -0.083007
-0.096609 -1.2152 -0.10242 -1.1681 0.48089 1.6808 1.4641 0.98904 0.5291 -0.21232 0.21215 -1.0004 1.2537 0.4258 0.76886 1.1415 -0.69151 -0.84348 -1.0932 -1.9695 -0.23016 1.2242 -0.05931 0.92402 0.51362 -0.13352 0.341 1.3582 1.0742 0.13991 -0.36901 -1.1708 -1.3125 -0.29254 -0.42144 -1.1048 0.54027 1.1252 -0.42964
-0.025342 -1.11 0.013754 -1.5471 -0.041758 1.1287 0.94344 0.20031 1.1816 -0.44433 0.64467 -1.305 1.21 0.39255 1.1678 1.4379 -0.72724 -0.86726 -1.4843 -2.4058 -0.28084 0.83056 -0.60069 1.2109 1.0255 -0.28778 0.042303 1.6659 0.99179 0.786 -0.18614 -0.35706 -0.8602 -0.38125 -0.72616 -1.0078 0.274 1.0053 -1.0817
0.032907 -0.80804 0.3212 -1.4501 -0.31846 1.0012 0.096863 0.042438 1.4333 -1.0688 0.43851 -1.0318 1.188 0.52118 1.926 1.7793 -0.31549 -1.1416 -1.3924 -2.6312 -0.65307 0.22128 -0.85927 1.1579 1.5994 -0.74003 -0.31219 1.6303 0.40373 1.8545 0.21915 0.50668 0.17683 -0.2847 -1.2043 -0.18149 -0.089916 0.49827 -1.825
0.13459 -0.52551 0.81458 -1.5487 -0.18399 0.41646 -0.49119 0.35041 1.667 -1.5052 0.98293 -0.32657 1.107 0.26575 2.5353 2.0532 0.49529 -0.95483 -1.0252 -2.5519 -0.94305 0.25759 -1.1211 1.1192 1.6076 -1.5941 -0.84673 0.98121 -0.75111 2.621 0.96629 1.0551 1.3982 -0.15078 -1.5232 0.77075 -0.75039 -0.062085 -2.1538
0.24761 -0.092777 1.4129 -1.7546 -0.41327 0.19889 -0.85955 0.22223 1.1251 -1.7959 1.6988 0.16617 0.89145 -0.052147 2.7376 1.5109 2.0463 -0.34874 -0.39389 -1.5502 -0.47448 -0.81347 -0.18044 0.77588 1.254 -2.5146 -1.475 -0.24422 -1.8947 2.6566 1.5277 1.0103 2.1802 0.24724 -1.5055 1.4814 -1.8309 -0.61795 -1.6949
0.38768 0.90489 1.9153 -1.3659 -1.1041 0.33591 -1.3417 -0.41433 0.64025 -1.632 1.4979 0.90561 0.28617 -0.78922 2.3534 0.35318 2.8267 0.68794 -0.07266 -0.29315 -0.67226 -1.5897 0.53901 -0.13386 1.1037 -2.9811 -1.4876 -1.9978 -2.7707 1.4631 1.3297 0.027424 2.4939 0.46052 -1.0192 1.9593 -1.9353 -0.65159 -0.089266
-0.0086044 1.4347 2.2709 -0.21046 -0.69816 0.54434 -1.7513 -0.61904 1.571 -1.6771 1.4022 0.53269 -0.66627 -1.5094 1.605 -0.46713 3.3181 1.1163 -0.038141 0.36951 -0.2783 -1.7586 1.1782 -1.9463 0.63989 -2.8643 -0.39969 -3.3418 -2.6604 -0.47135 0.46201 -1.1914 1.7013 0.30982 -0.27422 1.5601 -1.0148 -0.59536 1.9723
-0.15746 1.4862 1.3002 1.6082 -0.20772 0.72285 -0.60205 -0.095648 -0.21877 -0.40605 1.3374 -0.10766 -1.4371 -1.5855 -0.17713 -1.4923 2.5009 0.99416 -1.1324 1.2108 -0.095706 -1.238 2.0008 -1.4627 0.6356 -1.5684 1.6068 -3.5834 -1.9702 -2.1381 -0.88167 -1.7751 0.36342 0.31971 0.19861 0.96231 0.28415 -0.23329 3.5211
-0.94572 1.2707 0.41964 1.5159 1.1072 0.5526 -0.087492 -0.77939 -0.72452 -0.65268 0.027174 1.03 -1.5251 -0.34712 -1.4729 -1.9199 1.3533 0.43691 -1.9756 0.92339 -0.12486 -1.5242 2.11 -0.63264 0.32203 0.056291 3.2128 -2.5509 -0.99373 -3.1499 -1.8495 -1.5616 -1.0676 0.16163 1.1093 0.091319 1.1292 -0.11169 3.8085
-1.303 1.0555 0.79922 1.8361 0.6617 -0.012199 -0.48717 0.32452 -0.43137 -0.067843 -1.6708 0.77454 -1.4428 1.4165 -1.9783 -2.1407 -0.06019 -0.73242 -2.2607 0.12849 -0.09091 -1.3321 1.9265 -0.22473 0.8241 1.4099 3.7822 -0.683 -0.035075 -2.6257 -2.0252 -0.40663 -1.9306 0.18543 1.6762 -0.48716 0.77327 -0.41127 2.5811
-0.85002 -0.42004 -0.096555 0.47644 -0.27457 -1.7071 0.45832 -0.42783 0.070355 1.2551 1.3946 1.4179 -0.26186 2.5619 -1.6772 -1.7602 -1.0999 -1.7243 -2.2484 -1.0936 0.054747 0.41518 1.367 -0.28249 0.35146 1.9754 2.7708 0.70291 0.22123 -1.4844 -1.1065 0.77509 -1.496 0.25025 2.012 -0.86425 0.2229 -0.85831 0.82751
0.78149 -0.1526 -0.039149 0.77313 -0.85554 -1.6498 -0.98382 -0.95292 -1.4185 0.9782 1.2555 0.68174 0.11291 3.5197 -1.2042 -1.6155 -1.0232 -1.9822 -1.7024 -1.4152 0.19852 1.0096 1.3937 -0.078131 -0.17526 1.761 0.77153 1.5004 0.33578 -0.022999 0.40528 1.7468 -0.42259 0.82971 1.6435 -1.3594 -0.84933 -1.2228 -0.74359
1.6158 -0.18771 -0.79212 0.57161 -1.2867 -1.392 -1.3938 -0.36577 -0.62445 1.0343 0.54929 1.6098 0.21221 3.407 -0.72354 -1.805 -0.85257 -1.1498 -0.84532 -1.1183 0.24672 1.1683 0.66106 -0.26439 -0.87272 1.2552 -1.4403 1.0348 0.28694 0.47476 1.5944 1.9147 1.1463 1.5078 0.57808 -1.7382 -1.0137 -0.72897 -1.2776
1.5613 0.08373 -1.0026 0.41574 -1.5396 -1.683 -1.7165 0.15367 0.94976 1.1481 -0.55088 0.25991 0.15423 2.3321 -0.015079 -1.5528 -0.22912 -0.1949 0.18711 -0.64521 1.512 1.4457 -0.4032 -1.9705 -0.99073 0.53328 -2.9429 0.15225 0.646 0.28707 1.9101 1.6663 2.0725 1.6771 -0.47311 -2.0101 -0.45158 -0.0595 -0.95179
1.9817 -0.14942 -1.2569 0.4064 -1.029 -1.653 -1.4424 -0.29051 0.72968 1.6972 -0.60246 0.90727 0.16568 0.65781 -0.59272 -1.3063 -0.64229 0.5952 0.25677 0.69882 2.4808 1.3019 -1.1574 -1.407 -0.67533 0.465 -3.0866 -0.6707 0.94471 -0.01206 1.4629 1.5208 2.2447 1.4328 -1.4717 -1.4992 0.6644 1.0147 -0.34155
2.0272 -0.39436 -1.5831 0.31456 -0.90997 -1.6291 -1.176 0.35916 0.81319 1.0403 -0.26669 -0.63601 0.33547 -0.20959 -1.0334 -0.79017 -0.61301 0.99267 0.75173 1.603 2.5097 0.025333 -1.6511 -0.43556 -0.36327 0.57334 -2.4697 -0.9105 0.96732 -0.38472 0.67236 1.4175 1.7184 0.44126 -1.8424 -0.64886 1.7598 1.347 0.10604
1.9499 -0.28352 -1.9002 0.38221 -0.74715 -1.2713 -0.65462 1.776 1.1822 0.088412 -1.0758 0.38693 0.48847 -0.67526 -1.3235 -0.62119 -0.68611 1.2054 1.617 2.0096 2.6776 -0.96009 -1.6709 0.30659 0.88267 0.66665 -1.3827 -0.18642 1.0036 -0.31033 -0.12896 1.3276 0.50435 -0.75882 -1.4695 0.30619 1.5932 1.0358 -0.063672
1.4678 -0.90237 -1.6167 -0.33859 -0.29282 -1.2538 -0.23517 2.6517 0.17426 -0.93478 -0.5218 0.32569 0.63862 -1.2846 -1.1508 -0.29304 -0.90643 0.86125 2.0667 1.9572 2.3197 -0.97504 -1.441 0.73651 0.96712 0.60782 -0.4553 0.63341 0.96014 -0.31887 -0.69871 0.5292 -0.64115 -1.6954 -0.39718 1.1132 1.3366 -0.084657 -0.40343
1.3605 -1.1919 -1.6773 -0.13127 -0.29715 -0.37394 0.57979 2.4407 -0.16344 -0.71688 -0.17676 0.936 0.73114 -1.2027 -0.85146 0.10703 -1.0603 0.41268 1.9981 1.4865 1.0328 -1.0323 -0.69098 1.2324 0.77094 0.34107 0.29537 1.5102 1.1111 -0.15015 -1.0293 -0.589 -1.5161 -2.5973 0.74734 1.4509 0.697 -1.4857 -0.62227
1.0861 -1.2408 -1.8924 -0.36641 0.10033 0.40852 0.65596 3.0754 -0.19785 -0.30412 -0.16135 1.778 0.77996 -0.73546 -0.24667 0.43622 -1.0061 -0.0035419 1.5303 0.66567 -0.12236 -0.70999 0.0071592 1.8057 -0.44727 0.064744 0.88022 2.0096 1.3945 -0.037937 -0.81331 -1.6869 -2.1432 -2.6139 1.189 1.3713 -0.050033 -1.8489 -0.70937
0.75162 -1.184 -1.67 -0.76228 -0.19647 0.61012 0.85468 2.446 -0.13484 -0.34737 0.45748 1.1531 0.79492 -0.43743 0.68049 0.85256 -0.91142 -0.41883 0.85214 -0.19604 -1.3965 0.33778 0.41316 1.1767 -1.3653 -0.096911 0.84464 2.1629 1.6289 0.31044 -0.41804 -2.1802 -2.3574 -2.1277 1.1864 1.1165 -0.58769 -1.2593 -0.71607
1.0308 -1.0848 -1.4139 -1.0112 -0.6351 0.35338 0.51233 1.8869 -0.29093 -0.4229 0.99145 -0.011728 0.64941 -0.14045 1.3557 1.6378 -1.0532 -0.34577 -0.35921 -1.2375 -1.7945 0.61994 0.6595 0.65139 -1.6496 -0.35307 0.28566 2.0777 1.726 0.80244 -0.051832 -1.775 -2.0366 -1.2682 0.45499 0.61362 -0.93791 0.34522 -0.9996
1.2717 -0.56181 -1.1686 -0.94985 -0.5988 0.23454 0.11097 2.0182 0.047316 -0.36889 1.2267 -0.44335 0.56842 -0.035139 1.8705 2.1947 -0.47922 -0.24505 -0.93924 -2.0025 -2.4678 0.57783 1.1376 0.60428 -1.128 -0.64104 -0.59826 1.6773 1.296 1.7766 0.31668 -0.92473 -1.0413 -0.10591 -0.8714 -0.04567 -1.0635 1.4367 -1.4206
0.85145 -0.22904 -0.43879 -1.3816 -0.71034 -0.019582 -0.23671 0.43684 0.80989 -0.2183 0.44979 -1.1018 0.6317 -0.44108 2.5423 2.6131 0.22489 -0.18375 -0.73048 -2.2658 -2.1692 0.037969 0.81709 0.17517 0.15799 -1.3254 -1.5304 0.88013 0.43908 2.5596 0.5761 0.17231 0.61963 0.72707 -1.2901 -0.31386 -1.0439 1.7131 -1.6575
1.1264 0.19501 0.38577 -1.4758 -0.34253 -0.63501 -1.015 0.62901 0.43635 0.6891 0.42263 -0.16293 0.32298 -1.3246 2.8166 2.5068 1.6578 0.147 -0.59635 -1.6366 -1.4196 -1.0549 0.21838 -0.75714 0.64807 -1.9728 -1.8613 -0.239 -0.89891 2.5219 0.93772 0.6901 2.0701 1.6986 -0.93246 -0.46622 -0.9324 1.2196 -1.4611
0.84789 0.68003 0.69116 -0.71665 -0.2989 -0.40678 -1.8104 -0.3314 0.29912 1.4546 1.2134 0.58188 0.041794 -2.15 2.3088 2.2168 2.5023 0.62612 -0.2005 -0.23798 -0.82915 -1.0528 0.47912 -0.79987 0.93492 -2.443 -1.4626 -1.3862 -2.1158 1.7043 1.0554 0.95183 2.7983 1.4261 0.17437 -0.47026 -0.5882 -0.17294 -0.56833
0.22222 1.6304 1.499 -0.34092 -0.90703 0.032239 -1.7087 -0.097933 -0.53673 -0.14562 0.90856 0.97384 -0.90863 -2.4088 1.5838 0.93127 2.9377 1.2442 0.05304 0.90579 0.33435 -0.67793 0.36889 -0.81374 0.9644 -2.5115 -0.41617 -2.0044 -2.511 0.0014106 0.51781 0.78209 2.5062 1.0256 0.85609 -0.50932 -0.26237 -0.6105 0.56594
-0.38657 1.8503 1.3155 1.636 -0.31669 -0.50329 -0.98315 0.61326 -1.8847 -0.65312 -0.54492 -0.16103 -1.4302 -2.4356 0.87976 -0.058511 2.6625 1.3982 0.67074 1.7607 -0.13014 0.1776 -0.20371 -1.0028 -0.31745 -2.0015 0.75628 -2.0367 -2.3156 -1.5555 0.072423 0.45834 1.4412 0.43295 1.0426 -0.2317 -0.32289 -0.78088 1.623
-1.0448 1.4282 1.6127 1.6042 0.52014 -0.036644 0.3943 0.41983 0.019021 1.2546 0.15031 0.51997 -1.6849 -1.9035 0.24168 -0.46368 1.5765 0.81179 0.39001 2.11 0.32949 -0.030551 -0.46207 -1.2 0.077773 -1.2538 1.4795 -1.6098 -1.2149 -2.3859 -0.43621 0.1887 0.39972 -0.34501 0.72287 0.052305 0.0078493 -0.12516 2.023
-1.1485 1.2073 0.36429 1.5857 1.1304 -0.27759 0.38218 0.93711 0.44727 0.9178 -0.38725 0.72297 -1.6908 -1.0909 -0.36243 -0.87308 0.36693 0.9986 0.4733 1.8941 0.062439 0.62188 0.41516 -1.274 -0.1606 -0.37522 1.7323 -0.85237 -0.53467 -2.1701 -0.90634 -0.20693 -0.82306 -0.062519 0.14714 -0.01777 0.18196 0.14186 1.7014
-1.0223 1.3879 0.47558 1.6018 0.94185 0.57991 0.36044 -0.67118 0.56408 0.11894 -0.23227 -0.81124 -1.5716 -0.51511 -0.4394 -0.64179 -0.23171 0.57869 0.51125 1.6062 -0.46044 0.48325 0.1349 -0.67349 0.66473 0.036832 1.4362 -0.15988 -0.10374 -1.1936 -0.73475 0.1087 -1.2149 -0.22275 -0.12753 0.008354 0.36232 -0.33684 1.0304
-1.116 1.4713 0.81463 1.1192 -0.45517 -0.10048 0.58939 0.6085 -1.2335 -0.28055 -0.43935 1.6159 -1.5012 -0.12529 -0.18581 -0.83302 -0.36039 -0.29487 0.26123 0.47015 0.14283 0.19646 -0.56367 -0.90769 -0.29565 0.18005 0.78989 0.1041 0.29119 -0.12268 -0.29595 -0.063 -1.3847 -0.018754 -0.62064 -0.11051 1.0169 0.1434 0.27504
-1.042 1.3066 0.54219 0.7276 0.97114 0.46251 1.0583 0.38402 0.18386 0.89788 -1.54 -0.13756 -1.5182 0.10476 -0.12068 -0.6398 -0.22138 -0.0064491 0.7123 0.53952 -0.1597 -0.070506 0.016906 -0.65837 -0.50131 0.18026 0.40516 0.15737 0.36759 0.31934 0.34643 -0.10186 -1.4018 -0.062798 -0.40915 0.13903 1.3608 -0.035462 -0.09352
-1.2179 1.1254 0.65781 1.9157 1.011 0.081073 1.7353 -0.21625 -0.38645 0.275 -0.73087 1.372 -1.5423 -0.030738 -0.3643 -0.38182 0.13629 0.70753 0.28161 -0.17575 -0.12061 -0.30253 0.23147 0.77312 0.74081 0.0093273 0.60491 -0.43687 0.43186 0.080374 -0.063777 -0.17397 -1.3616 -0.20603 -0.2381 0.41247 1.7911 0.47676 0.16773
-1.1848 1.2139 -0.19726 0.96102 -0.029765 0.26625 0.22543 1.1179 1.1526 0.16276 -0.97333 -0.79629 -1.5027 0.14041 -0.10558 -0.2497 0.093609 0.7841 0.34032 -0.70636 -0.45129 -0.061684 -0.017788 1.2394 0.10549 -0.034108 1.2421 -1.2045 0.29363 -0.98712 -1.1573 -0.84971 -1.5922 0.00033732 0.21124 0.5753 1.3974 -0.14741 0.97334
-0.82972 1.251 -0.3523 1.3076 1.2375 1.2278 1.1943 -0.32353 -0.33202 0.73217 -1.0966 -0.30398 -1.4237 0.90612 -0.92024 -0.30487 -0.37625 -0.80745 0.15736 -1.4665 -0.12625 -0.27332 0.23279 1.7708 0.38918 0.56515 1.7582 -1.5453 0.1819 -1.6012 -1.9061 -1.2095 -0.76614 0.0087527 0.54317 0.71001 0.18536 -1.0253 1.7785
-1.2066 0.97278 0.78287 1.6656 1.5005 0.30127 -0.086737 -0.55673 -0.94731 0.19417 1.5185 2.2431 -1.6117 1.7906 -1.8244 -0.18201 -1.7534 -1.5626 -0.72539 -1.8104 -0.1506 0.31394 1.1135 1.6704 -0.59146 1.5192 1.775 -1.4878 -0.24285 -1.5908 -1.7683 -1.495 0.18471 0.5656 0.6882 0.63248 -1.2574 -1.13 2.0149
-0.90197 1.4895 0.52993 0.87942 0.6206 0.27736 0.154 0.32738 -0.5838 -0.012097 0.057837 0.78527 -1.5334 2.1937 -2.0439 -0.10283 -1.8388 -1.9367 -1.3295 -1.0587 -0.2475 0.54729 1.0263 0.92288 -0.94071 2.1878 1.1642 -0.48822 -0.86491 -1.007 -0.30947 -0.79417 1.4601 0.91678 0.47952 0.14007 -2.2325 -1.4284 1.4631
0.21764 -0.37376 -0.26719 0.43775 -0.90744 0.62619 -0.67762 0.30588 0.48869 1.5871 0.55811 0.044248 -0.55181 2.5752 -1.9887 -0.7352 -2.0549 -2.1922 -1.5715 -0.54923 0.76922 0.84465 0.79444 -0.90234 -1.4699 2.5025 -0.051995 0.35863 -0.97997 0.10875 1.1602 0.55625 2.0115 1.1499 -0.36796 -0.6453 -1.5118 -0.32969 0.40154
0.75416 -0.91809 0.080673 -1.0608 -1.3134 -1.207 -0.89538 -0.21601 0.83558 2.0379 1.1213 -0.84225 0.37396 2.533 -1.6489 -1.434 -2.0498 -1.1034 -0.81995 0.67299 1.2904 0.3765 0.63924 -1.4895 -2.0116 2.5043 -1.2749 1.1084 -0.47449 0.63693 2.3816 1.708 1.8166 1.1398 -1.317 -1.1255 -0.37098 0.76302 -0.82217
0.81463 -0.27871 -0.31202 -0.68754 -1.3782 -0.72747 -0.26584 0.23474 1.0766 1.0986 -0.33716 -1.7413 0.56476 1.5309 -1.4483 -1.111 -1.455 0.3618 0.037444 1.1352 1.4328 -0.31585 0.019479 -0.206 -0.68826 2.0275 -2.1714 1.1884 0.19976 1.2034 2.5626 2.4067 1.1682 0.4943 -1.9023 -1.2334 0.80999 1.7486 -1.7204
1.4132 -0.40779 -0.87506 -0.54092 -0.55337 -0.55823 0.59759 0.90223 -0.35445 1.2016 -1.9921 -0.27239 0.62913 0.50475 -0.51483 -0.67967 -0.9909 1.5806 0.94586 1.5425 1.7524 -1.4134 -0.81191 -0.19027 0.23188 1.058 -2.2694 0.69634 0.60891 1.1697 1.5578 1.8963 -0.053961 -0.20546 -1.5558 -1.032 1.4247 1.9482 -1.9145
1.1257 -0.52441 -1.0231 -1.0662 0.22873 -0.23434 0.85042 1.7306 -0.47049 0.9589 0.2561 -0.78072 0.71692 -0.17655 -0.62558 -0.77021 -0.41235 1.6237 1.8765 1.2346 1.5526 -1.9273 -0.9165 0.082285 0.95226 0.36538 -1.6721 0.31885 0.41558 0.79064 0.18085 0.9867 -0.85716 -1.0031 -0.49301 -0.67865 1.2472 0.90498 -1.4954
0.73891 -0.9767 -0.77884 -1.1694 0.2827 0.71402 0.92913 1.9452 -0.16286 0.71995 0.88191 -0.3523 0.88974 -0.54907 -0.93462 -0.59055 -0.46011 1.4053 1.6775 0.53353 0.81679 -1.8182 -0.93589 1.2494 1.1131 0.15251 -0.83323 -0.018563 0.23961 0.63648 -0.75038 -0.032877 -1.154 -1.7211 0.47292 -0.30835 0.76384 0.21266 -0.80564
0.94273 -1.0962 -0.75191 -1.3244 0.56493 0.98007 0.83709 1.9657 -1.2294 0.7002 0.13567 -0.13482 0.80445 -0.84207 -0.72986 -0.45913 -0.29466 0.82347 1.46 0.032835 -0.14106 -1.0692 -1.2712 1.5967 0.71979 -0.0061355 -0.26499 0.38287 0.29347 0.62574 -0.62051 -0.61212 -0.66001 -1.6465 0.84757 -0.10464 0.060512 -0.42486 -0.33074
0.6184 -1.2112 -1.1285 -1.2439 0.26932 0.7912 0.74835 1.4698 -1.6599 0.41971 -0.0026871 0.11986 0.73285 -0.60751 -0.50573 -0.42763 0.097277 0.48435 1.1169 -0.024159 -0.90756 -0.93998 -1.2638 0.59303 0.80566 -0.096156 -0.0061438 0.59222 0.2941 0.78906 0.084599 -0.36866 0.12535 -0.85898 0.90045 0.27191 -0.58821 -0.69455 -0.064988
0.53233 -1.0944 -1.3554 -1.0444 0.68835 1.152 0.73028 1.4484 -1.5418 -0.38137 0.8105 0.13193 0.71997 -0.60682 -0.22681 -0.35566 0.43656 0.84866 1.0824 0.27897 -0.93982 -0.7432 -0.98377 0.5221 0.28252 -0.060861 0.2734 0.37873 0.46659 0.59996 0.81938 -0.010066 0.53537 0.29438 0.61293 0.92729 -0.50955 -0.86212 0.10166
0.50543 -1.1508 -1.404 -1.1152 0.72635 1.264 0.83217 0.9444 -1.3243 -0.6371 1.0467 0.47173 0.67059 -0.67725 -0.23069 -0.14525 0.59716 1.5735 1.2278 0.65937 -0.53124 -0.25621 -0.57513 0.58041 -0.033625 0.070985 0.11072 0.19495 0.61033 0.00051377 0.74846 0.34406 0.44784 0.80473 0.69211 1.3636 -0.27715 -1.1711 0.13499
0.45119 -1.2372 -1.2111 -1.0055 0.80594 1.4644 0.93129 0.68549 -1.5062 -0.59158 1.0702 0.27436 0.73352 -0.33291 -0.26094 0.1799 0.5364 1.9355 1.4081 0.71443 0.27715 -0.23929 0.16943 0.55651 -0.56265 0.078393 0.13873 0.20166 0.73544 -0.48541 -0.43077 0.25269 0.1161 0.47338 0.42176 1.4216 -0.54926 -0.86919 0.011975
0.13836 -1.267 -1.0473 -0.5641 1.6009 2.2909 1.4232 1.0225 -1.5948 -0.26041 0.9192 -0.16643 0.85849 -0.55233 -0.18266 0.32079 0.044604 1.4551 1.5917 0.61614 0.13185 0.13221 0.79712 0.001476 -1.0947 0.057703 0.31195 0.31014 0.63162 -0.54129 -1.7564 -0.346 -0.35813 -0.25412 0.07988 1.178 -0.52195 -0.24392 -0.2033
0.21082 -1.382 -1.1125 -0.61232 2.696 2.2088 1.6632 1.4093 -1.7758 -0.062514 0.55877 -0.090766 0.83491 -0.42858 0.066157 0.63292 -0.16844 0.053435 1.3745 0.53201 -0.29969 -0.13335 1.0809 -0.31559 -0.90324 -0.035186 0.47039 0.45666 0.54806 -0.34197 -2.6668 -1.0637 -0.80841 -0.92486 -0.20509 0.49781 -0.43374 0.37262 -0.37669
0.42892 -1.4017 -1.0372 -0.65749 2.4099 2.4183 1.3821 2.0276 -1.8697 0.44911 1.2851 -0.74825 0.72458 -0.088285 0.10008 0.67939 -0.032719 -1.0025 0.64671 0.086279 -0.75584 -0.16283 1.244 -0.055209 -0.32322 -0.21099 0.74108 0.77084 0.37913 0.14207 -2.6925 -1.5929 -1.1313 -0.70144 -0.18627 -0.2443 -0.55607 0.91219 -0.55099
-0.21496 -1.1696 -0.9875 -1.3945 1.7609 3.1558 1.3765 0.74318 -0.77112 0.47983 0.81311 -1.2987 0.74695 0.251 0.33154 0.91458 -0.046877 -2.1813 -0.002333 -0.53542 -1.1609 -0.49363 0.89183 -0.30763 -0.1694 -0.41421 0.30139 1.248 0.3636 0.46322 -1.4757 -1.5311 -1.0067 -0.31844 0.088461 -0.9149 -1.2596 0.94319 -0.81092
0.17293 -1.0277 -0.30587 -1.1597 -0.11406 2.7042 1.6382 -0.060576 -1.9581 0.80413 0.46659 -0.2424 0.64944 0.39329 0.93211 0.8166 0.23699 -2.8247 -0.55037 -0.97471 -0.86346 -0.053308 0.3876 -1.1435 0.40157 -0.66943 -0.47751 1.8145 0.40392 0.91067 0.06475 -1.6635 -0.45438 0.5952 0.61658 -1.2326 -1.3819 0.78292 -1.2208
0.43663 -1.2878 -0.40631 -0.41447 0.24837 2.1057 1.0843 0.057652 -1.8956 1.2723 1.1673 0.0097663 0.55465 -0.14654 1.6776 1.1755 0.53051 -1.9888 -0.74684 -0.8269 -0.89016 -0.025247 -0.30515 -2.3417 0.65982 -1.1546 -1.4569 1.9974 0.22057 1.2924 1.5831 -1.7895 -0.23024 1.1202 1.4547 -0.9847 -0.80253 0.43137 -1.4892
0.4844 -0.88964 0.034944 -0.62336 -0.25909 2.2683 0.6854 0.21265 -2.4706 0.70344 0.17236 -0.79139 0.38678 -0.71758 2.3807 1.2263 1.3213 -0.95788 -1.9379 -0.61408 0.32907 0.78184 -0.59244 -1.8569 0.86558 -1.8706 -1.9073 1.5741 0.18024 1.1831 2.2062 -1.3285 0.00034809 0.9607 1.5946 -0.29946 0.28967 -0.055695 -1.3105
0.59632 -0.11988 -0.41418 -0.49544 -0.62008 1.6253 0.31113 1.0539 -1.0691 0.35589 -1.0676 0.33207 0.018564 -1.7202 2.8598 1.0861 1.7438 0.07585 -2.4911 -1.1385 0.53461 1.88 -0.5688 -1.5926 0.49561 -2.2895 -1.4408 0.55193 -0.36676 0.89055 1.9435 -0.73136 0.0922 0.67244 1.3828 0.59044 1.6305 -0.13601 -0.63376
-0.44272 0.65701 0.76971 -0.38919 0.091471 2.1785 0.79064 -0.11949 -1.5106 -0.12125 -1.9586 -0.27061 -0.61024 -2.1277 2.9017 1.1714 1.7657 0.58503 -2.0353 -0.80613 0.39036 2.0545 -0.092418 -0.94085 0.402 -2.281 -0.31524 -0.76983 -0.65192 0.23063 1.591 0.39785 0.37425 -0.12221 0.010959 0.857 2.0296 -0.33214 0.38799
-1.0015 1.2923 0.69933 0.72845 -0.011533 0.0062049 1.0041 1.1152 0.32429 0.077566 -0.47184 0.43401 -1.3266 -1.9403 2.3067 0.61499 1.9147 1.1541 -1.986 -0.54458 0.45713 1.9913 0.57168 0.50137 0.64854 -2.0036 1.2092 -1.8717 -1.1378 -0.37494 0.8818 1.0356 0.65694 -0.37338 -1.1204 0.76438 1.7625 0.073548 1.2456
-1.3126 1.5082 0.84147 1.4449 0.052361 -0.57368 -0.58378 0.43371 0.19658 0.60338 -0.85968 0.33226 -1.5488 -1.1542 1.386 0.40577 1.6492 1.7094 -1.4564 -0.19199 0.12401 0.73991 0.48496 1.208 0.15196 -1.3696 1.946 -2.3338 -1.4025 -1.1673 0.2037 1.6079 0.43863 -0.721 -1.7643 0.45328 0.66179 0.097488 1.681
-1.2403 1.4841 0.97968 1.2868 0.95021 0.69546 0.12145 0.68104 0.1797 1.2177 -0.19679 0.057832 -1.4772 -0.10972 0.54507 -0.38481 1.1205 1.2956 -0.90467 -0.19256 -0.088626 0.37451 0.6092 0.90232 0.79865 -0.6759 1.8055 -1.9956 -1.1055 -1.6163 -0.65671 1.6692 0.34477 -0.71687 -1.3702 -0.0441 -0.30225 -0.13437 1.5931
-1.1079 1.6086 0.29763 1.3597 0.93957 0.054192 0.21335 1.2057 0.3142 1.1483 0.19507 0.54822 -1.6151 0.33224 -0.045491 -0.61707 0.048789 0.93422 0.32468 -0.1415 -0.8026 -0.53847 0.74769 0.19184 0.55307 -0.15182 0.76577 -1.381 -0.71471 -1.3927 -1.2113 1.0057 -0.14009 -0.60941 -0.71818 -0.55911 -0.59914 -0.026307 1.0518
-0.72518 1.5011 0.61722 1.4102 1.8196 0.062968 0.63633 0.55725 -0.6554 0.19781 -0.24235 0.20865 -1.5248 0.44794 -0.25258 -0.6743 -0.21093 0.23346 0.13375 0.093527 -0.53696 -0.012824 0.3274 0.3841 0.20823 0.034374 -0.35767 -0.77787 0.35565 -0.75588 -1.0161 0.57049 -0.49741 -0.24816 -0.54441 -1.0543 -0.90668 -0.56217 0.46062
-0.863 1.4044 0.28277 1.3974 1.086 0.22711 0.41509 -0.20119 -0.075092 0.96124 -0.70873 1.486 -1.5723 -0.10476 -0.48545 -0.60862 -0.20677 -0.18166 -0.15335 -0.58749 -0.88992 -0.45535 -0.49328 0.23861 0.42455 0.022533 -0.76324 -0.12792 0.79498 0.10359 -0.90361 0.037412 -0.68832 0.296 0.18641 -0.99719 -0.97433 -0.42718 0.063275
-0.93126 1.2933 0.019266 0.81331 0.80927 0.30614 -0.08668 -0.088624 -0.29475 1.8309 -0.19362 0.7684 -1.5447 -0.51146 -0.51927 0.20905 -0.12201 -0.17655 0.37745 -0.89692 -0.54582 -0.7217 -0.8569 -0.97435 -0.23645 0.0016194 -0.56736 0.32913 0.94718 0.3827 -0.53531 0.18883 -0.28141 0.51992 0.1527 -0.74115 -0.63939 -0.19769 -0.044497
-0.87288 1.2964 0.20237 1.3289 0.51778 -0.11025 -0.29708 0.29509 0.65809 0.97539 0.17949 -0.036781 -1.4598 -0.5117 -0.13396 0.2606 0.18793 -0.66492 0.29145 -0.93422 -0.1885 0.16725 -0.63521 -1.1196 -0.052702 -0.031143 0.11911 0.64101 0.72491 0.49194 -0.0021036 0.41165 0.87883 0.59597 0.32932 -0.0067708 0.15163 0.038306 -0.046226
-1.4882 0.96698 0.085557 1.0954 1.1713 0.44205 -0.43943 -0.34498 -1.0753 -0.31574 0.25257 1.1405 -1.5355 -0.33251 0.097032 0.4603 0.27994 -0.58929 0.27109 -0.2525 0.17898 -0.037676 -1.0764 -0.24704 0.079867 -0.013613 0.39229 0.51001 -0.021658 0.23167 0.51127 0.2092 1.2322 0.37617 0.30631 0.83796 1.1815 0.46882 -0.045802
-1.4088 1.1499 1.1075 1.3491 1.1743 0.63679 -0.59101 0.5028 -1.1101 -0.42604 -2.35 -0.097993 -1.6414 0.012455 0.2416 0.47006 0.47797 0.03128 0.65853 0.76239 -0.030454 -0.17114 -0.42349 0.1717 0.3736 -0.047549 0.50401 0.15652 -0.45838 -0.042891 0.65671 -0.27165 0.99324 0.41683 0.061656 1.2958 1.1677 0.10094 0.01031
-0.98888 1.5699 0.57391 1.7177 0.29183 0.3046 -0.40861 -0.22887 0.685 0.41856 -1.5004 1.0005 -1.5319 -0.093054 0.114 0.082977 0.14813 0.51304 0.59011 0.5943 0.14844 0.029464 0.64769 0.76887 0.52268 -0.067173 0.31015 -0.14239 -0.98727 -0.22853 0.54509 -0.85384 0.28276 0.49995 0.016359 1.2121 1.0498 0.14009 0.071008
-1.1715 1.4435 0.52716 1.3389 0.012775 0.50065 0.2532 0.17846 -0.17514 -0.029752 0.5102 1.4947 -1.5415 0.24281 0.10075 -0.28905 0.17261 0.11373 -0.33283 0.53057 0.68305 0.24498 1.0078 0.73341 -0.041054 0.011903 -0.09358 -0.28135 -0.80146 -0.30041 -0.035404 -1.1998 -0.50985 0.88852 -0.15007 0.33556 0.34639 -0.22217 0.070879
-0.87035 1.4094 0.57476 1.5419 1.4614 1.1997 1.0845 -0.12598 -0.64007 1.3068 0.49447 0.56454 -1.5687 0.09033 -0.078006 -0.76676 0.015763 0.4751 -0.74042 0.40963 0.84813 -0.22158 0.54941 1.5935 0.59892 0.07381 -0.15143 -0.019994 -0.071573 -0.098214 -0.47015 -0.63363 -0.62694 0.38808 0.20554 -0.62329 -0.81134 -0.61869 0.065559
-1.505 1.1065 0.25387 1.3254 1.6822 0.55551 -0.38115 0.54963 0.15973 1.1914 0.55798 0.90522 -1.5807 -0.24144 -0.13502 -0.40663 -0.0026519 -0.010067 -0.80283 -0.096135 1.4386 -0.34163 0.2545 0.4518 -0.080713 -0.0011055 -0.29073 0.1263 0.44328 -0.21501 -0.89997 0.48782 -0.30289 -0.41551 0.28387 -1.0014 -0.99058 -0.36248 0.014974
-1.0655 1.2302 0.11713 1.5089 0.62743 -0.42385 0.0092273 0.98412 -0.9282 0.53943 -0.9273 0.50188 -1.5427 -0.11346 0.18651 0.038472 0.054516 -0.35859 -0.28778 -0.26437 0.56826 0.71087 -0.22022 -0.74992 -0.67043 0.047425 0.12739 0.27979 0.90748 -0.14625 -1.118 1.3057 0.49332 -1.0024 0.44719 -0.82815 -0.98632 -0.47923 -0.0013675
-1.0932 1.3721 0.039524 1.5219 1.2901 -0.28919 0.18712 1.3054 -0.56527 0.29783 0.35938 1.6827 -1.4978 -0.15943 0.16227 0.050286 -0.23917 -1.2663 0.33594 0.30761 -0.0194 0.31755 -0.59064 -0.1186 -0.10449 0.049114 0.35511 0.12327 0.80151 -0.13596 -0.49818 1.5721 0.96124 -1.254 0.41183 -0.53301 -0.037037 -0.044352 0.012958
-1.3553 1.4658 0.28628 1.5994 -0.34083 -0.13915 -0.16895 1.6022 0.37226 1.0124 -0.053384 0.6962 -1.5702 0.27036 0.21804 0.50883 -0.13407 -1.1315 1.0497 1.1517 -0.46291 0.3018 -0.67281 -0.13635 -0.3219 0.045558 0.35869 -0.20333 0.56425 -0.048322 0.067426 0.95682 0.81001 -0.65649 -0.13723 -0.21756 0.13362 0.021823 -0.029503
-1.1593 1.6409 0.8888 1.3407 0.59977 1.1383 0.40128 -0.067599 0.91322 -0.033575 -0.53815 -0.3117 -1.4884 0.18263 0.038034 0.68826 -0.15784 -0.61344 1.365 1.0236 -0.5995 0.64785 -0.58735 0.058465 -0.31386 0.020495 0.36428 -0.27713 0.27559 0.16322 0.81103 -0.028989 0.17345 -0.042959 -0.20129 -0.085149 -0.24737 0.029878 -0.01947
-1.2519 1.2578 0.21587 1.0266 -0.026185 1.3605 1.2642 0.025872 -0.87288 0.64513 0.68992 1.0604 -1.5386 0.33771 -0.096469 0.66004 -0.077188 -0.53878 0.93251 0.91974 -0.47587 0.2744 -0.67368 -0.57831 -0.49166 0.01183 0.17089 -0.27141 -0.12497 0.13959 0.7683 -0.67436 -0.28093 0.30114 -0.37081 -0.09302 -0.24552 0.276 -0.0034988
-0.91637 1.3744 0.91493 1.4402 0.081438 0.88555 1.0351 0.67812 0.30026 -0.27175 -0.49973 0.48264 -1.5099 0.43878 -0.14622 0.44133 0.023804 0.077162 0.36425 0.76334 -0.094997 -0.063297 -0.78332 -0.41147 0.070664 0.032748 0.17677 -0.12016 -0.22568 0.13044 0.49179 -0.7297 -0.18561 0.33778 -0.45363 -0.11467 -0.18469 0.31624 0.014188
