39 200
-0.85056 1.2578 -0.088273 0.61744 0.095051 1.1609 0.7067 1.0312 -0.026799 0.38631 0.42221 -0.10297 -1.4865 0.010064 0.035793 0.54134 0.63021 0.94566 -0.18074 -0.24318 0.12833 -0.10173 -0.29312 0.28961 0.40679 -0.013553 0.023488 -0.27903 -0.8868 0.047764 -0.24618 -0.0056031 0.04684 -0.33126 -0.27475 0.12124 0.063345 -0.20145 0.007564
-0.73534 1.5031 0.91154 0.9874 0.845 0.81689 0.94216 1.6631 0.72831 -0.47544 -0.43168 -0.74592 -1.4741 -0.044477 -0.16633 -0.34451 0.92434 0.92016 -0.13923 0.007141 -0.33489 -0.67821 -0.12006 0.42929 0.23893 -0.054736 0.048669 -0.31623 -0.96993 -0.2412 -0.62277 -0.024689 -0.25686 -0.59583 -0.0038718 0.49704 0.23538 -0.38307 0.02378
-0.91909 1.3144 1.4641 1.3321 0.95629 0.58499 -0.036572 1.0874 0.53504 0.12734 -0.47273 -0.70791 -1.5828 0.077914 -0.43209 -0.68486 0.56194 0.45631 -0.19733 -0.25099 -0.32139 -0.40133 -0.11927 0.36434 0.055218 0.020803 0.0012003 -0.10741 -0.69536 -0.75047 -1.0056 -0.095184 -0.32246 -0.69476 0.074562 0.78281 0.25072 -0.035132 0.034972
-0.82077 1.2078 -0.40958 1.0757 1.2439 1.2509 0.63525 1.0478 -0.9255 0.34931 1.9794 1.4203 -1.4563 0.065687 -0.37427 -0.66949 0.22283 -0.045471 -0.20618 -0.70933 -0.88604 0.035081 0.62423 0.75133 -0.23568 0.013661 -0.002633 0.21431 0.20645 -0.97983 -1.1662 -0.067947 -0.3061 -0.16463 0.40105 0.53481 0.18578 0.39359 0.020358
-0.94606 0.88537 -1.1072 1.614 0.96182 0.97899 1.0226 0.27001 -1.2856 0.30577 0.67206 -0.35907 -1.5893 -0.047781 -0.082871 -0.60882 -0.37756 -0.5531 -0.321 -0.48188 -1.044 -0.30492 0.90469 0.65927 0.55911 0.017779 -0.10447 0.41147 0.9733 -0.48328 -0.894 -0.09751 0.12692 0.30182 0.61125 0.10698 -0.68583 0.44366 -0.056793
-0.58539 0.61752 -0.36146 0.86971 0.3355 0.69103 0.094035 1.0414 0.36455 -0.025043 0.29575 -0.47728 -1.3829 0.0081531 0.085623 -0.015924 -0.37742 -0.86973 -0.19704 -0.44271 -0.30357 0.11988 0.447 0.67869 0.80554 -0.015296 -0.11196 0.33104 1.3404 -0.12525 0.11055 0.23773 0.32824 0.89417 0.51996 -0.4685 -1.2047 0.70657 -0.048108
-0.79563 1.1347 0.25524 0.99199 0.33645 0.64683 -0.51726 -0.19841 0.88195 1.1484 1.2687 -0.82422 -1.5189 -0.10157 0.16238 0.78291 -0.015351 -0.89578 -0.38026 -0.11208 0.041032 0.84863 0.2015 -0.99855 0.45869 -0.072505 -0.12648 0.084719 0.93095 0.16083 0.82593 0.60584 0.35776 0.91324 0.19657 -0.65125 -0.91358 0.33563 -0.0032116
-1.0019 1.6211 0.45986 0.68844 0.40471 0.23365 0.46917 0.26632 -0.69823 0.58535 0.47486 1.1856 -1.5065 -0.13025 0.16523 1.1127 -0.191 0.31875 0.31084 -0.23262 0.47423 0.55695 0.068811 -0.88819 1.2927 -0.032581 -0.1662 -0.2494 -0.081161 -0.30668 1.076 0.55862 0.13221 0.72988 -0.49803 -0.48374 -0.55303 0.095259 0.15198
-0.83019 1.1377 0.36845 1.2035 -0.093208 0.92812 -0.30677 1.1005 -0.073918 0.49819 1.8813 1.3358 -1.6063 -0.22963 0.042394 0.54255 -0.18838 0.43926 0.64348 0.13179 0.51012 -0.11109 -0.17498 -0.42582 1.0119 0.019835 -0.13917 -0.62336 -0.92637 -1.0966 1.089 0.48184 -0.10691 0.53806 -0.47184 0.36334 0.38281 -0.74541 0.4661
-0.98431 1.0603 -0.1396 1.4094 0.052376 0.57338 1.1745 0.82948 0.65356 0.39345 -1.1038 0.74941 -1.5552 -0.25611 -0.36353 -0.064706 -0.85033 0.53664 0.41572 -0.28218 1.0182 -0.46191 -0.30194 -0.73323 0.71873 0.22506 -0.041415 -0.77532 -1.1333 -1.7526 0.62305 -0.15492 0.45272 0.114 0.026197 0.79835 0.34445 -1.4884 0.82923
-0.95734 0.95087 0.89081 0.89527 1.9578 1.677 -0.23492 0.98683 0.16551 0.38525 -0.56858 0.84496 -1.5144 -0.31438 -0.83701 -0.37122 -1.6674 1.0944 0.53947 -0.26734 0.92088 0.35199 1.1265 -0.27314 -0.83623 0.67848 0.096346 -0.75788 -0.91548 -1.7174 0.39775 -0.53823 0.73633 -0.15027 0.69305 0.98576 0.68176 -0.95941 0.96085
-0.99267 1.0113 0.46393 0.40972 0.2877 1.3635 -0.055359 1.1492 0.096436 0.25924 1.1159 0.71526 -1.3307 -0.17351 -0.96547 -0.55865 -2.6145 1.1825 0.070489 0.86933 0.52646 0.37623 1.0188 -0.24069 -0.93108 1.2037 0.097965 -0.37511 -1.0105 -0.51994 -0.42082 -0.87016 1.4512 -0.51447 1.0343 0.31865 0.69749 -0.19518 0.61027
-1.3274 0.77126 -0.080535 -0.088974 0.84977 0.59666 -0.75931 1.4291 -0.87367 0.89095 0.036556 1.2052 -1.2046 -0.088671 -1.1918 -0.93302 -2.4058 0.86873 -0.23748 1.007 0.45633 0.9358 1.1364 0.74683 -0.19607 1.3447 0.31108 0.0291 -0.85956 0.50517 -1.0767 -1.0403 0.92393 -0.87034 0.44769 -1.0215 0.34082 0.78694 0.11609
-1.3649 -0.019627 -0.2108 -0.8259 1.9811 1.4264 0.64322 1.9096 0.84864 2.3763 0.37679 -0.38652 -0.45227 -0.18355 -0.94894 -1.6832 -1.4245 -0.1929 -0.90856 1.9142 0.18281 1.4364 0.34428 0.20812 -0.023637 1.044 0.79339 0.34854 -0.33635 1.3859 -1.5033 -0.99621 -0.60621 -1.3497 -0.016138 -1.759 0.28436 0.98057 -0.093062
-0.83785 -0.27387 -0.40202 -1.2403 1.4579 0.88439 1.9958 1.3538 1.0292 0.82573 0.17743 0.10587 0.034803 0.29049 -0.79244 -1.4274 -1.36 -0.33804 -1.0216 1.024 -0.7254 0.76721 -0.53789 0.2188 0.35759 0.97707 1.2291 0.69251 0.39423 1.3087 -1.6222 -1.1433 -2.0057 -1.6937 -0.73623 -2.2739 -0.42383 0.82798 0.028125
-1.1364 -0.4821 -0.93939 -0.67495 1.6336 0.54279 1.508 1.3014 2.071 1.4196 0.34816 1.2656 -0.11048 1.1747 -0.46775 -0.95562 -0.64923 -1.1654 -1.5005 -0.28493 -1.7117 0.4215 -1.6056 0.62333 0.84771 1.2113 1.414 0.5307 1.0253 0.8244 -1.1435 -0.68219 -2.8221 -1.2141 -0.84122 -1.4089 -0.60607 0.63523 0.35951
-1.4317 0.1408 -1.4457 -0.30883 0.45363 0.058661 1.7028 1.2923 1.6729 0.26126 0.3892 0.85809 -0.59063 1.6172 -0.040917 -0.58056 -0.44417 -1.8281 -2.1968 -1.7461 -2.1507 -0.12393 -2.3696 -0.32009 1.1023 1.3137 1.1183 0.21995 1.0084 0.39986 -0.77081 0.073435 -1.8029 0.043922 -0.29327 -0.4657 -0.97083 -0.032808 0.52206
-0.35468 -0.2149 -1.2533 -1.6991 -0.039651 -0.31082 0.10308 -0.12803 -0.17363 0.069146 1.4072 1.1997 0.1584 1.8977 -0.25969 -0.2152 -0.40522 -1.6982 -1.6604 -2.1323 -1.6475 0.091967 -1.5085 -0.7573 0.93183 1.5542 0.52341 -0.37001 0.77908 -0.0025404 0.011349 1.1387 -0.088284 1.2329 0.22734 0.81158 -1.1076 -0.61307 0.34303
0.8032 -0.30434 -0.96922 -0.85711 0.09705 -1.3905 -0.87492 -0.88406 0.58989 -0.19552 0.70453 1.7166 1.092 2.0986 -0.45853 0.06236 -0.76918 -1.5959 -0.7805 -1.5127 -0.64768 0.30483 -1.4879 -1.0774 0.23545 1.7911 -0.17378 -0.66879 0.21506 0.26303 0.62689 1.7643 1.2987 2.099 0.45467 1.6593 -0.58801 -0.84104 -0.2259
0.86831 -0.19217 -0.91335 -1.4436 -0.37225 -1.782 -0.51906 -0.75804 1.5634 -0.65357 -1.0211 0.90889 1.4598 1.9467 -1.0115 0.15581 -0.49851 -1.2818 0.068015 -0.54564 0.15387 0.68479 -0.41947 -1.2663 -0.021867 1.6199 -0.81549 -0.42498 -0.40693 0.37339 0.77493 1.3681 1.3649 1.7432 -0.13127 1.6696 -0.047552 -0.65521 -0.97029
1.2907 -0.91655 -1.0366 -1.1849 -0.63314 -0.86818 -0.12336 -0.10181 1.9259 -0.28133 -0.69031 2.0515 1.6293 1.2496 -1.0205 -0.38343 0.068878 -0.83739 0.45809 -0.00073805 1.3921 0.53974 0.39083 -1.2632 -0.2043 0.85365 -1.0225 0.16262 -0.30139 0.77004 0.8231 0.69062 0.21626 0.42271 -0.76907 1.8875 0.57936 -0.22853 -1.5009
1.2968 -0.83152 -1.2316 -1.4126 -0.86456 -0.12625 -0.1371 1.0368 2.0369 -0.58295 -0.51715 1.1176 1.6664 0.73123 -0.84219 -0.76787 -0.15912 -0.59015 0.45242 -0.22164 1.0257 -0.30883 0.87744 -0.74833 -0.24009 0.18982 -0.95142 1.2675 0.65605 0.86261 0.61895 -0.074515 -0.82484 -0.83437 -1.4097 1.1727 0.60062 0.055856 -1.7428
1.6237 -1.5393 -1.1579 -1.1833 -1.4309 -0.079344 0.50887 0.57465 1.389 0.0047527 -0.68169 0.81847 1.5627 0.71281 -0.2209 -0.054853 0.44046 -0.3606 0.41408 -1.2297 -0.17503 -0.8352 1.6204 -0.12849 -0.148 -0.32903 -0.84416 2.2149 1.9348 1.4226 0.46107 -0.35873 -1.0046 -1.3016 -1.6689 0.24788 0.53219 0.20092 -1.8313
1.7279 -1.494 -1.8145 -1.3544 -0.6068 -0.68748 -0.94229 1.2835 0.41918 0.62205 -0.64844 1.368 1.5336 0.35986 1.1405 1.1953 0.86171 -0.33686 -0.042673 -1.4998 -0.80482 -1.6242 1.3075 -0.58198 0.056758 -1.0809 -1.2682 2.5487 2.0132 2.0417 0.91748 0.088793 0.079846 -0.38596 -1.0591 -0.63784 0.21518 -0.049229 -1.9087
1.7415 -1.1419 -1.886 -1.1533 -0.71434 -1.3467 -1.2482 -0.27612 0.75696 0.42731 -1.2021 1.3865 1.4543 -0.21137 2.4517 2.2199 2.1128 -0.088262 0.0085247 -1.278 -0.42023 -2.3489 0.68686 -0.23571 0.05977 -1.9703 -1.8287 1.823 1.1128 1.9047 1.2718 0.86271 1.5648 0.43122 -0.24598 -1.1793 0.46334 -0.45321 -1.7391
2.0056 -0.3313 -0.29209 -0.73712 -1.1584 -0.32696 -1.9952 -1.1117 0.83059 1.3519 -0.89926 1.0246 0.94039 -1.2781 2.9586 1.8256 2.6738 1.0387 0.84682 -0.016313 0.35166 -1.8043 0.10196 -0.23727 -0.45867 -2.5951 -1.8042 0.32037 -0.27812 1.2601 1.5156 1.2605 2.2799 0.8284 0.68652 -0.72208 1.1834 -0.96781 -0.9957
1.5774 1.1814 0.92788 -0.20758 -1.3809 -0.40537 -1.3426 -0.12782 -1.0241 0.61539 -1.5438 2.1044 -0.08091 -2.0295 2.5429 1.6844 2.9569 1.4069 1.6979 1.0819 0.17327 -1.2719 -0.090962 0.66798 -0.85638 -2.8571 -1.1794 -1.1727 -1.5533 -0.1822 1.0686 0.58988 1.9776 0.55903 1.3217 -0.63457 1.0857 -1.0934 0.18027
0.76633 2.4915 1.2571 1.2201 -0.89977 -0.0056787 -1.1444 1.3885 -2.2143 -0.00098358 -0.36276 0.56127 -1.1042 -2.2448 1.7355 0.92739 2.7013 1.8458 1.6312 1.7567 0.6625 -0.71055 0.28742 1.4188 -1.5358 -2.5186 0.09315 -2.1913 -1.9601 -1.7672 -0.33762 -0.47287 0.65719 -0.33397 1.8566 -0.26671 0.47728 -0.60102 1.483
-0.51564 1.6983 -0.54145 1.1938 1.1538 1.0889 0.64788 1.2001 -0.66356 0.55765 -1.2657 0.22896 -1.5192 -2.0267 0.69099 -0.24121 1.7637 1.5676 0.80308 1.6873 0.6204 -0.095712 -0.64162 1.1875 -1.7169 -1.6686 1.4475 -2.4383 -1.6231 -3.2745 -1.5377 -1.2489 -0.67183 -0.72373 1.9933 -0.2626 -1.1134 0.35769 2.5234
-0.85631 1.4019 0.0938 1.3014 0.99768 1.4605 -0.28405 -0.17279 -0.72944 0.84592 0.74092 0.5818 -1.6949 -1.1034 -0.54322 -0.87924 0.081142 0.27807 0.37044 0.97887 -0.55894 1.5428 -0.13028 0.50053 -1.306 -0.38901 2.3955 -2.0498 -0.57756 -3.7792 -2.4583 -1.5581 -1.5829 -0.79484 1.2487 -0.56129 -2.3533 1.0307 2.8703
-0.6325 1.4377 0.1615 1.4744 0.85577 0.69014 0.52557 0.068637 -0.072273 1.3113 0.82394 -0.81366 -1.5039 0.20965 -1.244 -0.45244 -1.6363 -0.82758 -0.13659 0.19816 -0.72496 1.8267 -0.38155 -1.1532 -0.22838 0.8435 2.4327 -1.3814 0.20308 -3.1114 -2.1494 -1.3171 -1.415 -0.26538 0.27594 -0.58096 -2.8863 1.1922 2.4722
-0.47602 1.4099 0.096456 1.031 -0.010459 0.2907 -0.090646 0.60056 -0.55675 -0.50624 -0.15294 -0.5327 -1.3561 1.2904 -1.4391 -0.060301 -2.4109 -1.7685 -0.97782 -0.53363 -0.32371 0.97327 -0.93331 -2.2461 -0.11886 1.6459 1.538 -0.68018 0.47887 -1.6057 -0.88031 -0.7794 -0.9939 0.20352 -0.77022 -0.86772 -2.1115 0.91423 1.4959
-0.0030448 0.75138 -0.31226 -0.01729 -1.2954 0.37931 -0.0079944 -0.43856 1.3901 0.49143 -1.2305 0.537 -0.72204 1.5021 -1.6544 -0.29036 -2.5999 -1.6192 -1.1232 -0.26666 -0.039629 0.76989 -1.3697 -3.3728 0.19118 1.9826 0.2586 -0.14963 0.46822 -0.0050984 0.48859 -0.1345 -0.30263 -0.054823 -0.82084 -0.24347 -0.26245 0.12176 0.43683
0.76311 0.29995 0.17301 -0.54055 -0.66038 0.54952 -0.36272 0.65298 0.76386 -0.15906 -2.653 0.31668 -0.011529 1.2362 -1.7164 -0.086403 -2.3355 -1.0637 -0.66878 -0.68435 -0.45522 0.43197 -1.3335 -2.7268 0.40002 1.8662 -0.78244 0.4537 0.66889 1.5071 1.2561 0.63247 0.095173 -0.4101 -0.78035 -0.010561 1.9888 -0.45809 -0.55932
1.0577 -0.59922 -0.58652 -1.0091 -0.71777 -0.42781 -0.20089 0.11127 0.18829 -0.12561 -3.3376 -0.22826 0.48922 0.73455 -1.4132 0.41466 -1.6903 -0.25061 -0.54292 -0.28507 -0.7576 0.35064 -0.64304 -1.4396 -0.24215 1.5579 -1.2041 1.2861 0.7911 2.4025 1.1489 1.1201 0.072236 -0.58225 -1.1365 0.08025 4.1757 -0.45893 -1.3939
0.93624 -0.61721 -0.040953 -0.75722 -1.1189 -0.43983 -0.24528 -0.31517 0.49822 -0.70845 -3.2014 0.36724 0.6137 0.14751 -0.65014 0.81489 -0.15911 -0.028089 0.0033583 -0.3136 -0.8123 -0.47791 -1.2972 0.89969 -0.87857 0.80137 -1.0814 1.8282 0.62499 2.444 0.84021 1.3188 0.045949 0.033006 -1.3543 -0.098164 4.6137 0.0026298 -1.7334
0.81495 -0.64772 0.14242 -0.80755 -0.8201 -0.076149 -0.69257 -0.49432 0.64701 -0.68082 -2.5405 -0.26686 0.62452 -0.30013 0.40177 0.71427 0.63061 0.078803 0.78052 -0.28557 -1.0717 -1.1918 -1.2086 3.4326 -0.14766 -0.1181 -0.57848 1.6912 0.1428 1.5235 0.48694 1.2456 -0.18415 0.69349 -1.4416 -0.32582 3.6384 0.72236 -1.5553
0.55064 -0.55394 0.65947 -1.1167 -0.69918 -0.311 -0.24708 -0.67995 0.85193 -0.65596 -2.3049 -0.45294 0.74759 -0.35457 1.0594 0.90976 0.89746 0.38608 1.3037 -0.56848 -0.21138 -1.6756 -1.2246 4.3584 0.34737 -0.5702 -0.012667 0.95389 -0.30793 0.3286 0.30118 0.61075 -0.33145 1.2099 -0.75639 -0.16473 1.1896 1.0031 -0.88083
0.54697 -0.1426 0.71159 0.06346 -1.2955 0.84737 -0.55287 -1.1061 -0.006341 -1.2608 0.31796 -0.69537 0.37694 -0.14444 1.1388 0.61529 0.51732 0.46849 1.2958 -0.48706 0.42151 -2.1145 -1.3039 4.3425 0.65631 -0.69426 0.28523 -0.15954 -0.24163 -0.27024 -0.016903 -0.36218 -0.01176 1.0591 0.057227 0.3007 -1.2696 0.084358 -0.0061398
0.56655 0.87024 0.46506 -0.077104 -0.25209 1.4417 -0.70216 -0.72961 -2.1406 -1.5321 2.3465 0.65803 -0.22676 0.039939 0.90028 0.27316 0.48202 0.34135 0.97389 -0.8272 1.0097 -1.6265 -1.5552 2.9101 0.8225 -0.57469 0.18288 -1.0073 -0.12888 -1.0908 -0.14087 -1.3143 0.38953 0.21736 0.98522 0.87403 -2.6839 -0.90624 0.81002
0.60714 0.62137 0.66631 -0.25669 -0.33258 0.98926 -1.0928 0.12568 -1.9245 -1.5237 1.8258 0.50328 -0.045495 0.052185 0.15348 0.5648 0.34453 0.04574 0.24146 -0.15222 0.56827 -1.0997 -0.4277 1.5547 -0.21838 -0.12797 -0.18056 -1.2242 0.10234 -1.5713 -0.0092775 -1.9234 0.5085 -0.31259 1.8797 1.1557 -2.9788 -1.5692 1.3649
0.74924 0.62206 0.86859 -0.59808 -0.61626 1.2269 -0.81114 0.18319 -1.9441 -2.1349 2.1163 0.90637 -0.048153 -0.10235 -0.48658 0.67719 -0.98748 0.30052 -0.76391 0.044256 0.19081 -0.097056 0.087818 0.23574 -1.1361 0.67601 -0.53444 -0.72937 0.029054 -1.7877 0.34699 -2.2025 0.7011 -0.39534 1.9609 0.71929 -2.0226 -1.3527 1.3685
0.75128 0.33504 0.53138 -0.23156 -0.48511 1.0779 -1.8125 0.67961 -0.82013 -2.3312 0.5711 0.1947 0.10904 -0.42952 -0.64391 0.58602 -1.5844 0.44834 -1.6397 0.087482 0.18901 1.1049 0.18259 -0.44459 -1.6824 1.2578 -0.64839 0.12192 -0.38565 -1.2761 0.72511 -1.9849 0.27968 0.0083907 1.6625 -0.20066 -1.0522 -0.23757 0.8881
0.46949 -0.45448 1.7386 -0.15678 -1.024 0.16194 0.32549 -0.96399 -1.364 -0.47582 1.1205 -1.5191 0.60084 -0.7636 -0.1787 0.29882 -1.7796 0.79358 -2.4441 0.43574 0.38288 1.4276 -0.41618 -0.24406 -1.3072 1.3165 -0.49901 0.80048 -0.82814 -0.11036 0.81887 -1.3222 -0.006524 0.28464 0.8466 -1.0659 -0.046078 1.1175 0.11821
0.33677 -0.27409 1.2247 -1.4862 -0.10405 -0.068458 -0.9021 -0.73548 -1.1533 -1.5206 2.1085 -1.4332 1.1654 -0.88317 0.23968 0.018032 -1.5644 1.1894 -2.845 0.21974 0.50713 1.6613 -0.55252 -0.35968 -0.64444 1.2286 -0.144 1.0012 -1.1837 0.92359 0.78304 -0.29661 -0.67768 0.17124 0.16582 -1.586 0.24328 2.1469 -0.55331
-0.11261 0.36073 0.93857 -1.9777 0.6661 -1.2364 -1.0243 0.62205 -0.19387 -1.7447 1.5169 -0.66684 1.3409 -0.85103 0.68103 -0.59873 -1.2034 1.5028 -2.7718 -0.0077479 0.64918 1.4166 -1.6342 0.11237 0.68914 0.91337 0.27027 0.6301 -0.97415 1.8619 0.29766 0.9489 -0.81269 -0.5807 -0.24151 -0.77002 -0.013675 2.0106 -0.91968
-0.37389 0.58372 0.9529 -1.812 0.34095 -2.5605 -0.3622 1.1169 0.4565 -2.7681 1.1902 -0.55207 1.3885 -0.67094 0.94071 -1.1872 -0.21671 1.5968 -2.0496 -0.97478 0.43418 1.4576 -2.3274 -0.10745 1.8331 0.41384 0.63422 0.14155 -0.2681 2.1423 -0.39621 2.0364 -0.35966 -1.355 -1.0305 0.47025 -0.029413 1.1943 -1.0236
-0.26563 0.71433 0.85995 -1.4779 0.75155 -2.3702 -0.87532 0.44225 0.81841 -2.3753 0.78905 -0.15294 1.3832 -0.34922 0.73637 -0.93037 0.89193 1.1473 -0.9421 -0.51214 -0.78797 1.0122 -1.0326 -0.38431 1.6803 -0.013634 0.83366 -0.26415 0.62096 1.6022 -0.99276 2.5195 0.25567 -1.5499 -1.7648 2.0125 -0.39197 0.041831 -0.9023
-0.40947 0.79624 -0.0137 -1.1906 1.3192 -2.7252 -1.2017 0.50937 0.59839 -3.5123 1.376 0.48111 1.3942 0.094173 0.49177 -0.33321 1.2381 0.57275 0.29958 -0.19695 -1.6144 -0.32808 0.097921 -0.1579 1.3661 -0.24159 0.73261 -0.45278 1.4354 0.30609 -1.42 2.3412 0.84913 -0.72296 -2.0395 2.5879 -0.66613 -0.83819 -0.72456
-0.47022 0.82679 0.19821 -0.85101 1.3311 -2.3627 -1.5005 -0.81159 0.64027 -3.0243 1.6356 0.89518 1.2854 0.38249 0.36659 0.11275 0.94702 0.058216 1.0722 0.12459 -1.5777 -1.4404 1.1573 -0.65608 0.99984 -0.4636 0.28409 -0.65153 1.5393 -0.8217 -1.0422 1.8308 1.0074 0.71484 -1.4738 2.0479 -1.1228 -1.2342 -0.53053
-0.18747 0.99567 0.15913 -0.95725 1.5206 -1.4088 -1.3402 -1.2829 0.6725 -2.2212 1.1297 0.72629 1.1704 0.38278 0.20604 0.9463 0.29968 -0.64765 1.6079 0.37597 -0.67828 -1.6489 1.7208 -1.3302 0.39587 -0.73017 -0.29787 -0.93563 1.203 -1.1905 -0.54319 1.1135 1.1333 1.4756 -0.20997 1.0141 -1.4547 -1.5516 -0.30412
0.040413 1.1476 0.99515 -0.70172 0.88088 -1.3191 -0.55843 -0.84304 -1.0999 -1.6999 0.94589 1.0255 1.0188 0.053836 -0.44138 1.2784 -0.12565 -0.29544 2.0547 1.1767 0.26857 -1.4599 2.2303 -2.0978 -0.44668 -0.77188 -0.76071 -1.1523 0.44804 -0.70766 -0.18911 0.47959 0.93988 1.2654 1.0135 -0.40306 -0.67432 -0.95633 -0.012735
0.1968 1.0448 0.99928 -0.82972 0.30767 -1.2491 -0.26801 -0.83275 -1.8086 -1.5864 -0.28032 0.71545 0.74827 -0.32584 -0.99815 1.3063 -0.37647 -0.33118 2.0348 1.4957 0.59135 -0.76874 1.5892 -2.4207 -1.1917 -0.66237 -0.98962 -1.0994 -0.58888 0.11694 0.058277 0.19517 0.23748 0.35282 1.9279 -1.2142 0.39048 -0.33728 0.22311
0.0093154 0.89554 1.7716 -1.2522 0.22224 -0.02865 -1.0414 -0.12235 -1.0218 -1.044 -0.83902 0.53048 0.3953 -0.74761 -1.3624 0.74921 0.0036681 -0.49095 1.8265 1.4093 0.47304 0.26556 0.4456 -1.4863 -0.23279 -0.52208 -0.88845 -0.50996 -1.1378 0.87835 -0.11985 -0.13905 -0.37602 -0.36819 2.4089 -1.4888 1.3464 0.24377 0.25542
-0.73763 -0.27397 1.1707 -1.147 1.8444 0.35873 0.5333 0.46606 -1.0329 -1.0884 -1.1906 -0.13533 0.535 -1.1461 -1.5578 0.096517 0.43838 -0.45885 2.1249 0.74569 -0.019299 1.5749 0.22994 -0.81725 -0.43282 -0.43421 -0.54641 0.32107 -1.1646 1.3865 -0.33417 -0.7093 -0.54862 -1.1924 1.8313 -0.90651 1.665 0.38843 0.085987
-0.81573 -0.50795 1.8338 -1.1336 0.6418 0.6766 0.45883 -0.95747 -0.13899 -1.1736 -1.6341 -0.77266 0.54931 -1.2689 -1.1965 -0.25315 1.0413 -0.4876 1.7488 0.85114 -0.1853 2.4755 -0.016721 -0.11095 -0.32329 -0.40407 0.017594 0.85647 -0.51435 1.2694 -0.80638 -1.1896 -0.5519 -1.6171 0.68356 -0.00029667 1.3091 0.24318 -0.041088
-0.96352 -0.54871 1.0033 -0.53286 0.14117 0.89712 0.58615 -0.63366 0.3917 -1.9314 -0.1598 1.7888 0.47617 -1.1329 -0.43911 -0.37902 1.594 -1.0064 0.68035 0.74046 -1.5767 2.0078 0.046294 0.33675 -0.33875 -0.5595 0.62916 0.84711 0.010339 0.76022 -0.85171 -1.7767 -0.24373 -1.3432 -0.90163 0.8044 1.0949 0.40418 0.030294
-1.4533 -0.85111 1.1335 -0.19567 -0.10751 1.8684 -0.10574 -0.75018 0.93282 -1.0006 -0.67954 -0.090116 0.2517 -0.72508 -0.19936 0.011387 1.7044 -1.8107 0.20159 0.37123 -2.1411 1.4949 0.55721 0.64827 0.22174 -0.53756 0.92516 0.68986 0.30589 0.13945 -0.33761 -1.6507 -0.01713 -0.41952 -2.1104 1.6045 0.54786 0.076237 -0.065278
-1.5675 -0.41227 0.94656 -0.0067447 0.075699 1.3018 0.82723 -0.45737 2.3916 -1.3435 -0.95395 -0.11964 0.028587 -0.19956 -0.35286 -0.03433 1.4685 -1.4791 -0.61449 0.54098 -1.8565 0.14698 1.5557 1.0734 0.13553 -0.31077 1.0599 0.75035 -0.14535 -0.45731 0.75762 -1.1101 0.020342 1.296 -2.3064 1.4478 0.19945 0.34839 -0.30561
-1.7379 0.099235 1.3701 0.31331 -0.45161 0.50198 0.46241 -2.9776 1.1819 -0.82959 -0.53311 -0.34699 -0.32336 0.058483 0.14656 0.12627 1.3479 -0.93147 -0.86664 0.9445 -0.91282 -1.0774 2.425 0.66375 -0.4107 -0.65224 0.91039 0.9816 -0.72289 -0.6308 1.61 -0.34439 -0.32272 2.5243 -1.7549 0.89264 -0.10612 0.23369 -0.62817
-1.5298 -1.1858 1.4912 0.5323 -1.1869 0.80425 1.2114 -2.8614 1.0199 -0.51019 -0.17833 0.73921 0.15573 0.53146 0.89617 -0.72495 0.9416 0.0075217 -0.97485 0.51991 0.55933 -1.6054 1.9988 0.75406 0.70076 -1.0799 0.58546 1.2724 -0.91671 -0.5222 1.8426 0.55306 -0.95483 3.2456 -0.4291 -0.12241 -0.6511 0.16877 -0.78828
-0.78581 -1.2082 1.3312 0.41911 -1.4479 -0.20445 0.9586 -2.7333 -0.31003 0.58725 0.76579 0.35617 0.31194 0.67471 1.151 -1.0072 0.8248 0.56018 -0.28686 -0.2157 1.9912 -1.3579 2.123 0.60329 0.42068 -1.3399 0.15361 1.1448 -0.73615 -0.453 1.6728 0.89322 -1.4635 2.4912 0.93145 -1.0011 -1.0957 -0.46163 -0.57125
-1.2911 0.2667 0.91102 1.1124 -0.49069 0.47099 1.675 -0.48439 -0.96119 1.0316 0.1344 0.41635 -0.95305 0.62575 1.7066 -1.1924 0.78255 1.3423 0.20922 -0.69898 3.5528 -0.62816 1.4847 -0.22405 0.064583 -1.4563 -0.42438 0.53425 0.13533 -0.34327 0.9017 0.83713 -1.1657 1.1055 1.6308 -1.7209 -1.6084 -1.1357 -0.08243
-0.77571 1.1442 -0.30237 0.59153 0.61641 0.43694 0.22681 0.37791 -0.25409 0.49102 -0.11893 0.83318 -1.534 0.30496 2.0455 -1.0286 0.60456 1.6376 0.33044 -1.2501 2.8609 0.40591 0.72064 -1.0909 -1.0764 -1.5435 -0.4744 -0.26332 0.51035 -0.59331 -0.0075122 0.42947 -0.5388 -0.73538 1.4611 -2.1965 -0.99217 -0.81793 0.66279
-0.79158 0.99448 0.22075 0.99147 0.29974 0.80553 0.39714 0.78382 0.69023 1.0286 0.046191 0.13572 -1.5592 -0.11404 1.5211 -0.48009 0.42641 1.203 0.39423 -1.1908 2.4729 0.96876 -0.68616 -1.6991 -0.95508 -1.1343 -0.27151 -1.8291 0.13144 -0.18421 -1.156 -0.1676 0.47096 -1.7356 0.42566 -1.5197 0.16532 0.21367 1.4401
-0.84508 1.7037 0.35896 1.2575 0.67032 0.76875 -0.16614 1.1837 -0.16623 0.81677 -0.86564 0.092795 -1.569 0.11697 0.70652 -0.43089 -0.072669 0.59268 0.48881 -0.98517 0.99764 0.93952 -1.1192 -0.68969 -0.80421 -0.24962 0.29992 -2.9009 -0.61207 0.21621 -1.4468 -1.0424 1.0406 -1.4462 -1.0009 -0.82359 1.0171 1.1809 2.0882
-0.98012 1.2376 0.29274 1.0296 0.55515 0.80199 -0.14867 0.24517 1.3323 0.62969 -1.4861 -1.1601 -1.5723 0.18666 -1.3207 -1.2643 0.78227 -0.40994 -0.18752 0.10623 0.8417 0.0035593 -0.5833 -0.069959 0.36784 0.6161 0.85336 -2.9921 -0.89986 0.50215 -0.77774 -1.6466 0.96164 -0.77944 -1.7609 -0.015531 1.3482 1.1344 2.0764
-1.2228 1.3812 0.53751 0.97616 0.34729 0.36793 -0.10998 1.818 0.45561 -0.44384 -1.6957 -0.26296 -1.6041 0.73276 -2.3931 -1.794 0.80874 -0.39703 -1.4335 0.14083 0.64398 -1.2402 -0.94071 0.20441 0.73993 1.5247 1.0071 -2.0833 -0.96474 0.3659 -0.018097 -1.3348 0.67341 -0.20954 -1.3929 0.54558 0.72778 1.0562 1.4247
-0.67051 1.6115 -0.56041 0.74883 0.83958 1.6377 0.084263 0.8691 0.60464 -0.1668 0.17276 -0.025159 -1.4186 1.2325 -2.9728 -1.492 0.88268 0.16017 -1.8993 0.13292 1.0233 -1.6831 -0.78578 0.64613 0.65256 1.8997 0.91467 -0.37153 -0.56656 -0.53214 0.52051 -0.35356 -0.11615 -0.7831 -0.052129 0.63382 0.18242 -0.034384 0.44383
-0.31625 -2.1533 -2.3869 2.1544 -0.49321 -0.40823 0.63865 1.9083 -0.42138 0.69926 -0.058263 1.884 -0.34786 1.5475 -2.6772 -2.1313 0.52876 0.24987 -1.2907 0.33073 0.48218 -1.1779 0.082375 0.46601 1.2685 1.7989 -0.12022 0.95884 0.45151 -0.85312 0.75493 0.93362 -0.58115 -1.0454 1.4836 0.5587 -0.43516 -0.88586 -0.71483
0.37841 -1.9739 -1.2639 1.8379 0.15018 -1.956 0.075292 1.4663 -1.9309 -0.26711 -0.56043 0.15944 0.71688 1.5529 -1.9343 -2.1685 -0.043125 0.25818 -0.94574 -0.18662 -0.71153 -0.14303 0.18018 0.18919 0.020168 1.3168 -1.1941 2.0784 1.4753 -1.3392 0.62886 1.8396 -0.69664 -1.2466 2.3821 -0.15471 -0.49928 -1.1701 -1.5253
0.68132 -1.701 -0.62715 1.7979 1.5534 -1.4644 -0.28875 2.5288 -1.8062 -0.33261 -0.55184 -0.087463 0.40071 0.33366 -0.98342 -0.63283 -0.27171 1.0023 -0.040925 -0.7967 -0.67583 1.1334 -0.29735 -0.4498 -0.82178 0.46559 -1.8619 2.0036 2.1239 -1.0247 0.22205 1.7672 -0.55233 -0.50622 2.2334 -0.7365 -0.20687 -0.91711 -1.7371
0.83396 -1.5689 -2.9671 1.0104 0.50111 0.2797 0.65195 0.59786 0.80283 0.75466 -0.93211 1.353 0.086013 -0.48792 0.36851 0.48805 -1.1357 0.98664 1.1444 -0.62405 -1.0092 2.2117 -0.88178 0.089242 -0.77934 -0.31504 -1.7693 1.3433 1.9746 -0.32807 -0.31805 0.94367 -0.21213 0.75422 1.3224 -0.62214 -0.24492 -0.014551 -1.2741
0.88684 -1.0282 -2.7893 0.87459 0.42832 -0.52912 -0.5528 0.2507 0.41249 -0.37592 -0.3442 -0.42016 -0.14392 -1.058 0.20856 0.47746 -0.77717 0.29575 1.1889 -0.49212 -0.41927 2.3795 -0.82417 0.10375 -0.27553 -0.66658 -0.70015 0.72449 1.3908 0.43319 -0.67666 -0.34271 0.17732 1.6772 -0.33151 0.031325 0.16475 0.59588 -0.52034
-0.88404 -1.5054 -1.0137 1.4571 2.1994 0.88358 -0.92764 0.79911 1.8608 -0.29496 -0.49752 -0.5275 -0.38634 -1.197 0.17451 0.93541 -0.38833 -0.030702 0.32865 -0.72246 0.76784 2.0354 -0.76756 -0.57824 -0.29456 -0.52402 0.60778 -0.13854 0.24287 0.54673 -1.2113 -1.2147 0.41949 1.3559 -1.583 0.72416 0.41287 1.1336 0.41492
-0.62531 -1.8691 -0.89217 0.87859 0.57421 0.0026085 0.13237 0.9311 1.6497 -0.80334 0.056507 0.90022 -0.082325 -0.67846 0.56965 1.7155 0.12739 0.17014 -0.29835 -0.37777 1.9897 0.51329 -0.27207 0.23748 0.18071 -0.4132 1.8491 -0.24071 -0.60335 -0.32095 -1.8055 -1.2279 0.57883 -0.071949 -2.2998 1.1068 1.2421 0.7841 1.1292
-0.52472 -1.4234 -0.81862 1.0523 0.8529 -0.41807 -0.6736 1.5515 1.1581 -1.0374 -0.85236 -0.38065 -0.17989 0.49914 -0.097471 0.30346 -0.61077 -1.333 -0.50903 0.15688 0.66271 -0.21925 0.29602 0.8872 1.3707 0.34141 2.1181 -0.4121 -1.206 -0.75851 -2.0094 -0.40655 0.36575 -1.7274 -2.1234 1.4488 1.6856 -0.3897 1.3827
-0.56401 -1.1351 -0.86093 1.1566 1.2047 -0.42252 -1.0965 3.3061 2.4555 -0.32951 -2.0119 0.08026 -0.52489 1.6846 -0.14705 -0.34788 -1.2511 -2.5932 -0.81549 0.2145 -0.50121 -1.3784 0.85539 1.9447 0.53341 1.0329 1.4629 -0.57378 -0.94369 -0.91698 -1.7179 0.21858 0.029795 -2.6395 -1.2704 1.2842 1.0896 -1.6423 1.3395
0.17652 -0.25018 -0.93474 1.1909 0.78615 -0.034426 0.16755 2.5775 0.89428 0.51143 0.85681 1.4076 -0.58269 1.7353 -0.30461 -0.2964 -1.0721 -2.5863 -0.20485 -0.28443 -1.6121 -1.5298 1.5569 2.0556 -1.3031 1.3639 0.26723 -0.19882 0.57141 -0.41954 -0.18204 0.38611 -0.17546 -2.0992 -0.89209 0.62857 0.064568 -2.5653 0.72836
1.2668 -2.3412 -2.2788 -0.017382 -1.6243 -0.93318 -0.54834 -0.31275 0.23077 -0.52878 1.4605 1.4666 0.83639 1.5431 -0.49049 0.24036 -1.3003 -2.5725 -0.0010717 -0.072742 -2.4216 -1.5323 1.6599 1.9127 -1.9544 1.6049 -0.94239 0.21802 1.4986 0.13356 1.4792 0.3963 -0.22123 -0.96154 -0.24634 -0.24264 -1.5739 -1.7154 -0.20788
1.3581 -1.9252 -0.77293 -0.018369 -1.7286 -0.47761 -0.31209 0.19727 -0.47408 0.53542 2.3901 -0.33299 1.2629 1.0844 -0.33283 1.0555 -1.3488 -1.7204 -0.13419 -0.012119 -2.7864 -2.0402 1.1584 1.0503 -2.8027 1.4305 -1.6094 1.3383 1.6684 0.88262 2.5489 0.22507 0.23572 0.4781 0.06124 -1.127 -2.0286 0.26519 -1.4224
1.3589 -1.8317 -1.0699 0.25062 -2.1633 -0.25104 -0.86372 -0.43764 -0.25662 0.98213 1.3798 -2.232 1.312 0.17231 0.30112 1.7489 -0.87943 -0.16686 -0.04852 -0.32281 -1.9244 -1.6507 0.59474 -0.78198 -2.343 0.60642 -2.0178 1.8137 0.80843 1.4573 2.7872 0.28147 0.55949 1.136 0.77888 -1.76 -1.591 2.0359 -2.2335
1.223 -1.5195 -0.2852 -0.047819 -1.4363 -0.38317 -0.81082 -0.37801 -0.31983 1.0295 0.69699 -2.2471 1.287 -0.7142 1.9943 2.0382 0.29954 1.1543 0.28112 0.32327 -0.83529 -1.3454 -0.12093 -0.76339 -0.56089 -0.8239 -2.1447 1.3394 -0.47932 1.0916 2.2566 0.432 1.0081 1.4327 1.8372 -1.9199 -0.2532 3.2925 -2.1667
1.1136 -1.2216 0.37299 -0.29369 -0.72766 -0.71972 -0.35777 -0.68508 -1.5466 0.88578 0.50604 -1.9966 1.0174 -1.4865 2 1.2366 0.49244 1.3977 0.36552 0.86846 -0.98446 -0.23159 -1.164 -0.44487 1.2044 -1.4869 -1.7054 0.31589 -1.4143 0.53753 1.0543 0.23312 0.93692 1.0788 2.4183 -1.762 0.87682 2.8378 -1.2671
0.70618 -0.46332 0.58435 -0.032285 -0.25889 -0.31501 -0.44366 -1.1321 -2.0015 0.47344 0.32661 -0.43917 0.53685 -2.262 1.5146 0.40134 -0.076415 1.8711 0.53198 1.3688 -0.21795 1.1443 -1.7423 0.37399 2.3517 -1.6155 -0.9855 -0.8392 -2.1503 -0.10064 0.12718 -0.17885 0.23259 0.86533 2.4341 -0.98007 0.88376 1.2811 -0.056596
0.19904 0.9725 0.36046 0.68917 -0.674 -0.23985 0.034016 -1.1515 -1.6097 -0.6484 1.4383 0.359 -0.28197 -2.3752 1.1725 -0.084051 0.26922 1.5062 0.30429 0.99332 0.059083 2.2316 -2.0621 0.4702 2.1703 -1.3914 -0.035206 -1.1487 -1.8695 -0.15312 -0.24657 -0.48384 -0.36983 0.6799 1.6108 0.34707 0.34255 -0.31413 0.70474
-0.99383 0.35782 0.41372 0.51621 -0.19706 0.33034 0.73887 -1.2037 0.40115 -0.22578 1.5008 -0.10406 -0.4919 -2.1914 0.70875 -1.3233 0.22272 1.3253 -0.028148 0.73745 0.48488 2.5837 -1.5915 0.61423 1.6452 -0.97909 1.0057 -1.0745 -1.0148 -0.118 -0.62815 -0.37767 -0.59808 -0.065923 -0.021263 1.6633 -0.74066 -1.5142 1.0214
-1.8761 -0.40612 -0.76339 -0.5536 0.89798 0.33136 0.76185 -0.21166 2.0335 -0.72361 1.3987 0.49076 -0.40157 -1.5953 0.079135 -1.4001 0.059951 1.1677 -0.29998 0.4956 0.11505 2.4622 -0.53198 0.15492 0.88466 -0.47462 1.5148 -0.6528 0.15859 0.013837 -0.88747 -0.068549 -0.1064 -0.47687 -1.502 2.2032 -1.1954 -1.7836 0.85859
-1.4862 0.29921 0.33183 0.40875 0.60269 -0.60062 0.074313 -0.55398 1.8793 -1.2828 0.79208 0.54379 -0.29461 -0.70121 -0.11274 -0.84815 -0.19146 0.79408 0.09939 0.48766 -0.36774 0.97911 0.80556 -0.98058 -0.20764 -0.14534 1.6255 -0.087178 1.7454 0.60554 -1.1736 0.38603 0.01603 -0.81799 -2.0122 1.6925 -1.041 -1.8184 0.47413
-1.5942 0.31854 -1.7471 0.21643 0.93971 -0.78002 0.55975 -0.35236 0.89252 -0.70627 1.614 0.77665 -0.40895 -0.1796 0.26009 -0.044152 0.49401 0.020331 0.11968 0.93915 -0.50298 -0.15827 1.121 -1.1816 -0.67309 -0.18716 1.039 0.088694 1.9307 0.49111 -0.89786 0.96242 0.43957 -0.034077 -1.5433 0.55841 -0.43914 -1.4221 0.076251
-1.473 0.15947 -0.79912 0.4417 0.8354 -0.32525 0.44105 -1.6453 1.7837 -0.053994 0.81915 0.9626 -0.42474 0.25659 0.43647 1.2311 1.0888 -0.40991 0.54393 0.57342 -0.91382 -0.38107 0.95262 -0.84863 -1.4192 -0.22786 0.41878 0.01242 1.9738 0.35181 -0.68785 0.6005 0.41904 0.71224 -0.44508 -0.53191 -0.040703 -0.47631 -0.097703
-1.1308 0.59722 -0.22079 0.19295 0.28028 0.79843 1.2975 -1.6123 0.1979 0.67306 -0.35599 -0.81515 -0.62589 -0.058922 -0.02238 1.1375 0.2969 -0.0019948 1.4043 1.3297 0.33344 -0.13761 0.52024 -0.80193 -1.5175 -0.28986 0.29271 -0.47397 0.52271 -0.50113 -0.29082 0.19135 -0.14501 1.4221 0.21443 -0.79749 0.24756 0.41727 0.11479
-1.8933 0.31138 0.31092 0.84223 0.17814 0.20423 2.1751 -0.99905 1.2472 0.4318 0.033004 -0.70551 -0.68681 0.047736 0.047671 2.2186 0.53336 -0.55734 0.66489 1.1296 0.73318 0.019484 0.073392 -1.2403 -0.80018 -0.27904 0.6629 -1.0248 -1.1985 -1.4567 -0.41471 -0.6314 -1.2765 1.4305 0.25089 -0.50058 0.47606 1.6372 0.6733
-1.1898 0.46702 1.161 0.97521 0.54348 0.51393 0.28733 -1.4713 1.7365 -0.62522 0.68081 -1.0246 -0.53955 0.48895 -0.50783 0.4176 -0.1378 -0.49504 0.45448 0.4073 1.6895 0.09173 0.0023269 -0.46164 -0.11414 0.054719 1.4233 -1.0873 -1.8089 -1.9414 -0.71024 -1.1356 -2.4102 0.4334 -0.18769 0.10927 0.40937 1.7931 1.2006
-1.7463 0.087657 0.25614 0.28089 1.0803 1.5691 2.3875 0.68232 1.136 -0.5605 -0.099434 -0.78198 -0.71978 1.2667 -1.3946 -0.65845 -1.324 -0.99384 -0.21975 -1.4077 1.4418 0.031916 0.24106 -0.02373 1.3185 0.87098 1.487 -0.94454 -1.9019 -2.3302 -0.42173 -1.0575 -2.1726 -0.27528 -0.48027 0.49228 0.1179 1.1231 1.3922
-1.2863 0.50606 1.4728 0.96211 -0.47644 -0.4267 1.9017 -0.38575 0.83297 0.21399 -0.87945 0.41368 -0.8183 2.0943 -1.5012 -0.81002 -2.2773 -1.19 -0.3932 -2.0367 0.91025 -0.54691 0.67308 -0.55259 1.1912 1.4021 1.0827 -0.1648 -0.1429 -1.5109 -0.068991 -1.0322 -1.5866 -1.0819 -0.45635 0.29283 -0.31841 -0.035005 1.1165
-0.33351 -0.86324 -1.1092 -0.085186 0.0040859 1.0777 0.80156 0.59843 1.5941 0.60726 0.20087 -0.0050793 -0.17465 2.1316 -1.3675 -0.72696 -2.5999 -1.054 -0.99601 -1.8238 0.55953 -0.68517 0.73287 -0.93781 0.90313 1.6762 0.10202 0.69892 0.84934 -0.30459 0.84194 -0.38138 -0.26211 -0.68812 -0.33711 -0.34199 -0.2145 -1.3259 0.42402
0.67166 -1.793 -0.71823 -1.3306 -1.3402 0.032073 -1.1812 0.050101 0.31947 0.72204 0.024361 1.0338 0.91927 2.1569 -0.8598 0.16793 -2.2276 -0.62186 -1.1919 -2.4266 -0.13357 -0.52293 0.35646 -0.6467 0.0088277 1.7604 -0.97166 1.3027 1.4562 1.0176 1.3078 -0.22232 0.82043 -0.30389 -0.10846 -0.96696 0.097439 -1.4676 -0.3418
1.0409 -1.266 0.37699 -1.2077 -0.69335 -0.20418 -0.45246 -0.039268 0.68698 0.35239 -0.84513 0.1947 1.0476 1.4286 -0.31081 0.4163 -1.9045 0.33992 -0.56249 -1.693 0.52991 -0.70024 -0.25721 -0.40465 -0.8957 1.4921 -1.5338 1.5172 1.0557 1.8705 1.4261 0.27814 1.6738 0.043355 0.17433 -0.93593 0.34662 -1.2733 -1.0093
1.0284 -0.96342 0.33416 -1.5062 -0.18834 -0.72599 -0.49407 0.056385 0.51953 -0.08966 -1.2042 0.051999 1.1567 0.55112 0.59334 1.3122 -0.79978 0.63854 -1.0362 -0.48851 0.30146 -0.77433 -0.72559 -0.60434 -1.0132 0.848 -1.6779 1.1077 0.099346 1.7174 0.91024 0.3308 1.9684 0.20317 0.22723 -0.51288 0.38706 -0.49631 -1.2009
1.0375 -0.75124 0.82372 -1.3271 -0.17918 -0.52034 -0.52529 0.30162 0.35336 0.3762 -0.96129 -0.52655 1.1835 -0.053257 0.96151 0.64898 0.047142 1.0717 -0.50622 0.47127 0.45065 -0.1943 -0.5584 -0.23068 -1.2803 0.22562 -1.2973 0.5676 -0.45791 1.1755 0.29558 0.059655 1.4324 -0.21461 0.40317 -0.32368 0.44329 0.17541 -0.92216
0.8502 -0.55834 0.63144 -1.2493 -0.029992 -0.38842 -0.87914 0.93824 -0.13058 0.20506 -0.57853 -0.70523 1.2714 -0.37023 0.73331 0.21875 -0.11831 0.76314 -0.54782 0.32534 0.3517 -0.29847 -0.48781 0.077951 -0.85579 0.12504 -0.83376 0.070904 -0.98238 0.28453 0.17153 0.098061 0.74652 -0.39497 0.44603 -0.53572 0.42353 0.5267 -0.43483
0.77137 -0.52959 0.42265 -1.3862 0.29095 -0.89741 -0.3629 0.52967 0.10162 -0.31604 -0.69038 -0.64276 1.2916 -0.63854 0.75869 0.092528 -0.13583 0.83099 -0.67291 0.69735 0.069432 -0.087372 -0.99645 0.18171 -0.6157 0.11143 -0.46436 -0.066764 -0.64728 -0.12446 0.24768 -0.2539 0.39794 -0.63182 0.3169 -0.87843 0.27317 0.57509 -0.095288
0.79278 -0.25933 0.41329 -1.1952 0.18685 -0.76966 -0.14838 0.33464 0.42945 0.10443 -0.78001 -0.74645 1.1815 -0.7827 0.83194 -0.25671 -0.20318 1.0706 -0.74281 0.86909 -0.3236 0.11395 -1.5467 0.076269 -0.24647 0.083322 -0.27132 -0.0098818 -0.50319 0.054113 0.52327 -0.12147 0.21373 -0.57324 0.25564 -0.81493 0.19527 0.11843 -0.021431
0.46554 -0.16486 0.86296 -1.5647 0.49171 -1.2957 -0.069556 0.44421 0.081329 -0.3867 -1.0177 -0.94536 1.2508 -0.75513 0.77158 -0.33642 -0.14174 1.378 -0.89765 0.99582 -0.52683 0.2672 -1.7475 0.34712 -0.3839 0.065989 -0.09352 -0.14858 -0.539 0.19489 0.50356 0.067303 -0.20167 -0.32736 0.019477 -0.45585 0.22167 -0.3214 0.013582
0.012559 0.24769 0.53461 -1.5639 1.0257 -1.6138 0.38244 0.30055 0.27659 -1.2855 -0.66586 -0.86854 1.3695 -0.84466 0.70104 -0.52159 -0.02513 1.4866 -0.6614 0.61625 -0.54176 0.061955 -1.7051 0.41167 -0.73303 0.10676 0.11733 -0.26472 -0.50779 0.35187 0.27634 0.32512 -0.43919 -0.15195 -0.010873 0.11028 0.34162 -0.61025 -0.0049875
-0.038246 0.45693 0.20054 -1.3663 1.2839 -1.262 0.30899 0.048089 0.33935 -1.3154 -0.59718 -0.76504 1.3015 -0.79452 0.51845 -0.79652 0.11886 1.5815 -0.56467 0.46045 -0.49459 -0.02482 -1.7992 0.48484 -1.0607 0.12484 0.32459 -0.34359 -0.35116 0.28891 -0.26655 0.62468 -0.54594 -0.1499 -0.017025 0.81442 0.18591 -0.54941 -0.067615
-0.024972 0.34578 0.039502 -1.3474 1.9041 -1.9087 0.5268 0.1265 0.38423 -1.7285 0.12642 -1.3161 1.3362 -0.53994 0.41845 -0.99004 0.29288 1.4847 -0.24837 0.31405 -0.64293 0.23211 -1.2821 0.72541 -1.2051 0.043956 0.5507 -0.31917 -0.092244 0.019051 -0.78465 0.6504 -0.38522 -0.15497 0.18614 1.2905 -0.067759 -0.16546 -0.14081
-0.38913 0.43126 -0.17535 -1.3674 1.9844 -1.6548 0.31981 -0.37578 0.17031 -1.7729 -0.48471 -1.7798 1.3897 -0.28138 0.21367 -0.77392 0.21225 0.83717 0.15166 0.11773 -0.77512 0.14121 -0.32642 0.58739 -1.3167 -0.030833 0.67209 -0.24901 0.29325 -0.22964 -1.2722 0.68783 -0.25058 -0.076314 0.11887 1.5951 -0.22128 0.40001 -0.20741
-0.38729 0.46979 -0.34448 -1.1793 2.1995 -1.7167 0.48614 -0.1355 0.24834 -1.9782 -0.28496 -2.1768 1.3554 -0.035408 0.20349 -0.72249 -0.044731 0.30758 0.28734 0.069269 -0.71107 0.36918 0.13352 0.23481 -0.96468 -0.081868 0.63886 -0.19515 0.58435 -0.33726 -1.4137 0.38922 -0.057922 0.28569 -0.16822 1.3559 -0.2113 0.88636 -0.2265
-0.34853 0.62906 -0.42571 -1.3158 2.5741 -1.659 0.50224 -0.51761 0.69376 -2.0144 0.34569 -2.1701 1.3194 0.2551 0.11757 -0.40206 -0.13305 -0.33093 0.54872 0.12492 -0.60424 0.15412 0.67094 0.28819 -0.34884 -0.20451 0.4376 -0.12325 0.71453 -0.23298 -1.1934 -0.0075071 0.092096 0.56288 -0.46506 0.88948 -0.17916 1.109 -0.21533
-0.28383 0.56265 -0.48991 -1.2809 1.8136 -1.063 0.51252 -0.91306 0.4024 -1.2919 0.18749 -2.3113 1.2856 0.42908 0.066816 -0.10569 -0.14896 -0.70801 0.34133 0.22517 -0.10872 -0.13612 0.9236 0.45363 0.16802 -0.29751 0.11779 -0.14517 0.97079 0.043282 -0.78443 -0.43008 0.017866 0.85356 -0.73266 0.47742 -0.31405 0.91322 -0.14595
0.042437 0.69449 -0.83077 -1.4765 1.7884 -1.1646 0.40452 -0.75193 1.0224 -1.27 -0.36181 -1.9082 1.1879 0.33226 0.027419 0.23037 -0.16235 -1.0025 0.12504 0.24466 0.12787 -0.59783 1.0596 0.12283 0.4432 -0.33023 -0.21502 -0.12875 1.1218 0.15379 -0.10299 -0.68196 -0.39296 0.93237 -0.53021 -0.059591 -0.54044 0.78962 -0.019209
0.21894 0.39341 -0.30523 -1.4342 1.471 -1.1971 0.72152 -0.67416 0.11289 -1.0883 0.55979 -1.846 1.0704 0.14997 -0.050268 0.75116 0.040648 -0.90738 -0.33963 0.0707 0.74001 -0.81443 0.90459 -0.31562 0.55297 -0.29518 -0.29716 -0.073325 1.039 0.24422 0.0079377 0.08429 -0.81616 0.43685 -0.45163 -0.25675 -0.45308 0.82509 -0.038922
0.028457 0.59985 -0.30697 -1.3634 1.2522 -1.3831 0.65928 -0.18365 -0.20481 -0.96418 0.23232 -1.6767 1.0082 -0.028576 -0.08959 1.2405 0.041849 -0.45438 -0.44981 -0.53115 0.95471 -0.63666 0.58286 -0.4268 1.1119 -0.24247 -0.070541 -0.022799 0.57701 0.48856 0.10992 1.1994 -1.4669 0.13632 -0.46874 -0.38928 -0.22369 1.0002 -0.26862
-0.068926 0.5962 -0.057048 -1.338 1.1002 -1.5667 0.81523 -0.17408 -0.5318 -0.85609 -0.032105 -1.6796 0.95185 0.026523 -0.028529 1.306 0.18148 -0.98911 0.81144 -0.93877 0.41626 -1.0799 0.67414 -0.19116 1.5616 -0.41542 0.22848 -0.012617 -0.10522 0.62559 0.030361 2.1399 -1.7595 -0.20807 -0.48999 -0.36127 0.28515 0.87042 -0.51108
-0.15425 0.51334 0.57544 -1.2241 1.3323 -2.0216 0.36525 0.38034 -0.27539 -0.79036 -0.38937 -1.4597 0.99129 0.25171 -0.035344 1.0095 0.63974 -0.77001 1.9466 -2.0611 0.59442 -1.4646 0.42466 -0.3863 2.0358 -0.77797 0.38819 0.0081367 -0.63431 0.60668 -0.051526 2.2792 -1.3489 -0.17592 -0.41662 -0.18675 0.48622 0.34512 -0.59342
-0.11995 0.40213 0.92787 -1.3879 1.2911 -1.3911 -0.56656 0.2071 -0.087347 -0.64029 -0.52999 -0.29877 0.9543 0.44904 -0.10874 0.65289 0.86094 -0.71291 2.7271 -2.5407 0.4986 -1.4451 0.28895 0.26576 1.9145 -0.99322 0.24087 -0.11273 -0.91411 0.30966 0.059058 1.236 -0.29259 -0.093385 0.096401 -0.20688 0.33446 -0.17802 -0.30059
0.38829 0.64169 0.62139 -1.2315 -0.18494 1.0333 -0.5416 -0.6436 -1.4654 -0.41679 0.16805 0.28711 0.41248 0.50996 -0.038953 0.36813 0.78731 -0.71536 3.1338 -2.3124 0.55978 -1.343 0.42617 0.36072 1.6519 -1.0749 0.015903 -0.25088 -0.74543 -0.18103 -0.14416 -0.37013 1.259 -0.53348 0.95872 0.0037266 0.024569 -0.65958 0.24339
0.55464 0.339 0.72599 -0.43184 0.75633 1.5798 -2.2022 0.77237 -2.7728 -0.75551 -0.073572 0.66647 -0.13911 0.36071 -0.26008 -0.093235 0.65806 -0.92386 2.6876 -1.3523 0.25387 -0.94091 0.28424 0.13857 1.3675 -0.83521 -0.081161 -0.28982 -0.58679 -0.49586 -0.02128 -2.1411 2.0961 -0.88624 1.7815 0.17174 -0.70651 -0.91617 0.74845
0.42824 0.47161 0.4245 -0.52869 0.4973 1.7286 -2.1869 0.58759 -1.8447 -0.62558 0.69656 0.2075 -0.12121 0.32171 -0.4718 -0.023279 0.408 -0.96789 1.2466 -0.19347 -0.39096 0.31307 0.45478 -0.25803 0.90831 -0.3978 0.06267 -0.1151 -0.70622 -0.7204 0.029265 -3.1114 2.2912 -1.1934 2.1819 0.49534 -1.0251 -1.1043 0.98922
0.44936 0.54571 0.81311 -0.80464 0.34008 2.0988 -1.6341 0.69178 -1.8734 -0.15522 -0.072522 0.37342 -0.16002 0.38024 -0.48303 -0.26189 0.15054 -0.6506 -0.5661 0.48069 -0.87766 1.5027 0.63497 -0.86669 0.34448 0.08132 0.21894 0.077738 -0.68432 -0.72207 0.091246 -2.7676 1.376 -0.70696 1.6728 0.75164 -1.0079 -1.2449 0.83705
0.25328 -0.12434 0.50186 -0.74352 -0.19153 1.5575 -1.1182 0.18145 -1.266 -0.52227 -0.53379 1.0156 0.18816 0.61697 -0.16562 -0.88042 -0.2633 -0.81748 -1.4029 1.2295 -1.3739 2.0608 1.2517 -1.2349 -0.17481 0.33466 0.11101 0.058682 -0.64492 -0.69054 0.12361 -1.5432 0.13113 0.2905 0.46684 0.72933 -0.44098 -1.1518 0.5156
0.71902 -0.2328 0.90199 -0.89532 -0.58816 0.9353 -0.75893 -1.1681 0.21353 0.052734 -0.61652 1.2584 0.2887 0.63374 -0.26219 -0.95677 -0.31368 -0.8438 -1.4685 0.62437 -0.72825 1.7304 1.394 -1.4358 -0.72551 0.37897 -0.092059 -0.052311 -0.30516 -0.62013 0.36412 -0.1685 -0.65304 1.3739 -0.67555 0.53114 0.40935 -1.0333 0.17374
1.1807 0.11946 -0.072999 -0.5794 -0.41889 0.23206 -0.87662 -1.1132 -0.030147 0.15072 -0.98103 0.39968 0.18982 0.40574 -0.4697 -0.89458 -0.6105 -0.65297 -1.3516 0.015052 0.16413 1.1851 1.5393 -0.86812 -0.99504 0.42666 -0.33506 -0.36207 0.35235 -0.35244 0.46397 0.75858 -0.95178 1.9403 -1.3475 -0.22283 1.0038 -0.56647 0.013996
1.332 0.44789 -0.75389 -0.77481 -0.031774 -0.23234 -0.86154 -0.4395 0.29435 0.88665 -1.5221 -0.056357 0.19195 0.30174 -0.44244 -0.84087 -0.79969 -0.045954 -0.91104 -0.14844 1.2678 0.50217 1.5629 -0.19251 -1.4341 0.36295 -0.36168 -0.38395 1.0584 -0.015317 0.18962 1.218 -0.22832 1.2806 -1.2489 -0.76042 1.2369 0.24441 -0.017717
0.93677 -0.14786 -0.27304 -1.0929 -0.94228 0.377 -1.507 0.19603 0.46936 0.93565 -1.3875 -0.74177 0.42292 0.12629 -0.81201 -0.30009 -0.66211 -0.33497 -0.15987 -0.19828 1.7369 -0.1894 0.74654 0.22589 -1.0253 0.36859 -0.22178 -0.15836 1.3276 0.55711 -0.13082 1.244 0.30145 0.13832 -0.94634 -1.1414 0.93712 0.82637 -0.086261
0.68967 -0.73747 0.071586 -1.5882 -0.70972 0.19425 -1.3042 0.78087 -0.20852 1.3314 -1.1259 -0.016462 0.59338 0.06502 -0.87168 0.699 -0.32267 -0.65586 0.36964 0.31617 1.203 -0.23745 0.30555 0.58009 -0.20623 0.37402 -0.020796 0.18342 0.82363 1.2229 -0.29037 0.57506 0.52635 -1.0355 -0.60833 -0.85087 0.36435 1.079 -0.19105
1.0237 -0.70921 -0.58108 -1.3969 -0.033458 -0.071996 -0.84047 1.1607 0.041072 1.1418 -0.46562 -0.66377 0.65363 0.08771 -0.58052 0.78973 0.14693 -0.62538 0.49374 0.39254 0.50544 -0.45808 -0.070946 0.69071 0.12165 0.25768 0.11244 0.54841 0.11536 1.4581 0.04529 -0.15853 0.34909 -1.5615 -0.32109 -0.16207 -0.16581 0.86227 -0.2773
1.3182 -1.1301 0.33827 -1.1401 -1.32 0.63488 -1.0327 0.63301 -0.1514 0.58136 -0.55934 -0.10826 0.6036 0.27549 -0.19396 0.13006 0.9906 -0.48894 -0.080555 0.60095 -0.28282 -0.65922 0.30776 0.33991 0.25545 0.057044 -0.072002 0.581 -0.35599 1.0566 0.32377 -0.64231 -0.19253 -1.4887 -0.4055 0.18067 -0.48166 0.64934 -0.2822
1.3054 -0.62105 0.66214 -0.73889 -1.2339 0.65111 -0.33584 0.42578 -0.19183 0.845 -0.60175 0.043453 0.60761 0.23461 -0.050118 0.18136 1.2995 -0.35268 -0.23431 0.36127 -0.79578 -0.66469 0.44499 0.01833 0.55018 0.0028125 -0.41289 0.5247 -0.30583 0.30458 0.56321 -0.76768 -0.28258 -1.0959 -0.38814 -0.045442 -0.21257 0.39628 -0.25373
1.0715 -0.42796 0.074836 -0.89457 -0.94118 0.5688 -0.92864 0.53222 -0.42062 1.0922 -0.65791 -0.2345 0.59469 -0.15354 0.029627 0.32248 0.99642 -0.18393 -0.52659 -0.013841 -1.2685 -0.99944 0.42561 -0.062227 0.93705 -0.032061 -0.76534 0.52834 0.11039 -0.36982 0.62425 -0.4812 -0.24819 -0.51623 -0.32506 -0.87822 0.24004 0.22586 -0.40535
1.1997 -0.83294 -0.46104 -0.12573 -1.4102 -0.29364 -0.69762 -0.012675 -0.93617 1.7574 -0.86515 -0.2401 0.55301 -0.50579 0.36059 0.1062 0.68523 0.29687 -0.79248 0.18012 -1.2955 -1.1164 -0.19945 0.46779 0.60507 -0.1775 -0.98291 0.78053 0.27467 -0.44186 0.41894 -0.19716 0.24741 -0.033239 0.12891 -1.5223 0.41638 0.084389 -0.74189
1.1752 -1.0136 0.41 -0.36205 -0.65603 -0.16676 -0.69352 -0.12578 -1.1051 1.5563 -0.76007 0.94607 0.66725 -0.84773 0.66094 0.35537 0.62463 0.37997 -0.7418 0.23823 -1.1043 -1.1279 -1.0881 0.62386 0.69307 -0.6189 -1.0076 0.92941 0.18888 -0.29359 0.72364 0.53416 0.66 0.72726 0.72469 -1.4115 0.2436 -0.43925 -0.90916
0.81381 -0.66077 0.35691 -0.46154 -0.80284 -0.4205 -0.96815 -0.92628 -1.5247 0.95909 -0.35828 0.7326 0.56132 -1.3348 1.2034 0.65855 0.68258 0.15906 -0.50297 0.74051 -0.93073 -0.33165 -1.7912 0.54734 0.83908 -1.1055 -0.91666 0.64225 -0.15816 -0.45409 0.95352 1.0274 0.76752 1.7131 1.0984 -0.3411 -0.28837 -1.0054 -0.71877
0.48943 -0.10563 0.61113 -0.35425 -1.084 -0.21018 -0.31729 -1.0434 -1.7681 0.019029 0.38856 0.35545 0.24236 -1.7035 1.4778 0.38018 0.46189 1.2723 0.40471 1.0093 0.099938 0.14127 -1.5523 0.41401 -0.11662 -1.2857 -0.35817 -0.065247 -0.16837 -0.75272 0.77534 1.0557 0.55909 1.8851 1.1043 1.2123 -0.2578 -1.2019 -0.052717
-0.058349 0.58765 0.70881 0.061698 -0.54922 -0.47627 -0.16286 -0.60533 -1.8587 -0.073071 -0.04165 0.82499 -0.43821 -1.8656 1.2423 -0.21855 -0.058252 1.6859 0.68987 1.3059 1.7319 0.57522 -0.62218 -0.0074847 -1.1199 -1.2022 0.69933 -1.0306 -0.31825 -0.89973 0.046429 0.37445 -0.33455 1.1646 0.68163 2.3737 -0.084598 -1.3025 0.81882
-0.82219 1.0281 0.50797 0.12176 -1.0419 -0.43891 0.10111 -0.7795 -0.41466 -0.31536 -0.33495 1.054 -0.88401 -1.284 0.50394 0.46256 -0.36753 1.1046 0.77363 1.0637 1.5566 0.75735 0.74761 0.38407 -0.87149 -0.67066 1.8418 -1.5683 -0.50691 -0.77244 -1.3089 -0.48232 -1.3279 -0.27162 0.47139 2.0237 0.23783 -0.80918 1.4715
-0.95689 0.71525 0.082574 0.15935 1.4175 0.83394 0.56234 0.51979 -0.96822 0.6305 -0.29873 -0.52193 -0.73231 -0.18974 -0.39533 0.0069148 -0.53 0.31087 0.071472 0.092975 0.81394 0.80204 1.7779 0.40203 -1.5394 0.13295 2.5489 -1.3882 -0.52578 -0.23321 -2.0886 -0.8157 -1.9807 -1.6087 -0.0011866 0.73453 0.4325 -0.08667 1.5749
-1.3454 0.48472 0.16224 -1.0054 1.3682 0.65154 0.80788 2.5352 -0.55788 0.80924 -0.54993 -0.70891 -0.5753 1.035 -0.87395 -0.6943 -0.70032 -0.61273 -0.22864 -0.92589 0.0033785 1.0234 1.274 0.71337 -1.6232 0.82547 2.241 -0.46911 -0.65529 0.42384 -2.2354 -0.92512 -1.8695 -1.9658 -0.12168 -0.91391 0.10697 0.9473 0.95182
-0.51157 0.029624 1.755 -0.63787 -0.78838 0.33779 0.20877 -0.35111 -0.81726 1.5373 1.2412 0.14751 -0.1802 1.9266 -0.87594 -0.63699 -0.31899 -1.547 -0.41359 -1.5037 -0.86657 0.43488 0.58902 0.73315 -0.93766 1.0238 0.9303 0.5795 -0.10338 1.3442 -1.1177 -0.24921 -0.7906 -1.7387 -0.30281 -1.9079 -0.45581 1.8691 -0.17273
0.54527 -0.45653 0.012439 -0.35643 -1.0804 -0.94932 -0.60561 -0.57876 -0.49514 1.7281 0.53345 -1.7332 0.23957 2.0108 -0.20825 -0.45353 0.28292 -2.344 -0.80574 -1.7271 -1.7314 0.67792 -0.44665 0.45298 0.81314 0.68111 -0.88729 1.3937 0.28437 1.696 1.0022 0.41111 0.90481 -0.31604 -0.54345 -1.7445 -1.0746 1.7096 -1.337
1.1778 -0.17881 -0.92994 -0.47733 -1.0691 -0.48848 -1.4505 -0.45287 0.6011 0.53067 0.49387 -0.84157 0.32856 1.1264 0.4353 -0.3238 1.3915 -1.0236 -0.1196 -1.0088 -1.9679 0.32742 -1.118 -0.393 1.1706 -0.12161 -2.3589 1.4598 0.72528 1.5609 2.6839 1.0956 2.318 0.87992 -0.71385 -0.77825 -0.95104 0.96691 -1.918
1.3985 -0.051367 -0.064681 -0.16844 -1.7995 0.036371 -1.1373 -0.96779 -0.45274 0.50459 0.4477 -0.27228 0.24584 -0.29547 1.2769 -0.33921 1.4911 1.0556 0.45607 0.60348 -0.095202 -0.080891 -1.3053 -0.92392 0.9148 -1.1276 -2.6114 0.57868 0.82496 1.0978 3.0138 1.2273 2.7311 1.6258 -0.78538 0.43822 -0.41579 -0.060255 -1.5475
1.1116 0.66051 0.19629 0.036423 -1.2727 -0.31545 -1.0936 -0.8453 0.10742 0.40132 0.32819 1.2646 -0.047089 -1.5126 1.3213 0.63857 1.8803 1.9595 1.1465 1.8412 0.18806 -0.70539 -0.50181 -0.52412 1.0383 -1.6949 -1.4798 -1.1081 0.30345 -0.031721 1.1599 0.45736 1.6314 1.3477 -0.19835 0.86863 0.17693 -0.57051 -0.088188
-0.21299 0.90058 0.55266 0.78855 -0.20791 0.48946 -0.19187 -1.2485 -0.42005 0.021905 -0.7699 0.54809 -0.91884 -1.753 0.51059 0.58361 2.0081 2.0135 1.0138 2.157 0.6363 -0.47715 0.13308 -0.32422 0.74132 -1.4555 0.31532 -2.4778 0.048152 -0.70076 -1.2213 -0.29231 -0.016787 -0.021285 0.39338 0.5794 0.22977 -0.93122 1.524
-0.63925 1.717 0.31437 0.89712 0.90044 0.3657 1.047 0.010211 -0.92466 0.4349 0.11562 -0.1168 -1.6093 -1.0277 -1.4235 -0.23799 1.0687 0.73476 0.52506 1.3965 0.52553 0.099841 -0.097377 -0.31422 0.043994 -0.12473 1.581 -2.2883 -0.10232 -1.202 -2.4094 -0.66836 -1.1159 -0.56909 0.84724 0.12206 0.10914 -1.0848 2.1818
-1.0616 0.93437 0.21743 1.516 1.1659 0.95059 1.164 -0.40079 -1.2254 1.0877 0.039753 -0.27517 -1.5766 0.070162 -2.3565 0.1709 0.62791 -0.73382 0.20157 0.8201 -0.29161 0.34652 -0.34023 -0.54135 -0.56153 0.96524 1.4056 -1.1958 0.20282 -1.316 -2.2378 -0.57276 -1.3275 -0.97609 0.90613 -0.21074 0.24322 -0.50823 1.7927
-0.48712 -0.046614 -0.026402 1.43 0.4323 0.99273 0.69369 0.24096 0.27726 0.38588 0.13395 1.2199 -0.93848 0.64524 -1.8686 0.63657 0.39884 -1.3833 0.2406 0.37807 -0.53084 0.67596 -0.0031481 -0.17662 -0.60729 1.2149 0.26943 0.38308 0.34062 -1.1398 -1.0371 -0.48232 -0.62654 -0.72674 0.79084 -0.29943 0.402 -0.34565 0.58967
0.46746 -2.8167 -0.30819 0.43691 -1.8614 0.21278 0.064753 -0.85573 -0.081071 0.0081108 -0.37298 0.18573 0.8002 0.13892 -1.6857 0.50618 -0.033762 -1.3096 0.033938 0.12538 -0.8766 1.153 -0.31081 0.12222 -0.015074 1.26 -1.0097 1.3005 0.023372 -0.84496 0.35791 -0.20064 0.37542 -0.22037 0.27234 -0.12476 0.55566 -0.86364 -0.57105
0.76309 -1.6058 1.1936 1.1475 -1.5479 0.12395 0.52656 -1.8224 0.29553 -0.15317 -1.133 -0.040623 0.57128 -0.54325 -0.99175 0.21081 -0.66011 -1.0203 -0.33366 0.5588 -0.69726 1.3701 -0.68442 0.19641 -0.96864 0.84109 -1.4893 1.6454 -0.039748 -0.40085 1.4145 -0.12242 1.1946 0.209 -0.30536 0.010467 0.64922 -0.83293 -1.2123
-0.22598 0.13543 1.378 1.66 -0.45636 1.4496 1.2962 -1.0279 -0.0012014 0.78859 -0.17116 -0.85241 -0.66211 -1.3042 -0.17654 0.40947 -0.37127 -0.24052 0.10554 1.4826 -0.65589 0.5726 -0.22617 0.4312 -2.2119 0.073082 -0.98633 1.3637 -0.0099743 -0.16669 1.2464 -0.18907 1.2385 0.3747 -0.62099 0.45091 0.53606 -0.61731 -1.0338
-1.3047 -1.0483 0.11086 0.86464 -0.093756 0.40401 1.2755 -0.78022 1.0238 0.28588 0.97853 0.71955 -0.12659 -1.5346 0.69125 0.59308 -0.1614 0.81531 -0.023027 2.0367 -0.18326 0.31335 -0.0043678 1.0207 -1.2752 -0.48186 0.013954 0.60428 0.37962 -0.011087 0.54839 -0.50302 0.6588 0.18703 -0.80154 0.50249 0.36159 0.46735 -0.30226
-1.4903 -1.6326 -0.046921 0.42758 -1.0836 0.17327 1.5078 -1.1733 1.5476 -0.29314 -0.12393 -1.5406 0.10168 -1.2886 0.21884 0.27864 -0.59047 0.17845 -0.48156 1.8087 -0.32625 0.35874 0.26212 0.82873 -1.1737 -0.031694 0.91097 0.15955 0.75053 0.28658 -0.13444 -0.58114 -0.12276 0.32292 -0.72632 0.35685 0.030149 1.3093 0.20543
-1.3856 -1.4319 0.94483 0.9465 -1.0747 1.1705 2.5026 -1.3164 0.31177 0.061596 0.25807 -2.4045 -0.091485 -0.52899 0.024042 0.96528 -0.57768 -0.18391 -1.0238 1.6967 -0.45049 -0.22871 0.0865 0.75679 -0.51373 0.32209 1.1413 -0.13818 0.54861 0.65513 -0.50965 -0.27458 -0.68744 0.59826 -0.6595 0.078435 -0.12542 1.6591 0.26687
-1.0827 -0.79393 1.4825 0.74175 -0.26703 -0.10811 2.8241 -1.5499 0.1261 0.23813 1.0021 -0.58939 -0.0079562 -0.040517 0.47312 1.6031 0.34568 -0.025332 -0.53288 1.4419 0.17589 -0.7025 0.45517 0.63934 0.15583 0.058592 0.87379 0.20926 -0.25536 1.1103 0.13454 0.29299 -1.3292 1.1272 -0.61489 -0.48188 -0.4236 1.6063 -0.32525
-1.4972 -0.37565 1.3702 0.78889 -0.97608 -0.18817 2.7826 -2.0085 1.2924 0.77141 0.2119 -1.5447 0.056149 0.055798 0.27938 0.93459 0.54294 -0.098221 -0.52736 0.91719 0.84444 -0.56036 0.07475 0.87104 1.5456 -0.023484 0.50797 0.50102 -1.4494 0.97072 0.38258 0.88146 -1.9744 1.4186 -0.52515 -0.65388 -0.94111 0.77477 -0.88061
-1.4068 -0.54969 1.9191 0.68331 -0.52579 -0.39431 3.3087 -1.0635 -0.28684 0.46078 1.6899 -0.66215 -0.085339 0.11314 0.50756 -0.19935 0.8413 0.37522 -0.13263 -0.3458 1.4205 -0.7851 -0.66551 -0.087256 1.171 -0.47372 0.45124 0.56108 -1.946 0.28056 0.67179 0.88558 -2.2206 0.95365 -0.51426 -0.6924 -1.2283 0.45766 -1.0234
-1.4129 -1.0654 1.8178 1.3382 -0.55284 0.02308 2.9193 -0.25577 0.19035 0.37015 1.2462 0.23291 0.067692 0.37692 1.0119 -0.85032 0.9152 0.33867 0.54187 -1.2015 1.9359 -1.3066 -0.62713 -0.80517 0.60055 -1.0755 0.43881 0.85958 -1.5958 -0.25522 0.78418 0.69844 -2.0228 0.043248 -0.15909 0.17755 -1.4422 -0.35061 -0.93599
-1.2401 -1.3389 1.0549 1.1009 -1.5518 -0.16596 2.9394 -0.23794 0.38144 -0.42083 0.96995 -0.0086122 -0.029043 0.67133 1.2332 -1.1459 0.65753 1.0425 0.70645 -1.7671 1.6584 -1.4255 -0.54413 -1.0395 1.5819 -1.3489 0.52618 0.42422 -1.6544 -0.98006 0.76017 0.31479 -1.6352 -0.74875 0.51698 1.0198 -0.81504 -0.15968 -0.27943
-1.0576 0.29604 0.65385 1.9281 0.42271 0.83993 1.683 0.26796 -1.421 -0.51934 -0.23578 -0.8945 -1.0599 0.62494 1.6452 -1.5814 0.16807 1.0734 0.45541 -2.2578 0.83391 -0.58256 0.38591 -1.6106 0.59028 -1.3542 0.43286 -0.19635 -1.475 -1.0819 0.74688 0.011031 -1.3576 -1.3138 1.0808 0.97287 -0.070529 0.002172 0.52103
-0.59499 1.2949 0.52606 1.3684 -0.15194 0.37097 1.2431 0.80879 -1.4825 0.30624 -0.24249 0.066608 -1.5019 1.0073 1.0411 -2.9322 -0.55706 1.4664 0.55103 -2.9537 0.40976 -0.054815 0.86696 -1.35 0.82871 -0.86262 0.041255 -0.84175 -0.70359 -0.82687 0.054942 -0.16349 -0.32816 -1.0541 1.2274 0.56249 0.87063 0.08724 1.0289
-0.6674 0.71384 0.37666 1.2383 0.62474 0.64555 0.98471 0.12361 -0.85642 0.23112 -0.31521 1.6866 -1.4065 1.0456 0.70588 -2.7216 -0.43288 1.5594 0.65677 -3.2073 -0.19312 0.29697 0.6135 -0.78122 0.97079 -0.33506 -0.050787 -1.303 -0.10113 -0.26808 -0.35292 -0.23919 0.67769 -0.5527 0.78151 -0.23161 1.7238 0.13557 1.2134
-0.73227 1.0897 -0.12061 0.96098 0.46225 0.055001 0.57896 0.11661 -0.40633 1.0124 -0.45705 -0.37032 -1.4056 0.53612 -0.0016109 -1.9038 -0.53808 0.88409 0.29638 -1.9003 -0.033655 0.73478 0.4759 0.35391 1.5646 0.084337 0.18195 -1.273 0.56901 0.069983 -1.1948 -0.72737 1.1895 -0.38738 0.26986 -0.42294 1.7399 -0.63324 1.2692
0.35318 -0.48451 -3.1705 0.77271 1.0973 1.2021 -1.2742 0.42584 0.36868 0.71464 -0.78275 1.3939 -0.67953 0.75665 -0.46866 -2.3018 -0.33134 0.65447 0.12303 -1.447 -0.092671 0.67632 0.14336 1.1036 0.49711 0.46351 0.63537 -1.2503 0.59177 0.05217 -1.6402 -1.3871 1.2225 -0.23801 0.068394 -0.40642 1.094 -1.2865 1.3853
0.1849 0.83232 -1.6253 1.3219 1.0481 1.2007 -1.3834 -0.53902 -0.47585 -0.376 -0.32307 0.68613 -1.0075 1.5005 -0.94625 -2.1004 -0.48902 -0.43152 -0.61128 -1.5064 -0.44013 0.32341 0.28521 1.307 -0.27996 1.1348 0.86676 -0.76279 1.0018 -0.054141 -1.5812 -1.9778 1.175 -0.21828 0.16243 -0.33023 0.14159 -1.7089 1.3542
-0.72817 0.98884 -0.54761 1.2568 1.3096 0.78158 0.32911 0.98211 -0.74405 0.63438 0.79417 2.0954 -1.4599 1.7939 -1.3507 -1.5392 -0.37068 -1.0008 -1.6287 -1.0129 -0.47456 0.64302 -0.075295 1.0107 -0.82924 1.7556 0.5777 -0.6187 1.1947 -0.37923 -1.3594 -1.9528 1.3965 0.5549 0.3895 -0.3572 -0.37999 -0.81696 1.2392
0.81855 0.12773 -2.9662 0.71722 0.56122 0.18308 -0.60201 0.24445 0.08038 0.77348 1.4775 0.5348 -0.64535 1.6979 -1.1057 -0.43743 -0.62311 -1.3914 -2.7401 0.18203 -0.28579 1.0913 -0.048086 0.70617 -1.3847 1.9954 0.014919 -0.2653 1.1218 -0.31926 -0.84314 -0.87758 1.4182 0.912 0.21205 -0.72348 -0.43796 -0.38741 0.71142
1.988 -1.284 -2.8099 0.46239 -0.41446 -0.6908 -1.8194 -1.1048 -0.051287 0.94074 0.83064 0.33169 0.68441 1.7763 -1.6433 -0.9265 -0.95436 -1.5364 -2.6752 0.43654 1.0175 1.1141 -0.37668 0.63504 -0.68321 2.373 -0.7851 0.32966 1.8312 -0.1861 -0.33635 0.67725 1.495 0.8707 -0.45037 -0.52505 -0.074529 -0.057981 -0.21039
1.9465 -1.2037 -3.0067 0.78635 -0.45865 -2.0569 -1.3717 -0.15592 1.2221 0.36596 0.16269 -1.2679 1.1818 1.5332 -1.3412 -0.33569 -0.77926 -1.8288 -1.8155 0.53875 0.75422 0.53307 -0.97585 0.6064 -1.1804 2.1692 -1.4387 0.73481 2.3505 -0.098396 0.23248 2.1865 1.0612 0.41787 -1.1517 0.041389 0.1669 -0.30691 -1.1031
2.0403 -0.87761 -2.396 0.39757 -0.23007 -2.385 -0.18972 0.24023 1.627 0.053358 0.49285 0.4771 1.258 0.34444 -0.57363 1.8019 -0.63492 -1.4599 -0.73076 1.7271 0.85872 -0.038376 -0.63037 0.92102 -1.0645 1.2708 -1.6597 0.90634 2.9578 -0.17488 0.61612 2.7185 0.37016 -0.76954 -1.5179 1.0207 -0.33457 -0.67994 -1.6506
1.9039 -1.2015 -2.2532 0.33157 -0.79493 -2.0429 0.11265 2.2657 0.23937 -0.49716 1.7679 1.0125 1.4619 -0.38901 -0.16366 2.5574 -0.96721 -0.99923 0.64509 1.6161 0.69198 -0.78113 0.18107 0.92116 -1.8518 0.46263 -1.3366 0.70493 2.0965 -0.0085224 0.97629 2.3525 -0.8319 -1.4509 -1.3562 1.5156 -1.1152 -0.25552 -1.6072
1.9323 -1.3003 -1.859 0.2825 -1.6677 -1.309 0.41088 0.79683 -0.14229 0.075663 2.1007 -0.65536 1.4142 -0.49523 -0.40905 3.1169 -1.1825 -0.77338 1.5084 0.64059 -0.55693 -1.4547 1.0858 -0.19772 -1.7914 0.10831 -0.67632 0.78359 0.41691 0.39824 0.97446 1.268 -2.1368 -2.2656 -0.77317 0.97446 -1.8148 0.5686 -1.382
1.6342 -1.1688 -0.29635 -0.027569 -1.5407 -1.0732 0.93406 0.0047981 0.34984 0.54592 2.1899 -1.711 1.3928 -0.65122 -0.0069157 2.8928 -0.52803 -0.29251 1.752 -0.5003 -1.5803 -1.6416 1.1866 -1.1182 -1.3664 -0.28556 -0.60199 1.2372 -0.76146 0.76899 1.1259 -0.1194 -2.2326 -1.5629 0.10808 -0.45021 -1.7166 1.9538 -1.3071
1.3694 -1.5473 0.26224 -0.51779 -1.3016 -0.22906 -0.26479 0.079311 -0.80027 1.1532 1.0377 -2.7708 1.4435 -0.84475 0.92332 2.3927 -0.14464 0.062759 1.2491 -1.321 -2.7654 -1.2537 0.81619 -1.7849 -0.11985 -0.96574 -0.72042 1.4913 -1.897 0.74217 0.90587 -0.78342 -1.1968 -0.35845 1.0273 -1.4573 -0.73311 2.3857 -1.254
1.3852 -1.7032 0.74016 -0.39781 -1.1119 -0.37099 -0.28693 -0.50388 -0.7505 1.2213 -0.75981 -1.845 1.3025 -1.39 1.6608 1.4837 -0.10868 0.75371 0.55289 -1.6947 -1.4824 -0.65708 -0.55495 -1.8085 1.4192 -1.4696 -0.49315 0.87523 -2.3681 0.34983 0.48997 -0.87399 0.20829 0.57431 1.3556 -1.566 0.62411 1.785 -0.76245
1.1292 -0.48782 0.62678 0.30952 -0.75299 0.1428 -0.7094 -1.0838 -1.5011 0.66269 0.046269 0.31789 0.76376 -1.5319 1.7606 0.27109 -0.063004 0.44586 0.56749 -1.0503 -1.3446 0.22825 -0.9078 -1.3492 1.8328 -1.6686 0.1327 -0.3583 -2.3169 -0.056175 0.0097666 -0.67584 1.1229 1.2749 1.0636 -0.72917 1.6091 0.30706 0.16104
0.64849 0.50844 0.47452 0.22452 -1.4181 -0.39021 -1.4136 -2.2688 -1.5543 0.3469 0.1372 0.22253 -0.06745 -1.2718 1.3347 -0.47388 0.053857 0.44803 0.37251 -0.20604 -1.0625 0.48932 -1.031 -0.035916 1.4081 -1.3747 1.1138 -1.5437 -1.9137 -0.37223 -0.54503 -0.79994 1.3896 1.128 0.54472 0.8767 1.3779 -1.0985 1.1019
-0.41392 0.96713 0.42741 -0.31482 -0.36012 -0.62257 -1.3157 -0.49864 -0.25863 -0.58708 -0.23697 0.030036 -0.41753 -0.65093 0.35751 -0.96057 -0.33427 0.21213 0.012472 0.13325 -0.26971 0.42536 -0.36881 0.65867 0.52186 -0.70957 1.783 -2.0283 -1.2754 -0.55526 -0.42771 -0.97347 0.88082 1.5184 -0.038208 2.0269 0.63659 -1.449 1.7397
-0.32956 0.38164 0.19125 -0.44892 -1.1369 0.49461 -0.11938 -1.9242 0.78458 0.41601 -0.26424 -0.40614 -0.35201 0.33026 -0.75856 -1.4817 -0.6505 -0.21376 -0.7429 0.42792 0.37608 0.39554 0.93138 0.04098 -0.25147 0.13141 1.9329 -1.7661 -0.29551 -0.63701 -0.48636 -0.68434 0.11434 1.4712 -0.34963 2.3238 -0.30485 -1.1277 1.7107
0.20591 -0.41988 -0.27842 -0.16259 -0.48196 0.30306 -0.58736 -1.4648 -1.0767 0.30772 0.74654 -0.65299 0.10424 1.1294 -1.2917 -1.6178 -0.71784 -0.07902 -0.79272 0.36312 1.1552 0.18928 2.1437 -0.061814 -0.40216 0.86363 1.344 -0.75752 0.85883 -0.1655 -0.36135 -0.30407 -0.32366 1.2512 -0.2619 1.2747 -0.79678 -0.76395 1.0553
0.88295 -0.91036 -0.50335 -0.38195 -0.94488 -0.74038 -0.52277 -0.95598 -0.80708 0.80442 0.41204 0.15598 0.37217 1.5918 -1.4105 -0.71334 -0.90858 -0.37644 -0.56862 -0.073068 1.3447 -0.13938 2.3331 -0.28983 -0.51738 1.0691 0.32504 0.33796 1.6218 0.39085 -0.47293 0.25356 -0.29499 0.58011 0.053475 -0.17528 -0.66002 -0.54807 0.096188
1.4992 -0.80382 -1.4643 -0.37878 -1.4757 -1.6238 -0.66999 -0.8395 -0.79292 1.7232 -0.34727 0.13133 0.56571 1.3267 -0.85103 0.23664 -0.51044 -0.43302 -0.66323 -0.21553 1.9017 0.13226 1.4739 -0.80378 -0.96616 0.81416 -0.73215 1.4538 1.6129 1.1046 -0.172 0.84092 0.050064 -0.24533 0.441 -1.4126 -0.26212 -0.028498 -0.97456
1.4745 -0.80822 -1.2819 -0.90743 -0.90491 -1.1163 -0.96529 0.1085 -0.23424 2.4802 -0.12805 -0.80329 0.81419 0.85857 -0.30279 0.59317 -0.057642 -0.98064 -0.28883 0.17342 1.2433 0.53275 0.93967 -0.93407 -1.1355 0.3373 -1.6623 1.9893 1.39 1.6539 0.40908 1.2168 0.58864 -0.72386 0.29011 -1.935 0.10464 0.60022 -1.673
1.4837 -1.3079 0.35532 -1.4021 -0.97101 -0.20013 -0.86682 0.81801 -0.03777 1.7022 -0.58867 -0.97636 0.85338 0.067109 1.0823 0.71449 0.83839 -0.13452 0.75264 0.36346 0.70574 0.78429 0.064462 -0.2658 -0.16411 -0.61162 -2.0431 1.7889 0.74586 1.9136 0.90696 1.2259 0.87829 -1.2617 -0.20443 -1.8526 0.4838 1.415 -1.9007
1.5648 -0.99342 0.46891 -0.25964 -1.7298 -0.55432 -0.21783 0.27721 0.19606 1.5489 -0.97394 -1.8107 0.67776 -1.016 1.6311 1.6181 1.3878 0.2488 1.1551 0.80272 0.43344 0.14548 -0.77203 -0.32916 0.33562 -1.3782 -1.9386 1.2371 -0.18943 1.5784 1.5427 0.85647 0.54835 -1.2209 -0.57661 -1.4626 0.92202 1.7267 -1.6195
1.6613 -0.89158 -0.38314 0.027177 -2.1759 -0.95076 -0.36645 -0.17715 -0.73078 1.4968 -0.32152 -1.2634 0.49802 -1.7142 1.7859 1.0952 2.2053 0.69674 1.0645 1.1953 -0.33664 -0.11272 -1.3171 -0.095261 1.2696 -1.9185 -1.3316 0.14384 -0.78489 0.4703 1.4544 0.32521 0.16674 -0.79096 -0.68459 -0.7907 0.74483 1.4417 -0.78732
0.89382 1.6422 -0.41635 0.53083 -0.48546 0.34521 -0.22928 0.052547 0.88456 1.3998 0.10531 1.1441 -0.80016 -2.0257 1.8358 0.032268 2.0938 1.5867 1.2714 0.84482 -0.7928 -0.24716 -1.2443 0.89466 1.7757 -2.0685 -0.45598 -0.59173 -0.89773 -0.36261 1.0853 -0.097069 -0.47933 0.052802 -0.10995 -0.47204 0.45075 0.54235 0.097327
-0.42671 1.0954 1.3941 0.48606 -0.83569 0.29225 0.31071 0.45029 -0.98065 1.1699 -1.3057 -0.31303 -1.083 -2.0226 1.2643 0.028059 1.325 2.0076 1.3556 0.69165 -0.33184 -0.47697 -1.2442 0.67117 2.1433 -1.754 0.54696 -1.3227 -0.54137 -0.8926 0.23399 -0.39505 -0.8009 0.55514 0.10527 -0.046085 -0.010214 -0.7868 0.96675
-0.83083 0.73215 0.46941 1.2108 0.043352 0.68895 0.68999 -0.30664 -0.13424 0.58096 -0.19823 0.4635 -1.3595 -1.7537 0.69199 0.46223 1.1678 1.6852 0.83209 0.15421 0.55959 0.089495 -1.7225 0.23051 1.0308 -1.2771 1.3091 -1.3712 -0.48662 -0.90652 -0.40022 -0.43715 -0.54574 0.7293 0.58815 -0.011037 -0.43655 -1.5194 1.2954
-0.71687 1.0133 -0.20345 0.92245 0.71157 1.4622 0.026022 -0.71799 -0.35945 0.28116 1.2572 0.93361 -1.528 -0.79169 -0.31706 -0.14571 1.0539 1.0808 0.51491 0.018319 0.175 -0.062434 -1.1488 0.22981 -0.027122 -0.48879 1.6033 -0.75002 -0.4103 -0.91142 -0.96332 -0.42718 -0.20264 0.6382 0.60956 0.10685 -0.34147 -1.6496 1.1655
-0.76148 0.8833 0.079479 1.114 0.35912 0.82021 0.62642 0.03266 -0.89444 0.45713 -0.39228 1.4562 -1.4032 -0.10062 -0.14624 -0.8048 0.58989 1.2478 0.83889 0.15267 0.50888 0.78892 -1.2935 0.2298 -0.35226 -0.25508 1.3042 -0.18689 -0.23749 -0.97194 -1.0773 -0.44415 0.27593 0.31615 0.31518 0.55143 -0.42675 -0.81597 0.79022
-1.0286 1.1928 0.7083 1.4324 0.26246 0.24552 -0.52249 1.4176 0.43951 -0.59749 -0.3009 0.31202 -1.5866 0.26369 0.16404 -0.12028 -0.034412 0.32698 0.51918 0.32722 1.0565 0.4621 -1.2268 -0.01808 -0.6527 -0.064337 0.56859 0.3089 0.2071 -0.96858 -0.97711 -0.50063 0.15865 0.097507 0.13248 0.75866 -0.19273 0.14509 0.30901
-0.4841 0.79958 -0.14926 1.6849 0.93241 1.5117 0.3906 -0.34037 0.014052 0.61253 0.041756 0.40287 -1.4595 0.2498 0.068433 -0.010546 -0.045375 -0.059242 -0.036798 0.56021 0.80272 0.4913 -0.57155 -0.51089 -0.38697 0.0025921 0.056913 0.25639 0.14087 -0.69957 -0.96467 -0.62701 -0.2001 -0.71476 -0.56535 1.3161 0.087842 0.77577 0.15808
-0.77698 0.64904 -0.12878 0.99196 1.3252 2.0678 1.0096 0.84392 0.54189 -0.82026 -0.40473 -0.73289 -1.5246 0.13372 0.19305 -0.17503 -0.37975 -0.19177 -0.026153 0.14816 0.25091 0.36274 0.012364 0.21706 0.28508 -0.034533 -0.29856 0.14304 -0.22119 -0.19228 -0.56429 -0.5484 -0.45157 -0.68947 -0.62256 1.3253 0.45184 1.0228 0.019495
-0.29806 1.3619 0.22636 0.94248 0.12437 1.2435 0.78422 1.037 0.057107 -0.88103 0.74993 0.63543 -1.4776 0.06994 0.35073 -0.53295 -0.50431 -0.39469 -0.11831 -0.11808 -0.57834 -0.36593 0.71248 0.30729 0.80285 0.028063 -0.33901 0.031393 -0.24636 0.3131 -0.29574 -0.26789 -0.35051 -0.31237 -0.70754 1.2301 0.68118 0.77313 -0.020493
-0.55536 1.0186 -0.073527 1.1339 0.38864 0.49249 0.5552 0.51851 0.13795 0.25932 -0.59166 1.0897 -1.4957 -0.23207 0.30565 -0.28879 -0.15838 -0.62716 -0.51383 -0.18031 0.31034 -0.4352 0.7749 0.51797 0.89694 -0.040774 -0.32386 -0.2973 -0.14413 0.71877 0.14765 0.090373 0.26894 0.2484 -0.43623 0.7523 0.29037 -0.046833 -0.026256
-0.84217 1.2365 0.097047 0.9625 0.14246 0.68919 0.083976 0.70117 0.14634 0.42592 0.078501 1.5137 -1.5309 -0.23167 0.069593 -0.43024 0.40051 -0.44021 -0.30967 0.073248 0.13152 -0.616 1.5025 0.75638 0.92552 -0.033513 -0.15029 -0.42908 0.070223 0.66934 0.41358 0.4909 0.73789 0.67352 -0.015358 -0.072077 0.3251 -0.61324 -0.03915
-0.70845 1.5589 -0.56491 1.0645 0.27572 1.0529 -0.40074 -0.42324 -0.42727 0.44458 0.45258 0.69051 -1.4928 -0.35036 -0.27219 -0.51259 0.45487 0.096145 0.26428 0.59941 0.437 -0.44274 1.1269 0.60491 0.1141 -0.053857 0.051722 -0.33831 0.031987 0.30321 0.46715 0.69368 0.79411 0.37956 0.07006 -0.46742 0.24821 -0.71761 -0.00092083
-0.86304 0.91358 -0.42019 1.3949 0.31511 1.2043 1.2036 1.2724 -0.45083 0.72131 0.8829 1.0828 -1.549 -0.16828 -0.23208 -0.30812 0.38708 0.026905 0.48279 0.946 0.7958 -0.39954 0.41418 0.94778 -0.10907 -0.039861 0.082034 -0.13664 0.13007 -0.022275 0.23354 0.44636 0.527 0.39193 0.11443 -0.74012 0.16927 -0.53866 0.00062021
