39 275
-0.52396 0.53493 -0.63723 0.96084 0.1453 0.35745 -0.28249 0.54395 -0.33708 -0.264 0.84789 0.39678 -1.4539 -0.25895 0.45786 0.46762 0.56491 0.60831 0.25472 0.90631 -0.00043322 -0.43576 0.99506 -2.1545 -0.62864 0.020605 0.15761 -0.15248 -0.26788 -0.1332 -0.26174 -0.1567 -0.14912 0.17273 0.37818 -0.14169 0.26803 0.77915 0.043025
-0.41605 0.79936 -0.75678 1.1919 0.21595 0.48881 -0.060279 0.72188 -1.2892 0.85029 0.27735 0.80888 -1.3996 -0.13039 0.45154 0.17056 0.43494 0.20956 0.17087 1.2162 0.11184 -0.15605 1.0428 -2.1289 -0.064811 0.03254 0.09368 -0.35309 -0.011639 -0.24752 -0.2657 -0.094884 -0.54674 0.19065 0.37744 -0.68437 0.87093 1.1549 0.035435
-0.4177 0.98009 -0.032746 1.6593 1.1948 0.92389 0.87373 0.28357 -0.70668 1.7658 -1.175 -0.13039 -1.3388 -0.053725 0.15929 0.093684 0.35727 0.29734 -0.039429 0.43296 0.2998 0.241 0.67803 -1.5727 0.69697 0.10028 -0.078312 -0.45855 0.31665 -0.36859 -0.35722 0.032919 -0.87972 0.41227 0.31336 -1.4046 1.4296 1.2456 0.0061851
-1.1216 0.98573 -0.12558 1.3923 0.7253 0.44894 0.7278 0.67927 -0.76942 0.20406 -1.9768 -0.69374 -1.5129 -0.20229 -0.078088 0.61911 0.16785 0.24578 0.19109 0.04294 0.24219 0.040912 -0.22723 -0.6131 1.0856 0.051465 -0.24218 -0.50148 0.3338 -0.38506 -0.43351 0.33093 -1.0723 0.38875 0.1946 -1.5137 1.8575 0.84392 -0.047734
-0.41327 0.91033 -0.85589 1.1908 -0.13394 0.45077 1.1464 0.79654 -0.26725 1.0442 -0.90645 1.1716 -1.3964 -0.3603 -0.16416 0.83178 -0.044159 -0.10501 0.29309 -0.26169 0.77711 0.14526 -1.1942 0.066785 1.3591 0.024255 -0.13631 -0.25055 0.39793 -0.072571 -0.33706 0.54479 -0.46939 0.086738 0.090966 -0.37604 1.5724 -0.20425 -0.10514
-0.47266 0.5194 -0.52049 1.3575 0.80517 0.22584 -0.60918 1.0391 0.030591 0.58012 -0.42074 1.843 -1.2803 -0.39696 -0.35564 0.42255 -0.13982 -0.43219 0.65745 -0.56969 0.66816 0.32013 -1.064 0.90904 1.3443 -0.022485 -0.0021946 0.034723 0.20326 0.32801 0.15372 0.23752 -0.13088 -0.44829 0.18545 0.62247 0.8373 -1.2455 -0.15244
-0.87344 0.61326 0.63534 1.2974 0.72951 1.0745 0.084766 0.69028 -1.2441 -0.31809 -0.029357 1.5464 -1.4248 -0.1937 -0.19116 0.93487 0.35955 -0.019868 0.81391 -0.20873 0.26858 0.31048 0.33355 0.93858 0.16099 -0.068808 0.14042 0.32141 -0.10376 0.45218 0.33095 -0.033463 0.38213 -1.0353 0.033389 1.0395 0.11085 -1.4462 -0.16345
-1.0075 0.91245 0.47957 1.3707 0.28943 1.0533 0.38155 1.9791 -0.83411 -0.47084 -0.88628 1.6892 -1.3776 -0.29163 -0.0084587 0.9405 0.61426 0.49722 0.39407 -0.26613 -0.40809 0.36725 0.24722 0.71422 -0.85462 -0.20117 0.46513 0.43183 -0.73771 0.22263 0.38421 -0.53402 0.43546 -0.87693 0.0020643 0.91171 -0.57943 -0.95384 -0.059112
-1.0874 0.49548 -0.14205 1.3994 0.29337 1.6414 0.29971 0.87275 0.43469 0.36898 -0.37598 0.96909 -1.4585 -0.17309 0.26643 0.36226 0.47499 0.067422 0.33863 0.31238 -0.78112 0.20899 0.22436 0.43607 -0.49167 -0.20724 0.56381 0.23982 -1.2752 -0.30386 0.13135 -0.81747 0.20746 -0.42541 -0.13288 0.33781 -0.55588 -0.047543 0.086829
-0.86381 0.79564 0.80644 1.8696 0.58287 1.0245 0.54036 0.89921 -0.19909 1.7536 -0.29728 -0.16407 -1.5584 0.3925 0.23083 -0.70651 0.24032 0.26443 -0.20617 0.00043864 -0.58184 0.39191 0.80863 0.015067 -0.27118 -0.068704 0.5078 0.1844 -0.88081 -0.8201 -0.31573 -0.68618 -0.016179 0.31728 -0.16486 0.18637 -0.5256 0.73448 0.26734
-0.63273 0.75953 0.27033 1.8745 1.2272 0.52443 -0.23047 -0.0030888 0.20916 0.59352 0.55205 0.9259 -1.549 0.43415 0.1374 -0.67838 -0.066848 0.34723 -0.56205 0.040478 -0.50263 0.033752 0.72067 0.19127 -0.21637 0.036835 0.58384 -0.3009 -0.43455 -1.6274 -0.62402 -0.70291 -0.37986 0.15166 -0.0073532 -0.13307 -0.73561 0.75763 0.7725
-1.0126 0.95104 0.29331 1.6258 0.53129 1.285 0.19044 0.24857 -0.63735 -0.25832 -0.14069 1.8557 -1.497 0.2781 0.39831 -0.2265 -0.75893 -0.25757 -0.56542 -0.1873 0.10252 0.12281 0.36337 -0.1981 0.52376 0.20404 0.9488 -0.72266 0.1318 -2.1367 -1.0481 -0.747 -0.37811 -0.2337 -0.0013678 -0.0085675 -0.63597 0.19393 1.3777
-0.30376 0.9255 -0.68048 1.3844 0.83068 0.87211 0.39434 0.94018 -0.35952 1.2512 -0.82131 0.89118 -1.4342 0.88857 -0.40276 -0.71695 -2.2814 -0.88333 -0.9255 -0.36577 -0.80971 0.34466 0.17109 -0.92322 0.67431 1.1781 1.6197 -1.1112 0.1648 -1.9594 -0.96817 -1.0522 -0.75257 -0.7211 0.16596 0.36436 -0.32959 -0.41768 1.7424
-0.68518 0.83132 -0.2408 1.3487 0.69776 0.33847 0.5223 1.1211 -0.056011 1.2055 -0.27157 0.62369 -1.3501 1.7991 -0.8908 -0.45011 -2.9252 -1.1531 -1.5576 -0.565 -0.89716 0.25023 1.057 -0.68899 -0.30759 2.0737 1.6671 -1.247 0.41682 -1.025 -0.59416 -1.0271 -0.83413 -1.2094 -0.089773 0.063359 0.30746 -0.8296 1.5662
-0.81055 1.1446 0.46065 0.60568 -0.18483 0.83514 -0.27443 0.64694 0.83979 1.3293 -0.35102 1.5559 -1.2811 2.4643 -1.3525 -0.26674 -2.9027 -1.083 -2.218 -1.2753 -1.4613 0.33777 1.0949 -0.19561 -0.64442 2.5332 1.0108 -0.67878 0.81424 0.52815 -0.37385 -0.29942 -0.57482 -0.80469 -0.4382 -0.42855 0.58592 -0.55902 0.63078
0.7838 -0.13872 -0.46428 -1.1169 -0.39262 -0.74393 -0.28331 -1.4976 0.016734 1.1697 -1.5305 1.2412 0.26005 2.3626 -1.5209 0.32719 -2.5016 -1.3117 -2.0203 -1.3975 -2.0216 -0.04697 0.019254 0.11359 -0.50428 2.6108 -0.22847 0.10276 1.0181 1.7516 -0.25197 0.78838 0.12022 -0.11056 -0.68761 -1.0511 0.22009 -0.20561 -0.65561
1.6661 -0.18537 -0.43203 -1.0702 -0.25209 -1.2674 -0.84087 -0.59686 -0.017596 1.9435 -0.084435 0.47938 0.82989 2.3475 -1.3955 0.4285 -1.4454 -1.5315 -1.3196 -1.1048 -1.8757 -0.41698 -0.17812 -0.077365 -0.36056 2.1523 -1.8894 1.4604 1.0683 2.9034 0.27986 1.9005 0.8022 1.1524 -0.62011 -1.0999 -0.21295 -0.053426 -2.257
1.7463 -0.41676 -0.28483 -0.90979 -0.66844 -1.4217 -1.3171 -0.89003 -0.075657 1.7026 -0.62297 0.58684 0.85594 1.4613 -0.6831 1.1238 -0.16316 -1.4203 -0.42626 -0.43928 -0.90876 -0.8102 -0.42218 -0.252 -0.8589 0.97441 -2.9775 2.1637 0.4921 3.1747 1.1808 2.6714 1.2483 2.0891 -0.27534 -0.36003 -0.46197 0.21217 -3.2365
1.6229 -0.53472 0.26082 -0.85493 -1.0061 -1.3472 -1.0396 -1.5133 -0.14699 0.77823 -0.46265 0.22955 0.92523 -0.34518 1.0101 1.352 1.7186 -0.49047 0.82081 -0.20286 0.32786 -0.57565 -0.89811 -0.4057 -0.5648 -1.091 -3.4647 2.0061 -0.38634 2.3511 1.9128 2.3402 1.5574 2.1412 0.23354 0.16149 0.2022 0.60593 -3.0952
1.7168 -0.46577 0.63486 -0.23226 -1.8992 -0.65556 -0.87429 -1.5448 -0.31952 1.0276 -0.67173 0.98097 0.71802 -1.4274 1.4022 0.78732 2.2486 0.45033 2.3087 0.58011 1.1239 -0.53339 -0.35152 -0.62635 0.044125 -2.1382 -3.2036 1.0559 -1.2606 1.1654 2.3893 1.324 1.7221 1.6175 0.9882 0.51635 0.70291 0.66607 -1.9616
1.2826 0.2556 1.5885 -0.33475 -1.9297 -0.063101 -0.70663 -0.89602 -0.76518 0.91216 -1.3219 0.027577 0.073992 -2.1847 1.3864 -0.15085 2.0365 1.233 2.0404 1.4217 1.4611 -0.044724 0.10099 0.56921 0.44068 -2.3838 -2.1489 -0.30998 -1.449 -0.28148 2.182 -0.13023 1.6978 0.71971 1.3818 0.26151 0.706 0.16033 -0.1452
0.39842 1.4161 0.39689 1.1268 0.10818 -0.14303 -0.93011 -0.37179 -0.72701 0.14336 -1.5239 0.23968 -1.0845 -3.1452 1.1369 -0.53388 1.9982 2.3403 1.6306 2.1082 1.8145 1.0313 0.1039 0.74786 0.014293 -2.2401 -0.92263 -1.0869 -0.97738 -1.0155 1.2063 -1.3407 0.80244 -0.54512 1.4755 -0.58052 0.69562 -0.27558 1.2136
0.019273 0.86938 0.13856 1.2705 0.5061 2.124 -0.020804 1.226 -0.60183 2.1924 -0.47726 0.87761 -1.3058 -3.1939 0.53997 -0.75455 1.2751 2.7855 0.87748 2.3452 1.4495 1.5815 -0.61093 0.40086 -0.20976 -1.325 0.31032 -1.3968 0.11494 -1.7793 -0.61069 -1.4983 -0.11267 -1.6167 0.71473 -1.2555 0.21467 -0.68803 1.9549
-0.8091 0.53147 -0.39611 0.72708 0.28282 0.2218 0.92972 -0.02744 0.2823 1.2962 0.80347 1.329 -1.1953 -2.516 -0.26259 -0.78167 0.59503 2.0061 0.15306 1.6704 0.028564 1.7914 -1.1682 0.93018 -0.18335 -0.27758 1.3762 -1.0537 0.718 -1.8868 -1.9237 -1.4969 -1.1924 -2.1077 -0.459 -1.4524 -0.15566 -0.73926 1.924
-2.1182 0.65716 0.44905 1.4114 1.7049 0.63768 1.8385 0.58711 1.8341 0.42035 -0.23452 -0.24859 -1.2291 -1.9665 -0.59432 0.17813 -0.82125 0.21416 -0.27752 1.3938 -0.9228 1.1038 -1.7885 0.96306 -0.85793 0.48443 1.9487 -0.41949 0.76479 -1.3043 -2.1224 -0.69202 -1.7727 -1.4178 -1.283 -0.52833 -0.48252 -0.5171 1.1977
-1.5499 0.54533 0.26721 0.93335 1.5417 0.52952 1.6024 0.40726 1.3353 -0.3409 -1.3795 0.37159 -0.67706 -1.3882 -0.32044 0.35097 -0.72752 -0.10221 -0.84572 0.2146 -1.2732 0.31594 -2.2274 0.1915 -1.164 0.64388 2.052 0.13036 0.30329 -0.58824 -1.3336 -0.12403 -1.5484 -0.38383 -1.8745 0.78054 -0.35663 0.032012 0.29461
-1.3845 0.4423 0.12957 0.77324 0.9837 0.29105 0.40064 -1.1207 1.2631 -0.70268 0.36198 -0.060237 -0.70508 -0.39989 -0.24326 0.11925 -0.67449 -0.27312 -0.044805 -0.43678 -0.77262 -0.37804 -1.1494 -0.17609 -0.76679 0.57313 1.631 0.47983 -0.2934 0.23184 -0.37232 0.10469 -0.89926 0.67217 -1.5673 1.9522 -0.20622 0.49129 -0.48952
-2.0779 0.63295 0.51973 -0.021985 -0.16282 0.4116 1.4153 -0.86152 0.28502 -1.2629 0.5717 -0.59908 -0.81633 0.23686 -0.19916 -0.1892 -0.65951 -0.33576 -0.23311 -0.48338 -0.82019 -1.4161 0.067356 0.81193 -0.15162 0.25899 1.2895 0.59294 -0.34983 0.65541 -0.051134 0.25245 -0.045563 1.3238 -0.81326 2.5416 -0.23292 0.8813 -0.83135
-1.9656 0.30438 0.29298 0.7324 0.83942 0.39776 0.57753 -0.29127 0.34952 -0.56718 -0.15109 -0.32169 -0.61489 0.030974 0.25206 -0.12274 -0.39899 -0.39351 -0.38979 -0.050236 0.22112 -1.3288 0.96754 0.2738 -0.34616 -0.28589 0.96186 0.55068 -0.37503 1.0524 0.072133 0.11365 -0.082264 1.1886 -0.056821 1.5805 -0.58541 0.61155 -0.88327
-1.4872 0.30779 -0.14747 0.33922 0.8612 0.32747 0.94538 -0.61392 0.76111 -0.22539 -0.27384 0.10835 -0.56301 0.61768 0.55515 -0.20623 0.43671 -0.14462 -0.17954 -0.09355 0.92335 -0.91228 1.7986 -0.46733 0.44244 -0.56231 0.86403 0.38245 -0.20476 0.81267 -0.10716 0.82217 -0.2959 1.1189 0.47172 -0.039321 -1.1728 0.3061 -0.63452
-1.5372 0.51143 0.32782 0.68791 1.507 0.26195 1.235 -0.70312 -0.76859 0.46631 0.82181 -0.29501 -0.88535 1.066 0.42204 -0.59833 0.87197 -0.23264 0.14061 -0.81872 0.7746 -0.73348 1.1434 -0.69398 0.20045 -0.75414 0.96663 -0.31721 -0.14369 0.4381 -0.25591 1.2618 -0.33666 0.65873 0.52773 -0.93964 -0.82766 -0.039908 -0.043566
-1.5979 1.0719 0.13747 0.185 0.029296 -0.21515 1.1047 0.53108 -0.55462 0.66659 -0.86768 -0.42277 -1.1377 1.207 0.43671 -0.35389 0.32097 -0.62727 1.1507 -0.70612 1.1805 -0.6993 -0.10861 -1.0676 0.21375 -0.75511 0.88714 -1.2347 -0.075148 -0.38452 -0.7904 0.8834 -0.25757 0.16169 0.50213 -1.0485 -0.17962 -0.42588 0.83164
-0.71161 1.092 -0.0020178 1.4036 0.33897 0.38776 0.20203 0.042576 0.084463 1.6129 0.038298 0.74406 -1.3771 1.4009 -0.30536 -0.33534 0.52696 -0.65125 1.4857 -0.43105 1.4357 -0.30233 0.028738 -1.0809 -0.30182 -0.27433 0.84531 -2.0289 0.060809 -0.9138 -0.91979 -0.05162 0.15783 -0.36078 0.2924 -0.40256 0.73082 -0.51804 1.7064
-0.90952 0.62427 -0.4805 1.0846 -0.032761 0.881 -0.054753 0.17731 -0.79244 -0.4971 -0.77295 -0.70684 -1.4261 1.9777 -1.4518 -0.4939 -0.16519 -1.4692 0.92113 -0.81902 0.92676 -0.049055 0.24537 -0.59832 -0.16695 0.83594 0.62653 -2.3044 -0.052505 -1.0822 -0.9376 -1.2617 0.5311 -0.6846 -0.12497 0.11745 1.1469 -0.58389 2.14
-0.39698 0.69743 -0.023678 0.55122 0.50663 2.314 0.1513 1.4253 -0.51188 -0.98413 -1.7274 0.32888 -1.1867 2.136 -2.5224 -0.42611 -0.71615 -1.5961 0.13245 -0.47734 0.17463 -0.42343 0.15043 0.616 -0.6585 1.8106 0.21592 -1.6471 -0.084147 -0.80309 -0.41954 -1.709 0.98492 -0.61066 -0.29494 0.090248 1.2049 -0.2287 1.8147
0.11181 -0.20875 -0.32136 1.0393 0.1798 1.5995 1.1787 1.1116 -0.014634 1.2133 -0.80308 -0.83541 -0.7422 1.9175 -2.8703 -0.42164 -1.225 -1.9737 -0.74962 0.33571 0.42671 -0.88642 0.056736 0.48274 -0.79206 2.4162 -0.58927 -0.63666 -0.24075 0.15042 0.83296 -1.5189 1.2367 -0.27598 -0.28195 -0.46103 0.40391 -0.22197 0.83766
0.87702 -1.1141 -0.26733 0.12006 -1.7535 0.27239 -0.46525 0.41048 -1.021 1.5241 0.14401 -0.22257 0.23931 1.801 -2.755 -0.54474 -0.55329 -1.2148 -1.1631 0.90234 0.45146 -0.49086 0.29472 0.89651 -0.44593 2.509 -1.1292 0.56472 -0.25257 0.92364 2.2461 -0.50602 0.86123 0.33543 0.21138 -1.1488 -0.81601 0.34021 -0.18496
0.9551 -1.7228 -0.52125 -0.17493 -2.02 -0.11239 0.16825 0.36181 -1.0441 0.50509 0.29895 -1.1024 0.70108 1.1268 -2.5628 -0.90548 0.047065 -0.050724 -1.5296 0.8968 0.23365 -0.59508 -0.75998 0.13493 -0.71612 2.1368 -1.4774 1.3586 -0.20168 1.4307 3.539 0.60503 0.48311 0.4727 0.78424 -1.1879 -1.4047 0.58956 -0.97799
1.1679 -1.9104 -0.66789 0.28051 -1.7575 0.20984 0.94891 1.1728 -1.6286 0.25368 -0.34193 -0.45406 0.92541 0.58196 -1.6068 -0.67755 0.48536 1.7874 -0.52201 0.90973 0.95787 -0.10531 -1.7529 -0.841 0.012068 1.5871 -1.5266 1.6284 0.019147 1.0495 3.3748 1.1111 -0.072036 0.33801 0.80572 -0.6347 -1.7008 0.80701 -1.231
1.0973 -2.0953 -0.98693 0.71941 -0.35473 0.49651 1.5974 1.5623 -0.82981 -0.42192 -0.27083 -1.0192 1.0417 -0.02278 -0.85748 -0.75188 1.1056 3.3734 0.13854 1.2563 1.1389 0.59637 -1.3095 -1.488 0.19816 0.95272 -1.0927 1.3528 0.18195 0.31555 1.8619 1.0185 -0.56845 -0.14599 0.63829 0.61756 -1.1517 0.96399 -1.0622
0.92931 -2.3954 -1.1179 0.79387 0.76937 -0.029957 1.2365 1.3816 -1.1348 -1.1079 -1.6639 -0.95861 1.106 -0.25889 -0.50504 -0.5985 1.0062 3.6034 0.23791 0.55565 0.69077 0.63441 -0.7118 -1.7394 0.76152 0.67848 -0.55854 0.73563 0.10838 -0.37695 -0.45955 0.38412 -0.72955 -0.88815 0.064851 1.3698 -0.1378 0.67667 -0.69649
1.0989 -2.121 -0.84789 1.1292 1.7476 0.53825 1.4299 2.0906 -0.23309 -0.52722 -1.1209 -0.3399 1.3227 -0.33927 -0.5378 -0.61255 0.41002 2.6425 0.13758 -0.068883 0.07643 0.40191 -0.052025 -1.7359 0.89527 0.50101 -0.0081906 0.34904 0.10324 -0.85504 -2.348 0.14376 -0.42665 -1.089 -0.39963 0.9873 0.90767 0.2562 -0.3716
0.80798 -2.2252 -1.2862 0.98426 2.0619 0.19623 1.1677 1.5939 -0.30732 -0.1704 -1.4873 -0.14179 1.4193 -0.22516 -0.37065 -0.55459 0.073869 1.2595 0.23918 0.11293 -0.30852 0.14578 0.35446 -0.95563 1.0612 0.44277 0.22278 0.19886 0.11183 -0.94699 -3.1216 0.072124 0.29168 -0.79687 -0.57853 0.20348 1.4855 -0.5932 -0.28048
0.70373 -2.4065 -1.2576 0.95301 2.3903 0.36166 1.2174 1.3727 -0.61588 -0.70934 -2.1799 0.059636 1.4565 -0.056033 -0.26768 -0.59099 -0.14208 -0.0043216 0.41116 0.61372 -0.56697 0.01203 0.1269 0.027824 0.5848 0.33995 0.31849 0.38713 0.3876 -0.80118 -3.0002 0.014619 0.79366 -0.43 -0.29906 -0.41414 1.6804 -1.2686 -0.22736
0.83078 -2.721 -1.5596 0.76886 1.6005 0.50008 1.0891 1.4105 -1.0831 0.040411 -2.6469 0.43025 1.4146 -0.018625 -0.27019 -0.41011 -0.61517 -1.1205 0.22911 0.76239 -0.59983 -0.37774 -0.40266 0.4726 -0.28647 0.20777 0.12338 0.63626 0.61647 -0.87667 -2.4689 -0.23922 0.63107 -0.24823 0.28601 -0.086918 1.465 -1.5902 -0.19213
0.86653 -2.4427 -1.5767 0.92382 1.5618 0.68346 2.0017 1.1587 -0.37203 -0.33204 -1.2068 0.14374 1.5604 0.10438 0.14177 0.038472 -0.8518 -1.9798 0.15399 1.1412 -0.64533 0.047741 -0.51269 1.044 -1.0174 0.17185 -0.097842 0.95574 1.0504 -1.0086 -1.567 -0.71707 -0.076074 -0.40664 0.65198 0.81629 0.94231 -1.3021 -0.15642
0.96222 -2.4894 -1.6292 0.75991 1.0505 0.60163 2.1393 0.89943 -0.73187 -1.0102 -1.1799 -0.24386 1.5396 -0.09487 0.63067 0.28891 -1.3283 -2.5364 -0.13564 1.0644 -0.76768 0.74958 0.49085 1.5881 -1.383 0.14952 -0.06517 1.0901 1.4814 -0.84587 -0.43185 -0.90674 -1.1757 -0.52193 0.38326 1.7677 0.014582 -0.30592 -0.3236
0.8968 -2.4111 -1.2657 0.23159 0.33355 0.62177 2.082 1.3915 -0.89168 -0.95073 -0.71249 -0.89037 1.5688 -0.18889 1.0987 1.0425 -1.8059 -2.3339 -0.87893 0.28786 -1.303 0.84415 1.3069 1.4489 -1.5222 0.062062 -0.208 0.79328 1.5182 -0.50343 0.69928 -0.78134 -2.0734 -0.62337 -0.3437 1.9148 -0.73086 0.89927 -0.50099
0.81868 -2.0341 -1.1786 0.0040327 -0.57113 0.29791 2.5759 0.42307 -0.10526 -0.75701 -0.86395 -1.3997 1.6013 0.013367 1.325 1.8899 -1.8337 -1.7831 -1.1115 -1.1473 -1.3251 0.051422 2.2212 0.34437 -0.64894 -0.37347 -0.31127 0.42483 1.1523 -0.019675 1.3329 -0.54024 -2.3592 -0.70188 -0.64913 0.68677 -1.0744 1.9356 -0.48506
0.51525 -1.7274 -1.0719 -0.59069 -1.1209 0.2395 2.3773 0.36867 0.68297 1.1209 -0.34479 -1.2546 1.589 -0.31066 1.3008 2.1099 -1.611 -1.0062 -0.96087 -1.854 -1.6267 -0.31353 2.4505 0.20969 0.46912 -0.552 -0.52764 0.15091 0.38614 0.27745 1.3944 -0.19008 -1.8225 -0.31463 -0.41118 -1.0464 -0.69425 2.2964 -0.21348
0.75192 -1.3574 -0.10555 -1.0758 -1.0092 -0.88523 1.2855 -0.60911 0.0035281 1.8607 -0.41913 -1.4216 1.4828 -0.57299 1.3315 1.9318 -1.4718 -0.62334 -1.2085 -2.5276 -2.0253 -0.028003 1.2863 0.0462 1.5974 -0.49744 -0.64816 0.11474 -0.29804 0.4652 1.2644 -0.16084 -0.60044 0.13575 0.27921 -2.8763 0.012935 1.6097 0.23158
1.1483 -1.0246 0.85514 -0.73236 -0.35053 -0.45141 0.13431 -0.24582 -1.2433 1.932 -1.1576 -0.29667 0.94303 -0.8078 1.3737 1.7421 -1.4396 -0.21774 -1.2342 -2.6298 -1.5861 0.030772 -0.33198 0.21703 2.0697 -0.29529 -0.48807 0.15569 -0.76429 0.60099 0.99117 -0.14204 0.49795 0.75189 0.91352 -3.6188 0.37099 0.39043 0.50417
0.22999 -1.2822 0.51944 -1.0082 -0.46932 -0.23697 0.08672 -1.0474 -1.2438 1.5644 -0.62426 0.35404 1.0378 -0.85796 1.4977 1.4941 -0.99719 0.26702 -1.3193 -1.965 -1.0641 0.48655 -2.1614 0.41155 1.8594 -0.044982 -0.23106 0.11942 -1.0958 0.66637 0.78646 -0.043146 1.4063 1.0983 1.0089 -3.0881 0.76134 -0.78764 0.60564
0.004711 -0.73418 0.5498 -1.5775 -1.3009 -1.2413 -0.66739 -1.64 0.46746 0.059466 -0.52407 0.96238 1.2961 -1.012 1.5051 0.86292 -0.65493 0.46404 -1.2118 -1.1818 -0.575 1.3782 -3.0877 0.83294 1.1495 0.21525 0.34951 0.0028278 -1.0654 0.87052 0.78467 0.066604 1.5235 1.0451 0.61146 -1.7985 0.8984 -1.3797 0.39705
-0.17619 -0.23272 0.77002 -1.8364 -1.0804 -1.4329 -0.36001 -1.3891 0.54974 -0.654 -0.25405 0.85729 1.4323 -0.87155 1.4838 0.27536 -0.54021 0.55482 -1.3255 -0.51242 -0.29514 1.4491 -3.5343 1.3455 0.45607 0.44052 0.7224 -0.30137 -0.97436 0.97871 0.91475 0.51411 0.92303 0.65932 -0.35228 0.1265 0.78577 -1.6521 0.004826
-0.087098 0.13843 1.2244 -1.5163 -0.17752 -1.8064 -0.26636 -0.85155 0.91061 -1.2743 0.14849 0.69438 1.427 -0.20059 1.3758 0.31324 0.063418 1.1539 -1.1143 -0.38668 0.15702 0.85955 -3.2593 1.6387 -0.042701 0.24456 0.88927 -0.53034 -0.95299 1.0415 0.96005 0.96904 0.17021 0.18542 -0.98872 1.592 0.36472 -1.7402 -0.33339
-0.17722 0.24329 1.1726 -1.4024 0.076293 -2.0398 -0.70706 -1.2728 1.2182 -1.9794 0.25156 0.15638 1.4026 -0.020288 0.97598 -0.096201 0.59113 1.6895 -0.34377 -0.57346 -0.085753 0.017393 -1.8313 1.6661 -0.91642 -0.049201 0.62631 -0.71514 -1.154 0.82815 0.59403 1.3657 -0.24929 -0.36331 -1.047 2.1785 -0.27401 -1.7834 -0.48971
-0.17713 0.3549 0.71312 -1.4179 0.10102 -1.7479 -0.51197 -0.95408 0.38204 -2.9528 0.73351 0.88363 1.4213 0.093479 0.73495 -0.77579 0.85228 1.7518 0.24423 -0.84197 -0.29756 0.019333 -0.75768 1.4657 -1.7166 -0.19529 0.25041 -0.73354 -1.2321 0.34239 -0.046609 1.3962 -0.053008 -0.76292 -0.79134 1.8143 -0.77784 -1.6442 -0.4203
-0.031043 0.32547 0.86489 -1.1483 0.67133 -1.956 -0.68626 -1.1929 0.62517 -3.0773 1.6596 0.55843 1.389 0.059116 0.42684 -1.3867 0.71224 1.4024 0.74663 -0.80012 -0.79985 -0.32889 -0.4282 0.91379 -2.3478 -0.30269 0.20445 -0.57267 -0.58602 -0.10515 -0.5375 1.0292 0.3345 -0.94537 -0.52081 0.81334 -1.2213 -1.1622 -0.38955
-0.11012 0.59237 0.48623 -1.0497 1.0355 -1.6109 -1.5345 -1.8942 0.65762 -1.7408 1.3512 -0.80666 1.2415 0.18923 0.23781 -1.3964 0.67984 1.2037 1.1536 -0.40287 -1.0293 -0.62454 -0.33378 0.46229 -2.6829 -0.4552 0.19132 -0.25095 0.43463 -0.46077 -0.87238 0.69868 0.79491 -0.54126 -0.68854 0.28619 -1.7638 0.056999 -0.47423
-0.046563 0.77307 -0.066298 -0.76339 1.6418 -1.0995 -1.2363 -1.3215 0.98488 -1.6094 1.4165 -1.8511 1.2215 0.28212 0.11957 -0.91299 0.46074 0.91934 1.2704 -0.16079 -1.6337 -0.74565 -0.42233 -0.29506 -2.8019 -0.6852 0.059311 0.16388 1.3062 -0.50192 -1.1195 0.18282 0.98712 0.31852 -0.61483 0.16372 -1.7359 1.9703 -0.64077
-0.097293 0.48581 -0.43788 -0.83734 1.4551 -0.97004 -1.202 -2.1577 0.22829 -2.8383 0.99396 -2.2963 1.0822 0.3096 0.3986 -0.19998 0.051364 0.30073 1.3809 0.37561 -0.97394 -1.2121 -0.19624 -1.5066 -1.3611 -0.9367 -0.28223 0.49725 1.7863 -0.091255 -1.2597 -0.45456 0.83073 1.343 -0.26283 0.55055 -1.3005 3.133 -0.8862
0.11538 0.44539 -0.33148 -0.7458 1.4164 -0.51083 -0.88181 -2.5597 -0.23698 -3.2524 1.0759 -2.5123 0.89414 0.098935 0.64947 0.48421 0.017662 -0.31729 0.98544 0.72573 -0.17515 -1.319 -0.17805 -1.6211 1.0385 -1.3225 -0.86383 0.54841 1.4546 0.61083 -0.92624 -0.61714 0.89927 2.4788 0.55148 1.1853 -0.22772 2.946 -0.90875
0.23398 0.53564 0.13331 -0.96214 1.4275 -0.35549 -0.8162 -3.3521 -0.6213 -3.3708 0.63038 -2.4128 0.61454 -0.20811 0.91319 1.2864 0.71252 -0.62046 0.35602 0.76153 0.97396 -0.87715 0.63826 -1.5002 1.8254 -1.8803 -1.5408 0.11828 0.52496 1.2777 -0.37472 -0.4309 0.80055 2.5339 1.5535 1.5057 1.1901 1.6195 -0.68063
0.24958 1.2013 0.82535 -1.1223 1.1358 -0.19586 -0.51174 -1.8245 -0.92755 -1.8501 -0.8025 -0.98359 0.28959 -0.95082 0.90039 1.0949 1.3431 -0.41695 0.51306 1.3886 2.4309 0.27009 1.5268 -0.72149 1.6505 -2.0015 -1.7485 -0.35428 -0.58126 1.3568 0.35202 0.11797 0.58764 1.6991 1.9982 1.4929 2.1641 0.1644 -0.12036
-0.24484 1.4718 0.60696 -0.73661 0.72157 -0.42568 -0.65962 -1.5053 -0.84703 -1.7702 -0.33551 0.82842 -0.27777 -1.8246 0.489 0.47902 1.9331 -0.37853 0.72501 1.5925 2.8734 1.2962 1.9599 0.53113 1.6617 -1.9362 -1.2701 -0.81745 -1.5135 0.44779 0.92616 0.33744 0.076618 0.10582 1.7647 0.40398 2.4525 -0.0972 0.67544
-0.38948 1.5213 1.2447 0.52314 0.92075 -0.84934 -0.16165 0.058819 -0.096961 -1.3749 -0.1142 -0.62692 -0.93543 -2.11 0.17405 -0.2301 2.1099 0.23969 1.0219 1.4401 2.3306 1.8378 2.144 1.8502 1.4688 -1.5305 -0.15841 -0.91124 -1.3003 -0.98164 0.61579 0.049214 -0.55378 -1.2495 0.59574 -0.37796 1.3278 -0.16997 1.3677
-1.3757 1.0909 0.39138 0.55504 1.149 0.31503 1.1058 0.59046 0.86572 -1.2705 0.63744 -1.1816 -0.87628 -1.8209 -0.29657 -0.9409 1.2166 0.84075 0.76764 0.86111 1.2447 2.0885 1.1301 2.2932 1.7289 -0.7851 1.118 -0.88705 -0.76132 -2.375 -0.08748 -0.65324 -1.0986 -2.0074 -0.66455 -0.64662 -0.30068 -0.094062 1.9774
-1.9943 0.86049 0.2526 1.0231 0.88339 0.72513 0.97647 0.21965 1.5515 -0.51261 1.8975 0.023296 -1.0658 -1.2281 -0.45904 -0.67981 -0.26527 0.16203 0.57327 0.64044 0.71398 1.1508 1.175 1.1676 1.2805 0.11643 2.1317 -0.71112 0.15716 -2.9346 -0.79263 -1.6842 -1.3151 -1.8289 -1.3313 -0.86473 -1.8415 -0.43444 2.1398
-1.8185 1.2133 0.16793 0.81017 1.9745 0.84992 0.54827 -0.51402 1.4789 0.27104 2.2236 0.65861 -0.9401 -0.3401 -0.90042 -0.75635 -1.6281 -0.51267 -0.3937 -0.19245 -0.38851 0.25071 1.1393 0.29943 1.5749 1.134 2.4518 -0.36284 0.78001 -2.369 -0.90258 -2.0066 -1.0807 -1.057 -1.2855 -0.84676 -2.5574 -1.3412 1.8617
-1.5553 1.068 -0.28843 -0.22443 2.1093 -0.019605 0.066497 0.087849 1.8829 -1.011 1.4323 2.5285 -0.58866 0.82303 -0.89368 -0.037055 -2.3339 -0.62181 -1.8313 -0.64358 -0.56057 -0.042779 0.39713 -0.88907 0.66773 1.7233 1.9936 -0.076188 0.91701 -1.0588 -0.4706 -1.675 -0.66826 -0.35418 -0.57494 -1.2994 -2.089 -2.0162 1.1475
-1.6091 0.91409 0.45054 -0.77796 0.010436 0.00077831 0.68639 0.35973 0.34489 0.058757 0.445 0.7912 -0.28538 1.379 -0.78312 0.20676 -2.4859 -0.51839 -2.1178 -0.64653 -0.25856 -0.017235 -0.18726 -1.8843 -0.69994 2.0774 1.0338 0.38206 1.0356 0.46914 0.024719 -0.52124 -0.033235 0.11304 -0.1161 -1.1316 -1.1466 -2.412 0.185
-1.0217 -0.045734 -0.0093177 -0.97251 0.19615 -1.1916 0.032841 -0.53455 0.74996 0.41264 0.75744 0.51692 0.48103 1.3477 -0.67358 0.56805 -1.9571 -0.74982 -1.9799 -0.47146 -0.064472 0.085242 -0.77524 -1.9848 -1.6997 1.9048 0.0050084 0.65304 0.48119 1.4123 0.42595 0.68259 -0.089237 -0.14691 -0.097697 -0.73335 -0.042717 -1.3375 -0.7047
-0.57728 0.19125 0.41071 -1.6002 0.95531 -1.8349 0.37923 -0.34922 1.7015 -0.92873 0.18036 -0.15396 0.86705 1.1779 -0.29035 0.89595 -0.88644 -0.40441 -1.3947 -0.36916 -0.40139 -0.042225 -0.55162 -1.4623 -2.1698 1.4085 -0.57508 1.022 0.22072 1.7899 0.34903 1.5394 -0.47512 -0.41513 -0.54846 -0.16969 0.56303 0.044736 -1.5649
-0.45145 0.5091 0.38875 -1.3971 1.1135 -1.3852 -0.21526 -0.20192 1.7639 -0.57486 -0.33362 -0.21787 0.98052 0.92994 0.098074 0.51948 -0.32051 0.14228 -0.82681 -0.98299 -0.7818 -0.22027 -0.89967 -1.1435 -1.3249 0.67141 -0.56647 1.1238 -0.21509 1.9639 0.10889 2.1182 -0.74703 -0.43763 -1.1682 0.64878 0.97091 1.0629 -2.1358
-0.40829 0.62057 0.79078 -1.5004 0.74538 -1.6395 -0.11965 -0.19749 1.329 -1.3613 -0.53192 -0.7354 0.93744 0.59397 0.77442 0.63716 0.26304 -0.29229 0.40926 -1.35 -0.73713 -1.0079 -0.47434 -1.1048 -0.78399 -0.38578 -0.58911 0.70888 -0.50969 2.2492 -0.012346 2.2509 -0.17923 -0.20351 -1.5304 1.1279 0.90864 1.5662 -2.3686
-0.3708 0.56408 1.0212 -1.125 0.46829 -1.6884 -0.062699 -0.46962 0.81358 -0.91787 -0.51941 -0.72977 0.87564 0.66058 0.93204 0.27533 1.3826 -0.59866 1.3955 -1.4748 -0.7795 -1.8864 0.47719 -0.12602 -0.20396 -1.4018 -0.61671 0.13336 -0.60004 2.4464 0.16086 2.2511 0.75772 0.62677 -0.88015 1.6047 0.52488 1.3526 -2.0795
-0.38438 0.55081 0.60783 -1.2593 0.21351 -1.4101 -1.0863 -1.3483 -0.065229 -0.85232 -0.78972 -0.94161 0.59414 0.29453 0.63753 0.036017 2.7461 -0.061443 2.0405 -0.5009 -0.81009 -2.4298 1.0113 -0.061333 0.48924 -2.2169 -0.66919 -0.3894 -0.81268 1.9187 0.63517 1.7094 1.4494 1.2754 0.30653 1.1362 0.058726 0.98702 -1.2887
-0.085537 1.1033 0.83765 -0.83591 0.29831 -0.54792 -1.7931 -1.3 -0.090392 -0.538 -0.77921 -0.41615 0.028114 0.013984 0.41121 -0.33366 3.316 0.33469 2.9045 0.056583 0.53292 -1.3544 1.5645 -0.54337 0.82048 -2.5059 -1.0884 -0.71553 -0.52231 0.59796 0.96267 0.76318 1.6769 1.3812 1.4302 0.17491 -0.39247 0.9073 -0.10597
0.386 1.5099 0.69063 0.32675 0.41864 0.3531 -1.2535 -0.84298 -0.9879 -0.060413 0.2931 -0.37133 -0.81776 -0.2389 0.28019 -0.61618 3.1207 0.46716 3.103 0.70805 1.2018 -0.60886 1.25 -0.73126 0.73707 -2.3698 -1.2762 -1.0685 -0.59296 -1.36 0.95335 -0.49538 1.1082 1.0807 2.1154 -0.52799 0.24287 0.84117 1.239
-0.54004 0.89646 0.59111 2.0166 1.2703 1.035 0.099205 -1.1682 -2.0522 0.6595 -0.93675 0.46329 -1.4164 -0.95172 -0.26737 -0.40456 2.3826 0.99723 2.3936 1.1918 1.0245 0.24505 0.6992 -0.55248 1.5421 -1.533 -1.2173 -1.1903 -0.28048 -3.222 0.7322 -1.7019 0.52982 -0.025766 1.8663 -0.96124 1.0593 0.90238 2.2372
-0.53675 0.83081 0.43876 1.5854 0.86507 1.8353 -0.051764 1.2371 0.40142 0.75857 -1.7271 -0.0011624 -1.4154 -1.4255 -1.076 -1.0688 0.49073 1.4494 1.2731 1.0847 1.144 1.2617 0.37658 0.48612 1.863 -0.2632 -0.55423 -0.68254 0.20382 -4.1229 0.16553 -2.1104 -0.10251 -0.71946 1.3087 -0.92446 1.1807 0.35719 2.459
-0.5714 0.96142 0.081035 1.4005 0.7137 1.9005 0.067166 0.29996 -0.2447 0.35816 -1.3336 -0.10425 -1.4182 -1.494 -1.1965 -0.65376 -1.809 1.2575 0.34985 0.88443 0.51515 1.6746 0.065498 1.067 2.1175 0.84608 0.21501 0.11587 0.8886 -3.0925 -0.39305 -1.9555 -0.63495 -1.0113 0.063998 -0.65514 0.89042 -0.38503 1.6488
-1.5291 0.39857 0.45361 0.93274 1.9161 1.3073 -0.289 -0.94216 0.17148 -0.17571 -0.87756 1.9529 -0.9045 -0.92572 -0.57029 -0.11758 -3.0222 0.65389 -0.17319 0.6349 0.0013369 1.4613 -0.29513 0.92722 1.1927 1.2825 0.70774 0.73846 1.4285 -0.80936 -0.91223 -1.2757 -0.66887 -0.31803 -0.79682 -0.52926 0.29322 -1.0538 0.34131
-1.4536 -0.11005 -0.80866 -0.18808 2.5732 1.1023 -0.20611 0.69293 1.5101 0.48229 1.0985 2.1189 -0.37041 -0.83312 -0.30898 0.79524 -2.0423 0.63044 -0.86725 0.14322 -0.45184 0.29729 -0.28717 1.0992 1.1004 0.94092 1.0669 0.96095 1.006 1.777 -1.1305 -0.43558 -0.47502 0.51747 -1.3943 -0.51673 -0.092891 -1.6349 -0.90791
-1.4565 0.17501 0.41416 -1.0974 1.8803 1.1898 0.83958 -0.25727 0.65595 0.53323 0.79022 2.3001 -0.21603 -0.53777 -0.1183 0.90809 -1.0153 -0.0067573 -0.72376 0.11515 0.98742 0.28159 -0.51702 1.1163 0.22496 0.36224 1.0859 0.77185 0.40907 3.3796 -1.0953 0.14707 -0.33005 0.72586 -1.312 -0.30973 -0.93362 -1.32 -1.5822
-1.3608 0.67092 0.69366 -0.86492 1.3736 1.3779 0.89703 -0.27824 0.63613 0.14541 -1.5705 0.68464 -0.33797 0.14942 0.40429 0.73189 0.7289 -0.6045 -0.27648 0.18524 1.0784 -0.66807 -0.8684 0.82606 -0.73532 -0.4802 1.1758 0.47911 -0.47023 3.125 -1.0775 0.61079 -0.22566 0.60088 -0.55576 0.14122 -1.4845 -1.1122 -1.4348
-1.5909 0.55072 1.5258 0.2593 1.7873 0.464 -0.68421 0.47058 0.37191 0.058525 0.077173 1.6611 -0.73098 0.45324 0.53833 0.67817 2.3334 -0.85276 -0.18862 -0.060207 0.71563 -0.81465 -0.63449 -0.80857 -0.58127 -1.1208 0.81259 -0.18061 -0.5151 1.5566 -1.0094 0.53821 0.050922 -0.6108 -0.18539 0.69102 -1.0372 -0.42638 -0.49401
-1.5694 0.39552 0.55705 0.32956 1.1978 0.90253 0.2026 1.7703 0.59548 -0.79288 1.1562 1.0452 -0.91557 0.69666 0.26834 0.0031827 2.5163 -1.0362 0.085555 -0.23799 0.90972 -0.31351 0.045381 -0.94169 -0.76272 -1.1414 0.51566 -1.1003 -0.61604 -0.40724 -1.0177 0.5154 0.53656 -1.1998 0.2746 1.22 -0.75231 -0.2234 0.73524
-1.1403 0.67533 0.53744 1.3918 1.5943 1.1197 0.32925 0.37591 -0.66375 -1.0414 0.97261 1.3544 -1.2032 0.58752 -0.40585 0.28015 1.1924 -1.7488 0.16841 0.40155 -0.16274 -0.27118 0.40181 -0.084772 -0.62289 -0.27879 0.45617 -1.766 -0.45491 -1.7463 -0.78333 -0.10933 0.59684 -1.8501 -0.022315 1.1784 -0.33597 -0.4444 1.8195
-0.76432 0.62916 0.41994 1.7721 1.026 0.92269 0.24718 1.1076 0.52084 0.48126 -1.5796 1.4234 -1.4659 0.96918 -1.2372 -0.25322 0.4796 -2.1304 0.57194 0.98376 -0.91277 -0.34228 1.0494 -1.036 -1.1603 0.5472 0.41832 -1.8905 -0.16631 -1.9163 -0.39597 -0.95853 0.46456 -1.7239 -0.37274 0.44532 -0.24724 -0.64177 2.1731
-0.7222 0.655 0.93964 1.0997 -0.0093906 1.445 0.45357 0.77624 0.36801 0.79614 -1.4184 0.32531 -1.2886 1.1013 -2.0952 -0.071516 -0.14173 -1.8259 -0.67181 0.47683 -2.1238 -0.83079 1.2161 -1.4068 -1.2809 1.6179 0.39354 -1.0755 -0.31043 -1.0183 0.5443 -1.3877 0.0092553 -0.81705 -0.63851 -0.55679 0.47153 -0.47729 1.4758
-1.1286 -0.19958 1.6573 0.14812 -1.0689 1.0553 0.94813 -0.57975 0.052626 0.12698 0.15143 0.15647 -0.26681 1.1588 -2.5111 -0.1504 -0.64946 -1.7679 -1.4565 0.61224 -1.6043 -0.80548 0.52152 -0.74394 -1.7364 2.1893 -0.33497 0.52661 -0.15307 0.028157 1.2369 -1.2772 0.12659 0.14232 -0.28175 -1.5418 1.5386 0.47548 0.049796
-0.23629 -1.2693 0.19632 1.3049 -0.67399 1.4089 0.79065 0.015527 -0.38748 1.1441 -0.56242 0.18242 -0.18468 1.169 -1.835 -0.37458 -0.28289 -0.87983 -1.6498 0.58019 -1.4702 -1.3735 -0.45937 0.78151 -1.3007 1.8065 -1.0801 2.1525 -0.14308 0.81127 1.5224 -0.233 0.4403 1.1887 0.46217 -1.6314 1.9406 1.4072 -1.5796
-0.017722 -1.8039 0.24701 0.68673 -0.45273 -0.69763 0.63954 -1.8498 -1.3531 0.54333 -1.2523 -0.41698 0.81534 0.35546 -0.3708 -0.40594 0.59975 -0.21233 -1.5474 1.1556 -0.94494 -0.65023 -1.2121 1.0729 -0.16486 0.55184 -1.7328 2.7963 0.4619 0.7347 1.0527 0.32114 0.46359 1.2108 0.89932 -0.86587 1.5215 2.1401 -2.296
0.33957 -1.584 0.62923 0.93104 -0.93646 -0.73995 1.21 -0.7345 -1.0238 -0.039458 -1.048 -0.98749 0.71005 -0.36181 0.93931 -0.22901 0.84685 0.34013 -1.1171 1.0453 -0.034363 0.085883 -1.1959 1.713 0.82718 -0.67223 -1.7218 2.1084 0.55263 0.031799 0.17415 1.0565 0.37879 1.7229 1.2698 0.24422 0.4434 2.1408 -2.0741
0.31606 -0.64588 0.40999 1.22 -0.41528 -0.37972 1.035 -0.51687 -1.2731 -0.081827 0.20248 -0.2173 -0.02183 -1.066 1.437 0.6413 0.24595 -0.3434 -1.0898 1.2656 0.14188 0.38379 -0.85478 1.9581 1.5946 -1.0904 -1.114 0.60642 0.28537 -0.72974 -0.025408 1.1797 -0.2444 1.6057 0.42068 1.0764 -0.80097 1.2231 -0.97853
-1.2282 0.3976 0.88173 1.5438 -0.79545 -0.018013 2.6201 -0.97131 -0.033971 -1.2942 0.85842 0.62778 -0.79173 -1.0915 1.2814 0.1387 -0.049158 -0.48074 0.24567 1.2444 1.4902 0.81216 -0.15777 1.2935 2.216 -1.4546 -0.044274 -0.74043 -0.23811 -0.79279 0.1439 0.88658 -0.92407 1.0401 -0.37366 1.5789 -1.7409 0.19181 0.22316
-1.2603 0.0078473 0.72899 1.2705 -0.26615 -0.36422 1.7358 -0.41613 0.014814 -0.62792 2.1601 1.5267 -0.7503 -1.2028 0.60717 -0.060824 -0.41595 0.14531 0.14534 0.55031 1.5586 -0.10684 0.41702 -0.31736 1.6577 -0.98245 1.4757 -1.4235 -0.91634 -0.50288 0.33654 0.43676 -1.9352 0.21578 -0.84573 1.7139 -1.6053 -0.9276 1.047
-0.87358 -0.53466 0.98771 1.1367 -1.5612 -1.2635 2.1787 -0.54244 -0.70776 0.49888 0.46251 1.6835 -0.53369 -0.37202 -0.071443 -0.34384 -0.41178 0.37077 0.044941 -0.43879 1.3748 -0.44253 1.3234 -0.67892 1.2002 -0.28592 2.2831 -1.3436 -0.75282 -0.32275 -0.10821 0.013485 -2.1437 -1.2038 -0.58998 1.0676 -0.68885 -1.7556 1.4764
-0.71913 -0.39929 0.16654 0.45008 -1.0932 0.14082 2.3058 1.1292 -0.069161 0.043317 -0.31774 1.8531 -0.63849 1.1166 -0.61802 -0.87226 -0.58347 -0.12119 -0.12201 -1.7221 0.64335 -0.76115 1.8304 -0.30706 0.21434 0.38736 2.2823 -1.0678 -0.39893 -0.26539 -0.76659 0.089341 -1.6796 -1.9537 0.28066 0.1677 0.54996 -1.6779 1.425
-1.3306 -0.33245 0.65104 0.86601 0.091689 -0.38037 1.6382 1.309 -1.8283 0.21066 -1.2256 0.74724 -0.67082 1.6833 -0.68472 -0.89965 -0.61647 -0.56061 0.38841 -1.8585 -0.49078 -0.091982 1.2661 -0.081567 -0.64631 0.7679 1.431 -0.87744 0.39406 -0.31026 -1.2047 -0.32848 -0.61864 -2.4513 0.84656 -0.52196 0.80284 -1.3337 1.2973
-0.49676 -0.14303 0.12129 1.2385 0.068252 -0.21835 0.60813 0.3469 -1.0608 1.6005 1.0318 2.1065 -0.63611 1.7028 -1.1376 -0.55443 -0.85015 -0.87677 0.13651 -2.0667 -1.4698 0.32824 0.77258 0.55728 -0.8438 1.2969 0.47223 -0.66967 0.94557 -0.4135 -1.2449 -0.35791 0.48929 -2.0097 1.4046 -0.94939 0.58055 -0.70367 1.0676
0.47626 -0.67525 -0.21081 0.65304 -1.8138 -0.65955 0.040054 -0.72877 -0.70084 1.3321 1.5377 1.008 -0.14936 1.8001 -1.4992 0.2328 -0.90459 -1.5875 -0.76874 -1.5079 -2.5401 0.82014 0.79702 0.58138 -0.99045 1.8143 -0.18981 -0.33101 1.1095 -0.40798 -0.70539 -0.35445 0.95501 -0.75801 1.101 -0.9926 -0.32161 -0.32846 0.68357
0.87839 -1.2103 -0.1176 0.27096 -1.6616 0.13646 -0.063073 -1.0363 0.14908 1.0817 0.81285 0.55108 0.32629 1.8702 -1.5012 0.34519 -1.2717 -2.0215 -0.28755 -0.96097 -2.4069 1.7705 0.153 0.59759 -1.0431 1.9668 -0.69193 0.55259 0.64163 -0.033069 0.3993 0.071806 1.152 0.5454 0.74209 -0.98706 -0.92973 0.21047 -0.029028
0.60795 -1.9236 0.44391 -0.13422 -2.3946 -0.89401 0.075013 -1.4735 -0.43748 1.14 -0.10376 0.71094 0.90159 1.27 -1.146 0.74574 -1.227 -1.3575 -0.13666 -0.55947 -1.5556 1.5324 -0.4227 -0.71768 -1.2077 1.7796 -0.99955 1.4639 -0.4544 0.33461 1.4103 0.23738 0.78015 1.3964 0.22754 -1.0617 -0.56126 0.60293 -0.74441
0.8596 -1.6793 0.8236 -0.11559 -2.2144 -1.1944 0.49721 -1.8486 0.54294 1.3572 0.16454 0.33606 1.1431 0.77243 -0.26816 0.39515 -0.76164 -0.2223 -0.052195 -0.30185 -0.84895 1.5585 -0.605 -0.65757 -0.29239 1.258 -0.90672 1.9268 -1.5184 0.65891 1.8615 -0.046807 0.35506 1.5482 -0.23295 -0.85451 0.21829 0.59053 -1.1471
1.1807 -1.5922 0.61235 -0.15563 -2.4691 -0.2366 -0.25722 -1.9943 1.1811 0.79191 1.0897 -0.14291 1.2083 0.62318 0.67253 -0.66911 -0.49817 0.23966 -0.42331 -0.32918 -0.47821 1.4241 -0.96102 0.10102 -0.11918 0.70408 -0.6159 1.6003 -2.1122 0.53597 1.4113 -0.11473 0.066985 1.3532 -0.29828 -0.76044 1.1381 0.5132 -1.1017
1.3859 -1.4343 0.64932 -0.20338 -2.178 -0.33626 -0.51831 -1.7724 1.1626 0.96743 0.082495 0.43244 1.277 0.62784 1.2626 -1.8463 -0.3271 0.78028 -0.25743 -0.40348 0.20345 1.3486 -1.2996 0.68067 -0.36609 0.24723 -0.61176 0.73524 -1.4891 0.14565 0.77281 -0.11109 -0.10184 1.2836 -0.62972 -0.60685 1.1248 -0.045779 -0.72679
1.3697 -1.111 -0.037824 -0.33258 -1.9036 -0.67208 -0.15753 -1.8192 1.7542 0.22509 0.28398 0.76888 1.2993 0.27807 1.1376 -2.1611 -0.38075 0.87005 -0.28499 -0.40229 0.67144 1.0231 -1.6086 0.99398 -0.10799 0.11714 -0.83377 -0.18715 -0.028591 -0.20352 0.39715 0.11657 -0.31642 1.1851 -0.97695 -0.19787 0.88916 -0.34224 -0.33201
1.3409 -0.6105 -0.97153 -0.42305 -1.4799 -1.1575 -0.23717 -1.8101 1.8373 -0.25459 0.76961 0.23898 1.2393 -0.11216 0.89458 -1.7023 -0.53619 0.95512 -0.36492 -0.49079 1.1881 0.44361 -1.5066 1.2493 -0.38001 0.12164 -0.96759 -0.67962 1.7602 -0.44473 0.22378 0.085727 -0.53486 0.83561 -1.1925 0.63185 0.34146 -0.36925 -0.075548
1.3785 -0.50837 -1.5588 -0.43136 -1.4046 -1.2976 -0.28798 -1.1098 1.6877 -0.41165 1.119 -0.28492 1.2366 -0.44677 0.48853 -0.80884 -0.80663 0.91755 -0.15146 -0.93284 1.4413 -0.17323 -1.2633 1.6864 -0.80143 0.1142 -1.0526 -0.51935 2.9143 -0.51432 0.20643 -0.055426 -0.46988 0.49555 -0.94943 0.95552 -0.64817 -0.21429 -0.02506
1.2482 -0.6139 -1.1885 -0.51198 -1.2982 -0.79328 -0.39291 -0.99852 2.3979 -0.92255 1.9058 0.27722 1.3404 -0.68046 0.27769 0.80939 -1.0088 1.1862 -0.16863 -1.2149 1.5208 -0.55907 -0.21519 1.0798 -0.76391 0.10091 -1.1471 -0.093753 2.9522 -0.41748 0.15818 -0.41944 -0.041774 -0.13982 -0.48828 0.56336 -1.722 0.20654 -0.079941
1.051 -0.71604 -0.80446 -0.83794 -1.1829 -0.46518 -1.295 -0.23828 1.4414 -1.0027 2.1008 -0.47386 1.3983 -1.2551 0.44297 2.1083 -1.178 1.1506 -0.51382 -0.9892 1.5169 -0.46718 -0.34855 -0.20761 -0.34321 0.079107 -0.97316 0.39021 1.98 -0.082765 0.010279 -0.83495 0.6688 -0.74649 -0.12252 0.030093 -2.3337 0.37281 -0.16511
0.78991 -0.80538 -0.25954 -1.2232 -0.75972 -0.90514 -1.6084 -0.058484 0.80253 -0.72718 1.8796 -0.41703 1.3758 -1.6881 0.72789 2.4364 -1.1907 1.1413 -1.0526 -0.57004 0.87202 -0.42559 -0.84415 -1.2946 -0.17436 -0.017251 -0.44226 0.60322 0.59965 0.40744 -0.40884 -0.82041 1.2397 -1.1829 0.25826 -0.51646 -1.9022 0.44578 -0.24762
0.57329 -0.40128 0.74463 -1.3979 0.071574 -1.4621 -1.384 -0.07275 1.2416 0.28869 1.3796 -0.3177 1.3298 -1.6232 0.99913 2.1272 -0.88757 0.95631 -1.421 0.034085 0.25568 -0.48245 -0.89772 -1.8731 -0.32092 -0.15083 0.55718 0.50851 -0.29987 1.1522 -0.88684 0.13418 1.1576 -1.4404 -0.0057025 0.064674 -0.84327 0.34455 -0.47682
-0.30871 0.19078 1.1004 -1.5672 -0.18981 -2.0538 -1.1167 0.38175 1.5969 -1.5261 0.16969 -0.21666 1.3028 -1.2613 1.1425 1.9262 -0.34715 0.48816 -1.3971 0.68508 -0.24463 0.011533 -0.9849 -1.9483 0.1497 -0.27067 0.94616 0.15267 -0.82194 1.6913 -1.347 1.4137 1.034 -0.79217 -0.26131 1.1003 0.21015 0.42587 -0.92424
-0.56689 0.17333 0.92462 -1.5886 -0.1278 -2.2591 -0.93524 -0.23819 1.316 -2.2608 -0.1115 -0.36424 1.2546 -0.51008 1.1975 1.7801 0.69411 -0.24346 -0.087756 0.63341 -0.8437 -0.68113 -0.15777 -1.5676 0.21219 -0.73195 0.90958 -0.54399 -1.6346 1.5686 -0.71214 2.5138 0.92372 -0.30078 -0.30111 2.221 0.95554 0.83993 -1.1505
-0.32915 0.27375 1.1577 -1.4226 -0.15003 -2.0945 -0.72247 -0.58827 1.1113 -1.7555 0.15488 -0.52503 1.1987 -0.61549 0.91031 1.0345 1.3887 -0.87027 1.1295 1.1375 -0.18105 -0.86233 0.98177 -0.9716 0.44307 -1.5453 0.71429 -1.0759 -2.3891 0.79725 0.26145 2.4728 0.67428 0.057634 -0.27928 2.5058 1.1805 0.89654 -0.84688
-0.17345 0.44438 1.7703 -1.2371 -0.4746 -2.2383 -0.6317 -0.31995 1.2612 -1.5956 -0.1998 -0.066556 1.0715 -0.37999 0.065068 -0.54692 1.3698 0.25317 2.3954 1.5984 -0.38117 -0.66578 2.561 -0.35551 1.2644 -1.7776 0.66351 -1.4065 -2.7314 -0.3434 0.69682 1.0875 0.035614 0.10939 0.09346 1.4298 1.0525 0.468 0.027937
0.33773 0.77384 2.3463 -0.18219 -0.9127 -0.55464 -0.94335 -1.3141 -0.61896 0.28231 -0.24176 -0.031463 0.31167 -0.096915 -0.35822 -1.464 0.90021 0.74244 2.3577 1.5027 -0.35323 -0.57023 2.6686 -0.086626 1.4715 -1.4141 1.3393 -1.429 -2.5338 -0.97932 0.32949 -0.61371 -0.85792 -0.28531 0.27373 -0.1625 0.69182 -0.50877 1.1676
-1.1412 0.77199 1.5582 -0.046452 -1.1645 -0.18435 0.72643 0.72813 0.74284 1.025 -0.29318 0.39166 -0.63177 0.37248 -0.86722 -2.1749 0.24607 0.29569 1.4853 0.49546 -0.52985 -0.61282 1.8551 0.19484 0.66821 -0.74159 1.8156 -1.1137 -1.6935 -1.0723 -0.99097 -2.1624 -1.2972 -0.079144 0.67371 -1.7193 0.33322 -1.6967 1.9376
-0.86356 -0.24821 -0.72477 -0.64945 1.3054 0.8972 1.1174 -0.79627 1.0214 1.2143 -0.3103 1.7611 -0.23072 1.3155 -1.3656 -2.9803 -0.011435 -0.2572 0.32168 -0.022855 -0.68034 -0.29313 0.99984 0.21777 -0.28912 0.23623 2.1717 -0.75308 -0.68378 -0.48645 -1.7462 -2.3316 -1.0235 0.050871 0.59859 -1.9987 0.12456 -2.1788 2.0721
-0.078271 -0.22505 -0.45694 -0.94972 0.71971 -0.16724 0.45848 -1.1662 0.23795 0.73076 0.039004 1.0374 0.31971 2.0422 -1.5704 -3.0206 -0.32216 -1.1692 -0.99006 -0.21415 -0.37265 0.63743 -0.059498 0.22067 -1.3186 1.2126 1.46 -0.11367 0.46734 0.45761 -1.7365 -1.4989 0.33813 0.87158 0.32518 -1.6524 -0.13656 -1.6254 1.372
0.68848 -0.49508 -0.35923 -1.033 -1.0456 -0.95451 -1.1199 -1.2837 -0.16368 0.45259 0.39574 -0.45661 0.593 2.8107 -1.4565 -2.354 0.20641 -1.9094 -1.1514 -0.17966 -0.32289 0.087502 -0.38905 0.20046 -1.9857 1.6889 -0.045323 0.28276 0.95014 1.0327 -0.36217 -0.15184 1.4933 1.708 0.041733 -1.2355 -0.36483 -0.20356 0.22838
1.6687 -0.83263 -1.2734 -0.38659 -1.5471 -1.329 -0.46679 -1.1107 0.46365 0.59211 -0.31204 -0.59439 0.97716 2.14 -1.0493 -1.6132 1.0442 -2.2437 -0.83621 1.2132 1.0667 -0.098621 -0.7714 -0.032564 -1.8008 1.2341 -1.4213 0.38762 0.83307 1.1006 1.5571 0.95729 1.6455 2.0845 -0.10107 -0.98859 -0.64307 1.3047 -0.77324
1.7257 -0.89906 -1.4816 -0.38018 -2.3419 -1.1819 0.16517 -0.6837 1.4773 0.71611 -0.035197 -1.3793 1.0704 1.1861 -1.0959 -1.8916 1.3606 -0.42474 -0.081451 2.1736 2.0735 0.17984 -1.1296 -0.36028 -0.45318 0.67602 -2.0459 0.40262 0.64812 0.45718 2.7178 1.1551 0.37172 1.6831 0.15761 -0.58345 -0.88563 1.9229 -1.254
1.7548 -1.2109 -2.0228 -0.056561 -2.0157 -0.74521 1.3074 -0.019203 0.59201 0.57543 0.028992 -1.1076 1.2146 0.40143 -1.02 -1.6819 1.2916 1.0995 0.39805 1.8184 2.6672 0.39414 -1.6797 -0.77485 0.59915 0.19773 -1.2591 0.45117 0.65161 -0.23607 2.5449 1.0178 -1.7432 -0.22732 0.078475 0.3693 -1.0024 1.4128 -1.1711
1.5288 -1.3408 -2.2906 0.3365 -1.1864 -0.33773 2.605 0.49353 0.031204 -0.43237 -0.24164 -0.25223 1.1568 0.1499 -0.71174 -1.1013 0.98886 1.6772 0.55578 0.22313 2.2998 0.19117 -1.1134 -1.2022 0.76438 -0.26076 -0.26767 1.0471 0.92738 -0.72596 1.028 0.60399 -2.9364 -1.8838 -0.40145 1.4487 -0.39051 0.32863 -1.0426
1.5231 -1.5036 -2.4198 0.37084 0.081371 -0.94079 1.8267 1.6466 0.50962 -1.1179 -0.39271 0.13381 1.0388 0.48477 -0.38916 -0.78333 0.75205 1.6288 0.89099 -1.2636 0.49765 0.07838 -0.048567 -1.6251 0.49581 -0.60213 0.33841 1.4897 0.83181 -0.94571 -0.42687 0.35016 -2.5291 -2.619 -0.9697 1.9804 0.84621 -0.27646 -0.85909
1.5855 -1.732 -2.4366 0.44799 -0.17109 -0.69155 0.2554 2.0898 1.2335 -1.6692 -1.0612 -0.059997 0.86661 0.68063 0.58023 -0.59181 0.17424 1.2974 0.87867 -2.0828 -0.66103 -0.49479 0.94908 -0.69257 0.2833 -0.9757 0.23941 1.5901 0.74197 -0.91863 -1.3329 0.34948 -0.8854 -2.2696 -1.4019 1.3853 1.8412 -0.088463 -0.60997
2.107 -1.4549 -2.539 0.62262 -0.1223 -0.46814 -0.2399 1.3202 1.1245 0.33798 -1.9294 -0.28513 0.7189 0.71733 1.1716 -0.36915 -0.19598 0.45935 0.92843 -2.0255 -1.1642 -1.2974 1.2489 0.75184 0.2852 -1.1351 -0.44247 1.2578 0.95856 -0.78962 -1.4147 0.22463 0.70274 -0.91548 -1.6515 0.29937 2.3466 0.34252 -0.24897
2.3609 -1.2989 -2.5338 0.42608 -0.47437 0.55259 -0.59569 -1.0452 0.92847 1.2019 -1.7516 -0.94962 0.45203 0.44418 1.5374 0.088369 -0.37797 -0.32235 1.2275 -1.1617 -1.4718 -2.0696 1.0051 1.4335 0.70024 -1.1942 -1.078 0.33321 1.237 -0.53157 -1.023 0.002401 1.4478 0.45456 -1.2756 -0.89174 1.8811 0.41609 0.19034
2.2578 -0.19844 -2.9108 0.10155 0.34257 0.27998 -0.11835 -0.24601 -1.3454 1.093 0.13435 0.095557 0.096812 -0.16223 1.5265 0.68496 -0.5551 -0.30389 1.1538 -0.36805 -0.95011 -2.611 0.51419 2.1737 1.0006 -0.98211 -1.3351 -0.52543 1.2928 -0.40341 -0.19198 -0.58839 1.2934 1.3654 -0.42639 -1.2166 0.5988 0.19515 0.57275
2.101 -0.23141 -2.6078 0.1879 -0.27224 0.31075 0.053961 0.38577 -1.6427 -0.11672 1.1383 0.67239 -0.048161 -0.74069 1.0295 1.2187 -0.71422 -0.30518 0.75256 -0.090799 0.16051 -2.5197 -0.47999 2.5026 0.78955 -0.67655 -0.99641 -1.2908 0.93262 -0.20343 0.31298 -0.93169 0.47619 1.1853 0.71843 -0.68179 -0.68554 -0.64288 0.86454
1.9429 -0.13879 -2.0102 0.069282 -0.67737 0.62426 -0.44704 0.24645 -1.5687 -0.18991 0.32972 0.98742 -0.21761 -0.99466 0.41084 1.5093 -0.83998 0.075484 -0.045611 -0.04382 0.79765 -1.9576 -0.45602 1.4909 0.65197 -0.26544 -0.33174 -1.6167 0.192 0.048426 0.48339 -1.0031 -0.31491 0.32898 1.7012 0.3485 -1.6476 -1.4472 0.9521
1.4702 -0.20091 -1.4866 -0.057227 -0.50047 0.99424 -0.57005 0.36216 -2.1998 0.26549 0.83979 0.64658 -0.047678 -0.86001 -0.38262 1.4352 -0.64835 0.090304 -0.08049 -0.41304 0.066546 -0.85992 0.11458 0.41181 -0.43042 0.15043 0.38021 -1.4267 -0.58541 0.43695 0.46261 -0.8965 -0.66547 -0.35129 2.4457 1.0405 -1.855 -1.9423 0.89346
1.4211 -0.33939 -1.2697 -0.27179 -0.39971 0.64359 -0.3283 0.57562 -2.5878 0.3635 1.3118 0.0085934 -0.017897 -0.67686 -0.86825 0.92821 -0.498 0.43064 -0.48208 -0.85127 -0.22951 0.17427 0.90614 -0.11898 -1.3418 0.4797 0.79907 -0.77955 -1.114 0.78186 0.11234 -0.70487 -0.66619 -0.48221 2.7587 0.58499 -1.5401 -1.7481 0.62503
1.2731 -0.46429 -1.195 -0.68714 0.26938 -0.012857 -0.33266 0.10619 -2.6147 0.58675 0.55547 0.48499 0.067509 -0.24625 -1.0685 0.38333 -0.019427 0.40928 -0.86555 -1.0205 -0.033518 1.6043 0.91516 -0.45648 -2.18 0.71073 0.75075 0.10323 -1.1567 0.86265 -0.11781 -0.49859 -0.30736 -0.2017 2.38 -0.35206 -0.85227 -1.0248 0.275
1.3776 -0.65751 -1.4303 -0.31541 0.093198 0.32344 -0.73904 -0.0081192 -2.3463 0.71079 1.0106 -0.34414 0.21448 0.074047 -0.7467 -0.095179 0.40001 0.1299 -1.1008 -1.0749 -0.12573 2.6624 0.30689 -1.1924 -2.0418 0.68582 0.33211 0.88225 -0.5419 0.6174 -0.18165 0.075548 0.15354 -0.17791 1.0904 -0.89147 0.15295 -0.104 -0.15897
1.2773 -1.3555 -1.3627 -0.20089 -0.11627 -0.13199 -1.5642 0.18244 -0.55474 1.1744 0.52312 -1.179 0.45853 0.056807 -0.2563 -0.26462 0.6184 0.0089906 -0.80053 -0.93069 -0.38921 2.947 -0.30059 -0.75686 -2.1677 0.58969 -0.55729 1.5309 0.41534 -0.032589 0.5743 0.58323 0.43275 -0.24242 -0.85662 -1.0188 0.9499 1.1259 -0.65667
1.6187 -1.1821 -1.3208 0.14804 -0.21681 -0.27365 -1.7266 0.51266 1.0316 1.1067 -0.29582 -2.2202 0.6018 -0.25798 0.40196 0.20895 0.40918 0.27549 -0.37967 -0.61967 -0.40724 1.826 -0.28186 0.38951 -1.5492 0.22821 -1.2039 1.7644 1.2006 -0.57752 1.2839 0.86688 0.4472 0.05493 -2.5976 -0.83219 1.3853 1.9482 -0.97708
1.464 -0.68035 -1.5655 0.19113 -0.20559 -0.58634 -1.4177 0.13754 0.95397 0.265 -0.49967 -1.5668 0.59993 -1.0434 1.2734 1.0072 -0.095738 1.4448 -0.061645 -0.4228 -0.37933 0.22719 -0.84161 0.74696 -0.10861 -0.3523 -1.2946 1.4308 1.5866 -0.85432 1.366 0.68588 0.24064 0.58431 -3.0986 -0.59531 0.92268 2.2817 -1.0263
1.3084 -0.47369 -1.5423 0.054413 0.052016 -0.39883 -1.1716 -0.41146 0.82636 -0.18885 0.90749 -2.5147 0.52219 -1.454 1.851 1.5372 -0.4027 1.8942 0.26947 -0.47513 -0.013491 -1.4556 -1.0997 0.94405 0.93064 -0.76579 -0.78582 0.6975 1.4768 -0.67954 0.50532 0.44933 0.039971 1.2361 -2.1858 -0.44068 -0.0056169 1.6892 -0.70284
0.76783 -0.07703 -0.6576 -0.35825 0.92373 -0.15151 -1.3539 -0.44027 -0.93637 0.89566 1.7352 -1.1645 0.21164 -1.5797 1.7442 2.0732 -0.68811 1.8407 0.24756 -0.55525 0.60595 -1.9499 -1.094 0.90437 1.2774 -0.93273 0.10206 -0.13969 0.88351 -0.30183 -0.87256 0.31827 -0.013555 1.6063 -0.56597 -0.24891 -0.65865 0.66401 -0.14831
-0.12578 0.56174 0.048942 -0.3422 2.3881 0.25051 -1.923 -0.056842 -1.4683 -0.48708 1.2928 -0.47487 -0.20606 -1.3471 1.4897 2.4692 -0.65811 1.0523 0.35868 -0.5002 1.6155 -1.6923 -1.0481 0.34357 1.2291 -0.86429 0.86346 -0.93862 -0.07359 0.15921 -1.6426 0.041778 0.29406 1.0275 1.004 -0.25143 -0.95682 -0.44823 0.44593
-0.035901 0.63103 0.27978 -0.38215 1.802 -0.083601 -2.4202 0.74844 -1.6406 -0.35199 0.60814 -0.527 -0.20318 -0.92318 1.1768 2.207 -0.57733 0.1728 0.52091 -0.46223 2.0733 -0.83501 -1.3755 -0.26067 1.1139 -0.59407 1.3546 -1.7113 -1.4111 0.64111 -2.2346 -0.37482 0.98379 -0.49572 1.5823 -0.1542 -0.43969 -1.1652 1.0477
0.15529 0.75581 0.77076 -0.52 1.5839 -0.32684 -1.9371 1.2773 -1.0129 -0.7489 0.64618 -0.91997 -0.23966 -0.29571 0.33018 1.3171 -0.14686 -0.4556 0.19924 0.031087 1.3447 0.1273 -1.4721 -0.39342 0.1061 -0.056299 1.3511 -2.2932 -2.4182 0.82312 -2.2526 -0.84503 1.7372 -2.3056 1.4113 0.19056 0.54304 -1.6275 1.4152
-0.0091391 0.96199 1.1666 -0.54875 0.72549 0.06643 -1.5688 2.0183 -1.5213 -1.2118 0.72753 -0.26997 -0.25467 0.2281 -0.95766 -0.04584 0.32968 -1.7354 -0.45112 1.0877 -0.25951 0.50398 -1.2003 0.41451 -0.53572 0.72674 1.0159 -2.3335 -2.4564 0.65312 -1.9386 -0.9103 1.8648 -3.0602 0.83646 1.1782 0.61108 -1.68 1.4117
0.009428 0.90221 1.1014 -0.75109 0.83151 0.70022 -1.9629 1.8657 -0.86578 -1.6772 1.2528 -0.63074 -0.18725 0.40468 -1.837 -1.0135 0.52522 -2.3584 -0.88727 2.1145 -1.8938 0.64017 -0.76296 1.1651 -1.2677 1.2622 0.55179 -1.5991 -1.5069 0.1343 -1.217 -0.71861 1.3094 -2.3158 0.4858 2.1562 -0.56401 -1.0478 0.98444
0.10969 0.19096 0.79533 -0.28101 1.3664 -0.10076 -1.5431 0.69088 -1.0563 -1.2157 0.91217 -0.9175 0.11861 0.47608 -2.2107 -1.3094 0.38402 -2.6327 -0.80016 2.1365 -2.5152 0.69458 0.62207 0.25888 -1.6283 1.5268 0.092687 -0.28152 0.055932 -0.3578 -0.09287 -0.34169 0.44098 -0.56104 0.11932 2.4968 -1.9745 -0.14542 0.16904
0.23855 -0.91271 -0.48233 0.23668 -0.7398 -0.9967 -0.2737 -0.73576 -0.70397 -2.2001 1.7084 -1.4216 0.82407 0.5295 -2.1105 -0.92836 0.087473 -2.3667 -1.1018 2.0553 -2.2237 1.0763 1.9289 -1.4292 -1.482 1.4827 -0.18679 1.2673 1.3056 -0.58279 1.2045 0.69111 -0.7668 1.3303 -0.59537 1.9482 -1.7752 1.0171 -0.88711
0.60937 -1.3057 -0.63292 -0.070045 -1.8533 -1.3807 0.78445 -1.4084 -0.48002 -1.0271 2.1735 -2.6149 1.1553 0.32324 -1.3693 0.0045311 -0.1725 -1.9147 -1.0551 1.9587 -1.228 0.55499 2.4487 -2.2975 -0.71466 0.95025 -0.4378 2.5725 1.9294 -0.61451 2.4633 1.8729 -1.6331 2.0836 -1.56 1.0216 -0.18489 1.6404 -1.7956
0.53944 -1.1079 0.07785 -0.50559 -1.7459 -0.41948 0.29811 -0.81304 -0.11225 0.681 0.036755 -2.4839 1.1346 0.15675 0.15466 0.79752 -0.36681 -0.38906 0.62343 0.67072 0.16923 -0.53273 2.2191 -1.1569 0.37041 -0.19498 -0.66811 2.6512 1.6478 -0.1196 2.715 2.3678 -2.1002 1.6615 -2.0322 -0.47899 1.4758 1.7156 -2.0395
0.44296 -0.99867 0.61104 -0.63032 -1.4914 -0.99431 0.34934 -0.12799 0.32622 1.3839 -1.7821 -1.5543 1.0933 -0.094725 1.5642 1.4812 -0.62246 1.144 2.1171 -0.40666 0.52449 -1.7842 2.5153 -0.21256 0.81694 -1.1685 -0.67134 1.3639 0.40678 0.02814 1.9497 1.3817 -1.526 0.63014 -0.9618 -1.6851 1.9298 1.1623 -1.1782
0.27626 -0.70169 1.0535 -0.56581 -0.97739 -1.0356 0.58901 -0.11068 -0.66253 0.99438 -1.0459 -1.3363 0.70966 -0.41581 1.4807 1.4515 0.066991 1.3567 2.0957 -0.91574 0.27918 -2.0361 0.92645 0.60231 1.2777 -1.4721 -0.40224 -0.378 -0.68827 -0.089972 0.42211 -0.41901 -0.29172 -0.095689 0.91474 -2.3216 0.96201 0.46903 0.31044
0.42042 0.23644 0.84333 -0.18869 0.59141 1.0559 -0.59909 0.2235 -2.5757 0.71486 1.7165 -0.54756 -0.12294 -0.55035 0.56479 0.43725 -0.33987 0.98365 0.99261 -0.27306 0.0021043 -0.71114 -0.29153 0.82898 1.2241 -0.72973 0.039919 -1.6101 -1.3475 -0.39486 -0.91231 -1.8205 0.44004 0.12277 2.6193 -2.3925 -0.69304 0.058995 1.5608
0.26607 0.7563 0.96258 -0.73359 -0.18597 1.8682 -0.27414 -0.93819 -3.2747 2.0444 1.9291 -1.4701 -0.21107 -0.31129 -0.07847 -0.0019199 -0.6944 0.50478 0.31766 0.0051519 0.24179 0.88235 -1.0396 0.34159 1.1392 0.19774 0.37138 -1.7257 -1.0623 -0.78925 -1.2247 -2.3136 0.73408 0.70699 3.2077 -1.3939 -2.1468 -0.29839 2.0499
0.017219 -0.27853 1.3992 0.051909 -0.69651 0.65129 -0.38324 -0.83589 -2.1452 0.32992 0.94523 -0.95249 -0.098438 -0.080415 -0.74445 -0.36638 -1.0368 -0.1999 -0.70414 -0.027424 0.79811 2.3139 -1.306 -1.4607 1.0187 1.0702 0.43661 -0.9932 -0.3656 -0.40139 -0.52357 -1.8672 0.32284 1.1483 2.3457 -0.79108 -1.9559 -0.37191 1.5113
-0.20488 -1.0453 0.40121 -1.4876 -0.44006 -0.47749 0.52118 -0.038907 0.7656 0.41858 -1.1163 -0.27851 0.96898 -0.012661 -1.1739 -0.17881 -1.167 -0.42621 -1.766 0.37911 1.3223 3.2532 -1.3691 -2.6159 0.78093 1.6645 0.27888 0.059731 -0.074821 -0.043032 0.34097 -0.85085 0.026565 0.80989 0.60515 -0.044028 -0.2585 -0.61053 0.52901
0.31012 -0.73022 0.86471 -1.2893 -0.33671 -0.59121 0.33767 0.70529 1.3188 -0.35161 -0.80474 0.26046 1.2558 0.050927 -0.79637 -0.18248 -0.91164 0.43186 -1.7704 0.14925 1.799 3.0819 -1.7215 -1.6634 0.65322 1.513 0.068619 0.90587 0.14692 0.50782 0.89937 0.29068 -0.42148 -0.16518 -1.2739 0.40304 1.9777 -0.86061 -0.56226
0.34714 -0.79095 0.55461 -1.3634 -0.68537 -0.5843 -0.35206 0.96064 0.83222 -0.58165 -1.3134 -0.13869 1.2558 0.10166 0.05143 -0.24942 -0.84957 0.84544 -0.89302 -0.056281 1.3914 1.7951 -0.92936 -0.043429 0.083258 1.0187 -0.057373 1.0489 -0.05371 0.63507 0.76007 0.88461 -0.76477 -1.1947 -2.2342 1.0591 2.7763 -0.77754 -1.1211
0.23481 -0.69085 0.96951 -1.3285 -0.08713 -0.47369 -0.0087823 1.2332 1.1674 -0.27406 -0.83306 -0.20233 1.3382 -0.021517 0.36433 -0.065224 -0.18828 0.90192 -0.56944 -0.66354 0.43382 0.36503 -0.72733 1.3574 -0.38334 0.28714 -0.060673 0.66187 0.065801 0.43574 0.054404 0.46821 -0.61012 -1.8469 -1.9285 1.5108 1.9552 -0.48893 -1.0306
0.021052 -0.48152 0.86713 -1.4219 0.41844 -0.93369 0.07659 1.1362 1.7297 -0.9552 -0.1922 -0.6462 1.363 -0.077634 0.24056 -0.35287 -0.26737 0.80672 -0.59081 -0.74312 -0.41516 -0.097674 0.24718 1.6175 -0.28156 0.071296 -0.030843 0.26166 0.20691 0.2264 -0.50862 -0.22113 -0.41281 -1.6228 -0.96594 1.1561 0.50613 -0.011322 -0.66826
0.069876 -0.56529 0.59872 -1.4391 0.45427 -0.8948 -0.08175 1.1387 1.4864 -0.78712 0.23503 -0.37196 1.3805 0.033687 0.36407 -0.019055 -0.33938 0.55295 -0.99023 -0.73198 -1.0419 -0.03444 0.7089 1.5644 -0.15403 -0.041241 -0.006859 0.2181 0.40035 -0.021344 -0.86402 -0.33579 0.020095 -0.8757 -0.1655 0.75862 -0.6246 0.29684 -0.27612
0.013619 -0.59144 0.36104 -1.6903 0.59083 -1.3145 -0.69247 0.54351 1.2324 -0.73271 0.53994 -0.48038 1.3488 0.018606 0.5415 0.10736 -0.32863 0.031585 -1.1494 -0.85885 -1.1599 -0.031763 0.66035 0.9364 -0.04285 -0.13172 -0.2024 0.38685 0.72567 0.11386 -1.0398 -0.08348 0.43065 -0.031102 0.021111 -0.23081 -1.0468 0.3174 -0.15172
0.43297 -0.46153 0.47062 -1.4927 0.35619 -1.1632 -0.92393 0.16797 0.74071 0.48069 0.8517 -0.035445 1.3036 -0.083728 0.62054 0.45217 -0.20693 -0.38692 -0.98942 -0.59149 -0.96617 -0.0013412 0.57728 0.45999 0.11701 -0.15401 -0.40046 0.31452 0.74735 0.22709 -1.0393 0.44007 0.97042 0.51628 -0.12551 -0.88586 -1.0444 0.21228 -0.11086
0.26958 -0.24073 1.0282 -1.7466 0.1474 -2.0056 -0.97572 -0.29028 1.2254 0.40922 0.46027 -0.61932 1.2121 -0.3702 0.8416 0.77729 -0.11291 -0.74003 -0.77879 0.0078521 -0.51053 -0.052898 -0.15881 0.065047 0.24472 -0.17007 -0.4163 -0.010916 0.48056 0.48028 -0.73716 0.95567 0.99897 0.22234 -0.56568 -0.95192 -0.82129 -0.032812 -0.23113
-0.027819 0.10072 1.1116 -1.6579 0.20594 -1.9997 -0.77569 0.10217 1.7014 -0.14402 0.40001 -0.41448 1.2359 -0.4647 0.80503 1.0529 -0.00047853 -1.077 -0.30135 0.71693 -0.31272 -0.2727 -0.66615 -0.099688 0.1487 -0.23938 -0.25663 -0.36391 -0.0075059 0.74196 -0.48903 1.4837 0.69086 0.061379 -1.0469 -0.40607 -0.35033 0.090587 -0.48328
-0.16492 0.086907 1.149 -1.6116 -0.076381 -1.973 -0.56962 0.10507 1.6091 -0.4836 0.63663 -0.31997 1.2377 -0.51101 0.41815 0.70692 0.52045 -1.0542 0.42638 0.42531 -1.0296 -1.076 -0.63495 -0.42552 -0.11416 -0.54312 0.027077 -0.70228 -0.46903 0.67979 -0.18137 1.4233 0.22082 -0.07546 -1.1278 0.44119 0.17157 0.38079 -0.52833
-0.3548 0.32337 1.3088 -1.629 -0.60816 -1.7567 -0.19249 0.40644 0.81477 -1.0704 0.43644 0.16554 1.182 -0.45811 0.12635 0.45974 0.95117 -1.1802 1.3987 0.5325 -0.57638 -1.6875 -0.0076908 0.030374 0.49372 -0.91796 0.20168 -0.68771 -0.71657 0.21749 0.29894 0.61516 -0.35051 0.066718 -0.50061 0.91276 0.26014 0.5672 -0.27892
-0.18899 0.23837 1.7222 -1.6434 -0.9638 -1.5427 0.15301 -0.37977 0.44058 -0.83367 0.54088 -0.39644 1.0058 -0.32907 -0.17182 0.16916 0.76192 -1.0431 1.2393 0.50882 -0.52626 -1.7143 0.38698 0.39653 0.86386 -0.86996 0.36395 -0.3498 -0.53709 -0.42053 0.78755 -0.53322 -0.64724 0.45543 0.5816 0.84623 0.11132 0.46602 0.23692
-0.11087 -0.091103 1.2607 -0.67349 -0.85549 -0.69229 -0.99783 -2.0065 -0.93466 0.25353 -0.088789 -0.60826 0.51612 -0.21017 -0.2249 -0.053348 0.30638 -0.50731 0.5214 -0.039142 -0.42325 -0.99578 0.64302 0.067638 0.83313 -0.62413 0.3653 0.090191 -0.43086 -0.85386 1.2447 -1.5308 -0.81469 0.70664 1.5225 0.093214 -0.54561 -0.22659 0.75929
-0.52742 0.074078 1.5978 -0.75332 -1.3404 -0.19139 0.023375 0.09281 -0.55282 0.26523 0.8634 0.57312 0.17531 -0.00967 -0.085172 -0.070615 -0.0034622 0.1305 -0.2346 -0.58647 -0.17576 -0.17494 0.72648 -0.17132 0.68233 -0.22268 0.30533 0.39325 -0.31388 -0.96877 1.358 -1.7656 -0.41083 1.0577 1.9436 -0.58744 -0.8642 -1.0034 0.97604
-0.48845 -0.053299 1.1497 -1.2353 -1.0693 -1.0357 0.14095 -0.16476 -0.26198 -0.21889 1.2081 1.0583 0.65548 0.009816 0.2452 -0.25258 -0.37767 0.63927 -0.9871 -0.54661 0.68878 0.78006 0.00016375 -0.76151 0.13213 0.25412 0.28304 0.34754 -0.3863 -0.60812 1.1948 -1.2521 -0.030321 0.52788 1.4851 -0.62957 -0.77055 -1.7303 0.79492
-0.36338 -0.0037414 1.2053 -1.6416 -0.707 -1.8512 -0.82408 -0.53549 0.35159 0.006853 0.13521 0.50779 0.78183 0.085156 0.33464 -0.3411 -0.83702 1.0091 -1.6052 -0.070332 1.0709 1.5257 -0.47815 -0.91874 -0.82896 0.61334 0.21702 0.22702 -0.41807 -0.06062 0.7868 -0.04767 0.20903 -0.040417 0.52203 -0.066173 -0.34911 -1.8292 0.18496
-0.14106 0.32783 1.5672 -1.4471 -0.41854 -1.9145 -1.1137 -0.44953 0.26407 0.1333 -0.087072 0.4386 0.89823 0.22821 0.21932 -0.66562 -0.4977 1.363 -1.3509 -0.38213 0.030863 1.3119 -0.025647 -1.0962 -1.9434 0.52372 0.28371 0.10997 -0.20085 0.37221 0.24921 1.3082 0.24531 -0.41009 -0.78345 0.75797 0.13905 -0.88527 -0.47657
-0.21577 0.43692 1.188 -1.4797 -0.097317 -2.1762 -0.59887 0.25514 1.1888 -0.64589 -0.77013 -0.78944 0.9903 0.25308 0.35151 -0.67198 -0.071138 1.2883 -0.16766 -0.28313 0.076791 0.68005 0.59756 -0.67635 -2.0147 0.0075769 0.32619 0.12197 0.019442 0.45339 -0.2179 2.1739 -0.037201 -0.24702 -1.7221 1.1407 0.19664 0.39948 -0.88797
-0.28687 0.15329 0.7699 -1.5573 0.25235 -2.3292 -0.30386 0.24342 1.3225 -0.27879 -0.43792 -1.216 0.95708 0.4128 0.43674 -0.48219 -0.024096 0.97852 0.92885 0.016685 0.35885 -0.43765 0.97222 -0.55295 -1.0764 -0.38027 0.37703 0.1765 0.38099 0.059534 -0.41933 2.0737 -0.22926 0.26741 -1.9906 0.83501 0.13207 1.5124 -0.87676
-0.29803 0.19466 0.63007 -1.4473 0.47955 -1.9588 -0.53091 -0.3563 1.205 0.48791 0.034486 -1.5267 0.81433 0.55305 0.44885 -0.40921 -0.17522 0.77584 1.6453 -0.36818 0.41103 -1.2256 1.2999 -0.74241 -0.43251 -0.68184 0.42313 0.13898 0.45043 -0.18012 -0.30358 1.3027 -0.62581 0.40343 -1.6845 0.18575 -0.15368 1.6602 -0.55227
-0.024292 0.51639 0.56038 -1.4487 0.66198 -1.168 -0.89805 -0.33254 0.43109 0.92298 0.011463 -1.231 0.62746 0.72608 0.49781 -0.086286 -0.33345 0.80377 1.9297 -0.81557 0.41235 -1.9293 1.2875 -0.74778 0.37482 -0.85667 0.2439 0.013337 0.32841 -0.07073 -0.2348 0.29449 -0.63565 0.5777 -0.78076 -0.58598 -0.23455 1.194 -0.18893
0.34166 0.7489 1.1759 -1.6909 0.46901 -0.54343 -0.95189 0.3633 -0.76567 1.2453 -1.3304 -0.37252 0.36076 0.82378 0.57641 -0.027248 -0.28276 0.78437 1.9555 -1.1225 0.87482 -2.1205 0.80298 -0.85015 0.67186 -0.84053 -0.068079 -0.25977 0.19014 0.20754 -0.37164 -0.6383 -0.083985 0.47987 0.33165 -1.1142 0.18741 0.37556 0.19286
0.41548 0.81827 0.89389 -1.6422 0.72602 -0.061402 -1.4276 0.55252 -0.98013 1.3299 -1.3774 -0.72961 0.24386 0.69573 0.38821 -0.062396 -0.11821 0.51606 1.3527 -0.881 1.3056 -1.625 0.037049 -0.93631 0.82864 -0.67193 -0.34678 -0.52161 -0.11043 0.62859 -0.70191 -1.1836 0.53901 0.0082051 1.4213 -1.1565 0.90535 -0.73099 0.52404
0.43949 0.71667 0.77105 -1.914 1.3083 -0.25535 -1.3702 0.69415 -1.1102 0.86009 -1.2137 -0.70881 0.12944 0.44857 -0.0031822 -0.073143 0.12488 0.19656 0.62112 -0.52588 0.94441 -0.65957 -0.31719 -0.21911 0.1215 -0.3936 -0.48754 -0.70138 -0.26348 0.86117 -1.1024 -1.3957 0.98292 -0.72465 2.009 -0.79297 1.5174 -1.3495 0.69428
0.59284 0.75434 0.52185 -1.6665 1.3552 0.12291 -1.8553 1.1009 -1.6019 1.111 -0.87428 -0.51887 0.082045 0.31346 -0.21977 -0.28656 0.71116 -0.26487 0.17831 -0.079648 0.39987 0.36325 -0.47941 0.83962 -0.83543 -0.047543 -0.41836 -0.76538 -0.40352 0.82982 -1.2681 -1.2264 0.96366 -1.1338 1.8337 -0.46759 1.6845 -1.5323 0.76053
0.53834 0.75678 0.68263 -1.4293 0.84512 -0.17938 -1.5477 1.332 -1.1037 0.59298 -1.3192 -0.15267 0.088325 0.17197 -0.47064 -0.42926 1.0154 -0.96302 -0.30598 0.38368 -0.138 1.1517 -0.53726 1.4214 -1.2482 0.21502 -0.31575 -0.72697 -0.52075 0.38723 -1.0189 -0.98924 0.75121 -1.0416 1.1833 -0.54301 1.2645 -1.086 0.70075
0.60731 0.53608 0.88522 -1.3982 0.6312 -0.21735 -1.4275 0.83729 -0.65605 0.75976 -0.62181 -1.1869 0.17962 0.11037 -0.85145 -0.66456 1.0868 -1.363 -0.68905 0.5332 -0.44971 1.3648 -0.79927 1.7459 -1.6131 0.52193 -0.16776 -0.53843 -0.48454 -0.22671 -0.41313 -0.65931 0.41189 -0.74176 0.38377 -0.43045 0.6924 -0.33193 0.48449
0.75197 0.53639 0.68735 -0.78935 0.13737 -0.10661 -1.0508 0.81965 -0.11035 0.68934 -0.12067 -1.9892 0.33484 0.0033927 -1.0873 -0.88718 0.7036 -1.2307 -0.96962 0.61904 -0.74008 1.3592 -1.2548 1.9681 -1.7021 0.70214 -0.11297 0.19264 -0.043633 -0.82961 0.24188 -0.13231 0.13612 -0.24287 -0.28178 -0.24819 -0.13034 0.7141 0.10415
0.51097 0.17116 0.040183 -0.73203 -0.28241 -0.66955 -0.99508 0.28988 0.75638 0.40942 0.66194 -2.251 0.4479 0.1062 -0.95098 -0.99181 0.40771 -0.93449 -0.84521 0.58702 -0.7995 1.0879 -0.99257 2.032 -1.2766 0.66363 -0.17142 0.92094 0.67148 -1.1033 0.61308 0.23271 -0.14583 0.062986 -0.79134 0.28802 -0.97267 1.5691 -0.3623
0.61721 -0.34842 -0.13415 -0.87799 -0.24287 -1.1493 -1.016 0.48643 0.20352 -0.42746 0.86966 -2.301 0.70984 -0.023008 -0.062862 -0.36191 -0.30823 -0.71257 -0.51451 0.59902 -0.45058 0.71074 -0.94723 1.055 0.057811 0.35015 -0.16299 1.4681 1.5761 -0.82478 0.68199 0.70357 -0.47643 0.38905 -1.1814 0.75853 -1.6379 2.0256 -0.75474
0.56824 -0.34024 -0.28951 -1.0433 -0.2132 -1.0459 -1.0853 0.32023 0.25984 -0.80911 1.1939 -2.2768 0.79768 -0.17427 0.3866 0.33559 -0.61696 -0.43864 -0.46295 0.23123 -0.46093 0.031794 -0.38499 0.24989 0.7324 -0.014391 -0.18233 1.5628 1.868 -0.13295 0.56024 1.1001 -0.70223 0.27445 -1.3476 0.72452 -1.7577 1.8488 -1.0343
0.79591 -0.071046 -0.091984 -0.93278 -0.43509 -0.99369 -0.58426 0.13657 0.75019 -0.13383 1.2246 -1.979 0.70382 -0.13968 1.0402 1.4311 -0.43752 -0.16183 0.24779 -0.16491 -0.11379 -0.59504 -0.047516 -0.45917 1.4539 -0.44375 -0.24389 0.99919 1.3916 0.80734 0.41268 1.5002 -0.68248 0.26262 -1.3009 0.55097 -1.1806 1.3038 -1.1395
0.5058 1.0074 0.85118 -1.7274 -0.5093 -0.54518 -0.48082 0.36154 0.62239 -0.33133 0.41696 -1.0571 0.42521 -0.15213 1.4747 1.6483 0.20024 -0.12879 0.98637 -0.43672 -0.40499 -1.0931 0.00042229 -0.77509 1.8237 -0.97461 -0.39549 0.29572 0.24143 1.5455 0.41312 1.6061 -0.36111 0.50235 -0.92805 -0.029848 -0.66814 0.70911 -1.1105
0.36208 0.59354 0.76258 -1.1675 -0.56522 -1.1817 -1.0609 -0.054185 -0.1053 0.26626 0.41263 -1.3566 0.3271 -0.45689 1.2929 1.6131 0.88849 -0.072106 1.7849 -0.43388 0.06033 -1.4619 -0.044914 -0.81199 2.1943 -1.4122 -0.55438 -0.62152 -1.3982 1.902 0.51973 1.1543 0.36576 0.3132 -0.27556 -0.11236 -0.30932 -0.14767 -0.87043
0.43227 0.98077 1.7236 -1.0621 -0.29946 -0.31605 -1.4989 0.42034 -0.52739 -0.29488 0.28311 -0.24558 0.056734 -0.69988 0.81531 0.69009 1.7992 0.31273 2.0074 -0.36943 0.47763 -1.4812 -0.45532 -0.90105 1.8263 -1.7154 -0.46845 -0.91925 -2.1967 1.4972 0.53335 0.46099 1.2638 0.33933 0.61264 -0.1699 -0.14108 -0.57043 -0.46705
0.55978 1.2203 1.3033 -0.44068 -0.40254 0.42112 -1.4687 -0.34235 -1.5207 -0.88158 0.16753 -0.049323 -0.36297 -0.824 0.17154 -0.76031 2.5539 0.62005 2.0598 0.4951 0.086465 -0.9672 -0.054037 -0.98691 1.1619 -1.786 -0.27289 -1.5734 -2.2248 0.60138 0.13228 -0.35321 1.65 0.092328 1.5178 0.38754 0.24401 -0.98141 0.39643
-0.10797 1.1507 1.4884 -0.062056 -0.44514 1.5457 -1.0378 0.76813 -1.24 -0.39964 0.28879 0.75311 -0.82046 -0.7786 0.26786 -1.3531 2.3503 0.55414 1.7655 1.5577 0.27656 -0.027843 -0.34473 -0.93295 1.1833 -1.7062 0.07884 -2.0561 -1.1668 -0.67204 -0.49897 -1.127 1.2426 -0.29348 1.901 0.65212 0.68042 -1.1899 1.4342
-0.16978 1.1054 0.59029 0.81318 0.14406 1.1398 -0.82685 0.98313 -0.97874 -0.6782 -0.44242 0.19722 -1.2145 -0.89035 -1.4513 -1.6068 1.807 0.059692 1.1712 1.8206 0.35398 1.0388 0.66728 -0.25081 0.51747 -0.63537 0.2334 -1.4825 0.18446 -1.5272 -0.78734 -1.5025 0.31741 -0.72618 1.3206 0.43502 0.77701 -1.093 1.8199
-0.49882 0.92851 -0.35786 1.0161 0.39455 1.4544 0.22495 -0.24301 -0.79738 0.23644 -1.0223 0.0062869 -1.356 -0.53303 -2.314 -1.1174 0.82415 -0.37674 0.14788 1.3851 -0.24635 1.5535 0.48177 0.17206 -0.27682 0.5337 0.24961 -0.56848 1.0412 -2.0012 -0.96589 -1.5095 -0.70399 -1.3233 0.36444 0.15009 0.82908 -0.62672 1.6423
-0.22904 1.1595 -0.11361 1.0761 -0.021792 0.97042 0.76127 0.54699 -0.14756 -0.88693 -0.41232 0.8702 -1.41 -0.54659 -1.3818 -0.54091 0.26107 -0.44246 -0.19674 1.18 -1.1209 1.0523 0.39536 0.10004 -0.33496 0.67771 0.37697 1.0492 1.6029 -1.8598 -0.73141 -1.2383 -1.4175 -1.2813 -0.64649 -0.69498 0.64842 0.075611 0.84556
-0.57394 -1.5146 0.31156 0.67918 -0.69387 1.7169 0.31566 0.92727 0.86384 0.97404 0.58465 0.47767 -0.16995 -0.52234 -0.86387 0.079509 -0.87906 -1.0684 -0.62997 0.46883 -1.6672 0.75296 0.082826 0.63796 0.33765 0.87126 0.3042 1.7503 1.2724 -1.3687 -0.16959 -0.82627 -1.5162 -0.90685 -1.1584 -0.34212 0.42211 0.3603 0.090716
-0.10922 -1.1879 0.25796 0.39783 -0.96803 0.66008 -0.067492 -0.79667 0.45833 -0.65526 0.29149 -0.66037 0.19545 -0.24794 -0.18094 0.82769 -1.0613 -1.0141 -0.96936 -0.53301 -1.5314 0.088223 -0.53532 0.8917 0.37683 0.86142 0.40423 1.8482 0.75148 -0.6 0.28159 -0.76657 -1.183 -0.014339 -1.0994 0.0033805 0.40553 -0.085827 -0.40722
-1.1479 1.0094 0.49139 0.77835 -0.26696 1.3769 0.83984 -0.75924 -0.26594 0.22315 -0.55023 0.47602 -0.97879 -0.16009 0.42124 0.60305 -1.2541 -0.42284 -1.1597 -0.76411 -1.8767 -0.39802 0.25224 0.68709 0.11696 0.62138 0.45903 1.3006 0.33592 0.26973 0.72559 -0.14539 -0.63544 0.8273 -0.79657 0.67111 0.18389 -0.59226 -0.66163
-0.75658 0.28417 0.055334 -0.31328 -1.3535 0.016522 0.0013486 -1.692 0.25042 -0.54467 0.27963 1.1063 -0.48803 -0.032952 1.4986 0.61214 -0.75604 -0.22367 -1.5047 -0.55423 -1.0396 -0.68099 0.30822 0.95229 -0.38867 0.0019037 0.4967 0.051174 -0.10678 0.30676 0.61232 0.2554 -0.23411 1.3245 -0.13427 0.80577 0.13237 -0.76582 -0.35536
-0.42626 0.35353 1.0121 0.084586 -0.99879 0.23809 -0.52699 -1.3712 -0.45611 -0.88856 0.67807 0.64323 -0.20508 0.15942 0.77233 0.81234 -0.4998 -0.062454 -0.67542 -0.79497 -0.22772 -0.53074 0.99687 1.0295 -0.4809 -0.00058264 0.52239 -0.89568 -0.057406 0.33959 0.36715 0.81406 -0.030092 1.7898 0.1288 0.57253 -0.44803 -0.49109 0.027348
-0.41915 0.19303 0.61285 -0.44705 -0.5744 -0.18031 -0.25564 -1.5278 -0.10607 0.88955 0.89988 0.4224 -0.079611 0.44651 -0.26891 0.50676 -0.83263 -0.012435 -0.71185 -1.0031 0.33908 -0.11276 0.69806 1.0365 -0.881 0.47374 0.61199 -1.7301 -0.54885 -0.12328 0.11821 0.9023 0.11379 1.3532 0.32462 0.3232 -1.4217 0.3004 0.53728
-0.67943 0.49751 1.0442 0.17435 -1.1742 -0.39293 -0.23046 -0.53499 -0.26641 1.0085 1.6753 -1.1037 -0.24105 0.4987 -0.41746 0.53329 -0.54444 0.17877 0.076437 -0.62415 1.0736 -0.39302 1.1956 -0.23052 -0.63095 0.44023 0.71173 -1.4943 -0.90355 -0.30079 -0.14092 0.47561 0.36903 0.91566 0.43492 -0.61718 -2.0033 0.89882 0.73046
-0.24864 0.58706 1.2176 -0.013234 -0.74274 0.53509 -0.88703 -1.4555 -0.64087 0.53974 0.6625 -0.37552 -0.43341 0.85041 -1.2241 -0.30477 -0.98652 -0.11902 -0.069102 -0.44127 1.0629 -0.046526 0.84741 -1.2921 0.31335 0.84016 0.7868 -1.1997 -1.1594 -0.24246 -0.20455 0.27953 0.56144 0.45732 0.5266 -1.1788 -2.131 1.2246 0.74334
-0.58409 0.28352 0.65319 -0.88276 -0.6294 -0.20274 -0.71045 -0.46405 0.024727 0.4124 0.93781 0.21495 -0.18042 1.1825 -1.6168 -0.51242 -1.0301 -0.2856 -0.050564 -0.37578 1.2752 0.3728 -0.32397 -1.8746 0.77457 1.2552 0.78456 -1.0516 -1.1126 -0.021944 -0.18699 0.020048 0.51101 0.32893 0.60277 -1.5587 -1.2193 0.5664 0.71319
0.20663 -0.54456 1.0896 -0.74815 -1.1517 0.22386 -0.93582 -0.052089 -0.78797 1.3349 -0.29552 0.3484 0.37806 1.4591 -1.9729 -1.1871 -1.0806 -0.17986 -0.099762 -0.048961 1.1725 0.6349 -0.91401 -2.4719 0.93618 1.5306 0.49185 -0.35591 -0.43814 0.59013 0.33215 0.3947 0.56339 0.27168 0.25156 -1.1748 -0.39935 -0.20245 0.16688
0.69217 -1.2833 0.26707 -1.0583 -1.0353 -0.23752 -0.81004 -0.13226 -0.18388 0.88375 -0.90244 0.91435 0.92868 1.5449 -2.0636 -1.1534 -0.54789 -0.15643 0.11414 0.15887 1.6923 0.55796 -1.0568 -2.0994 0.22942 1.5 -0.18883 0.36915 -0.16188 0.78414 0.74672 0.57039 0.63804 -0.058912 0.073796 -0.61779 0.55554 -0.58339 -0.50478
0.69818 -1.1512 0.23101 -1.1513 -1.1239 -0.2854 -0.61577 0.42654 0.78381 0.021814 -0.86093 0.45962 1.0499 1.515 -1.6914 -0.83033 -0.055996 0.45586 0.6307 0.37355 1.4116 0.40968 -1.15 -1.9552 0.18301 1.0472 -0.90143 0.95016 0.20198 0.78638 0.71613 0.73372 0.41851 -0.36446 -0.13148 -0.14731 1.1723 -0.65551 -0.95178
0.96061 -1.3728 -0.36309 -0.86632 -1.1537 -0.039195 -0.47354 0.57547 0.36252 -0.77687 -1.6996 0.067581 1.0585 0.82662 -1.0622 -1.0118 0.016634 0.83864 0.72265 0.64186 1.0416 0.65818 -1.4534 -0.94811 -0.03197 0.50406 -1.3026 1.0037 0.019388 0.49957 0.37191 0.65525 0.26796 -0.94904 -0.11043 0.34144 1.131 -0.28449 -0.94721
1.4137 -1.8216 0.050151 -0.83091 -0.72167 0.82407 -0.8227 1.2556 -0.060853 -0.51498 -1.6431 0.17182 1.1217 0.2616 -0.66752 -0.88738 0.20064 0.70549 1.0657 0.5069 0.76347 0.32336 -1.0202 -0.5966 -0.26397 0.15576 -1.3602 0.76985 -0.19315 0.35684 -0.39236 0.49063 0.24048 -1.1451 0.23818 0.81694 1.1159 -0.31203 -0.60302
1.3222 -1.8785 0.02404 -0.9861 0.10317 0.6052 -0.13073 1.4045 0.34003 -0.28931 -1.8595 1.0042 1.0992 -0.076746 -0.66709 -1.1014 0.31461 0.43521 1.2072 0.59361 0.095107 0.3842 -0.44662 -0.41247 -0.11804 0.081915 -1.0236 0.48655 -0.13362 0.44177 -0.85257 0.36804 0.52561 -1.2942 0.4842 1.0123 0.87229 -0.64506 -0.24303
1.0713 -1.832 -0.5568 -0.8726 -0.25291 0.75259 -0.0045471 0.84904 0.70795 -0.85473 -1.3259 0.32506 1.1159 -0.38098 -0.42747 -1.166 0.50084 -0.10567 1.3651 0.84507 -0.43449 1.0672 -0.025244 0.11217 -0.4013 0.072065 -0.66269 0.22963 0.085008 0.52783 -0.79495 0.14895 0.94919 -0.78192 0.32353 1.0065 0.73126 -0.99967 -0.024385
0.79779 -1.8563 -0.97471 -0.857 -0.52551 1.0106 -0.29219 0.92952 0.65437 -0.89972 -1.759 0.14832 1.1417 -0.61934 -0.26235 -1.1398 0.74193 -0.41003 1.301 1.4807 -0.98154 1.3272 0.068741 0.53256 -1.2727 0.068398 -0.15492 0.10991 0.6611 0.58927 -0.22404 -0.49625 1.1817 0.17641 -0.46773 0.82762 0.36532 -0.87206 0.036483
0.76803 -2.02 -1.1937 -0.60025 -0.76295 1.4801 0.20727 0.54703 1.2555 -0.73658 -1.7753 0.11575 1.1387 -0.61206 -0.44116 -0.71995 1.0342 -0.41458 1.3025 1.9039 -0.28016 0.55291 0.73019 0.47641 -1.7223 0.11545 0.49653 0.048373 1.0263 0.49651 0.67848 -1.384 0.7177 1.3901 -1.2495 0.37856 0.30671 -0.19401 -0.027721
0.84858 -2.01 -1.3556 -0.19926 -1.1281 2.1496 0.62375 0.3188 1.9008 -0.45962 -1.4345 -0.43988 1.1582 -0.2306 -0.46039 -0.081323 1.2178 0.1523 0.21383 2.3618 0.38177 -0.33138 0.82515 0.19967 -1.2319 0.13298 0.87473 0.44797 1.2151 0.042953 1.1166 -1.9908 -0.861 1.8416 -1.6665 -0.1571 0.47083 0.78839 -0.30349
0.67103 -2.1354 -0.92387 -0.16745 -0.58801 2.1834 1.6316 0.047808 1.8451 -0.26967 -0.71787 -1.4445 1.1936 0.27857 -0.24623 0.24193 1.2476 0.92315 -0.91616 1.79 1.7119 -0.72998 0.34604 0.95256 -0.80735 -0.013864 0.55406 1.4438 1.4636 -0.41944 1.0867 -2.1495 -2.7988 1.02 -1.3199 -0.65588 0.55109 1.6043 -0.92394
0.4261 -2.4119 -0.93176 0.1064 -0.33943 1.9062 2.3653 1.5778 0.48376 0.78861 -1.4276 -1.2072 1.2425 0.4414 0.48629 0.67519 0.71436 1.0794 -1.6451 -0.18018 1.7674 -1.5399 -0.063252 1.3054 -0.10377 -0.46349 -0.10429 2.4737 1.4849 -0.47436 0.19221 -1.4483 -4.0172 -0.41555 -0.7602 -0.62825 -0.33 1.4994 -1.5915
0.91318 -2.2447 -0.81854 0.43873 -0.099494 0.35119 2.5762 1.4042 -0.1267 -0.31401 -1.5123 -0.81478 1.2614 0.0050484 1.8354 1.6699 0.44183 1.2222 -2.1453 -2.3521 1.1036 -1.6181 -0.14932 1.0992 1.0112 -1.4043 -0.90996 2.7984 1.3187 -0.21664 -0.60733 -0.045314 -3.3905 -2.1479 -0.027485 -0.32739 -1.3375 1.3155 -1.8894
1.3483 -2.0076 -0.90978 0.49753 0.74047 -0.013598 1.2075 3.543 0.36365 -0.82118 -0.030406 -0.65313 1.0078 -0.27595 3.2174 2.0134 0.66692 0.37128 -2.127 -3.4892 -0.15219 -1.4787 -0.19551 -0.50684 0.94148 -2.3039 -1.417 2.0297 0.42276 0.21093 -0.78632 1.4604 -1.0947 -2.3023 0.54449 0.42233 -1.329 0.97929 -1.5251
1.1627 -1.0982 -0.26623 -0.035507 0.1311 0.19901 -0.86015 1.6662 -0.64207 -0.59765 0.17153 -0.16118 0.41159 -0.9341 3.7275 2.0657 0.83209 0.097754 -0.78542 -3.2456 -1.6837 -0.80205 -0.25318 -0.84285 1.3761 -2.8123 -1.3238 0.42103 -0.9806 0.34396 -0.74056 2.2221 1.8116 -1.6152 0.6891 0.89178 -0.77638 0.40055 -0.52947
0.21234 0.48558 1.303 0.3447 0.63822 -0.23417 -2.1274 0.91647 -0.16379 -0.009107 -0.29104 0.6377 -0.68075 -1.5347 3.41 1.2674 0.93373 0.11565 0.6182 -1.9106 -1.5078 -0.77948 0.82588 -0.40766 1.7312 -2.761 -0.98179 -1.5779 -1.5588 0.16335 -0.24884 1.9315 3.4428 0.1461 0.87751 0.83308 0.27481 -0.26087 0.74413
0.20794 1.3669 1.1435 0.98147 -0.51629 -0.64853 -1.348 0.10484 -0.9878 -0.04884 -3.0756 -0.92001 -1.2417 -1.6505 2.5336 0.16596 0.98855 -0.087319 0.97025 0.39444 -1.4925 -0.49341 1.1181 -0.49993 1.4485 -2.2172 -0.15256 -2.9196 -1.6029 -0.47759 -0.38296 0.72315 3.4043 1.4922 1.0236 0.32507 1.1799 -1.2355 1.8839
-0.46863 1.0862 0.86091 1.2295 0.19258 1.053 -0.52964 -0.18227 -0.61955 -0.19027 -2.0153 1.3121 -1.4095 -1.6129 0.78766 -0.012495 0.90819 -0.02157 0.89385 1.433 0.054467 0.23986 0.7793 -0.069843 0.38275 -1.1356 0.86534 -2.9472 -1.5371 -1.2745 -0.49101 -0.15148 2.0085 1.2879 1.1666 -0.32291 1.8982 -1.4911 2.2164
-0.41522 1.0349 -0.11106 1.2207 0.7396 1.1715 0.00022453 1.2746 -1.1564 0.90594 0.054727 1.7484 -1.3704 -1.1603 -0.55282 -0.35403 -0.11538 -0.57867 0.52499 1.7492 0.57054 0.87025 0.4124 1.4548 -0.46829 0.084768 1.9594 -2.1032 -1.7715 -1.7086 -0.81255 -0.73439 0.21702 0.75187 0.84594 -0.67327 1.6837 -0.81837 1.9332
-0.4455 0.95235 -0.55046 1.0684 0.31078 0.87072 0.91134 1.0688 -0.27255 0.69794 -0.40255 0.87932 -1.4113 -0.28994 -0.6911 -1.4073 -1.0656 -0.59292 0.51534 1.3349 0.081366 1.023 0.52232 2.5561 -0.35269 0.45223 2.7961 -0.83305 -2.0299 -1.4435 -1.0098 -0.82821 -0.94645 -0.4593 0.15444 -0.86623 0.39533 0.21379 1.2351
-1.1941 0.13226 1.3721 0.96723 -0.10232 0.66276 -0.40478 1.3106 0.07144 0.33457 -0.95445 -0.40555 -1.0303 1.0644 -0.75784 -2.5168 -1.4428 -1.3784 -0.34809 0.84475 0.026325 0.92107 -0.11201 1.688 0.15178 0.79577 3.0335 -0.0058242 -1.8352 -0.55922 -0.60689 -0.68686 -1.5967 -0.76746 -0.57426 -0.63743 -0.88161 0.97452 0.59163
-1.024 0.36493 0.97221 0.21117 -0.89215 0.012556 0.33979 0.91158 1.0743 0.36036 0.67689 -0.53096 -0.67374 2.0938 -0.71257 -2.8023 -1.3169 -1.5804 -0.36748 -0.00056455 -0.60034 0.55781 -0.70379 0.66943 0.52232 0.94125 2.3856 0.36651 -1.1836 0.26266 -0.25077 -0.78974 -1.4365 -0.41231 -1.0333 -0.087571 -1.5461 0.86466 0.19228
0.28939 0.91066 -2.0271 -0.087336 -0.75772 1.2553 0.93768 -0.44416 -0.10889 0.93557 0.60797 0.298 -1.0601 2.8764 -0.56346 -3.1576 -1.113 -1.2635 -0.44479 -0.74696 -0.64121 -0.095199 -0.26127 0.6325 1.1019 1.0059 0.80787 0.59 0.43594 0.79274 0.64276 -0.59613 -1.41 0.052567 -1.1416 0.63843 -0.84101 -0.027475 -0.28446
1.2189 0.0063919 -3.0288 -0.094025 -1.3199 0.57553 0.76537 1.093 0.41198 -0.3208 0.6463 3.0732 -0.48024 2.9153 -0.097894 -3.3496 -0.71273 -1.1395 -1.0561 -0.71827 -0.41636 -0.63785 0.41224 -0.045848 0.95494 0.72664 -1.127 0.69404 2.4347 0.95293 0.92604 -0.62962 -1.0566 0.36003 -0.84019 0.97943 -0.1375 -0.87515 -0.6015
1.8551 0.12936 -2.5148 0.08258 -1.2949 0.42385 -0.34656 0.60892 -0.22382 -0.13 0.16957 1.1487 -0.34658 2.0444 0.052452 -1.428 -0.16867 -0.35802 -1.231 -1.5934 0.04672 -0.8793 0.6003 0.36339 -0.10907 0.34401 -2.5911 0.8676 3.6122 0.9 0.9963 -0.19663 -0.45312 -0.46815 -0.59635 0.71184 0.17627 -1.3709 -0.92041
2.1004 0.066224 -2.4733 -0.15377 -1.4195 -0.061148 -0.79003 0.15616 -0.054159 0.68566 0.11866 0.94872 -0.18473 0.56416 0.29597 0.94654 0.10699 -0.24382 -1.2695 -1.6797 -0.20765 -0.81071 0.81917 0.56599 -0.6529 0.088984 -2.8775 0.73338 3.1055 0.61583 1.0102 0.70709 0.31556 -1.1198 -0.34741 0.17012 0.80163 -0.36626 -0.93192
1.5996 0.42452 -2.3723 -0.070915 -1.9764 -1.1523 -0.68561 0.61383 -0.60695 1.3937 -0.54464 0.32474 -0.33221 -0.41829 0.8879 1.5459 0.26749 0.21396 -0.75516 -1.1823 -1.6904 -1.2536 0.9527 0.73274 -0.89017 -0.48631 -2.1079 0.53093 1.1157 0.32421 0.976 1.3842 1.087 -1.2017 -0.28962 -0.36185 0.50003 0.67907 -0.73908
1.5914 0.77312 -1.6232 -0.068281 -0.79334 -0.66546 -1.3087 0.63828 -0.47226 1.0507 2.3385 -0.060875 -0.66003 -0.81736 0.8761 1.0521 0.29214 0.52685 0.12161 -0.32886 -1.8157 -1.1689 0.56778 1.4595 0.60708 -0.6919 -0.84885 0.017834 -0.58001 0.21355 1.0458 1.6003 1.116 -0.46852 0.008772 -0.65869 -0.14667 0.90272 -0.3924
1.1625 0.84467 -1.2487 0.13267 -1.3862 0.034626 -0.99188 -0.55525 -1.2651 1.3222 0.84406 1.3068 -0.79043 -0.9018 0.76708 0.62622 0.37943 1.1427 0.86233 -0.15742 -1.5835 -1.2961 -0.008417 0.98747 0.6635 -0.71961 -0.074102 -0.5113 -0.87078 0.24136 0.58361 1.1044 0.80754 0.60132 0.55004 -0.61903 -1.0608 0.39106 0.098478
1.0638 0.90575 -1.2819 0.30633 -1.0012 -0.49546 -1.0411 -1.8074 -1.6641 0.68965 0.91932 1.454 -0.87029 -0.66004 0.38023 0.29071 0.47074 1.313 1.1488 -0.023698 -1.2067 -0.75419 -0.02962 0.18182 0.43089 -0.56594 0.068147 -0.60798 -0.4281 0.36614 0.13992 0.41049 0.51265 1.0957 0.9409 -0.47908 -1.5611 -0.86663 0.29122
1.165 1.0202 -1.725 0.21265 -0.64015 0.56114 -0.74403 -1.4704 -1.6428 1.1514 2.102 1.7589 -0.93821 -0.62699 0.14817 0.25831 0.65344 0.94721 0.95269 0.22722 -0.76838 -0.28077 0.0015415 -0.76181 0.010615 -0.35448 -0.34311 -0.507 0.26382 0.42442 -0.3563 -0.006403 0.71585 1.3727 1.5178 -0.35647 -1.1224 -1.1443 0.26919
0.88249 1.0187 -1.8497 0.18722 0.1958 0.48308 -1.1572 -0.93122 -1.9756 0.9703 0.80395 0.8798 -0.96017 -0.83952 0.013065 0.40911 0.87952 0.89188 0.8906 0.46123 0.0070387 0.33032 -0.40658 -0.82645 -0.82972 -0.30022 -0.96318 -0.27807 0.56471 0.35881 -0.28089 -0.5538 0.82025 1.266 1.7326 -0.77163 -0.30698 -1.0116 0.17772
0.83637 0.89789 -1.5158 0.54415 -0.086285 0.22984 -0.91307 -0.53828 -1.22 1.4607 0.41002 0.45359 -1.0655 -1.406 -0.02878 1.0551 1.0158 0.6598 0.96018 0.98195 0.60228 1.3889 -0.54359 -0.76822 -1.038 -0.3216 -1.2364 -0.079534 0.46737 -0.025448 -0.27319 -0.58669 1.0979 0.81033 1.3853 -1.0929 0.61046 -0.61993 0.1804
0.69551 0.97678 -0.76923 0.8236 -0.036726 0.80439 -0.85402 -1.2512 -1.0319 0.88931 1.1131 0.72887 -1.0621 -1.9337 -0.073106 0.95221 0.99932 0.90927 0.003739 1.186 0.68397 2.0925 -1.3128 -0.40088 -1.105 -0.23158 -1.0394 0.046543 0.076248 -0.32114 -0.0056491 -0.3231 1.0229 0.18227 0.452 -1.056 0.63902 -0.031986 0.22625
-0.050567 0.87103 -0.89394 1.1929 -0.30896 1.0789 -0.11393 -1.2001 -1.031 0.21986 -0.40478 0.50108 -1.1413 -2.2141 0.028972 0.86164 0.53607 0.406 0.18805 1.9977 0.54408 1.7851 -1.745 0.32293 -1.1097 -0.032714 -0.30777 0.074905 -0.54077 -0.63529 0.18938 -0.21829 0.42394 -0.035493 -0.87898 -0.7129 0.27471 0.14285 0.26667
-0.68258 0.97659 -0.23196 1.1908 0.26799 0.99358 0.44735 -0.59855 0.88707 0.17251 0.92131 0.18376 -1.2592 -2.23 0.062916 0.63738 0.47152 1.0042 0.60314 1.9388 0.41187 1.105 -1.9314 -0.015872 -0.84767 0.0016866 0.58269 0.055298 -0.4536 -0.54854 0.033886 -0.078206 -0.21595 -0.15856 -1.5862 0.47428 0.040474 0.21353 0.22149
-1.0941 0.93465 -1.2373 1.0491 1.3277 -0.05751 0.34618 -0.01822 1.3056 -0.74688 1.4705 -0.091667 -1.1156 -1.7908 0.036154 0.17139 0.0046056 0.97536 0.19952 1.4136 0.67191 0.040066 -1.6722 -0.35246 -0.8624 0.087683 1.2925 -0.09485 -0.37448 -0.25759 -0.27151 -0.39078 -0.90301 -0.085892 -1.5267 1.2228 -0.52223 0.2105 0.14537
-1.4896 1.0559 -0.609 0.65267 0.025606 0.98949 1.6534 -0.33486 -0.098552 -1.1061 0.79662 -0.88357 -0.91779 -1.1428 0.018765 0.42192 0.16316 0.6866 -0.17888 1.0283 0.30377 -0.37354 -0.40779 0.064199 -0.77957 0.1452 1.7123 -0.13908 -0.36733 -0.17753 -1.0107 -0.57265 -0.99987 -0.33059 -0.70755 1.4592 -0.26723 -0.17795 0.12316
-1.507 0.94684 -0.3186 1.5194 1.4698 1.7036 1.2254 -0.65919 -0.011885 -1.0807 -0.052043 -0.035567 -1.1673 -0.53129 -0.14052 0.24432 0.16929 0.035561 -0.23171 0.65262 0.42939 -0.68847 -0.065265 -0.74491 -0.7009 0.18265 1.5807 -0.075402 -0.27261 0.076956 -0.73415 -0.45803 -1.1008 -0.43208 0.66535 0.96493 0.16779 0.0098169 0.048515
-1.3975 0.97442 -0.70165 0.79511 0.94015 0.79042 0.74207 -0.27153 -1.2655 -1.4457 0.19233 -0.35003 -1.0063 0.090553 -0.12486 -0.11054 0.028058 -0.4862 -0.36084 0.32848 -0.13244 -0.010702 0.18037 -0.32396 -1.2811 0.19759 0.82161 0.0091173 -0.28522 -0.26038 -0.4997 -0.27631 -0.8852 -0.18896 1.2951 0.17263 0.71344 0.24254 0.058442
-1.5671 0.91166 -0.097018 1.5826 0.66488 0.26227 1.5007 -0.54671 -0.0073224 0.54117 0.70229 -0.78134 -1.0405 0.31591 -0.046421 -0.09381 0.21915 0.13678 -0.65665 -0.42574 0.018377 1.2827 -0.041631 0.23038 -0.57977 0.15793 0.066485 0.12894 0.20929 -0.41315 0.06424 0.26553 -0.82253 -0.39871 1.4252 -0.15347 0.97382 0.78024 0.023087
-1.3941 0.77485 -0.50059 1.0809 0.49313 0.37473 1.3186 0.65327 0.56393 -0.69425 0.11575 -0.9897 -0.96254 -0.15199 -0.021101 0.03558 -0.38833 -0.33507 -0.54504 -0.19792 0.13127 1.397 -0.082833 1.0855 -0.33164 0.27355 -0.55543 0.094121 0.4462 -0.49237 0.37439 0.77083 -0.77459 -0.50785 0.37612 -0.45363 0.59508 1.4794 -0.059071
-0.98012 0.91779 -1.5808 0.79271 0.2655 0.099302 1.1529 -0.96968 0.86093 -1.1473 1.0032 -2.4387 -0.78478 -0.29765 0.04384 0.55566 -0.45409 0.08077 0.3806 -0.72637 -0.50635 1.6391 -0.25045 0.59384 0.43411 0.19106 -0.62833 -0.076412 0.53733 -0.35434 0.17328 1.0243 -0.39317 -0.70028 -0.74902 -0.066519 0.21544 1.359 -0.14411
-1.2662 1.0674 -0.00085336 1.421 1.2804 0.86517 0.64475 -0.37571 1.7348 -1.3819 0.56755 -0.27088 -0.913 -0.56267 -0.00030926 0.39935 -0.62507 0.26306 0.66548 -1.0692 -0.89555 0.62339 -0.6336 0.76026 1.2537 0.065677 -0.19811 -0.16085 0.49644 0.1979 0.055377 0.72334 0.024382 -0.39445 -1.2043 0.14176 -0.38176 1.2239 -0.26781
-2.0826 0.85409 -0.21757 0.69906 0.67796 0.60168 1.0066 -0.15207 0.99087 -0.72008 1.7719 -0.22063 -0.83956 -0.56445 -0.21314 0.73213 -0.37662 0.16959 0.79712 -0.78831 -0.88441 0.10178 0.091228 0.87957 1.4226 -0.020902 0.32593 -0.22256 -0.3226 0.31815 -0.40305 -0.2449 0.86807 0.28434 -1.2887 0.39576 -0.35049 0.13776 -0.23432
-1.6592 1.0038 0.2502 0.49117 0.85306 1.1685 -0.18258 -1.2294 1.5376 -0.90112 0.51099 -0.05009 -0.82483 -0.36244 -0.21034 0.87746 -0.038581 -0.27587 0.69533 -0.14434 -0.47494 -0.36524 0.021236 0.20319 1.6925 -0.14676 0.92266 0.0038148 -0.5045 0.59946 -0.27201 -0.87372 1.137 0.80176 -0.73754 0.22279 -0.82585 -0.51203 -0.20682
-2.0773 0.78909 -0.30377 0.93309 0.8582 0.91027 0.37163 -1.4164 0.78249 -0.82492 1.7007 0.47674 -0.99986 0.16198 -0.28686 -0.30985 -0.11875 -0.4337 -0.14926 0.49229 -0.13369 -0.57599 0.2061 0.19713 0.50862 -0.16308 0.87449 0.13585 -0.60698 0.4197 -0.1811 -0.94051 1.1605 0.95193 -0.36121 0.21749 -0.73884 -0.54923 -0.12724
-1.5893 0.50657 -0.070362 0.65093 0.6129 1.3442 0.51003 -0.59331 0.94365 -0.84919 1.4285 -0.030528 -0.88473 0.66281 0.033596 -0.051805 0.43626 0.034468 -0.65149 0.50018 0.36263 -0.58116 -0.25373 -0.54965 0.67374 -0.26945 0.53636 0.16038 -0.093953 0.279 -0.18217 -0.5438 0.68661 0.56426 -0.068962 0.80822 -0.68785 -0.68607 -0.014534
-1.4494 0.9431 0.12904 1.1635 0.077801 1.0822 1.1642 -1.3752 0.62672 -1.4 0.84705 0.70812 -1.0049 0.42855 -0.085661 0.029862 0.21731 -0.33981 -0.45508 1.1453 0.63524 -0.53765 0.65539 -0.21651 0.81881 -0.20911 -0.10538 0.047836 0.73807 0.33052 -0.31144 0.11417 0.089217 0.28191 0.015507 1.2813 -0.73084 -0.37278 0.064108
-1.4216 0.66546 -0.69203 0.85555 0.85308 0.1812 1.3186 -0.030154 0.85128 -0.475 1.2601 0.17228 -1.0659 0.42687 -0.014594 0.5157 0.3438 -0.67912 -0.27284 0.8535 0.29192 -0.51362 1.4072 -0.95781 0.14392 -0.15143 -0.55407 -0.37048 0.76249 0.023384 -0.27726 0.72352 -0.50455 0.23556 0.16336 1.2247 -0.34655 -0.63653 0.17577
-1.231 1.0983 0.17787 1.132 1.0239 -0.11944 0.76751 -0.18442 0.16402 -1.3451 0.432 0.96744 -1.145 0.095986 -0.18156 0.79573 0.58077 -0.68348 -0.12532 0.46569 0.4797 -0.56029 1.9343 -1.0549 0.021766 -0.09495 -0.26511 -0.27352 0.4189 0.0088869 -0.10273 0.7797 -1.0461 0.21768 0.018842 0.15387 -0.44579 -0.66875 0.09988
-1.4946 0.59944 0.19934 0.66621 -0.045692 1.3183 1.6272 -0.88701 0.7462 0.77234 0.96009 1.2714 -1.0307 -0.12858 -0.63692 1.001 0.29456 -0.33409 0.63263 -0.17712 0.92433 -0.20761 1.5521 -0.79761 -0.21969 0.020431 0.13642 -0.10628 -0.50852 -0.35286 -0.10578 0.39119 -0.81673 0.60816 -0.00047585 -0.7814 -0.030146 -0.07792 -0.073941
-1.4317 0.65847 0.46411 1.527 -0.4462 0.77275 1.5064 -0.98464 -0.10991 1.1679 0.20267 -0.16993 -1.1187 0.24688 -0.30762 0.56997 0.25302 -0.71481 0.6551 -0.421 0.76666 -0.63413 0.88212 -1.1675 -0.35734 -0.097471 0.58375 0.31701 -1.1565 -0.42364 0.22606 -0.29207 -0.89789 0.50704 -0.0050716 -1.533 0.061773 0.36905 -0.27403
-1.4091 0.40001 0.89237 1.4732 -0.17554 0.9148 1.1344 0.45784 0.18228 1.2656 -0.18642 0.24126 -0.98537 0.58439 -0.16497 -0.35121 -0.20353 -0.87184 0.11199 -0.33393 1.3889 -0.46104 0.35803 -0.91909 0.18561 -0.2948 0.74667 0.64667 -1.2229 -0.26146 0.62691 -0.69818 -0.63876 0.085846 0.092878 -1.3267 0.23135 0.7489 -0.34128
-1.6398 0.12653 0.84127 1.129 0.55747 1.5738 0.68352 0.52266 0.7018 0.010369 0.26241 0.59013 -1.0318 0.74382 0.17822 -0.73945 -0.02271 0.019466 -0.47559 -1.2462 1.2826 -0.42764 -0.55035 -0.82302 0.5867 -0.47588 0.46241 0.51626 -0.66839 -0.0047966 1.0553 -0.45938 -0.34789 -0.33022 0.18116 -0.71482 0.31147 0.47402 -0.2503
-0.72994 0.83397 -0.30072 1.0259 -0.29651 0.51047 0.68377 0.67662 -0.77951 0.4032 -0.61647 0.028812 -1.3256 0.90819 0.34612 -0.68173 -0.096267 0.50892 -0.23619 -1.0454 0.84633 -0.097719 -0.39984 -0.45062 0.85387 -0.4613 0.14241 0.39373 0.26375 0.25819 1.109 0.16023 0.15677 -0.88316 0.059962 -0.038348 0.041001 -0.24709 -0.031153
-0.59763 0.8309 -0.25812 0.67646 -0.98043 0.37598 0.99345 1.1994 -0.14464 0.089372 -0.40743 1.9372 -1.4892 0.88006 0.4135 -0.54838 0.18315 0.63432 -0.12069 -0.7744 0.37311 -0.4159 -0.18078 -0.718 0.29112 -0.50605 -0.43016 -0.029822 0.97281 0.23571 0.75131 0.7089 0.90693 -0.96628 0.0062401 0.20521 0.37548 -0.55208 0.21847
-0.90744 0.67086 -0.2851 1.3451 0.40476 0.75173 -0.42076 0.29018 0.11287 0.5989 -0.16653 1.1693 -1.4966 0.75957 0.45981 0.041159 0.20239 0.96419 0.24121 -0.28699 0.056101 -0.3234 0.087181 -0.84313 -0.16092 -0.34011 -0.74993 -0.18372 0.89701 0.14344 0.31824 0.74115 0.86136 -0.63467 -0.052428 -0.2063 0.59374 -0.79876 0.3349
-0.43894 0.87717 0.35898 1.5994 0.77195 0.79964 0.30969 0.69475 0.013411 0.73456 -0.51256 0.55177 -1.4264 0.074134 0.054117 0.73454 0.29193 1.2428 0.70505 0.132 -0.2786 -0.28493 -0.3918 0.18836 -0.024897 -0.10546 -0.57652 -0.14188 0.32486 -0.26936 -0.42598 0.30051 0.76239 0.073317 0.097101 -0.44148 0.70033 -0.18745 0.36818
-0.52809 0.70961 0.19941 1.3703 0.80612 1.1033 0.1751 1.2747 -0.60589 0.34414 -1.2845 0.50162 -1.544 0.015757 0.16436 0.3682 0.12908 0.8172 0.83568 0.16922 -0.11079 -0.25744 -0.71701 0.35941 -0.61236 -0.0013535 -0.45501 -0.11643 -0.55024 -0.54106 -1.1141 -0.41179 0.21107 0.15253 0.078491 0.090819 0.73429 -0.023822 0.20248
-0.42837 1.0332 0.3861 0.94199 1.2965 1.5229 0.66908 0.4315 -0.19981 0.046076 -0.97445 0.40827 -1.4976 0.25559 0.27974 -0.10787 -0.32468 -0.12051 0.17321 0.47082 0.61107 -0.22682 -0.67271 0.16276 0.14466 0.050324 -0.20352 0.0077863 -1.0027 -0.42401 -1.1877 -1.041 -0.30926 0.22163 0.34208 0.85286 0.41776 0.010591 0.086825
-0.84211 0.79319 0.47807 1.3448 0.70114 1.0534 0.97546 0.29927 -1.1463 -0.31691 0.49836 1.2261 -1.4872 -0.11801 0.11418 -0.5967 -0.57628 -0.51482 -0.34624 -0.06682 -0.073374 -0.16975 0.40044 0.72141 -0.28276 -0.018438 -0.31172 -0.17009 -0.75558 -0.0064435 -0.62166 -1.1642 -0.65873 0.25902 0.53955 1.1589 0.21909 0.1664 0.043469
-0.6259 1.0033 -0.085509 1.1198 0.39354 1.623 0.2929 1.0712 0.18705 -0.61421 0.012587 0.67657 -1.4739 -0.21219 0.083843 -0.702 -0.20865 -0.39434 -0.83343 -0.38321 0.15835 0.41149 0.74955 0.90929 -0.15627 0.074951 -0.33142 -0.20286 -0.3131 0.326 0.23557 -0.66168 -0.75021 0.15867 0.67208 0.86249 -0.14903 -0.12072 0.037057
-0.21435 1.0732 -0.27406 1.1164 0.44903 0.5673 0.28957 1.6652 -0.32993 0.2715 -0.79845 1.1538 -1.3963 -0.29012 -0.073082 -0.78405 0.05155 -0.25307 -1.0401 -0.72397 0.64714 0.58137 0.88523 0.48023 -0.10934 0.072845 -0.16173 -0.14947 0.20923 0.45312 0.60894 -0.1914 -0.21447 0.27058 0.39124 0.028741 -0.41711 0.22782 0.047112
-0.81165 0.86023 -0.26707 0.71943 0.23146 0.41965 0.22686 0.089618 -0.67316 1.8981 0.27414 -0.55522 -1.5646 -0.2321 -0.024659 -0.62258 0.0056678 0.20109 -0.83999 -0.70062 0.57864 0.83592 0.80427 0.021699 -0.17758 0.078572 -0.13007 -0.11947 0.38368 0.25617 0.552 0.12214 0.12106 -0.039541 -0.012023 -0.2748 -0.32339 0.24831 -0.0010948
-0.88595 0.89233 -0.40858 1.2376 0.77624 0.31043 -0.079413 1.4007 0.42398 0.57022 0.13422 0.84925 -1.3993 -0.3892 -0.12756 -0.25214 0.21463 0.36283 -0.74939 -0.35502 0.27152 0.46228 0.42148 0.3532 0.20623 0.073436 -0.1017 -0.050049 0.38437 0.13734 0.36174 0.17472 0.28847 -0.26341 -0.1525 -0.3223 -0.0027151 0.24205 -0.0014795
