39 314
-0.7814 0.9346 0.060389 1.0922 0.036396 0.80033 0.43186 0.67429 0.15691 1.3703 0.27692 0.88465 -1.4319 -0.05741 0.14974 0.64008 0.2632 1.0054 0.67577 0.03509 0.23246 -0.0020917 -0.83699 -0.63602 0.32455 0.10673 0.019554 -0.050086 -0.24573 -0.16952 -0.3237 -0.21094 -0.75841 -0.54968 -0.19065 0.168 -0.44205 0.1162 -0.11142
-1.051 0.89197 -0.096323 1.0861 0.31234 0.4348 1.4734 0.97371 -0.53147 0.10124 -1.0238 0.34164 -1.4403 0.0090819 0.20081 0.56065 -0.0501 0.89012 0.89834 -0.46829 0.057797 -0.13852 -0.79279 -1.0489 0.58413 0.012431 0.096042 -0.050404 -0.33969 -0.17236 -0.77858 -0.7204 -1.0847 -0.89353 -0.18973 0.67288 -0.34244 -0.32931 -0.13665
-0.72986 0.91595 0.72175 1.5919 1.1558 1.0545 0.62901 1.1439 -0.075049 1.0289 0.46339 0.56309 -1.2783 -0.059716 0.035379 0.21019 0.10391 0.42745 0.11983 -1.1131 -0.78138 -0.32374 -0.50841 -1.2829 0.4279 -0.039545 0.025218 -0.14576 -0.51843 -0.32017 -1.0288 -0.72919 -0.98778 -0.93358 0.097968 1.1437 0.16004 -0.86695 -0.14613
-0.83772 1.2525 1.0324 1.277 1.4483 2.031 0.036695 0.72079 0.52478 0.22538 -0.69808 1.9424 -1.3387 0.11103 0.11755 0.20622 0.02163 -0.23559 -0.54101 -1.3985 -1.0481 -0.22925 0.40026 -0.96955 -0.41213 -0.056728 -0.073065 -0.31265 -0.71996 -0.28038 -1.0266 -0.51638 0.0082988 -0.35201 0.4293 0.92128 0.32957 -1.1445 -0.063119
-0.73916 1.1184 0.38596 0.71267 0.71779 1.5951 -0.35807 0.59477 -0.31906 0.54504 -1.2571 1.4813 -1.5238 -0.067347 -0.061863 -0.17242 -0.36851 -0.45364 -0.11743 -1.327 -1.082 0.24291 0.94803 -0.34224 -0.97035 -0.11151 -0.029287 -0.30041 -0.47976 0.027712 -0.29381 0.21291 1.1799 0.66655 0.5111 0.45768 0.93311 -0.75929 0.028545
-0.99711 0.7632 -0.074197 1.4896 0.17828 -0.036582 -0.92235 -0.76859 -0.58205 0.77641 -1.4057 0.82761 -1.4775 -0.12126 -0.29061 -0.62211 -0.33581 -0.68686 -0.057257 -0.33295 -0.49857 0.45453 0.39755 -0.85162 -1.0819 -0.062367 0.079023 -0.078739 0.16496 0.57863 0.62744 0.82728 1.9113 1.0511 0.40857 -0.56099 1.1511 0.18197 0.11046
-0.58737 1.1824 0.60794 1.1652 -0.21664 -0.092629 -0.60895 -0.09785 -0.23013 1.8949 -0.85589 -0.59345 -1.4295 0.00030757 -0.27955 -0.2916 0.33314 0.076284 0.30691 0.56506 0.27009 0.37781 0.44656 0.5153 -0.80837 0.0093282 0.36304 0.37471 0.81254 0.79456 1.1776 0.98387 2.069 1.2386 0.095101 -0.99252 0.93382 0.81344 0.13734
-1.2247 0.76177 0.0043393 0.59445 0.68105 1.6642 -0.19644 0.11308 0.44865 1.3087 -0.59657 -0.50834 -1.497 0.21415 0.088336 0.57949 0.74492 0.73397 0.94212 1.229 0.36964 0.53732 -0.51564 0.88848 -0.12443 0.069064 0.356 0.44386 0.82874 0.53245 0.98891 0.394 1.0172 0.68482 -0.29965 -1.0392 0.36842 0.83042 0.060176
-0.76271 0.66609 0.045541 1.2541 0.49453 1.7511 0.16838 0.7687 0.90649 0.66444 -1.4597 0.66727 -1.3187 0.40817 0.38986 0.77555 0.56644 1.1521 1.4009 1.7593 0.95186 0.39529 -0.66019 0.6463 0.22102 0.05498 0.29616 0.27174 0.17272 -0.16686 -0.078763 -0.92388 -0.33562 -0.051656 -0.69043 -0.64042 -0.60148 0.50064 0.0079179
-0.74195 1.0201 0.63903 1.8656 1.6294 1.9395 0.65488 0.84605 0.16052 0.87943 0.2189 1.2699 -1.4531 0.30548 0.13473 0.42396 0.53586 0.72046 0.19795 0.97778 0.52323 -0.16669 -1.2111 -0.17295 0.10853 0.014981 -0.13604 -0.12822 -0.60025 -0.75585 -1.0426 -1.8086 -1.5044 -0.40404 -0.81932 0.13396 -0.69408 -0.12987 -0.049128
-0.41663 1.2924 1.3315 1.8796 1.1645 1.446 0.95522 -0.035131 -0.055468 -0.23135 -0.33011 0.508 -1.4526 0.47865 0.1615 0.11464 0.12667 -0.07095 -1.2352 0.078394 0.086091 -0.68083 -0.53765 -0.12153 0.10057 0.047132 -0.70969 -0.43073 -1.0093 -0.94974 -1.38 -1.6946 -1.9014 -0.6343 -0.53889 0.25246 -0.54477 -0.23618 -0.067733
-0.44753 1.3569 0.87678 1.6918 1.5153 1.4981 1.5034 0.85196 0.23127 0.91434 -0.71065 -0.049305 -1.3779 -0.067505 -0.020574 -0.23581 -0.44056 -0.70356 -1.4775 -0.72015 -0.0079811 -0.59852 -0.29708 -0.077666 -0.3382 -0.013852 -0.98621 -0.5037 -0.98458 -0.69879 -0.56528 -0.36772 -1.5136 -0.1248 0.068466 0.2644 0.15662 0.32626 -0.13924
-0.60299 0.83925 0.5049 1.2683 0.62528 0.49285 0.08487 0.72189 -0.13283 -0.12794 -1.5011 -0.62691 -1.4381 -0.67431 -0.27545 -0.82057 -0.71095 -0.84836 -1.264 -0.92083 -0.052598 -0.48994 -0.59072 -0.45711 -0.048685 -0.049275 -0.67555 -0.3961 -0.69002 -0.1099 0.3927 0.77709 -0.83224 -0.07355 0.55079 -0.05492 0.42917 0.51744 -0.1762
-0.46326 0.84801 -0.12292 0.895 0.50685 0.3081 -0.24802 0.30726 -0.35 0.66107 -0.49952 0.99735 -1.3579 -0.87994 -0.51516 -0.9872 -0.34466 -0.0013873 -0.55544 -1.3293 0.3394 -0.12276 -0.63324 0.32153 0.84921 -0.17784 0.098917 0.025197 -0.1712 0.43861 0.81915 1.0555 0.2382 -0.10299 0.69271 0.30593 0.56989 0.50452 -0.1067
-1.0185 0.89559 0.35196 1.2605 -0.098465 0.35512 -0.46315 0.85124 -0.019268 0.11856 -0.74181 0.53081 -1.4133 -0.32326 -0.27465 -0.82664 -0.12646 0.35095 -0.10435 -1.1545 -0.2385 0.20579 -0.48287 0.54278 0.56692 -0.17513 0.65891 0.30157 0.55365 0.63526 0.62623 0.99983 0.851 -0.35044 0.46357 0.51754 0.24066 -0.1641 0.015985
-1.6877 0.92774 -0.078701 1.1768 0.96692 0.66663 0.23369 0.32264 -0.72952 -0.5456 -0.49827 0.80294 -1.5767 -0.070623 0.019582 -0.56023 0.081145 0.30824 0.10827 -0.14664 -0.12469 0.46799 0.28677 0.56366 0.38743 -0.13626 0.78685 0.42757 0.87256 0.41849 0.24801 0.79942 1.312 -0.5801 -0.10425 0.74566 -0.37416 -0.75343 0.1498
-1.217 0.57209 -0.034143 1.5664 1.7998 0.99188 -0.83539 0.94918 0.27289 -0.70606 -0.066314 1.2921 -1.6528 0.091666 -0.027316 0.02095 0.25549 0.22898 0.45509 0.086104 -0.52408 0.16106 0.027504 -0.08584 -0.16232 -0.045498 0.46251 0.31274 0.97063 0.24079 -0.19839 0.60372 1.2487 -0.19655 -0.39292 0.82455 -0.53683 -0.53987 0.19889
-0.2764 0.98343 -0.49532 1.1618 1.3849 0.84614 -0.49136 0.20726 0.51571 0.65321 -0.56021 -0.10448 -1.4814 0.31129 0.093211 0.25223 0.24095 0.54809 0.80272 0.50742 -0.67969 -0.31379 0.6646 -0.083658 -0.34524 0.010863 0.2585 -0.45433 0.85579 -0.34784 -0.88819 0.26626 0.76067 -0.13113 -0.394 0.50402 -0.27562 -0.17939 0.63494
-0.79979 0.89776 -0.2759 1.1524 0.11886 0.125 0.067929 0.49681 0.18187 0.72631 -0.53607 0.64521 -1.5248 0.30631 0.22325 0.61739 0.24005 -0.15817 0.78292 0.85769 -0.35737 -0.20631 1.0454 -0.17367 -0.18569 0.088806 0.13032 -1.2724 0.58541 -1.009 -1.4513 -0.43467 0.071315 -0.14138 -0.14464 -0.11077 0.052572 0.18975 1.2713
-0.89159 0.77874 0.49617 1.4731 0.75944 1.2619 -0.16839 -0.48058 -0.56644 -0.11626 -0.78404 0.8877 -1.3992 0.27893 -0.88922 0.7728 -0.5584 -1.2436 0.4833 0.89757 -0.47387 -0.15353 0.82788 0.082301 0.023075 0.88016 0.35425 -1.4529 0.41446 -1.6414 -1.6387 -0.93173 -0.70365 -0.4898 0.24138 -0.89408 0.11059 -0.036977 1.6079
-1.0588 1.069 0.59621 1.6739 1.8412 1.766 0.59229 0.16187 -0.78055 0.72573 -0.55829 -0.020986 -1.5557 0.33624 -1.7254 0.87623 -1.2205 -1.7278 -0.291 0.036829 -0.91327 -0.21497 -0.28369 -0.047208 0.038254 1.6922 0.28487 -0.86922 -0.083902 -1.7785 -1.0158 -0.96844 -1.1283 -0.39042 0.7036 -1.1043 0.28357 -0.29676 1.1147
-0.96861 1.0974 0.48365 1.4726 0.83026 1.4932 1.008 0.34959 -0.11954 0.93027 -0.44189 0.96381 -1.5086 0.92389 -1.432 0.91234 -2.0795 -1.8882 -0.59067 -0.38003 -1.3834 0.1831 -0.53076 0.089079 -0.53975 1.9574 -0.095844 0.25785 -0.1842 -0.87374 -0.13259 -0.46145 -1.2345 -0.16186 0.58825 -0.93433 0.2889 -0.3724 0.0081433
-0.10477 -1.2682 0.66164 0.1131 -1.1175 0.92709 -0.091112 0.0043694 0.67707 0.82457 0.035339 0.84621 -0.025433 0.48772 -1.0019 0.38666 -2.3048 -1.8322 -0.68611 -0.59249 -0.68592 1.062 -0.5728 0.39985 -0.52221 1.4546 -0.72677 0.93483 -0.19688 0.28777 0.86572 0.30956 -0.42795 0.58421 0.10356 0.069105 0.32801 -0.49115 -1.0232
-0.034395 -0.9946 0.73998 -0.4974 -1.596 -0.31906 -0.69033 -1.5867 -0.43493 -0.38989 -1.1448 -0.18846 0.63076 0.028431 -0.81062 0.66533 -1.6406 -1.4513 -0.28016 -1.0746 -0.91469 0.40901 -0.97126 0.44619 -0.47051 1.0101 -1.2218 1.0822 -0.32398 1.8415 1.8902 0.68953 0.48986 1.1613 -0.64338 0.83551 0.41289 -0.11796 -1.6476
0.17199 0.10775 1.4717 -1.0266 -1.46 0.33749 -0.15617 -1.5046 -0.011812 -0.27397 -0.30654 -0.03614 0.16911 -0.51545 -0.43234 0.6233 -0.90626 -0.24327 0.18192 -0.40018 0.014254 -0.11687 0.081408 0.43875 -1.0149 0.41236 -0.37761 0.13309 -0.89167 2.4433 2.1608 0.5901 0.99137 1.3377 -1.1363 1.255 0.3732 0.49706 -1.0425
-1.0393 0.19296 0.65606 -0.51833 -0.24285 1.5164 -0.35523 -0.11233 1.2859 -0.24813 0.099824 0.20813 -0.61877 -0.7564 0.14031 0.17518 0.64172 1.0347 0.38667 0.44933 0.58023 -0.54204 0.88217 0.90143 -0.54285 -0.34319 0.85482 -0.98686 -1.723 2.0323 1.6483 -0.29995 0.91021 1.2381 -1.1425 0.85455 -0.29468 0.6879 0.26159
-1.0432 -0.34271 1.6249 0.21662 -0.50041 1.4143 -0.75486 -0.8756 -0.62483 -0.20108 0.10594 -0.19085 -0.37855 0.2031 -1.2514 -1.0698 1.0927 1.1742 0.18691 0.50534 1.2324 -0.78387 1.1137 0.9258 0.532 0.34489 1.9126 -1.5328 -1.8674 1.1073 0.50676 -1.1083 0.12839 0.3874 -1.1421 -0.40289 -1.083 0.58185 1.5589
-1.0408 -0.74377 1.1949 -0.33422 -0.53753 0.89921 0.49608 0.4652 -0.086933 1.7079 -0.0075331 -0.56097 -0.10809 1.189 -2.0998 -1.7751 1.1349 1.0817 -0.91079 0.18127 0.94322 -1.5916 0.29225 -0.36017 0.16739 1.4886 1.8206 -1.0613 -1.5278 -0.064213 -0.15861 -1.2523 -0.45587 -0.071474 -0.60819 -1.4176 -1.7437 -0.021207 1.9022
-0.54603 -1.0121 0.6925 0.83763 0.17186 0.48652 0.28239 -0.41421 -0.52168 1.2314 0.97468 0.030031 0.024625 1.9173 -1.9492 -1.964 0.90361 0.73045 -1.4635 -0.014022 0.60184 -1.9253 -0.46119 -1.0471 -0.17722 2.161 0.71834 0.49587 -0.35325 -0.53284 -0.097033 -0.8238 -0.65315 -0.31321 -0.11717 -1.8126 -1.6119 -0.46278 0.87841
0.85679 -2.3396 -1.1472 0.31789 0.037074 0.1394 -0.18242 -0.035088 -1.3257 0.27237 -0.078726 1.1115 1.1827 1.628 -1.3374 -2.2926 0.61597 0.94557 -1.3792 -0.12728 0.74875 -1.214 -1.2799 -1.5311 -0.23828 2.0005 -0.58784 1.4442 0.77741 -0.9149 0.04415 -0.037913 -0.26253 0.18299 0.74412 -1.1647 -0.84774 -0.39804 -0.44168
1.1365 -2.0166 -0.72215 0.41002 0.548 -0.16282 -0.22264 0.17939 -1.721 -0.51276 -1.2017 -0.37189 1.5389 1.2602 -0.78316 -1.4858 0.36113 1.0524 -1.2868 -0.54421 0.70042 -1.2124 -1.872 -1.6478 -0.22524 1.5891 -1.5271 1.7617 1.6932 -0.73811 0.20508 0.42549 0.33217 0.4625 1.3029 -0.19625 0.13884 -0.32032 -1.4282
0.73366 -1.9053 -1.1016 0.88937 0.51015 0.046296 -0.50493 0.55363 -1.7001 -0.56488 -1.123 -0.5951 1.6002 0.46577 -0.20369 -0.53249 -0.29473 1.0085 -1.0872 -0.02977 1.255 -0.42861 -1.4256 -1.7128 -0.63525 1.0161 -1.4638 1.3407 1.7609 -0.53044 -0.03706 0.59367 0.78446 0.4363 1.3301 0.58547 0.92804 -0.024029 -1.6436
0.48995 -1.8028 -1.165 0.74137 0.79396 -0.41566 -0.18122 0.36565 -1.758 -0.83388 -1.5252 -0.52573 1.6137 -0.2276 0.50874 0.38425 -0.013436 1.1031 -0.74241 0.56896 1.2677 0.3427 -0.79579 -0.66465 -0.64521 0.20673 -0.78896 0.786 1.0066 -0.365 -0.37691 0.70254 0.77288 0.42637 1.2583 0.89315 1.1403 0.22716 -1.4628
0.84693 -1.8646 -0.68155 0.24477 1.2439 -0.9082 -0.23653 1.1499 -1.7429 -0.61406 -1.3298 -0.086468 1.5812 -0.24127 0.31794 0.12983 -0.18328 0.84821 -0.4376 0.79045 1.3318 0.72458 -0.59836 -0.17548 -0.084152 -0.12329 0.2195 0.33768 0.17364 -0.16731 -1.039 0.7223 -0.12043 0.052974 0.7118 0.61006 1.1303 0.37184 -1.1243
0.61619 -1.7886 -0.56985 0.21333 1.5423 -0.79259 0.25009 1.2503 -1.1597 -1.1073 -1.5523 -0.42556 1.5801 0.2034 0.30403 0.10187 -0.37374 0.39229 -0.17338 0.49842 1.5089 0.78062 -0.4256 -0.1509 -0.038967 -0.34682 0.75737 0.34049 -0.351 -0.28706 -1.7907 0.58432 -0.94582 -0.3941 0.17605 0.29805 0.71329 0.2239 -0.87147
0.71191 -1.5233 -0.56484 0.64508 1.5955 -0.53118 0.6324 1.5942 -0.96439 -1.0235 -1.1184 -0.34818 1.5363 0.63763 0.47623 -0.061063 -0.42642 -0.67819 0.10721 -0.20591 1.2361 0.80581 -0.33992 0.27617 -0.17838 -0.6336 0.49147 1.035 0.03262 -0.18182 -1.8173 0.38895 -1.5566 -1.1071 -0.69173 0.24369 0.67077 0.15328 -1.1404
0.62743 -1.6611 -0.98831 0.40175 1.4783 -0.48329 0.56608 1.8619 -0.87282 -1.4082 -1.5456 -0.74547 1.3674 0.67909 1.012 -0.19069 -0.42621 -1.6537 0.17968 -0.68187 0.52488 0.66119 -0.30363 0.53344 -0.14299 -1.0319 -0.2577 1.6464 0.59541 -0.039247 -1.219 0.33078 -1.4735 -2.0653 -1.6373 0.40692 0.9362 0.73456 -1.4849
1.0996 -1.5254 -1.0269 0.26701 0.83391 -0.36481 -0.22344 2.4354 -0.8918 -0.97354 -1.4799 -0.4443 1.1477 0.39304 1.7399 0.33738 -0.49586 -1.701 0.17768 -1.5063 -0.38989 -0.62901 -0.15112 0.82246 0.27742 -1.7346 -1.0496 1.7449 1.1163 0.5411 0.13205 0.37809 -0.67905 -2.5083 -1.6363 0.62469 0.66772 0.98051 -1.525
1.6034 -1.1521 -0.9057 -0.15342 -0.37652 -0.67994 -0.72464 1.7832 -0.70927 -1.2413 -0.8609 -0.54932 0.82056 -0.13759 2.4988 1.0373 -0.41292 -1.4921 0.46331 -1.5834 -1.8041 -1.8467 0.32798 1.4392 1.2406 -2.3396 -1.8065 1.0113 0.99422 1.1743 1.3328 0.36157 0.3919 -1.9749 -0.61797 0.65922 0.20606 0.77898 -1.1342
1.4286 -0.3383 -0.68602 -0.20146 -0.84097 -0.70037 -0.74356 1.5619 -0.66496 -1.2122 -0.58179 -0.26815 0.33988 -0.82893 2.7287 1.453 0.57134 -0.49849 0.73483 -1.0072 -2.6097 -1.2829 0.64551 1.1574 1.1442 -2.5917 -1.7827 -0.10112 0.32737 1.5496 1.6652 0.1419 1.4584 -0.48927 0.77553 0.63201 -0.65099 -0.073626 -0.1838
0.60695 0.60196 0.20896 0.011353 0.062551 -0.27965 -1.5987 0.50545 -2.771 -1.3863 -0.46345 0.021473 -0.59473 -1.934 2.2528 1.1468 1.221 0.36644 0.63649 -0.1884 -2.3108 -0.27451 0.67117 0.79014 1.0227 -2.5467 -1.0364 -1.2136 -0.41456 1.1503 1.2292 -0.00042913 1.7642 1.3379 1.8734 0.28986 -1.4233 -0.63304 0.81346
0.34285 1.3823 0.71742 0.27042 -0.16365 0.32066 -1.1115 -0.84817 -3.7361 -0.29746 0.78698 1.6225 -1.141 -1.8905 1.6864 0.90607 1.5654 0.64467 0.37371 0.52595 -1.1171 0.16844 0.99376 -0.11814 0.22833 -1.9483 -0.12821 -2.2584 -0.80451 -0.012098 0.26827 -0.13681 1.3315 2.226 2.245 0.13453 -1.1401 -0.7021 1.8309
-0.19902 1.0679 0.54358 1.4562 0.92845 0.31646 -0.6849 -0.78165 -1.0451 -0.47995 -0.83505 0.029341 -1.348 -1.4581 0.93162 0.51917 1.2262 0.3541 0.63311 0.94952 0.11564 1.2536 0.75818 -0.71048 0.38759 -1.2723 0.80506 -2.6471 -0.98939 -1.1924 -0.35706 -0.21189 0.46347 1.8029 1.9721 0.029575 -0.64372 -0.68819 2.5307
-1.2219 0.7578 -0.037183 1.4042 0.57831 -0.16558 -0.51938 0.29154 -0.24308 -0.40128 -0.34413 0.63351 -1.5441 -1.2993 -0.49461 0.23149 0.54525 0.036012 0.44465 0.91718 0.61575 2.5379 0.88303 -0.32149 0.0084428 -0.099125 1.2042 -2.157 -0.84116 -1.9146 -0.55543 0.061314 0.165 0.44747 1.0444 0.13796 0.43883 -0.14949 2.474
-0.1585 1.2092 0.46896 1.328 -0.15718 -0.52919 -0.050785 0.80349 -1.2173 -0.019054 -1.129 -0.68794 -1.2156 -0.79843 -1.2086 -0.4039 -0.48533 -0.030406 0.1544 0.49233 0.41699 2.5683 0.78911 -0.35899 -0.29201 0.85588 1.6358 -1.3241 -0.62864 -1.8342 -0.51581 -0.032601 -0.20457 -0.68718 -0.24094 0.74652 1.0996 -0.2845 1.9243
-0.46777 1.2604 0.49916 0.92059 -0.12886 0.8255 0.056324 1.2077 -0.19565 -0.52092 -1.1964 1.3261 -1.426 -0.077738 -0.95301 -0.23763 -1.1372 -0.25426 0.72956 1.0749 -0.37884 1.6438 1.2665 0.58907 0.25371 1.2178 1.8217 -0.68846 -0.63921 -1.4854 -0.69511 -0.35378 -0.79729 -1.1076 -1.3821 0.91943 1.0795 -0.44193 1.1462
-1.475 -0.31199 0.88273 0.6819 0.51221 0.50605 -0.62823 -0.16302 0.34254 0.44046 0.31066 0.47242 -0.63019 0.84312 -1.1173 -0.44617 -1.3414 -0.51405 0.41358 0.50253 -0.76266 1.208 2.1213 1.0195 -0.32771 1.3589 1.8282 -0.3343 -0.34091 -0.81208 -1.012 -1.1596 -1.3087 -0.94081 -1.996 0.70463 0.70941 -0.91354 0.57267
-0.65962 -0.18688 -0.51722 0.01678 0.31397 0.15439 -0.28478 -0.73534 0.80456 0.76221 -0.41495 0.49448 -0.104 1.1233 -1.7261 -0.96744 -1.7876 -1.088 -0.42401 -0.56024 -1.0091 0.3946 2.1316 1.1351 -0.89081 1.6076 1.6456 0.34029 0.12744 -0.10237 -1.0437 -1.7651 -1.7269 -0.26845 -2.2259 -0.21599 -0.3551 -0.90719 -0.13725
-0.28772 0.37482 0.24478 0.40535 0.35194 1.1382 1.6471 -0.54528 1.2406 1.2312 -0.066431 0.2524 -0.29038 1.856 -1.3993 -0.69013 -1.6699 -1.6024 -1.6688 -1.1152 -1.1497 -0.88431 1.8241 0.78429 -1.6088 1.638 0.59699 1.4034 1.1022 0.75098 -0.25839 -1.0419 -1.3393 0.6991 -2.1324 -1.6173 -0.83024 -0.14003 -1.155
0.62706 -0.34956 -0.46738 -0.26554 -1.0116 -0.27197 -0.4595 0.29586 0.35694 2.78 0.76161 -0.39115 -0.13219 2.3453 -0.22997 0.12646 -1.1641 -1.7614 -1.8774 -1.3204 -0.72521 -1.8568 0.96648 0.024756 -0.98171 0.84063 -0.64836 2.1626 1.3801 1.0258 1.1146 0.22906 -0.66647 1.3986 -1.493 -2.1976 -0.55689 1.1076 -1.8459
0.97797 -1.2635 -0.68617 -1.2377 -1.8847 -0.81362 -1.6487 -0.4996 -1.0528 1.9811 0.00040907 -1.2993 0.73008 1.2924 0.54355 1.1081 -0.25886 -0.68452 -1.0172 -1.5993 0.48656 -2.0221 -0.66133 -0.043786 -0.57718 -0.23656 -1.877 2.1806 1.0128 0.79313 2.3437 1.6493 0.35289 1.4154 -0.50444 -2.3213 -0.21348 1.9322 -1.9105
1.2035 -0.73944 0.098186 -0.92666 -1.5937 -1.3162 -1.5693 -1.2328 -1.0194 1.5953 0.21566 -0.49917 0.65332 0.24545 1.0162 0.76469 -0.58814 0.64548 -0.28753 -1.5468 0.95996 -2.0864 -1.1986 0.46942 0.86966 -0.61612 -2.2661 1.4482 0.23602 0.17682 2.535 1.9677 1.0262 0.76376 0.32981 -1.3855 0.09274 1.5121 -1.2898
1.5802 0.16341 1.0658 -0.38469 -1.326 -1.4218 -1.4742 -1.3138 -1.6603 1.6425 -0.075644 -0.36382 0.051901 -0.44387 1.7222 0.92137 -0.48525 1.8031 0.92602 -0.33167 0.82858 -1.8003 -1.9238 0.15916 1.4412 -0.90527 -1.4904 0.36028 -0.49613 -0.52069 1.5372 1.4401 1.1804 -0.1637 0.69188 -0.0054366 -0.060907 0.64141 -0.28265
0.50506 1.1329 1.0895 0.2706 0.1475 0.27993 -1.2284 1.2572 -1.1396 -0.54217 -0.30951 -0.24516 -1.0252 -0.82995 1.6666 0.66903 -0.72336 1.9799 1.197 -0.029627 0.62401 -1.2946 -1.285 0.12407 1.119 -1.0346 -0.68594 -0.90729 -0.7244 -0.67936 0.015818 0.62286 0.61142 -0.88993 0.87081 0.94812 -0.23325 -0.62756 0.56628
0.089977 0.86893 0.24497 -1.3662 0.84889 0.42626 -1.1811 1.0082 -2.0334 1.0009 1.6315 1.6233 -0.59021 -0.83061 0.83475 0.20875 -1.1597 1.6715 1.199 -0.14606 0.32372 -1.0053 -0.62842 0.026833 0.61368 -0.51371 0.078222 -1.895 -0.72628 -0.56764 -1.4045 -0.53055 -0.18809 -1.3978 0.68052 1.5585 -0.043416 -1.2603 1.2432
0.56298 0.92088 0.53227 -1.5099 0.59624 0.12178 -1.5819 0.11932 -2.8116 0.058871 0.1783 0.52773 -0.33941 -0.78782 -0.102 -0.26154 -1.5142 0.74329 0.84992 -0.48765 -0.56786 -0.7057 0.12817 0.093825 -0.016239 0.1542 0.49767 -1.9157 -0.22266 0.36406 -1.82 -0.9489 -0.032551 -1.0885 0.63492 0.79148 -0.14742 -1.4511 1.1927
0.23655 0.60362 0.71946 -1.9129 0.33108 -0.12253 -1.7923 -0.9279 -2.5143 0.47906 -0.28588 -0.3549 -0.27613 -0.32941 -0.65275 0.00053424 -1.1455 -0.33913 -0.0038853 -0.44011 -1.3695 -0.70526 0.61442 0.1067 -0.59476 0.62468 0.69386 -1.6667 -0.12684 1.1873 -1.7785 -0.96701 0.80381 -0.26831 0.98143 0.065217 0.056801 -1.0656 0.8634
0.41345 0.64675 0.97052 -1.549 0.87215 0.13994 -1.5414 -0.46778 -2.0548 0.81493 0.2538 0.49246 -0.29168 -0.19734 -0.88459 0.34753 -0.055 -0.59229 -0.16729 0.06971 -0.70593 -0.14827 -0.25805 -0.18843 -1.2736 0.43402 0.81053 -1.4076 -0.40263 1.7513 -1.2759 -0.60341 1.8899 0.86093 1.2004 -0.79109 -0.16755 -0.50785 0.70871
0.011995 0.38301 0.45593 -1.9093 0.035275 0.46267 -2.0906 -0.66915 -2.411 1.1514 0.38447 -0.2325 -0.26264 0.10707 -1.6409 -0.33864 0.31572 -1.1567 -0.29543 1.0856 -0.14685 0.72002 -0.29856 0.29791 -0.96013 0.82083 0.65924 -1.246 -0.91614 1.8674 -0.55723 -0.051822 2.4174 1.5251 1.3096 -1.3129 -0.85396 -0.2312 0.76686
-0.051836 0.29584 0.82163 -1.5615 -0.11895 0.24021 -1.5632 -0.19218 -2.6603 0.37049 0.71933 -0.2187 -0.12499 0.43484 -2.0296 -0.8608 1.0081 -1.3557 -0.25793 2.2832 0.53501 1.0329 -1.0609 -0.31403 -0.88652 1.2659 0.49411 -0.89065 -1.0549 1.749 0.32634 0.37935 2.2517 1.5771 1.179 -1.1299 -1.339 0.0072632 0.83411
0.18152 -0.33915 0.88676 -1.4321 0.1487 -0.16674 -0.93694 -0.29877 -2.4976 -0.0056899 0.67125 -0.53419 0.050273 0.52572 -2.2243 -1.1435 1.7915 -1.0521 -0.075258 2.9695 1.0498 1.3785 -1.7158 -1.4957 -1.2711 1.518 0.062373 -0.062378 -0.67992 1.4809 1.3707 0.6619 0.93533 1.5006 0.75424 -0.91935 -1.6684 -0.048891 0.33448
0.97364 -1.4868 -0.22245 -1.2087 -1.4729 -0.44391 0.17401 -0.69565 -1.0926 -0.12992 -0.0043929 -1.0873 0.87857 0.4702 -2.1262 -1.2629 2.4558 -0.0020472 0.49465 3.3355 1.8393 1.9301 -1.9001 -1.9129 -1.1095 1.5098 -0.44561 0.77898 -0.25353 0.59568 2.0265 0.57179 -0.84745 1.2665 0.35351 -0.31949 -0.892 0.083752 -0.32114
0.68451 -1.6341 -0.41724 -0.34278 -1.1037 -0.014182 1.5465 0.16863 -0.92937 -0.77293 -0.84032 -1.0219 1.1397 0.19665 -1.7025 -1.4353 2.3425 0.86245 0.68269 2.3149 2.1918 1.8115 -1.7915 -2.1732 -0.95575 1.2684 -0.7155 1.5693 0.088731 -0.47818 1.9829 0.16451 -2.483 0.51509 0.045023 0.1745 0.49261 0.45086 -0.94107
0.68393 -1.6897 -0.48095 0.75949 -0.2076 0.54127 1.7821 1.2452 -0.62839 -1.384 -1.7168 -1.301 1.1975 -0.19887 -0.95453 -1.1994 1.8384 1.6723 0.53178 1.0447 2.4875 1.538 -1.6871 -1.7155 -0.87793 0.83849 -0.38831 1.9348 0.28549 -1.5785 0.75338 -0.64678 -3.6064 -1.1016 0.038339 0.5922 1.6027 0.50836 -1.1975
0.30285 -1.9484 -0.87303 0.93487 0.53884 1.1462 1.9575 1.9088 -0.17199 -1.4604 -1.3623 -1.6262 1.2362 -0.41909 -0.11594 -1.007 1.2107 2.0102 0.23538 -0.49787 1.7496 1.666 -1.4581 -0.60546 -0.46402 0.24075 0.13109 1.9461 0.6468 -2.1966 -0.67174 -1.2681 -3.4705 -2.5249 0.020256 0.98747 2.2966 0.39573 -1.191
0.36285 -1.8354 -0.91279 0.74001 1.134 0.32789 0.90556 2.0903 -0.5027 -2.0498 -1.7571 -1.3821 1.2829 0.081974 0.40276 -0.93349 0.087759 0.90622 -0.6247 -1.9636 -0.14239 2.0806 -0.83316 0.4802 -0.31398 -0.028082 0.35386 1.9151 1.3 -2.2274 -1.6789 -1.342 -2.7746 -3.0666 -0.55344 1.3213 2.1871 0.65834 -1.1804
0.31967 -1.8348 -0.99991 0.40406 1.5853 -0.06261 0.67007 2.26 0.13446 -2.0846 -1.4606 -1.9393 1.2718 0.28599 0.96043 -0.33561 -0.86451 -0.074378 -1.3628 -2.6333 -1.5365 1.5811 -0.16208 1.2737 -0.42851 -0.33891 0.10146 1.7241 1.9857 -1.7008 -1.804 -0.62451 -1.4933 -2.2933 -1.3841 1.3248 1.5645 1.0477 -1.1238
0.48484 -1.5242 -1.7852 0.64763 0.75487 0.10341 -0.00012488 1.1399 1.708 -2.1388 -0.79973 -1.4031 1.1986 0.075447 1.7957 0.9434 -1.2634 -0.58546 -1.445 -3.0435 -1.994 0.44961 0.41608 1.6738 0.45475 -0.89402 -0.38035 1.4418 2.4602 -0.67326 -0.9131 0.5304 -0.24141 -0.7704 -2.0642 0.80699 0.77749 1.5189 -1.0975
0.98006 -1.0043 -1.4464 0.085555 -0.062833 -0.5049 -1.0056 -0.17298 1.8493 -1.8491 -0.43857 -1.4962 1.0749 -0.23888 2.1478 1.8407 -1.2747 -0.79012 -0.65156 -2.7268 -1.9057 -0.34592 0.67574 1.8994 1.3044 -1.2518 -0.50604 0.77724 2.3043 0.22749 -0.064262 1.2879 0.61813 0.70668 -1.9718 0.16511 -0.22462 1.4866 -0.88932
0.77045 -0.57204 -0.49441 -0.30757 0.18724 -0.86709 -1.5351 -0.14961 0.65713 -1.4676 -0.061467 -2.2623 0.71586 -0.33749 2.2841 2.6696 -0.95903 -0.53033 0.10305 -2.3536 -1.4995 -1.1725 0.42861 1.7178 1.9435 -1.4522 -0.33281 -0.13772 0.99921 1.0241 0.32156 1.4413 1.3573 1.3013 -1.1397 -0.24168 -1.2598 1.0875 -0.50564
-0.033702 0.39003 0.99395 -0.69574 0.45885 -0.6494 -2.3241 0.19335 -0.56692 -1.0802 0.56866 -0.25779 0.053347 -0.4135 2.0492 3.1952 -0.59498 -0.22742 0.50797 -1.8138 -0.37746 -1.6357 0.17632 0.82695 1.8844 -1.5842 -0.26974 -1.3457 -0.80485 1.4173 0.29105 0.69583 2.2921 1.023 -0.044463 -0.44696 -1.8447 0.27928 0.24196
0.026533 0.49866 1.2076 -0.66553 0.36198 -0.19388 -2.3801 0.055827 -0.43646 -1.5488 0.50368 0.45474 -0.020761 -0.43441 1.6056 2.171 0.29851 -0.2337 0.93621 -0.95857 -0.16512 -1.2338 0.16378 -0.25512 2.3996 -1.5957 -0.0039309 -2.4267 -2.9055 1.2197 -0.20741 -0.43281 2.8674 0.35795 1.257 -0.066106 -1.8548 -1.0337 1.102
0.28814 0.74879 1.8104 -0.30686 0.53444 0.37696 -2.303 -0.16433 -0.15004 -1.861 0.82616 0.39114 -0.21609 -0.67516 0.17159 0.55409 0.72893 -0.36532 0.35621 0.85852 -0.53524 -0.40653 -0.12113 -0.7322 1.6456 -0.76884 0.54146 -2.9426 -3.9046 0.58558 -0.73716 -1.3453 2.5282 -0.19666 1.738 0.61844 -1.522 -1.65 1.8165
0.36627 0.89536 2.198 -0.11447 -0.17193 0.25146 -2.7041 0.29807 -0.10481 -1.7625 -0.14735 0.29362 -0.57639 -0.21759 -0.95027 -1.5521 0.64429 -0.86831 -0.72305 1.6648 -0.71033 0.77989 0.44076 -1.1404 -0.073651 0.022769 1.1189 -2.7338 -3.3328 -0.37014 -0.87433 -1.8513 1.5235 0.0084624 1.3387 1.1993 -1.1116 -1.6468 2.1734
0.27238 0.98961 1.0592 0.41145 -0.33281 0.17897 -2.2641 -0.69265 -0.43243 -1.0773 -0.9786 1.5006 -0.87594 0.43935 -1.7325 -2.3912 0.31915 -1.3586 -1.4452 1.5972 -0.50147 0.90689 1.3261 -1.7123 -0.28578 0.71175 1.5466 -1.6232 -1.6719 -0.76692 -0.57793 -1.3764 0.29325 0.57758 0.71741 1.416 -0.56025 -0.74483 1.8657
-0.90078 -0.77063 0.31218 0.18695 0.11829 -0.89495 0.36853 -0.72473 -0.42433 -1.6842 -0.29232 -0.0098494 0.12169 0.99888 -2.1432 -2.7138 -0.18531 -1.4553 -1.9889 1.5232 -0.16922 0.84325 1.9375 -1.938 -0.034881 1.3798 1.4263 -0.37644 0.54845 -0.54863 -0.062591 -0.34716 -0.31693 1.1517 0.18914 1.0232 0.034042 0.3249 1.2339
0.15586 -0.6687 -1.3977 -0.25079 -0.97432 -1.4879 -0.61819 -0.54745 1.1755 -0.35231 -0.60664 -0.47193 0.21859 1.4695 -2.0242 -2.0548 -0.28219 -1.2073 -1.8577 1.4886 0.34286 1.0266 2.0788 -1.4197 0.084845 1.7419 0.94364 0.92447 1.8913 0.066606 0.36849 0.69319 -0.63088 1.2167 -0.11634 0.5011 0.44131 0.82426 0.23193
1.4241 -1.3304 -1.0245 -0.17924 -1.6956 -1.3085 -1.1201 -0.36492 0.71435 0.18496 -1.9607 0.54228 0.74959 1.8059 -1.4541 -0.67528 -0.075382 -1.0662 -1.2422 1.1417 1.162 1.1059 2.1951 -1.2017 0.40429 1.6161 -0.17797 1.4611 2.3955 0.60284 0.7468 1.3013 -0.29225 0.83752 -0.66752 -0.24923 0.80518 0.79287 -0.60006
1.6338 -1.3339 -0.89855 -0.394 -1.4159 -1.7975 -0.65772 -0.11942 0.55973 0.65395 -2.0147 0.8083 1.0425 1.714 -0.49107 0.19572 0.38696 -0.82776 -0.3996 0.62565 1.2572 0.53749 2.2413 -1.1927 1.187 0.98767 -1.307 1.4065 1.6875 0.58109 0.84915 1.3308 0.12011 0.17012 -0.90768 -0.89558 1.1532 0.44135 -1.0698
1.642 -1.2596 -0.34478 0.0062129 -1.478 -1.8147 -0.10259 0.4775 1.0382 0.81317 -1.7746 0.74201 1.101 0.55545 -0.40163 0.72875 0.59922 -0.1758 -0.045638 1.4232 1.041 -0.27605 1.3385 -0.44646 1.0417 0.72749 -1.7899 0.8368 0.61488 0.12554 0.69302 1.1042 0.30176 -0.5132 -0.77312 -1.4367 1.4997 0.01861 -1.0118
1.7192 -1.2564 -0.068304 0.44112 -1.4428 -1.4602 0.50125 0.69263 1.1513 1.5204 -1.9529 1.3985 1.1334 -0.239 -0.13616 0.46079 0.4592 0.01798 0.27704 1.5845 0.73878 -0.13679 0.64405 0.49363 0.66937 0.35295 -1.5078 0.29837 -0.080842 -0.53896 0.32926 0.7329 0.069827 -0.88228 -0.24228 -1.8119 1.5647 -0.29782 -0.60769
1.4343 -1.3437 -0.3723 0.4191 -1.4372 -1.5038 0.62312 0.68878 0.62165 1.5535 -1.8705 1.1074 1.1891 -0.41205 -0.1962 0.36397 0.12077 -0.12559 0.6855 1.2374 0.39287 -0.13653 0.0044146 0.92911 0.69513 0.19956 -0.68203 0.2348 -0.35521 -1.0028 -0.12375 0.37134 -0.67268 -0.9907 0.28532 -1.7787 1.2747 -0.3751 -0.35941
1.241 -1.4549 -0.56251 0.23752 -1.4941 -1.5587 0.87043 0.5655 0.43789 1.2385 -1.587 1.0875 1.2167 -0.49386 -0.083779 0.22299 -0.37618 -0.20462 0.7356 0.86161 -0.18365 -0.027595 -0.86187 1.2217 0.7402 0.20912 -0.11825 0.17015 -0.16019 -1.0295 -0.19777 -0.0122 -0.7628 -0.85919 0.45839 -1.5856 1.0542 -0.62522 -0.13365
1.2782 -1.4803 -0.25487 0.15702 -1.5859 -1.0485 0.99956 0.58605 0.63013 0.87599 -1.2062 1.6038 1.2446 -0.53679 -0.027043 0.16924 -0.84735 -0.30693 0.4806 0.54448 -0.47912 0.25165 -1.6096 1.7201 0.22693 0.1817 0.11683 0.26279 -0.19421 -0.74241 -0.15744 -0.30857 -0.67987 -0.54623 0.39488 -1.0565 0.9753 -1.1883 -0.10817
1.2108 -1.4947 -0.012403 -0.18601 -1.5725 -0.97873 1.1261 0.6327 0.76586 0.68477 -0.6244 1.7597 1.2807 -0.39133 0.068928 0.25171 -0.97052 -0.27932 0.34447 0.52289 -0.54414 0.60491 -1.8482 2.1939 -0.39138 0.13043 0.30561 0.25662 -0.30834 -0.23337 -0.11427 -0.39659 -0.68433 -0.16794 0.070468 -0.18404 0.79844 -1.4862 -0.18095
1.0436 -1.2131 0.064358 -0.20838 -1.762 -0.89578 1.1975 0.17398 1.2216 -0.25189 -0.39691 1.8504 1.3634 -0.25897 0.17632 -0.021733 -0.96243 -0.39692 0.23517 0.15313 -0.52119 0.35328 -1.7005 2.3833 -1.1944 0.051039 0.43449 0.31032 -0.32352 0.37536 -0.0005309 -0.24566 -0.87187 -0.036932 -0.39439 0.61108 0.29865 -1.0328 -0.27056
0.91401 -1.379 -0.17 -0.63028 -1.846 -1.1503 1.2004 0.041303 1.1685 -0.51604 0.23975 1.1413 1.3251 -0.091916 0.2528 -0.27055 -0.75322 -0.38342 0.031001 -0.20462 -0.5019 0.065057 -1.1985 2.4818 -1.6184 -0.037936 0.39154 0.36725 -0.088062 0.78564 0.20724 -0.17416 -1.2586 -0.21282 -0.74724 1.278 -0.45999 -0.23811 -0.49701
0.94732 -1.3476 -0.19458 -0.74957 -1.7288 -1.1764 1.4585 0.07267 1.2195 -0.82857 1.0992 0.18378 1.3132 0.084083 0.41157 -0.1876 -0.25955 -0.25505 0.12111 -0.70304 -0.57805 -0.28442 -0.66151 2.1828 -1.2943 -0.19982 0.12325 0.72662 0.44984 1.0872 0.46705 0.032568 -1.2258 -0.39485 -0.88566 1.4734 -1.1885 0.6144 -0.8425
1.0434 -1.2395 -0.57808 -0.86338 -2.1521 -0.97271 0.87429 0.048114 0.65464 -0.84108 1.4296 -0.21183 1.2478 0.13116 0.5797 0.16574 0.13679 0.058086 0.032644 -1.3807 -0.94457 -0.60293 0.29338 1.4056 -0.83849 -0.5973 -0.35099 1.1512 0.9771 1.2484 1.2106 0.3182 -0.70636 -0.26373 -0.83962 1.5016 -1.6094 0.94703 -1.1427
1.2407 -1.1161 -0.34141 -0.65995 -2.0252 -0.9023 0.65381 -0.0084197 0.83239 -0.47227 1.9672 0.15227 1.2131 -0.15473 1.2588 0.61712 0.61161 0.3015 0.2916 -1.5295 -1.092 -1.1221 0.62129 0.5968 -0.32452 -1.1136 -1.0548 1.1876 1.1338 1.243 1.8843 0.23129 0.18348 0.44628 -0.31816 1.0742 -1.6954 0.70339 -1.2033
1.2089 -0.81093 0.018221 -0.30186 -1.8263 -0.80616 0.1101 -0.41914 0.57656 -0.48543 1.8376 0.68591 1.0422 -0.60209 1.8047 1.1897 1.1297 1.7194 0.59176 -1.0943 -0.77538 -1.2315 1.2865 0.12065 -0.15793 -1.5389 -1.5818 0.79561 0.35304 0.57085 1.8965 0.37148 1.19 1.4039 0.36252 0.39265 -1.6553 0.38376 -0.94202
1.0165 -0.55055 0.35326 -0.18559 -1.5166 -1.1568 -0.73646 -1.4005 0.44395 0.19701 1.1064 0.44223 0.49834 -1.4334 1.8373 1.4619 1.5525 2.6201 0.30841 -0.49146 0.22396 -0.62046 1.0788 -0.49852 -0.19133 -1.7906 -1.3828 -0.014035 -0.78502 -0.19981 1.1959 0.6187 1.6577 2.158 1.0039 -0.26496 -1.5754 0.62668 -0.49409
0.50522 0.3716 0.57852 -0.0039163 -1.3992 -0.6685 -0.32715 -1.026 -0.70028 -0.038787 1.3159 0.0013481 -0.088705 -2.0531 1.655 0.41573 0.72603 2.6285 0.78004 0.33006 1.1952 -0.11379 0.88291 -1.2914 -0.12054 -1.8733 -0.69011 -0.71867 -1.6268 -0.57539 -0.35446 0.67164 1.1528 1.8837 1.1101 -0.8312 -1.0065 1.2186 0.0042943
0.17385 0.86466 1.3167 0.71046 1.4255 -0.17527 0.4031 -0.31539 -0.39345 1.0957 1.7128 -0.38187 -0.35645 -1.8981 1.3068 -0.49405 0.44123 2.1991 1.4628 0.85937 2.2255 0.3691 0.27262 -1.7843 0.94197 -1.7945 0.37526 -1.1739 -1.6238 -0.44155 -1.2896 0.62162 0.23361 0.77519 0.76079 -0.89903 -0.55466 1.3362 0.45394
-0.88921 0.58336 1.2148 1.1321 1.2185 -0.92101 0.15021 0.89733 0.55866 0.20889 0.76776 -0.022893 -0.58534 -1.6038 0.83214 -0.93597 0.61528 1.2338 1.389 0.39072 1.9793 0.54058 -0.039459 -1.2023 1.7805 -1.5324 1.2703 -1.1829 -0.72363 0.28942 -1.8768 0.36671 -0.27561 -0.35006 0.39181 -0.68467 0.31126 1.1156 0.71639
-1.2043 0.66949 -0.57032 -0.50387 0.79634 0.32291 0.95829 1.1485 0.86833 0.59647 -0.1356 0.64932 -0.82373 -0.99302 0.22864 -0.96011 0.78646 0.7827 1.2753 -0.073644 1.375 0.60579 -0.33027 -1.6183 1.6055 -1.1872 1.7177 -0.76816 0.50884 0.69072 -1.3379 0.31931 -0.31198 -1.1983 -0.33728 -0.070982 1.1704 0.0047556 0.80449
-0.65859 0.82223 -0.59705 0.39181 0.64365 1.061 0.65851 1.7094 0.6517 -0.28999 -0.76572 2.4843 -1.1745 -0.24517 0.15844 -0.73231 1.0902 -0.35253 1.6198 0.29607 0.91773 0.56766 -0.2397 -0.74287 1.8405 -0.95406 1.6267 -0.31323 1.5106 0.78188 -0.60151 -0.17867 -0.21028 -1.2255 -0.8203 0.27898 1.3546 -1.2467 0.83179
-0.96943 0.81807 -0.18015 1.152 0.085485 0.1538 -0.73847 0.26157 0.26651 0.41714 0.67718 2.0908 -1.4091 0.48064 0.32084 0.37366 1.4862 0.36261 1.9957 0.33846 0.36056 -0.3338 0.22601 0.31085 0.91544 -0.71004 0.72251 -0.30073 1.3659 -0.50914 -0.35375 -1.3718 0.065604 -1.0601 -0.51509 0.17377 1.0358 -1.7849 1.2217
-0.80251 0.76614 0.18359 1.476 1.4446 0.86561 0.11655 1.0766 0.11269 -0.14709 -0.75973 0.80596 -1.35 0.55509 0.245 1.2773 1.7172 0.26203 0.65067 -0.19413 0.036495 -0.66554 0.26407 0.52118 -0.45012 -0.35061 -0.18743 -0.4903 0.57904 -2.1787 -0.4346 -2.7333 0.034027 -1.0574 0.12001 -0.50857 -0.39574 -1.9864 1.6662
-0.45158 1.0013 0.35528 2.0439 0.7653 1.7568 1.6299 1.6987 1.3069 0.85682 0.95917 2.3557 -1.3872 -0.10915 -0.33419 0.63924 -0.47399 -0.21923 -1.0775 0.30661 -0.30434 0.16986 -0.21946 -0.19067 -0.93411 0.59866 -0.73537 -0.54299 -0.43972 -3.0042 -1.0957 -3.2478 -0.3533 -1.5256 0.45935 -1.1887 -1.0807 -1.0636 1.5938
-0.37301 1.0013 1.1392 1.9523 1.8039 1.9673 0.61209 1.4585 -0.27974 0.43371 0.67274 1.2729 -1.4432 -0.2883 -0.35938 0.23832 -1.9787 -0.91521 -2.4873 0.38833 -0.86425 0.56048 -1.0745 -1.2541 -1.3349 1.2397 -0.90774 -0.4578 -0.83694 -2.6825 -0.39117 -1.9371 -0.68399 -1.8549 0.042865 -1.1774 -1.147 -0.3695 1.0097
-0.44755 0.96359 0.79124 1.4852 0.40598 0.41511 -0.2045 0.90184 -0.29274 0.49372 -0.12502 0.44264 -1.2905 -0.41242 -0.31285 0.053543 -2.2486 -1.2022 -3.1394 -0.59798 -2.2381 -0.0090641 -1.5779 -0.91365 -0.84058 1.219 -0.65578 -0.1039 -0.63849 -1.074 0.38687 -0.076952 -0.69234 -1.1262 -0.092343 -0.11041 0.11602 0.55654 0.12998
-1.3655 0.0072731 -0.20427 -0.89827 -0.14211 -1.5239 0.79855 0.53475 1.5069 -1.028 -1.0891 1.5091 -0.1353 -0.91529 -0.55515 -0.027085 -2.3806 -0.014707 -2.321 -1.0031 -2.7029 -0.48899 -1.5063 -1.3602 -1.2647 1.064 -0.35543 0.051928 -0.42735 0.35874 1.4175 1.9803 0.045967 0.3585 0.0891 1.4852 1.3129 1.6133 -0.57114
-1.1715 0.64854 0.45082 -0.897 -0.72516 -2.5203 0.25339 -0.85849 1.0573 -1.1709 -1.2802 -0.48024 0.0014202 -0.96853 -0.41759 -0.44674 -2.2696 0.092044 -1.3291 -0.2745 -1.6369 0.50552 -0.23235 0.10902 0.17146 0.90609 0.40221 0.53285 -0.099974 1.6026 1.5805 3.1778 0.68031 1.9347 0.18484 2.7158 1.5713 1.7149 -1.1352
-0.81737 0.73416 0.69776 0.047087 0.46533 -1.0691 -0.29156 -1.4214 -0.34759 -1.6659 -0.52708 0.8913 -0.49674 -0.64774 -0.22051 -0.32753 -1.3027 1.2255 0.67939 0.32516 -0.45342 0.48471 1.3451 0.84036 1.4777 0.41611 1.1472 0.44381 0.05475 1.5418 0.50807 2.574 0.48533 2.2612 -0.071709 2.3693 1.2128 1.5474 -0.93027
-1.7508 0.21984 0.72393 -0.48681 2.0338 0.36024 -0.045934 -1.2403 -0.15552 -0.39539 -0.60935 0.3215 -0.51552 0.16685 0.4328 0.012149 0.18914 1.2861 1.9005 0.018179 0.49444 -0.11885 2.6501 1.1012 1.316 -0.4022 1.3145 0.11121 0.22951 0.61853 -0.70783 0.35438 -0.48333 0.96447 -0.56416 0.26925 -0.033619 -0.097286 -0.043751
-1.6307 0.45483 -0.03621 -1.4284 0.75086 -0.66792 0.29445 0.2373 1.3164 0.7186 1.0356 1.9081 -0.19322 0.55806 -0.22038 -0.15305 -0.74619 0.38808 1.3597 -0.23237 0.74039 -0.32373 1.9848 0.55224 1.3457 0.12375 1.201 -0.043002 0.23901 -0.30533 -1.8175 -2.0535 -1.2359 -0.48686 -0.5053 -2.2853 -0.67968 -1.4429 0.96276
-1.3765 0.38723 -0.081354 -0.80923 1.6271 0.16938 0.93201 0.30699 1.2635 1.8766 -0.053985 2.9362 -0.32418 0.76776 -0.22928 -0.097198 -1.3996 -0.88005 -0.94874 -0.88318 -0.31301 -0.24301 0.0092107 0.20481 0.03066 0.97463 0.67441 -0.1526 0.47375 -0.64008 -1.4246 -2.8115 -1.2158 -1.4726 -0.26766 -3.8378 -0.95128 -2.191 1.447
-0.6187 1.1104 0.43835 -0.092149 1.0643 0.14775 0.19826 0.19131 0.54881 1.7031 -0.18714 1.5878 -0.75175 1.1887 0.03389 0.18205 -1.0766 -1.2639 -2.1386 -1.5136 -1.0255 -0.48574 -2.09 -0.033141 -0.85959 1.3722 0.17244 0.2525 0.7018 -0.028344 -0.47886 -2.0567 -0.88537 -1.32 0.11243 -3.4017 -0.54806 -2.4786 0.9097
-0.30303 -0.078734 0.58875 -2.132 -0.10096 -0.69393 -0.88479 -0.96814 -0.7175 -0.01945 -0.56534 0.93989 0.33148 1.0498 0.040684 0.7472 -0.83589 -0.68806 -2.1554 -1.5932 -1.5658 -0.585 -3.2993 -0.46314 -2.1031 1.4465 -0.33666 0.13136 0.63086 0.32256 0.55242 -0.25847 0.046336 -0.27369 0.49056 -1.3342 -0.24662 -1.4542 0.074881
-0.57255 0.27692 0.44345 -2 -0.12659 -2.4377 -1.5707 -2.2255 -0.24859 -2.2558 0.27285 0.64564 0.89553 0.72051 0.075816 0.7623 -1.0817 -0.64856 -2.286 -1.5138 -1.2718 0.076432 -3.4402 -0.17604 -2.7019 1.4415 -0.61401 0.288 0.58165 0.69676 0.74898 1.2876 1.0562 0.90248 0.53489 1.2384 -0.1231 0.058245 -0.90617
-0.42031 0.56225 0.58044 -1.7389 0.43704 -2.2258 -1.4088 -1.2447 0.49747 -2.2181 0.0085281 0.063087 1.0336 0.39783 -0.027245 0.81492 -0.79871 -0.10072 -1.4177 -0.78384 -0.74019 0.4774 -2.0918 -0.19184 -2.0515 1.0653 -0.32677 0.38146 0.39497 1.0443 0.27169 2.474 1.5029 1.4223 -0.19943 3.0961 -0.39674 1.6277 -1.6856
-0.16915 0.69753 1.1063 -1.7814 0.45425 -2.2948 -0.9366 -1.081 0.82993 -2.2197 -0.092866 -0.17748 0.9812 0.41627 0.56005 1.2566 0.19839 -0.084091 0.13676 0.062163 0.35879 0.075089 -0.11513 -0.39343 -0.77164 0.0095672 -0.24586 0.21943 0.10809 1.4283 -0.1135 2.771 1.2378 0.85167 -1.0259 3.2946 -0.48547 2.4334 -1.9875
-0.18474 0.59795 1.0932 -1.898 0.45468 -2.0246 -1.349 -1.3195 0.8228 -2.06 -0.65914 -1.1376 0.90598 0.61551 0.45138 1.2524 0.46343 -0.43522 1.7228 0.43145 0.45332 -0.99212 1.4833 -1.1184 0.28002 -0.72428 -0.79812 -0.24287 -0.783 1.2864 -0.49718 2.1221 0.51612 0.026422 -0.86945 1.8432 -0.017627 2.2459 -1.5765
-0.028514 0.46996 1.6086 -1.8579 0.30947 -1.7006 -1.3627 -1.4533 0.17178 -1.3899 -0.38577 -0.96229 0.77229 0.1695 0.21086 0.74877 0.93998 -0.7036 1.8454 0.19737 -0.1729 -1.2846 1.6307 -0.65163 1.1409 -1.067 -1.4365 -0.74509 -1.3934 1.016 -0.29505 0.95551 0.28723 -0.67636 0.35186 0.18849 0.85079 1.7851 -0.70323
0.096346 0.86126 2.2952 -1.783 -0.55162 -0.9953 -0.90235 -0.74446 -0.95733 -0.92272 -0.69577 0.82686 0.47241 -0.9054 -0.27276 -0.42548 1.2197 -0.76762 2.0921 0.12298 -0.42571 -0.61903 0.87277 -0.079497 1.6144 -1.0965 -1.767 -0.66771 -1.434 0.8842 0.19683 -0.17219 0.48188 -0.48203 1.9679 -0.76116 1.4838 0.5386 -0.029257
0.27734 1.025 1.7783 -1.042 -0.34818 -0.19426 -0.8395 -1.5312 -1.1931 -0.29876 -1.423 0.96914 0.021355 -1.3879 -0.36108 -0.56291 1.707 -0.49714 1.9117 0.76442 -0.55569 0.60674 0.58347 0.78202 2.2338 -1.0103 -1.3392 -0.5153 -0.95195 0.33081 0.59799 -0.58192 0.71026 -0.10378 2.5345 -0.49726 1.273 -0.8832 0.43925
-0.46726 0.66507 1.3205 -0.44588 -0.21378 -0.47508 -1.1937 -1.4924 -0.31989 -0.46977 -0.40841 0.98015 -0.12302 -1.7596 -0.41288 -0.82768 1.7218 -0.15057 1.3248 1.0586 -0.32144 2.0811 0.42366 1.1073 0.83724 -0.80547 -0.29477 -0.12631 -0.28821 -0.35298 0.63144 -1.0235 0.63948 0.24524 1.7673 -0.055026 0.73836 -1.8215 0.71505
-1.8996 -0.05363 0.023203 -0.65646 -0.54339 0.1316 -0.94409 -1.8045 0.71092 -1.8337 -0.069413 1.0739 -0.077012 -1.7946 -0.60738 -0.86666 1.3026 0.1645 1.0197 1.0657 -0.43626 2.5415 0.82126 1.2821 -0.297 -0.46375 0.76184 0.18627 -0.23883 -0.96394 0.46684 -0.95681 0.41991 0.44335 0.091815 -0.013762 -0.26214 -2.276 0.69409
-1.5364 0.32113 1.3117 0.16238 -0.15497 0.20028 0.10434 -1.9623 1.5369 -0.71535 0.62693 2.0309 -0.16727 -1.2314 -0.36942 -0.82422 0.76504 0.14395 0.41857 1.1766 -6.8252e-05 2.0227 0.64036 1.1438 -0.8805 -0.14912 1.7288 0.70111 -0.10943 -0.75145 0.23982 -0.73921 0.34844 0.44389 -1.7821 0.23962 -1.1372 -1.8057 0.22099
-1.7487 0.39867 1.1304 0.052357 -0.19069 -0.09838 0.26221 -1.2052 2.3137 -0.15374 0.53389 -0.086314 -0.23396 -0.29784 -0.065442 -1.0211 0.39338 0.27436 0.3828 1.5006 0.16438 0.82296 0.44749 0.26506 -1.6042 -0.15373 1.6878 0.77529 -0.37015 -0.223 0.22933 -0.28205 -0.038741 0.82531 -2.744 -0.0173 -1.6184 -0.86733 -0.48951
-1.8013 0.22839 0.92938 -0.19008 -0.28171 0.64551 0.20682 -1.6911 1.5101 0.76367 0.26187 0.56826 -0.18687 0.56977 0.51828 -0.96011 0.77923 0.26689 0.10975 1.5031 0.26007 -0.70001 1.1103 -0.60772 -2.2369 -0.58516 1.1075 0.58945 -0.058201 0.44882 0.2882 0.22196 -0.58263 0.97457 -2.6881 0.081205 -1.085 0.752 -0.97546
-1.356 0.45801 -0.041699 0.037333 -0.071306 -0.073686 0.33707 -1.6069 1.3673 -0.36132 0.25581 -0.1779 -0.156 0.30953 0.27839 -1.5056 0.88017 0.5548 0.58286 0.84316 1.0768 -1.7022 0.5513 -1.0141 -1.4126 -1.086 0.46076 0.41123 0.67682 0.65975 0.30177 0.50711 -1.0057 1.3478 -1.5312 0.30865 -0.2687 1.7349 -0.94187
-1.3366 0.23229 -0.63345 -0.023274 0.15071 0.23657 1.1198 -1.3921 0.99991 -1.0313 0.040371 -0.99 -0.34445 0.43516 0.46891 -0.6939 1.3546 0.57126 0.76617 0.43288 1.4847 -2.2056 0.75848 -0.3372 0.56716 -1.3547 -0.1548 0.021475 1.6267 0.26251 0.31805 0.52759 -1.2513 0.9842 -0.049298 0.21946 0.47559 2.1177 -0.28065
-1.0145 0.98606 -0.2861 0.98588 -0.16649 0.30508 1.5612 -1.5358 -0.12462 0.75679 -0.8125 -1.471 -1.0498 0.58688 0.66321 0.13572 1.3305 0.71638 1.09 0.1751 2.2379 -1.5521 1.2668 -0.38183 0.56292 -1.3832 -0.27301 -0.09508 2.0549 -0.36179 0.14719 -0.33 -1.3934 -0.28257 1.0574 0.0032227 1.0245 1.5263 0.69714
-1.5548 0.46703 -0.36433 1.1931 0.9406 1.1699 0.7369 0.31636 -0.32004 0.40791 -0.45293 0.57401 -1.5464 0.15124 0.36003 1.3208 1.0408 0.81231 0.93379 -0.48099 1.6397 -0.87622 1.2103 0.031561 1.1333 -0.91953 -0.38092 -0.59588 1.1541 -1.039 -0.0037137 -0.8721 -1.0575 -0.9759 1.4807 -1.2909 0.99546 0.2895 1.4613
-1.1483 0.96882 0.63616 1.4399 0.31833 0.87532 0.43066 0.41151 -0.6981 1.2795 0.68854 1.5007 -1.4937 -0.039076 0.16669 1.4053 0.36387 0.72454 -0.19102 -1.2827 0.4312 -0.20762 0.3331 0.83879 1.4436 -0.11365 -0.29537 -0.93815 -0.40445 -1.2569 -0.47735 -1.4368 -0.38997 -1.1311 1.3157 -2.0102 1.0317 -0.7031 1.6795
-0.68339 1.0886 0.69022 1.0488 0.80765 1.7647 0.65344 0.88776 -0.0044633 1.8307 -0.63072 0.07898 -1.4103 0.065207 -0.30961 0.87142 -0.093558 0.56075 -0.40076 -0.79537 0.43624 0.14601 -1.4605 1.0326 0.71713 0.50789 0.051404 -0.89223 -1.8483 -1.1032 -0.88009 -1.307 0.287 -0.19932 1.3537 -1.7966 0.0053187 -1.5554 1.1003
-1.4392 0.5887 1.5573 1.1906 1.1532 0.48456 0.01016 -0.48535 0.34216 0.077978 0.27304 0.43956 -0.97033 0.099469 -0.61694 -0.41192 -0.43852 -0.095512 -1.2142 -0.38124 0.57798 0.62352 -1.5809 1.1692 -0.68433 0.77376 0.59455 -0.95429 -2.4646 -0.78634 -1.3099 -0.71995 0.3804 0.5048 0.91611 -0.45177 -0.65619 -1.5197 0.45783
-1.4189 0.61392 0.7523 0.59899 0.94562 -0.4453 -0.53888 -1.4236 0.1277 -0.38125 1.0839 0.85808 -0.65059 0.16968 -0.78421 -1.2967 -0.60879 -0.5072 -1.2585 -0.38411 1.1644 1.4727 -1.571 -0.10519 -1.0145 0.51648 1.3285 -0.65416 -2.2116 -0.77517 -1.4001 -0.25765 -0.28458 0.37405 0.36916 1.3021 -1.1133 -1.1906 0.14365
-0.87336 0.42256 0.50849 1.2914 0.82083 0.7508 0.86824 0.79252 -0.46932 -1.4268 0.40254 0.16066 -0.8993 0.9646 -1.2387 -2.2121 -0.84052 -1.3161 -1.256 -0.76673 1.0705 0.99969 -0.55094 0.13229 -0.82888 0.66258 1.7131 -0.16843 -0.8521 -0.63957 -0.7514 0.21116 -0.73986 -0.36151 -0.15023 1.8535 -1.1038 -0.94119 0.20071
-1.2893 -0.19401 -1.1465 0.60147 0.38033 -0.31294 0.040197 1.9873 0.80527 -0.41461 1.5446 -0.19848 -0.79035 1.9969 -1.1257 -2.4475 -1.3338 -1.5808 -0.92083 -1.1198 0.93241 0.71147 0.7357 -0.62538 -1.6707 0.80647 1.3709 0.41095 0.57535 -0.51819 0.03607 0.12056 -1.028 -1.6392 -0.70745 1.6565 -0.45372 -0.81254 0.44466
-0.58819 0.37408 -0.49281 0.53474 -0.37377 -0.21471 -0.25508 1.5868 2.1708 -0.065245 -1.0121 -0.30456 -0.99285 2.2357 -0.73842 -1.4626 -1.2653 -1.0352 -0.95772 -1.3787 -0.031632 0.69683 1.1247 -0.72832 -2.3023 0.96939 0.37248 0.98753 1.8908 0.0073513 0.99032 0.28086 -0.47743 -2.0899 -1.0571 0.45644 -0.37604 -0.30892 0.24651
0.64915 -0.8785 -1.9336 -0.13253 -0.85889 -0.19476 -0.98544 0.51472 0.67708 0.74505 0.34702 -0.77529 -0.14527 1.9739 -0.33088 -0.57506 -1.3602 -0.57587 -1.169 -1.9802 -1.5602 0.17872 1.0401 -0.55119 -1.9587 1.1211 -0.93312 0.90765 2.1636 0.57355 1.419 0.36265 0.26796 -1.4963 -1.3238 -0.72569 0.39886 0.65009 -0.11509
1.1058 -0.5622 -1.4359 -0.64086 -0.70256 -1.1072 -1.6917 -0.17476 0.60588 0.39405 -0.026836 -1.745 0.18899 1.6362 0.058232 0.45704 -0.81466 0.1294 -0.56285 -1.213 -1.8583 -0.8935 0.24789 -0.62801 -1.3278 0.92426 -1.7604 0.75961 1.7452 0.91422 1.1233 0.69443 0.91536 0.08786 -1.0692 -1.2364 0.28572 1.5686 -0.69811
1.1144 0.081465 -0.74017 -0.30707 0.12128 -1.0625 -1.4153 -0.35975 0.93231 0.35933 0.29782 -2.4028 0.17008 0.62944 0.033104 0.71811 -0.49444 0.62769 -0.38066 -0.69056 -1.1447 -1.1977 -0.33534 0.12863 -0.82448 0.62934 -1.9587 0.30952 0.93542 1.004 0.4751 0.94906 1.3337 1.4122 -0.71208 -1.0457 0.2449 2.0533 -1.0342
0.93198 -0.082194 -0.63691 -0.33332 -0.13622 -0.6688 -1.8874 -0.20259 0.33812 0.066851 -0.20684 -1.9088 0.10347 -0.23409 0.38226 1.2183 -0.0005154 0.57253 0.069562 -0.30539 -0.068145 -0.79923 -0.76008 -0.48707 0.35706 0.018046 -1.5755 -0.096977 0.14515 0.58263 -0.29397 0.66658 0.92358 1.5433 -0.35204 -0.42623 0.40268 2.203 -0.91243
0.8356 -0.094519 -0.4716 -0.32935 0.21229 -0.78936 -1.3006 -0.27508 0.019129 0.11806 -0.24384 -1.3121 0.052833 -0.58644 0.03627 0.82744 0.097248 0.13757 0.46109 0.063488 0.35919 -1.3233 -0.63139 -0.12097 1.4241 -0.1981 -0.6544 -0.019211 0.050768 0.31541 -0.54993 0.50394 0.76915 0.9457 -0.32538 0.21807 0.63334 1.8214 -0.59457
0.61465 -0.24162 -0.20942 -0.38523 0.14 -0.68768 -1.4404 -0.18842 0.12518 -0.27585 -0.29105 -1.5856 0.046595 -0.56825 -0.11275 0.67827 -0.028952 -0.20266 0.38034 0.14349 0.46588 -1.5502 -0.49021 0.30848 2.0816 -0.22593 0.12626 0.16747 0.15966 0.11502 -0.40818 0.33394 0.63173 0.29405 -0.34112 0.64608 1.176 0.87034 -0.23704
0.60243 -0.29497 -0.26695 -0.28934 -0.15599 -0.43576 -1.8323 0.35027 -0.41925 -0.36123 -0.27834 -0.51605 0.020416 -0.37391 0.24485 1.084 0.10483 -0.065092 0.49279 0.53079 0.47168 -1.4873 -0.015377 0.99718 2.0606 -0.26875 0.45687 0.53821 0.47087 0.033149 -0.18562 0.17481 0.49918 -0.082467 -0.065819 0.77451 0.85606 0.063409 -0.18261
0.37732 -0.18505 -0.14008 -0.4402 -0.27471 -0.64724 -1.4188 0.061548 -1.2642 -0.37329 0.14606 -0.19362 -0.053555 -0.11921 0.56302 1.3936 0.20842 -0.12782 0.73214 0.65076 0.45839 -1.4144 0.27766 1.2898 1.8262 -0.35498 0.41091 0.51412 0.27188 -0.049583 -0.18653 -0.028839 0.41046 -0.4956 0.14315 0.51592 0.29483 -0.75545 -0.21123
0.42292 0.0032513 0.3012 -0.29795 -0.079381 -0.47619 -1.2363 0.18473 -1.1808 -0.25172 0.70607 0.45337 -0.12631 -0.0004735 0.62057 1.3669 0.039174 -0.26394 0.63562 0.75272 0.19425 -1.5261 0.59773 1.0937 1.6762 -0.4488 0.18892 0.24041 -0.3459 -0.061592 -0.44945 -0.32633 0.14346 -0.80921 0.30777 -0.013185 -0.59745 -1.2094 -0.19884
0.53801 0.30804 1.1169 -0.12611 0.084314 0.040542 -0.79916 0.34823 -1.5916 0.28287 1.0435 0.67215 -0.23345 -0.026405 0.58017 1.0544 -0.08923 -0.46912 0.2396 0.81011 -0.38864 -1.2389 0.27809 0.85935 0.71057 -0.50009 -0.09825 0.22536 -0.83934 0.10733 -0.46532 -0.73221 -0.08827 -1.0745 0.93949 -0.10011 -1.3059 -1.6484 -0.19984
0.71044 0.52595 1.3964 -0.08915 -0.026701 0.12371 -0.53321 0.33625 -1.6195 0.26401 1.1614 0.60083 -0.35807 -0.087471 0.64669 0.59293 0.13824 -0.77726 0.056561 0.73132 -0.72395 -0.94689 -0.042021 0.052813 0.11958 -0.53919 -0.39359 0.39421 -1.0799 0.62129 -0.22613 -0.56715 -0.27952 -1.0375 1.8329 -0.0089546 -1.4244 -1.575 -0.17054
0.49173 0.24375 1.1483 -0.54049 -0.61683 -0.087723 -0.90253 0.1079 -2.2413 0.31846 0.67507 0.81493 -0.45818 -0.25477 0.93451 0.1788 0.35734 -0.78519 -0.49741 0.50997 -1.2312 0.21441 0.39017 -0.74582 -0.79897 -0.65449 -0.66584 0.30791 -0.81175 0.85451 0.27486 0.011578 -0.40055 -0.65971 2.1541 0.3117 -0.96573 -0.96768 -0.03706
0.38083 0.36421 0.73906 -0.45741 -0.94923 -0.55682 -0.67827 -0.52125 -2.2831 -0.43848 0.96686 0.2163 -0.54289 -0.5918 1.1181 -0.25582 0.96926 -0.54964 -0.17475 0.39502 -1.4592 1.4905 0.52406 -0.89323 -0.82125 -0.66617 -0.81109 -0.18607 -0.18579 0.42665 0.753 0.28936 -0.21994 -0.27067 2.0692 0.38123 0.11023 -0.44504 0.43293
0.24854 0.84299 0.81927 0.078637 -1.1449 -0.44561 -0.1915 -0.85237 -2.3497 -0.37981 0.2083 0.15897 -0.68233 -0.96505 0.87087 -0.070329 1.082 -0.041644 0.36925 0.24502 -1.3418 1.9417 0.64482 -0.55314 -0.81963 -0.5028 -0.41636 -1.252 0.015729 -0.47584 0.81841 0.30992 -0.15927 0.46143 0.97967 0.3057 0.81179 0.33755 1.1274
0.21711 1.5014 1.1116 0.38627 -0.65368 -0.86966 -0.49916 -1.2142 -0.0073141 1.2164 -0.17932 -0.71756 -0.95646 -1.1821 0.35601 0.36222 0.56766 0.33236 0.20978 0.46702 -1.213 2.4153 0.62515 0.19174 -0.7936 0.1229 0.4517 -2.2727 -0.22476 -1.6311 0.41732 -0.28433 -0.3023 1.1085 -0.38442 0.39494 0.9637 0.53349 1.7099
-0.23836 1.6121 0.89741 1.2315 -0.50315 0.48898 -0.20956 -1.2418 0.54593 0.9552 0.28677 0.082822 -0.97205 -0.70574 -0.83874 -0.10116 -0.32695 0.3838 -0.060743 0.19021 -0.43748 1.7525 0.97692 0.32976 -0.12349 0.8772 1.5368 -2.523 -0.69123 -1.9343 -0.25094 -0.65126 -0.31815 1.5592 -1.5454 0.30934 0.75429 0.46348 1.8693
-0.68507 0.91314 1.3097 0.54708 -0.26141 0.54105 -0.52476 -1.2406 -0.094883 0.61703 0.68621 -0.28338 -0.79286 0.079816 -1.9354 -0.67002 -1.3578 0.05902 -0.55569 -0.12778 0.29689 0.7995 1.181 0.58281 -0.076197 1.5667 2.2539 -1.8218 -1.0094 -1.4279 -0.70893 -0.75332 -0.29035 1.6656 -1.9417 0.34599 0.25626 0.023891 1.3427
-1.0085 0.30955 1.5195 -0.48988 -0.52433 -0.73576 0.0036559 -1.7312 0.48898 0.45747 1.2312 -0.45676 0.027337 1.1395 -2.3221 -0.8735 -1.5503 -0.39749 -0.60027 -0.037315 1.011 -0.40732 1.0117 0.75605 -0.22948 1.9709 2.1298 -0.28786 -0.91646 -0.17295 -0.84927 -0.32155 0.13028 1.387 -1.2873 0.1859 -0.0489 -0.42187 0.40449
0.10417 -0.69417 0.011622 -0.75688 -0.61519 -0.95074 -0.38634 -0.81492 -0.40985 1.2326 0.67162 0.22583 0.52308 1.9092 -2.0358 -1.1778 -1.4747 -0.66998 -1.0831 0.05283 1.3829 -0.47106 1.3289 0.50169 -0.6977 1.8705 1.3382 1.0335 -0.56167 0.95363 -0.62939 0.38991 0.48075 0.82338 -0.54659 -0.38322 -0.29917 -0.25911 -0.67753
0.74464 -0.97883 -0.042916 -1.2032 -1.0017 -1.0381 -0.6009 -0.36641 -0.36414 2.2352 0.5148 -0.44937 0.84527 2.1721 -1.286 -1.5961 -0.59083 -0.92063 -0.4697 0.35554 1.7837 -0.24202 1.2909 0.29193 -0.6885 1.4145 -0.025223 1.5997 0.070501 1.2445 -0.25991 0.75372 0.52985 -0.0043142 0.13318 -1.2977 -0.095701 -0.13258 -1.3484
1.5934 -0.69894 0.35611 -0.54569 -1.0491 -0.4936 -0.35503 0.085979 -0.17857 2.2608 1.2136 -1.0061 0.97532 1.945 -0.68014 -1.3809 -0.06665 -0.91601 0.17282 0.58433 1.5498 -0.40002 0.24483 0.24319 -0.38702 0.68284 -1.2079 1.4942 0.61882 1.1084 0.21714 0.74131 0.18668 -0.80316 0.1282 -2.141 0.019046 0.37713 -1.5381
1.5006 -0.7966 -0.39959 -0.64587 -1.2659 -0.77442 -9.3302e-06 0.19271 -0.13319 2.0384 1.198 -0.87144 0.97606 1.0727 -0.25359 -0.63844 0.057117 -0.78462 0.31546 0.69694 0.91489 -0.17129 -1.1462 0.71466 -0.66439 0.25493 -1.8909 1.2864 0.9813 0.62465 0.5615 0.063062 -0.59495 -1.3794 -0.11181 -1.8148 -0.047068 0.68203 -1.495
1.5167 -0.81825 -0.85692 -0.55432 -1.6225 -0.47746 0.23255 0.7567 -0.28659 1.9119 1.1261 -1.011 0.99441 0.30186 0.013001 -0.47736 0.25985 -0.31018 0.042461 0.24284 0.21026 -0.24503 -1.9078 0.34585 0.061129 -0.18412 -1.9337 1.4482 1.1752 0.52525 0.9998 -0.26893 -1.0211 -1.4722 -0.1563 -0.61441 -0.028595 0.79954 -1.3881
1.7122 -0.9735 -0.66214 -0.93236 -1.7547 -0.81378 0.64289 0.1442 -0.53751 0.55588 1.2 -0.28808 0.9098 -0.38097 0.57545 -0.17726 0.40554 -0.11868 -0.28441 -0.5691 -0.30361 -0.54835 -1.409 0.16582 0.48668 -0.71265 -1.9498 1.544 1.0172 0.737 1.6366 0.1735 -0.73638 -1.1887 0.20523 0.43805 -0.44837 0.76817 -1.4382
1.6452 -1.1425 -0.49307 -0.81695 -1.6221 -0.51004 0.080341 0.4534 -0.63638 0.020878 1.7001 -1.2453 0.93602 -0.77909 1.3913 0.62891 0.73408 0.71766 -0.091421 -0.67196 -0.78334 -0.53118 -0.90161 0.47924 0.67888 -1.2112 -1.9661 1.2883 0.82332 0.85219 1.7909 0.89433 -0.077168 -0.46447 0.96667 0.90599 -1.0155 -0.011384 -1.1775
1.2502 -0.59588 -0.37315 -0.41733 -1.1098 -0.93563 -0.57995 -0.18044 -0.46 0.16912 0.89765 -0.36202 0.55767 -1.8664 1.7079 0.74743 1.1884 1.9201 0.73014 -0.20452 -0.96494 0.3905 -0.73656 -0.2178 0.60351 -1.695 -1.6953 0.47981 0.21999 0.48668 1.4578 1.1064 0.57229 0.060866 1.4585 0.57245 -1.5643 -0.47355 -0.53726
0.95515 0.38554 -0.13703 0.18065 -1.3837 -0.91613 -1.1198 -0.18321 -1.0287 1.1357 1.5651 -0.27274 -0.023036 -2.464 1.658 0.62962 1.4508 2.1925 1.3687 -0.070259 -0.39019 1.2595 -0.35731 -1.4458 -0.027084 -1.7104 -0.92885 -0.66076 -0.74183 -0.33897 0.40783 0.74217 0.98348 0.42788 1.2709 0.18677 -1.1896 -1.0864 0.43062
0.46609 0.95455 0.36139 0.11875 -0.024872 -0.61659 -0.11185 -0.65663 -0.81217 0.75306 1.9846 0.049918 -0.43139 -2.5644 1.2639 0.24103 0.95044 2.011 1.2561 0.20912 -0.38281 1.5348 -0.48862 -1.9369 -0.1426 -1.385 0.35769 -1.4741 -1.2344 -1.1621 -0.79028 -0.21048 0.82083 0.46831 0.43831 -0.35891 -0.17483 -1.3033 1.3847
-1.1718 0.67559 -0.072059 0.71693 1.4137 0.90772 0.70938 -0.4467 0.85076 -0.17491 0.21233 -0.32617 -0.87451 -2.0898 0.475 -0.53366 0.22226 1.4749 1.1654 0.96629 -0.22453 1.4919 -0.63582 -0.98791 -1.1933 -0.63222 1.2292 -1.6062 -1.2493 -1.476 -1.7163 -1.0136 0.39598 0.24481 -0.39218 -0.54887 1.0642 -0.28694 1.7433
-1.0992 0.49026 0.15106 0.67824 0.72969 0.72574 -0.073214 0.10978 1.2706 -0.29224 -1.0977 -1.0967 -0.66423 -1.4198 -0.23671 -1.0262 -0.35742 0.72596 0.38805 0.81927 -0.1172 1.169 -1.3433 -0.77337 -1.5057 0.13225 1.704 -0.88779 -0.39864 -1.053 -2.1849 -1.7443 -0.18786 -0.17235 -0.85067 -0.19315 1.8079 0.98489 1.4969
-1.2322 0.47129 -0.3408 0.11845 0.68857 0.15223 -0.41347 -0.43063 0.85445 -0.29556 -0.44235 -1.0331 -0.4847 -0.84898 -0.35477 -1.1205 -0.63855 -0.53862 -0.29632 0.37527 -0.038488 0.6409 -1.0714 0.087928 0.056781 0.51089 1.4538 0.12077 0.76494 -0.21581 -1.3975 -1.4199 -0.43951 -0.32242 -0.89735 0.38178 1.5311 1.9567 0.68397
-0.96808 0.4187 -1.2692 -0.12551 0.54358 0.11066 1.0011 -0.73092 0.76965 0.10046 1.2652 -1.9226 -0.20745 -0.15112 0.15038 -0.22681 -0.57657 -1.2771 -1.6182 0.16762 -0.82391 0.2224 -0.67187 1.1067 1.2558 0.60182 0.91573 0.76255 1.4925 0.32134 -0.31174 -0.3466 -0.012124 -0.37018 -0.68957 0.83045 0.81316 1.783 -0.10979
-0.91986 0.35882 -1.0959 -0.14079 0.11261 -0.41598 0.26451 -0.38306 0.40419 -1.2521 0.69999 -1.8124 -0.062969 -0.13654 0.48625 0.5246 -0.070118 -0.27038 -0.76806 0.4863 -0.51878 0.13197 -0.1759 1.1079 1.4521 0.30047 0.30672 0.69631 1.7341 0.57863 0.65022 0.43608 0.3322 -0.44232 -0.48428 0.46704 -0.44878 1.0423 -0.48577
-1.449 0.51043 -0.81589 -0.26877 -0.25258 -0.092522 0.6339 -0.5045 1.0116 -0.94937 1.0564 1.4294 -0.19702 -0.14764 0.6505 0.9969 -0.045555 -0.020219 -0.10036 0.75412 -0.61998 0.014605 -0.061547 0.33742 1.4649 0.046837 -0.12378 0.2284 1.1356 0.61357 0.74113 0.71047 0.24269 -0.095591 -0.41842 0.31597 -1.2947 0.007038 -0.51882
-1.3429 0.99218 0.36608 0.32725 -0.52639 -1.4252 0.37741 -1.7188 1.6375 -0.86525 0.64692 0.82122 -0.2336 -0.30789 0.58905 1.5741 0.17007 0.11223 -0.1663 0.71382 -1.0273 -0.24479 -0.40342 -0.39402 2.0939 -0.045536 -0.13852 -0.43833 -0.061614 0.11885 0.31028 -0.090187 -0.21194 0.11609 -0.64804 0.20736 -1.0227 -0.99496 -0.27806
-1.136 1.0511 0.64709 0.45841 1.2399 0.38795 0.56549 -0.15882 0.93844 0.036038 0.49954 -0.476 -0.29 -0.29 0.48875 1.4134 0.44237 -0.010395 -0.46457 0.51891 -0.76452 -0.44429 0.10056 -0.67639 0.94308 -0.11564 -0.25604 -1.0578 -0.99501 -0.27253 0.30936 -0.13499 -0.68544 0.71349 -0.45986 0.64229 -0.17633 -1.4011 -0.14104
-1.2725 1.0932 0.0036831 -0.50774 0.42426 0.11164 1.4527 -1.6223 0.35032 -0.54191 0.77651 0.12515 -0.28878 -0.3162 -0.1889 0.19792 -0.094244 0.33564 -0.78172 0.22202 -0.21892 -0.96265 0.17566 -0.38296 -0.3438 -0.096831 -0.14167 -1.0938 -1.4223 -0.48663 -0.13509 0.080209 -0.70759 0.91276 0.34476 1.1162 0.58475 -1.4642 -0.11123
-1.4528 0.88529 0.83056 0.21268 0.11749 -0.71833 1.7595 -2.095 0.29461 -1.5827 0.60654 1.7109 -0.10984 -0.6038 -0.78119 -0.21365 -0.42073 0.47721 -0.080765 -0.26395 0.39572 -0.56619 0.98678 0.002321 -0.21002 -0.17161 0.091332 -0.7696 -1.091 0.0071146 -0.16085 0.78505 -0.34572 1.214 1.1141 0.94159 0.80814 -0.95402 -0.13264
-1.5203 1.0187 0.9104 0.67893 -0.44243 -1.3933 0.26864 -0.90117 0.34919 -0.75619 -0.40945 0.16257 -0.31407 -0.40743 -0.65841 -0.32603 -0.30351 -0.39631 -0.20275 -0.19997 0.21015 0.51986 1.4777 0.43718 -0.35356 -0.21064 0.51282 -0.060323 -0.44223 0.67643 -0.2836 1.4955 0.41372 1.1585 1.0655 0.74063 0.65178 -0.89872 -0.21459
-1.8573 0.18793 -0.80697 -0.59633 0.83776 -1.2281 0.78963 -0.85288 0.014309 -0.14262 0.95414 0.43155 -0.38061 -0.085497 -0.60181 -0.40638 0.55924 0.040185 0.8542 0.098821 1.4398 1.0896 1.4104 0.52442 -1.0245 -0.28846 1.3546 -0.10457 -0.52534 0.51385 -0.64845 1.1607 0.6245 0.72337 0.056975 -0.13828 0.41906 -0.52218 0.17472
-1.9899 0.093032 0.60263 -0.17132 1.1152 -0.0012659 0.069825 -0.70865 1.0312 1.3755 0.75003 -0.22995 -0.47789 0.33486 -0.385 -0.5501 0.67161 -0.0025764 1.8235 0.82431 1.5672 0.38535 1.5064 0.65866 -1.7951 -0.40835 2.0499 -0.51532 -0.64047 0.048085 -1.1718 0.25637 -0.024913 0.34687 -0.90228 -1.0178 0.11884 0.0085099 0.8915
-1.3385 0.68705 0.12727 -0.075763 -0.30393 0.24699 1.394 -0.76744 1.6781 1.3632 1.2945 -0.54078 -0.45776 1.4357 -1.1003 -1.1045 0.04547 -0.99375 1.2886 0.40024 1.1568 -0.38302 0.68562 0.73556 -0.57177 0.2234 2.2902 -0.82552 -0.84388 -0.82351 -1.7182 -1.3738 -0.67354 -0.29825 -1.2998 -1.5799 -0.052392 0.93739 1.5849
-1.3604 0.37956 -0.25983 1.0563 0.30617 0.6204 1.9817 0.31677 1.5194 -0.27302 1.0015 -0.34651 -0.52779 2.482 -1.2975 -1.1994 0.041739 -2.1824 0.098586 -0.38415 1.0398 -0.58717 -0.27735 0.58383 -0.56872 1.056 1.6039 -0.89222 -0.57102 -1.1305 -1.0389 -2.3151 -1.3014 -0.32693 -0.74073 -1.6785 -0.19273 1.2728 1.8516
-1.0554 0.4077 0.1628 1.0931 0.024798 0.90025 2.1787 0.20912 -0.22768 0.7392 0.89493 -1.3091 -0.68517 2.9194 -1.567 -1.6921 -0.65689 -2.2472 -1.1249 -0.53874 1.1041 -1.0795 -0.98519 0.47656 0.28786 1.6883 0.31618 -0.16563 0.0026208 -1.0029 0.13508 -2.0259 -1.1794 -0.26552 0.18949 -1.0975 -0.39777 0.54461 1.3147
0.62571 -1.3367 -1.7484 -0.76148 -1.7923 -0.58007 -0.4343 0.36804 -0.48322 0.6206 1.0447 0.18652 0.31061 2.4481 -1.6877 -1.3463 -1.0788 -1.4176 -1.7515 -1.1177 0.93695 -0.7798 -1.1508 0.42627 0.39189 2.0244 -0.95517 0.51634 0.39328 -0.53567 1.4045 -1.1743 -0.62565 -0.39726 1.3499 -0.60621 -0.85204 0.31326 0.36299
1.2988 -1.2584 -1.7504 -0.50464 -2.1182 -0.87527 0.055518 0.18748 0.39154 -0.046758 2.0815 -0.75911 1.0882 2.0124 -1.1926 -1.027 -1.2587 -1.1097 -1.972 -1.4173 0.67423 0.099862 -1.161 0.048305 0.06398 1.9858 -1.8154 1.3957 1.014 0.55569 2.2245 -0.027312 0.0718 -0.56481 2.1336 0.057881 -1.3067 -0.40633 -0.78899
1.4636 -1.0489 -1.182 -0.5422 -1.9034 -0.98623 0.62991 0.85063 0.23586 -0.090378 1.1839 0.32508 1.2802 1.229 -0.60007 -0.78285 -0.65361 0.011168 -1.9083 -1.0975 0.4578 1.5798 -1.4502 -0.86346 0.18248 1.5255 -1.8201 1.6206 0.73127 0.9825 2.1444 0.57818 0.33179 -0.74312 1.6403 0.82023 -1.554 -0.48062 -1.5878
0.91997 -1.0485 -1.4272 -0.55578 -1.2133 -1.4104 0.63351 0.76056 0.64778 -0.95377 1.6483 -0.3714 1.425 0.28902 0.28499 -0.040908 0.16204 1.4131 -1.1127 -0.40214 0.21231 2.0982 -0.714 -1.4362 -0.45118 0.58501 -1.3604 1.1814 0.22528 0.92362 1.5291 0.77562 0.092829 -1.1156 0.64164 1.4015 -0.97113 -0.60918 -1.7102
1.0932 -1.0364 -1.5257 -0.34374 -1.2488 -1.442 -0.34976 1.1364 0.89792 -1.386 0.55702 -0.88973 1.3512 0.061388 0.35586 -0.4456 0.035379 1.5381 -0.99928 -0.99418 -0.31935 1.5708 0.33395 -1.8764 -0.34739 0.0054121 -0.4661 0.58972 -0.013152 0.37617 0.23467 0.64975 -0.25255 -1.2939 -0.59606 1.6296 -0.087456 -0.52486 -1.2738
1.2338 -1.0135 -1.7182 -0.42472 -0.583 -1.9641 -0.39674 0.41859 2.1333 -0.70924 -0.38124 -0.34978 1.281 0.16735 0.35699 -0.76693 0.1119 1.1341 -0.83772 -1.283 -1.1679 1.4144 0.86502 -1.3414 -0.93288 -0.18314 0.10266 0.019123 -0.16455 -0.066044 -0.99798 0.29155 -0.28541 -1.1351 -1.4078 0.77962 0.76106 -0.060606 -0.55939
1.3772 -0.95264 -1.7234 -0.5605 0.11588 -1.8124 -0.65313 0.53757 2.6109 -0.041984 -0.012247 -0.60954 1.2208 0.45505 0.37464 -0.44587 0.069406 0.6129 -0.71639 -1.1146 -1.4387 0.70373 1.1532 -1.0653 -0.66468 -0.2727 0.076006 -0.13546 0.36504 0.094391 -1.5136 0.38665 0.30488 -0.37511 -1.8617 -0.46757 1.4418 0.39511 -0.10079
1.3788 -0.64641 -2.2097 -0.46057 -0.2487 -2.0352 -0.85236 -0.14053 1.661 0.5131 -0.24528 -0.85854 1.1845 0.27127 0.30571 -0.35556 0.021335 -0.085672 -0.66309 -0.8607 -1.4976 -0.34421 0.5001 -0.32372 -0.42377 -0.23581 -0.17721 -0.26489 0.9121 0.22523 -1.544 0.55427 0.78085 0.37293 -2.0282 -1.1649 1.7534 1.1654 0.12346
1.4032 -0.6549 -2.1859 -0.30993 -0.46707 -2.0354 -0.99966 -0.70691 2.0029 0.27717 -0.079209 -1.3593 1.15 0.141 0.14597 0.04399 0.25506 -0.82704 -0.29952 -0.62443 -0.90726 -1.3529 -0.45577 0.47466 0.20601 -0.14349 -0.43843 -0.35871 1.3342 0.19438 -1.1785 0.87316 0.77519 0.71222 -1.4414 -1.137 2.0383 0.97105 0.22623
1.5836 -0.70119 -1.7411 -0.42502 -0.46189 -2.3504 -1.1442 -0.72672 1.562 -0.068897 -0.12802 -1.2546 1.0945 0.0045632 0.013366 0.72679 0.43656 -1.1807 0.086423 -0.060495 -0.69344 -1.7002 -0.75403 1.3627 1.0271 -0.039293 -0.56215 -0.17807 1.7 -0.21006 -0.56877 1.18 0.52897 0.62799 -0.61273 -0.15659 1.5602 0.31291 0.19081
1.4004 -0.75243 -2.0846 -0.37864 -1.2928 -2.3684 -1.5586 -0.70639 0.73349 -0.89533 -0.2401 -0.9085 1.0693 -0.19703 -0.098377 1.5566 0.22197 -1.1558 0.6987 -0.057614 -0.42341 -1.5627 -0.58538 2.1271 0.60477 0.013333 -0.74695 0.20047 1.6858 -0.95509 0.15253 1.2198 0.18914 0.024286 0.30022 0.69449 0.77457 -0.48246 0.054298
1.4372 -0.84461 -1.5236 -0.057558 -1.3664 -2.0578 -1.0157 -0.39017 0.51252 -0.93796 0.70074 0.40089 1.15 -0.5657 0.11912 2.1295 -0.35338 -1.0387 1.2601 -0.14574 -0.4903 -1.4912 0.24 1.9432 0.015381 0.0094601 -0.83577 0.63187 1.3663 -1.4813 0.75651 0.95458 -0.028448 -0.37625 0.86971 0.78633 -0.087505 -0.97264 -0.12414
1.3519 -0.759 -0.67198 0.044863 -1.4379 -1.5245 -0.47786 -0.69947 0.1514 -0.30431 2.1816 0.50347 1.1981 -0.90926 0.43486 2.5568 -1.1255 -0.59728 1.618 -0.2165 -0.96446 -0.84463 0.49374 1.7291 -0.28877 -0.077744 -0.76402 0.90756 0.65805 -1.4596 0.99598 0.28453 -0.0094444 -0.51704 0.85666 0.17916 -0.89556 -0.63134 -0.28489
1.0692 -0.71516 -0.0079244 -0.3833 -1.8191 -1.1515 -1.3569 -1.1177 -0.10906 -0.074473 2.293 -1.4153 1.157 -1.133 0.8299 2.8315 -1.643 0.028307 1.5845 -0.021099 -1.1779 -0.28336 0.34409 1.4072 -0.53695 -0.20894 -0.39428 0.78614 -0.12424 -0.80733 1.0733 -0.4998 0.036509 -0.044873 0.601 -0.70283 -1.3266 0.2808 -0.37683
0.62844 -0.41097 0.67348 -1.1549 -1.7747 -0.73064 -1.5194 -1.4432 0.1097 0.55939 1.4483 -1.6944 1.0814 -1.2792 1.1032 2.4597 -1.8462 0.26983 1.1131 -0.12458 -1.1156 -0.41741 -0.26351 0.64792 -0.42652 -0.36769 0.10969 0.44699 -0.91246 0.35389 0.93191 -1.097 0.10092 0.62585 0.18071 -0.88823 -1.4985 1.1866 -0.41006
0.39631 -0.13221 1.2972 -1.9676 -1.2763 -0.68098 -1.5085 -1.9416 0.36672 -0.31596 1.7298 -0.72042 0.94159 -1.0875 1.1332 1.9402 -1.494 0.63884 0.47248 -0.11074 -0.50838 -0.47777 -0.84323 -0.11289 0.65662 -0.4931 0.62517 0.073132 -1.4241 1.3185 0.55442 -1.0295 -0.068708 0.77307 -0.44448 -0.24273 -1.3588 1.3948 -0.54815
0.060892 0.2563 1.545 -1.8744 -1.1466 -0.55114 -0.91903 -1.8022 0.22676 -0.90289 2.1795 -0.53234 0.86615 -0.74044 1.0486 1.2613 -0.54344 0.93062 -0.097081 0.029275 -0.054248 -0.37879 -0.76035 -0.44643 1.5535 -0.64004 0.67404 -0.20766 -1.3342 1.9905 0.11089 -0.59696 -0.21101 0.61728 -0.43385 0.65632 -1.4586 0.54944 -0.69809
-0.046299 0.40951 1.7418 -1.8118 -1.1146 -0.75679 -0.92736 -1.633 -0.60085 -1.0446 2.2105 -0.017763 0.77347 -0.29193 0.98011 0.71367 0.15443 0.78887 0.05772 -0.21308 -0.1698 -1.211 0.088309 -0.70585 1.3412 -1.0134 0.15858 -0.49569 -1.2552 2.0062 -0.26346 0.115 0.072136 0.10317 0.19754 1.3031 -1.4378 -0.52035 -0.70272
0.10181 0.45197 1.9595 -1.644 -0.67561 -0.95443 -1.1912 -1.2673 -0.59341 -0.97873 1.7699 0.52769 0.62791 -0.47937 0.8201 0.52744 1.0269 0.41371 0.08018 -0.45356 -0.057026 -0.93741 0.63779 -1.9126 0.35722 -1.3047 -0.66933 -0.7575 -1.1223 1.8247 -0.14996 0.91934 1.0185 0.024398 1.3292 1.2974 -0.74284 -1.2208 -0.44346
0.082621 0.54934 1.6506 -1.1525 -0.52052 -1.163 -1.6983 -1.4552 -0.13973 -0.44004 1.0188 0.051361 0.35065 -0.93926 0.3929 -0.087735 1.4473 0.38017 0.611 0.27801 -0.30519 0.20455 1.171 -2.1959 0.17605 -1.3659 -1.2399 -0.89823 -1.3139 1.2171 0.23624 1.2648 1.9788 0.029564 2.1121 0.89736 0.36644 -1.0023 0.067999
0.24054 0.95806 1.8148 -1.4693 -0.66321 -0.16752 -1.7468 -2.2956 -1.8811 0.82305 0.63289 0.18457 -0.28875 -1.6138 0.037684 -0.47947 2.1995 0.84099 1.5113 1.694 0.058039 1.6279 1.3997 -1.1476 -0.38613 -1.2253 -0.92707 -0.71036 -1.2093 0.36203 0.63329 0.90487 2.1356 0.17841 1.5594 0.32179 1.8421 -0.0671 0.5631
-0.72668 0.93417 2.2721 -0.46511 -0.85216 -0.65143 -1.656 -1.7949 -0.39848 -0.35379 -0.71606 -0.49203 -0.52069 -1.9387 -0.17505 -1.2897 1.8286 1.0406 1.9393 2.4124 -0.17243 1.8198 1.5761 -0.34808 -0.35915 -0.93954 -0.043364 -0.30712 -0.74306 -0.34702 0.72812 -0.17455 1.1885 0.38758 0.55023 -0.29663 2.2899 0.43275 0.94749
-1.4167 0.49688 1.0733 -0.025416 -0.45524 0.27187 0.35224 -1.9738 0.94683 0.4747 0.060579 0.25614 -0.44981 -1.6361 -0.11943 -1.1788 1.5079 1.3295 1.2712 2.4705 0.22857 1.4395 1.106 0.81244 0.48019 -0.55723 1.1288 0.10716 -0.29807 -1.2419 0.27213 -1.1364 -0.50241 0.12359 -0.60391 -0.64764 1.6684 0.72306 1.0303
-2.0055 0.32706 1.1371 1.1392 0.73649 1.1165 1.6429 -0.94026 1.9286 0.87864 1.6062 -0.45035 -0.44644 -1.0093 -0.059078 -1.1562 1.1473 1.5684 0.36138 2.1167 0.37898 1.4221 0.70149 1.3556 0.6284 -0.08159 1.7123 0.36071 0.44144 -1.4274 -0.54703 -1.7953 -1.88 -0.13711 -1.2165 -1.2356 0.20594 0.1375 0.81637
-1.8483 0.42043 -0.13931 -0.11103 0.74495 1.0516 1.0237 -2.073 0.96561 1.5512 0.869 0.098878 -0.49625 -0.070279 0.16111 -1.1157 0.23163 1.113 -0.051988 0.91883 0.02489 0.59279 0.49004 1.3071 0.6039 0.10574 1.4803 0.31435 0.78076 -1.2524 -1.5452 -1.5226 -2.287 -0.51816 -1.5115 -1.6755 -1.3045 -0.41189 0.4348
-1.3846 0.88367 0.87599 0.32938 0.9767 -0.15864 0.62067 -1.4369 0.25398 0.96542 1.7417 1.0761 -0.54996 0.32678 0.30182 -0.48031 -0.18641 0.074161 -1.1094 -0.30104 -0.34835 -0.24189 -0.68657 -0.17151 -0.14396 0.12296 0.71445 -0.076815 1.0328 -0.45728 -1.7829 -0.66009 -1.6764 -0.23638 -1.2562 -1.8139 -1.6759 -0.76141 0.13147
-1.2028 0.90685 0.7416 0.25469 1.2101 -0.073326 1.0245 -1.747 0.70753 1.0334 1.4813 0.47695 -0.40323 0.3307 0.2376 -0.028634 -0.1531 -0.96057 -1.1416 -0.56803 -0.44603 -0.81624 -1.6863 -0.97723 0.011171 0.081635 -0.24756 -0.5515 0.56999 0.17594 -1.0601 0.37728 -0.50788 0.33111 -0.29492 -0.99309 -1.2227 -1.0603 -0.034342
-1.2139 0.78853 0.25709 0.073041 0.44529 -0.096798 0.20047 -1.7387 1.5754 0.24759 0.9497 0.087114 -0.32615 0.059803 -0.23207 0.26919 0.48909 -0.89942 -0.46425 -0.24986 0.13856 -0.43955 -1.9849 -0.78756 -0.65076 0.15262 -0.4837 -0.56516 -0.077977 0.41347 0.057334 1.2955 0.57634 0.95219 0.3064 0.62694 0.30432 -0.78257 -0.21208
-1.4989 0.61096 0.37628 0.21024 -0.221 -0.64825 0.6818 -2.2592 0.73921 -0.41031 -0.047658 -0.52641 -0.3386 -0.38199 -0.52244 -0.40428 0.2198 -0.48361 0.39318 -0.03994 0.43818 0.08879 -0.9268 -0.77694 -1.3342 0.029365 0.026411 -0.263 -0.061903 0.38718 1.0097 1.4818 0.95117 1.559 0.082536 1.8719 1.2398 -0.71208 -0.35463
-1.6268 0.69209 0.95729 0.72164 -0.5307 0.0642 0.81098 -1.6211 -0.11852 -1.1607 0.50482 0.31603 -0.47887 -0.183 -0.29214 -0.44215 0.39439 -0.050717 0.7835 0.52152 1.1059 -0.069056 0.2396 0.34616 -1.0904 -0.21655 1.138 -0.28048 -0.33438 -0.29018 0.91268 0.64812 0.35727 1.8422 -0.36086 1.9646 1.1576 0.046147 -0.03711
-1.4643 0.20365 0.51076 0.59495 0.27357 0.21311 0.48821 -1.5089 0.2515 -0.76608 0.61156 -0.39729 -0.28886 0.49527 -0.18708 0.20803 0.61264 0.60127 1.2789 0.83116 2.1777 -0.83338 1.0987 0.91761 -1.2429 -0.34333 2.0694 -0.77289 -0.79343 -0.65863 0.073808 -0.53021 -0.21302 1.8341 -0.39603 0.84956 0.42606 0.42055 0.82146
-1.8371 0.38293 -0.034062 0.31843 0.89065 0.33961 0.69848 -0.76155 1.3008 0.64967 0.89971 -1.156 -0.52306 1.6458 -0.88451 -0.67564 -0.24748 0.35349 0.41894 -0.0068982 2.9414 -0.71597 1.0925 0.66477 -0.60766 0.27269 2.0473 -1.2916 -1.3977 -0.97685 -0.73345 -1.2092 -0.64413 1.2909 -0.062759 -0.70804 -0.8919 0.55853 1.609
-1.1633 0.75434 -0.019121 0.73247 0.66791 0.83098 1.8755 -0.43201 0.89372 1.3586 2.0033 -0.9761 -0.68337 2.3885 -1.5572 -1.8017 -0.68399 -0.53972 -0.52727 -0.15962 3.1768 -0.39711 0.41601 -0.078476 -0.71519 1.1875 1.3438 -1.4089 -1.569 -0.8202 -0.82469 -1.269 -0.58289 0.31885 0.39805 -1.9358 -1.7375 0.68101 1.8927
-0.36814 0.43941 1.3053 1.0508 0.73728 1.2461 1.2195 1.1295 -0.79493 0.75115 1.3186 -1.6738 -0.70688 2.5159 -1.8295 -2.1039 -0.77326 -0.92142 -0.81573 -0.1701 3.1787 -0.41584 -0.89172 -0.89578 -0.20951 1.7681 0.043927 -0.8298 -0.99294 -0.15314 0.058977 -0.56096 -0.10261 -0.90179 0.6667 -2.1065 -2.0415 0.56297 1.3313
0.87451 -1.1023 -1.079 -0.52629 -0.38617 -0.85047 -0.058874 1.4572 -0.56704 -0.11997 0.30079 -0.25588 0.43953 2.4517 -2.1386 -2.0713 -0.64938 -0.38188 -0.72924 -0.16016 2.6913 -0.17091 -1.9372 -1.7088 -0.044805 2.1446 -1.1122 0.042926 -0.29133 0.36338 1.0971 0.39139 0.37613 -2.1684 1.0305 -1.2863 -1.4607 0.59753 0.29485
1.1304 -1.4483 -2.1919 -0.090086 -1.1993 -0.5299 0.67117 2.1539 0.26464 -0.77866 0.41931 -1.0751 1.2545 1.6886 -2.0226 -2.4356 -0.55029 0.39141 -0.64619 -0.18484 1.3802 0.53219 -2.1142 -2.5259 0.21104 2.0692 -1.8743 0.97574 0.6434 0.87469 1.5389 1.2927 0.56939 -2.8178 0.72615 -0.031431 -0.63564 0.20535 -0.84224
0.94044 -1.4725 -2.094 -0.20079 0.01633 -0.19422 0.79805 2.3042 0.52802 -1.2319 -0.31192 -1.1239 1.3651 0.8157 -1.3896 -2.1925 -0.12128 0.96176 0.18481 0.56139 -0.25589 1.2331 -1.649 -2.1245 0.29964 1.5386 -1.9651 1.468 1.4407 0.85045 1.1063 1.4596 0.26689 -2.6313 -0.070382 0.86947 0.17962 0.29204 -1.5661
1.1941 -1.6138 -1.8132 0.07271 1.1593 0.23145 1.2675 2.4789 0.81412 -1.2288 -0.71778 -1.3519 1.3552 -0.010995 -0.52987 -0.81715 0.5869 1.4334 1.3819 0.54278 -0.9757 0.36483 -1.1002 -1.9228 0.035137 0.62728 -1.3963 1.3194 1.8089 0.57669 0.055029 1.0294 -0.26646 -1.6056 -0.85847 1.0492 0.94489 0.36621 -1.5063
1.1721 -1.6409 -2.6943 0.2194 1.1476 0.062385 1.1733 1.1544 0.58253 -1.4395 -1.5533 -0.47167 1.394 -0.20528 -0.36487 -0.1336 0.36119 1.2732 1.2553 -0.013834 -1.3865 -0.23144 -0.63348 -1.6383 0.63869 0.18322 -0.7801 0.89472 1.4555 0.091596 -0.79665 0.16145 -0.94526 -0.16498 -1.1987 0.93413 1.2493 0.50682 -0.90815
1.0559 -1.8162 -2.3265 0.27213 1.0824 0.73185 1.4026 0.7 0.88123 -1.7268 -1.3705 -0.82633 1.4193 -0.29376 -0.27037 -0.015919 0.27899 0.34476 0.93055 -0.38067 -1.2631 -0.4894 -0.43719 -0.88857 0.78991 0.16685 -0.27175 0.49103 0.82324 -0.22753 -1.045 -0.50367 -0.66952 0.94305 -0.58649 0.76103 1.6686 0.31338 -0.24901
0.82843 -1.8169 -2.486 0.23391 0.91029 0.83891 0.49215 0.83864 -0.22771 -1.7692 -1.9871 -0.57013 1.4593 -0.43741 0.015474 0.18191 0.20188 -0.059398 0.73339 -0.72486 -0.44559 -0.7885 -0.035203 -0.16119 0.96042 0.21223 -0.043456 0.45003 0.4511 -0.10855 -0.77776 -0.71285 -0.12138 1.3103 -0.24528 0.52059 1.6008 -0.32791 -0.036618
0.84197 -1.8498 -2.0221 0.25905 1.0715 0.99072 0.80943 0.92631 0.23931 -1.6208 -1.564 -0.31299 1.5023 -0.38326 0.12106 0.59425 0.24283 0.046015 0.59481 -0.336 0.43189 -0.55501 0.18564 0.64543 0.51377 0.18395 0.20526 0.31069 0.29686 -0.05342 -0.31405 -0.71015 0.46861 1.027 0.082762 0.2463 1.4279 -0.96121 -0.14185
0.70269 -1.7733 -2.0399 0.21666 0.9463 0.80172 0.5293 0.89525 0.1228 -1.8131 -1.3998 -0.16717 1.5475 -0.24191 0.21006 0.42073 0.17661 -0.10576 -0.056057 -0.24934 0.37702 -0.70008 0.13966 0.76797 0.094632 0.10924 0.38424 0.13137 0.040317 -0.18327 -0.3682 -0.79724 0.63074 0.30335 0.10819 -0.20033 1.0557 -1.6238 -0.28297
0.70247 -1.4812 -1.9516 0.47635 1.1976 1.0397 0.36101 1.6716 -0.36367 -1.1199 -1.0765 0.24013 1.6099 -0.029543 0.16353 0.4299 0.19139 -0.24866 -0.14834 0.26749 0.37131 -0.36503 -0.010974 1.4793 -0.76448 -0.027141 0.4307 0.11926 -0.10523 -0.42654 -0.7146 -0.71792 0.45169 -0.18224 0.0050051 -0.2313 0.79021 -1.6352 -0.41538
0.68267 -1.6426 -1.8285 0.56561 1.1919 0.99442 1.1491 1.3484 0.096795 -1.4686 -0.62947 -0.2666 1.5708 0.066741 0.21727 0.34003 -0.1139 -0.63513 -0.54817 0.16134 0.18604 -0.66298 -0.35285 1.5207 -1.7533 -0.16917 0.51467 0.16958 0.0080323 -0.72644 -1.0241 -0.65274 0.2143 -0.44221 -0.19721 0.14355 0.45035 -0.83433 -0.62251
0.71679 -1.6479 -1.8879 0.32716 0.65077 0.50361 0.59231 0.86197 -0.64324 -1.8303 -0.87388 -1.0221 1.5065 0.22624 0.31966 0.43296 -0.4054 -1.0935 -0.64878 0.31305 0.15957 -0.5638 -0.048522 1.8446 -1.9385 -0.39033 0.4743 0.62653 0.077423 -0.77192 -1.0173 -0.66053 -0.52698 -0.7084 -0.56141 0.954 -0.23731 0.49839 -0.92925
0.86276 -1.6772 -1.7263 0.44936 0.59167 0.81634 1.0082 1.4692 -0.42318 -1.7981 0.3035 -1.6348 1.3983 0.54371 0.42068 0.43358 -0.8757 -1.6961 -1.1611 0.14005 -0.40378 -1.004 0.45822 1.491 -1.0441 -0.77704 -0.25313 1.2264 0.63521 -0.38811 -0.38375 -0.43975 -0.66209 -0.8518 0.053069 1.6416 -0.66336 1.7159 -1.2634
0.86829 -1.4371 -1.5213 -0.059367 0.12011 0.1191 0.76513 1.1796 -0.73328 -2.1685 0.32438 -2.5118 1.3276 0.57353 1.1358 0.52985 -0.86292 -1.7175 -1.2132 -0.69064 -0.75173 -1.3417 1.5701 1.0444 -0.098249 -1.3159 -1.3633 1.515 0.88806 0.04328 0.72462 -0.1923 -0.53186 -1.0357 0.71398 1.4429 -0.75198 2.3307 -1.2207
0.99062 -1.173 -1.4347 -0.16399 -0.51684 0.24363 0.98174 1.4958 -0.67512 -1.137 1.1039 -1.8543 1.0825 -0.56203 1.914 1.5021 -0.60723 -1.0768 -1.1822 -0.55728 -1.0625 -0.16612 2.2557 0.63127 0.85662 -1.8707 -2.1846 1.3711 1.0322 0.80758 1.8694 0.41945 0.062828 -0.77444 1.4509 0.28734 -0.67491 1.9065 -0.73891
1.5435 -1.052 -1.4089 -0.59412 -1.1978 -0.53348 0.72177 0.64692 -1.9781 -0.29247 0.39969 -0.34878 0.58128 -1.6549 2.1738 1.5915 -0.4602 0.022467 -1.0445 -0.31614 -1.5823 0.4751 2.057 0.81025 1.908 -1.9349 -2.241 0.51353 0.68365 1.1004 2.363 0.99505 0.59381 -0.56324 1.7344 -0.9658 -0.52537 0.65825 0.076701
1.2457 -0.019819 -1.1156 -0.27674 -0.96481 -0.42381 -0.38913 -0.037651 -1.8107 0.56618 0.37986 -0.84679 -0.10055 -2.2401 2.2552 1.8705 0.42245 1.1104 -0.39081 0.082787 -1.5382 1.0505 0.81385 0.29579 1.8756 -1.7346 -1.1968 -0.52942 -0.15018 1.0003 1.8976 1.4743 0.4669 0.0062597 1.4902 -1.6837 -0.038046 -0.71884 0.93272
-0.89003 0.80388 0.83692 -0.17723 -0.21696 -0.69394 0.36133 -0.1016 0.32967 0.69418 0.33702 -0.51505 -0.64762 -2.5861 1.845 1.6486 0.66584 1.8358 0.43219 0.10849 -1.6421 1.592 0.2819 0.19464 0.74253 -1.2555 0.19448 -1.417 -0.70368 0.56228 0.8379 1.3799 0.20634 0.87488 0.65783 -1.5286 -0.045633 -1.1369 1.3263
-1.374 0.6292 -0.047939 -0.31696 1.0468 -0.39999 1.0705 -0.35708 0.25113 0.032667 2.1864 0.60723 -0.40932 -2.2337 1.1659 1.1862 0.6873 1.7485 1.1083 0.11315 -1.0242 2.3186 -0.36009 0.88208 -0.048443 -0.61733 1.5037 -1.9805 -1.7755 -0.27567 -0.37524 0.93297 0.11249 1.6545 -0.41539 -0.58448 -0.1793 -1.1326 1.2144
-1.2447 1.0842 0.74778 0.72748 1.2326 -0.14077 1.0111 -0.43855 0.11513 -1.5916 0.22982 -0.25478 -0.42287 -1.3154 0.28054 0.59057 0.45111 1.3517 1.0404 0.066018 -0.097321 1.1842 -0.53658 0.44515 0.52066 -0.22694 2.1076 -1.6625 -1.7858 -0.39097 -1.2968 0.13106 0.11933 2.1397 -1.0469 0.30436 -0.76473 -0.5924 0.5802
-1.4735 0.7388 0.2484 0.26271 1.2752 0.79067 0.54197 -0.98586 0.63545 0.4708 1.0159 -0.88221 -0.42884 -0.19893 -0.36893 -0.98768 0.016645 0.61551 1.2182 0.32652 0.98739 0.40556 0.007572 -0.16489 -0.35396 -0.17393 1.7465 -0.95216 -1.2061 -0.072071 -1.2452 -0.45735 0.11757 1.8734 -1.2773 1.2603 -0.96099 -0.024116 -0.14745
-1.0131 0.59471 0.21798 0.080509 0.71568 0.57015 0.134 -0.67734 1.41 -0.25681 1.8071 -0.51429 -0.39823 0.14956 -0.24747 -0.67137 0.27377 -0.1466 0.63746 0.23705 1.6186 0.40989 0.73257 -0.77121 -0.33192 -0.4873 1.059 0.085697 -0.031383 0.79272 -0.74366 -0.69266 0.11264 1.3837 -0.73858 1.0813 -0.85889 0.065049 -0.57105
-1.2803 0.62601 0.45505 0.23745 1.3518 0.30564 0.087844 0.35173 -0.13795 -0.10789 0.69925 0.71366 -0.67403 0.1432 -0.20918 -0.48407 0.64108 0.050312 0.35719 0.2596 1.8528 0.096336 1.6295 -0.3859 0.32181 -0.74222 0.42191 0.69506 1.1296 1.1589 -0.24553 -0.59046 -0.15336 0.38509 -0.28638 0.26301 -0.63918 0.53108 -0.55856
-1.4261 0.26276 -1.3764 -0.29183 1.1418 0.90467 2.0123 1.4836 1.0131 0.32836 0.47433 -1.2283 -0.79671 0.39729 0.34519 0.27797 1.6108 0.17304 0.033341 0.32226 2.2275 -0.17019 0.90417 -1.1193 0.31049 -0.92263 0.30071 0.60157 1.1074 0.63216 0.0061816 0.046171 -0.67579 -0.92394 -0.074129 -0.87324 -0.31474 0.86935 -0.18735
-1.0132 0.74164 -0.091632 0.90743 0.78976 0.2704 1.0675 1.1635 0.77523 0.45974 0.57048 0.040668 -0.96541 0.42535 0.52647 0.69107 1.5004 -0.026195 0.29339 0.011175 1.4474 0.1102 0.47021 -1.2327 0.41299 -0.91473 0.18955 0.39634 1.0073 -0.13026 -0.28433 0.30058 -1.2563 -2.0295 -0.091465 -1.3007 -0.029011 0.92691 0.20036
-1.1225 0.79382 0.50797 1.6683 1.5567 0.76926 0.59573 1.1274 0.34855 1.6261 0.19429 0.02474 -1.2828 0.54059 0.41577 0.85225 1.0177 -0.095316 0.75465 -0.88471 -0.026873 0.25108 -0.50435 -0.95018 1.4078 -0.72438 -0.12214 -0.057105 0.22005 -1.3066 -0.65115 0.34897 -0.88207 -2.5045 -0.40757 -0.81997 0.44759 0.71599 0.52103
-0.68726 1.2348 0.83821 2.102 1.3153 0.73082 0.60208 2.0133 0.66293 0.90233 -0.13057 -0.38366 -1.4205 0.40552 0.43391 1.149 0.69462 -0.37367 0.6062 -1.4644 -1.0747 -0.30158 -0.37258 -0.50963 1.6771 -0.50133 0.20396 -0.72993 -0.83255 -1.6494 -0.95003 -0.011053 0.079593 -1.7931 -0.70579 -0.20224 0.57518 -0.050123 0.99336
-0.65083 1.0278 0.80207 1.0918 0.57543 0.88566 0.29594 1.2373 1.3216 -0.40191 -0.041147 0.6433 -1.4027 0.18557 0.29059 0.46774 -0.41499 -0.93261 0.58635 -0.57023 -1.5141 -0.79722 -0.38011 -0.5806 1.1477 -0.24066 0.65123 -1.7201 -1.9657 -1.954 -1.3678 -0.62057 0.89835 -0.59336 -0.60186 1.0051 0.71767 -1.2103 1.707
-0.81518 0.75462 0.49861 0.89141 1.3754 1.5926 -0.48648 0.17039 0.21912 -0.86263 -0.64505 2.4908 -1.4364 0.96253 -0.66808 -0.70548 -0.84893 -1.4746 0.34488 0.015154 -1.3918 -0.80766 -0.011828 -0.2658 0.4334 0.54023 1.2513 -2.2586 -2.2115 -1.8339 -1.2423 -0.97268 1.1662 0.47621 -0.15954 1.415 0.68719 -2.0533 2.2586
-0.89633 1.0141 0.56057 1.261 0.28535 1.1309 0.041077 -0.061228 0.40271 1.0697 0.33534 0.36771 -1.3553 1.419 -1.992 -1.9705 -1.8421 -2.2333 -0.40368 0.062003 -1.0567 -0.72563 1.4083 0.36044 -0.47091 1.6727 1.4198 -2.0184 -1.2467 -1.406 -0.75137 -1.2059 0.5835 1.115 0.2397 1.1787 0.50613 -2.2505 2.2835
-0.74457 1.3171 0.98559 0.78738 -0.40931 0.85091 0.59557 -0.484 -0.82983 0.58689 -0.52386 1.204 -1.3504 2.0154 -2.309 -1.8507 -2.0002 -2.165 -0.91352 0.40501 -0.35707 -0.6637 1.6794 0.39231 -1.7515 2.4036 0.68653 -0.90753 0.17694 -1.0778 0.22555 -0.83605 -0.1017 1.2252 0.39136 0.17995 -0.21885 -1.4275 1.4997
0.93652 -0.5383 -0.97229 0.8543 -0.41956 1.2588 0.72605 0.41688 -0.089224 1.2903 -0.20214 -0.056238 -0.36432 2.1861 -2.3604 -1.3384 -2.4527 -2.0638 -1.2799 0.33479 0.1898 -0.38009 1.2287 0.10594 -2.4042 2.7318 -0.30666 0.57453 1.4542 -0.26159 1.1721 -0.32911 -0.63906 0.86896 0.69985 -0.81241 -0.84713 -0.26912 0.21256
1.0878 -1.7372 -2.2579 -1.2589 -2.3234 -0.037573 0.095364 0.6443 0.38934 2.2301 0.6738 -0.45694 0.89845 1.7988 -2.0462 -0.68501 -2.5471 -1.115 -0.95015 -0.29775 0.42625 -0.18157 0.45354 -0.55192 -1.5482 2.5738 -1.4691 1.9515 2.1936 0.42019 1.5219 -0.1163 -1.0265 0.00765 0.77932 -1.0924 -1.1095 1.4515 -1.1511
1.5255 -1.2319 -0.71471 -1.1986 -1.4701 0.197 0.55028 0.03537 -0.05923 0.97339 0.060875 -0.84448 1.079 0.97673 -1.1388 0.21913 -2.0556 -0.45294 -1.0736 -0.76418 0.28185 0.46226 0.33128 -0.81918 -1.1335 1.9485 -2.1023 2.9026 2.0529 1.6281 1.5573 0.19156 -0.96232 -0.73041 0.57241 -0.90393 -0.80889 2.4421 -2.1278
1.3586 -1.2672 -0.3605 -1.521 -1.3393 0.084509 0.061944 0.10347 -0.70401 1.2142 -0.64021 -1.0799 1.1563 -0.0026768 0.43116 1.5534 -1.4189 0.022679 -1.2662 -0.94481 -0.39194 0.50641 -0.14468 -1.314 0.59819 0.82294 -2.1249 2.8369 1.1075 2.1174 0.90647 0.18958 -0.67289 -1.193 0.11387 -0.51139 0.13444 2.581 -2.3822
1.1257 -0.96475 -0.047451 -1.4325 -1.1735 0.19362 -0.16937 0.52357 -0.091257 1.683 -0.78839 -1.0243 1.1704 -0.66462 1.3864 1.4569 0.0073847 0.43006 -0.73685 -1.1214 -0.86299 0.44459 -0.3526 -1.0894 1.5491 -0.036158 -1.3901 2.2779 0.24763 2.256 0.46547 0.37847 -0.27221 -1.3908 -0.64529 -0.54138 0.78131 2.1229 -2.3843
1.0065 -0.74262 0.21402 -1.5674 -1.2028 -0.51566 -0.41359 0.18393 0.51295 1.3317 -1.3509 -0.27018 1.0817 -1.1721 1.5637 0.80746 0.35454 0.22667 -0.73763 -1.3597 -1.3865 0.059379 -0.26792 -0.13386 2.4233 -0.51246 -0.58037 1.1899 -0.62726 2.2475 0.42123 0.9492 0.65735 -0.55288 -1.0074 -0.52734 1.2284 0.7247 -2.2118
1.1222 -0.45772 0.43426 -1.5979 -1.184 -0.82234 -0.69636 -0.23568 0.91044 1.317 -1.2291 1.1027 0.97802 -0.92034 2.2067 1.0634 1.2483 0.36114 -0.56767 -1.0509 -2.0008 -0.63268 -0.73292 0.14873 2.3227 -1.466 -0.16793 0.27243 -0.51311 1.9529 0.89601 1.6747 1.5361 0.40815 -1.2011 -0.36746 1.4488 -0.24714 -1.9213
0.14129 0.24201 -0.14089 -0.95575 -1.5791 -0.55601 -1.2925 -0.94621 0.2764 1.1877 -0.43335 1.1482 0.92377 -0.91328 2.0631 0.55282 2.1355 0.88622 0.59576 0.25745 -0.93061 -1.0131 -1.0511 0.50617 1.6986 -2.2493 -0.15035 -0.38285 -0.28536 1.773 1.396 1.7198 2.0303 1.6541 -0.39768 -0.057435 1.1626 -1.3064 -1.3281
-0.014921 0.6043 0.69017 -0.82775 -0.77498 -0.43685 -1.2555 -1.8094 -0.93149 0.51754 -0.19555 1.9268 0.36538 -1.0973 1.6022 0.60464 2.7444 1.8629 2.0385 0.94446 -0.28046 -1.4729 -0.72481 1.4642 1.3958 -2.4577 -0.43596 -1.2014 -0.36118 0.58062 1.4373 1.0172 1.984 2.2142 1.0586 0.38498 0.88557 -1.7637 -0.068096
0.56055 1.6067 1.515 0.29236 -0.65108 -0.55925 -1.1483 -1.9978 -1.43 0.46317 -1.0334 1.2392 -0.92062 -1.3556 1.2053 0.49167 2.8998 2.2214 1.4943 1.4378 1.0506 -0.33323 -0.3905 1.518 0.18801 -2.2918 -0.4464 -1.4623 -0.52415 -1.0475 0.7166 -0.53328 1.0136 1.4446 2.578 0.57578 0.4182 -1.9017 1.4761
-0.030637 1.0869 0.17754 1.2063 0.30957 1.2209 1.0634 0.62223 -0.36053 0.28154 -0.31148 1.1745 -1.3809 -1.4802 0.56816 0.40421 1.944 2.5204 1.0698 2.0679 1.4236 1.1891 -0.26092 1.4063 -0.56317 -1.564 -0.097693 -1.4083 -0.98748 -2.5915 -0.3042 -1.8492 0.3066 0.18013 3.0176 0.20992 -0.56692 -1.6939 2.768
-0.56743 0.85792 1.1195 1.4596 1.6347 1.9833 0.38358 -0.60995 -1.233 0.70467 1.2142 2.5105 -1.2002 -1.5215 0.064415 -0.34758 0.58848 1.9673 -0.028976 1.597 1.0963 2.921 -0.083634 1.3774 -1.2474 -0.17331 0.7312 -0.83283 -0.67592 -3.3406 -1.3306 -2.1863 -0.37006 -1.2185 1.6498 -0.28735 -1.2892 -0.96681 3.1469
-1.1221 1.2927 0.81414 1.7268 1.2456 -0.23883 0.48146 0.83493 1.0019 0.86375 0.7971 0.82769 -1.1915 -1.1924 -0.25029 -0.86002 -0.91595 1.3927 -1.0214 1.449 0.052077 3.0629 -0.44031 0.43508 -1.3838 1.2162 1.4384 -0.05745 0.031964 -2.5918 -1.8578 -1.6344 -0.52104 -1.2315 -0.3211 -0.55636 -1.6501 -0.45572 2.22
-1.7173 1.1289 0.77406 0.71736 1.9055 0.48932 1.4478 -0.31594 1.4535 0.29567 1.015 0.29943 -0.78965 -0.19999 0.18059 -0.16628 -1.8781 0.16995 -1.9764 1.0708 -0.69959 2.0992 -0.89788 -0.51952 -1.4005 1.6996 1.6043 0.33384 1.206 -1.1092 -1.3821 0.23898 -0.59763 -0.3599 -2.3164 -0.06816 -1.455 0.062328 0.4008
-1.1881 0.98144 0.26034 -0.13977 1.5815 -0.70626 0.61451 -0.80426 2.9279 0.22822 0.87005 0.1082 -0.10128 0.41913 0.4086 0.37358 -1.6394 -0.23277 -1.3351 1.3733 -0.14039 0.94374 -1.0108 -0.87963 -1.4321 1.2951 1.5384 0.22772 1.3491 0.48573 -1.2842 1.6362 -1.4915 0.7158 -3.0109 0.86575 -0.35607 0.76903 -1.1826
-0.67847 1.1085 -0.21182 -0.32635 1.5156 -0.7136 1.8882 -1.0483 2.0216 -0.32397 -0.86578 -0.15325 0.29938 0.52859 0.30594 1.3348 -1.1117 0.063418 0.61059 0.53442 0.47017 -0.75114 0.060752 -0.81514 -1.1011 0.47018 1.0923 -0.5301 0.7151 1.2007 -1.1899 2.1502 -2.3911 0.72238 -2.7181 1.1353 0.665 1.2694 -1.6147
-0.33312 1.3742 0.91852 -0.60435 0.68356 -0.57189 2.3033 0.045194 1.3059 -0.74472 0.0030014 0.3155 0.34482 1.1816 0.075644 0.96154 -0.39762 -1.078 1.0478 -1.0485 0.89171 -1.6621 0.88336 -0.10096 0.045064 -0.1953 0.95148 -1.1623 -0.095444 1.0314 -1.3868 1.005 -3.1535 -0.33437 -1.7758 0.66441 1.1403 1.1833 -0.99872
-0.59335 1.5996 2.1801 0.19966 1.6571 0.074862 1.9531 -0.13001 0.38175 -0.17843 0.59208 0.063411 -0.234 1.362 -0.56665 0.90265 -0.26894 -1.7461 1.2542 -2.1598 0.22201 -2.1499 0.51912 0.41988 0.47071 -0.3206 0.9682 -1.4139 -1.2331 0.77192 -1.3204 -0.7412 -2.5511 -1.2777 -0.63471 -0.36489 0.87281 0.9066 0.024549
-1.09 1.4397 2.4757 0.084821 1.8819 1.1475 0.7276 1.3655 0.63872 1.6017 -0.27957 -1.3448 -0.85701 1.6946 -1.1553 0.40668 -0.1454 -2.0539 0.40463 -3.1413 -0.68775 -1.9844 0.14393 0.76847 0.21433 -0.021027 0.75531 -1.1816 -1.9343 0.52175 -0.61762 -1.7335 -1.0466 -1.3491 0.17717 -0.98094 0.23834 0.8165 0.7585
0.56831 0.80846 0.53501 -0.3692 -0.6895 0.97388 -0.87137 -0.28284 -0.040445 1.1637 1.0968 1.2852 -0.46424 1.994 -1.5112 -0.74059 0.19542 -2.044 -0.60544 -3.1586 -1.2944 -1.8868 -0.32801 0.48848 0.67635 0.42226 0.46632 -0.3258 -2.1173 0.67621 0.33169 -2.0082 0.5766 -0.65045 0.69305 -0.9996 -0.31901 0.92556 0.81533
0.97504 0.072922 1.155 -0.85366 -1.1698 -0.030266 -1.6074 -1.3163 -0.085187 -0.48158 0.51389 0.66473 0.22441 2.208 -1.4854 -1.9068 0.33863 -2.1426 -1.6052 -2.4858 -1.0467 -1.4322 -0.7338 0.35251 1.6186 0.72824 -0.33099 0.62414 -1.3453 0.80752 1.4862 -1.0354 1.8481 0.67903 1.1906 -0.19412 -0.78937 0.15007 0.18651
1.4731 0.020717 1.0499 -0.24443 -0.96771 -0.60978 -1.2386 -1.4816 -1.1665 -0.67382 0.19066 -0.35693 0.41703 1.9326 -0.96423 -1.9797 0.74447 -1.0488 -1.89 -1.4004 -0.9008 -1.011 -1.1216 0.017081 1.6697 0.69698 -1.0536 1.1352 -0.49498 0.51627 1.8536 0.20412 1.9641 1.5782 1.6052 0.88218 -0.60628 -0.86457 -0.44831
1.6139 -0.021277 0.57607 0.38949 -1.0285 -0.87196 -1.5028 -0.77206 -1.468 -0.44225 1.0033 1.3096 0.31686 1.1314 -0.35894 -1.5404 1.0795 0.37142 -1.0971 -0.56458 0.46659 0.0088834 0.13768 -0.53372 0.020591 0.15794 -1.5216 0.85083 0.30942 -0.21245 1.5385 0.9605 1.5068 1.5811 1.7653 1.2431 -0.48184 -1.4384 -0.47538
1.7457 -0.017905 -0.70827 0.61676 -1.0066 -1.0941 -1.7182 -0.41945 -0.91348 0.21881 0.7602 2.1569 0.012483 0.65028 -0.12632 -1.8688 0.78325 0.34444 -0.44862 -0.44746 1.0946 0.6708 1.0734 -0.24543 -0.31276 -0.062408 -1.5512 0.15082 0.79238 -1.0741 0.41664 0.83988 1.1471 0.96548 1.343 0.77564 -0.039171 -1.5106 0.062904
1.8016 0.17051 -0.63853 0.45949 -0.23667 -0.77608 -1.7138 -0.54534 -0.49243 -0.17707 -0.17752 1.2795 0.060344 0.13291 -0.44496 -1.3731 -0.076467 0.18668 -0.35599 -0.14237 1.1071 1.332 0.75705 -0.44798 -0.36081 0.2918 -1.3288 -0.427 1.1556 -1.4726 -0.6279 0.29295 1.2403 -0.12651 0.26658 -0.26296 0.93061 -1.1788 0.78325
2.2049 0.069099 -0.89759 0.56229 -0.44746 -0.44809 -1.8331 -0.22042 0.15396 0.92287 0.29119 0.076542 0.065982 -0.3372 -0.66478 -0.55304 -0.67417 -0.13633 -0.53932 0.53829 0.70177 1.07 0.18417 -0.085009 -1.2591 0.73489 -1.21 -0.56178 1.4518 -1.307 -0.79337 0.083067 1.6468 -0.62226 -0.51273 -0.59698 1.5332 -1.1395 0.95313
1.7357 -0.26297 -1.0452 0.10653 -0.98894 -1.022 -2.084 -0.03871 0.13231 0.59849 0.34871 -0.25855 0.42935 -0.74746 -0.82626 0.0046928 -0.92891 -0.62187 -0.45784 1.266 0.40642 0.35327 0.035991 1.2383 -1.942 1.0966 -1.013 -0.17823 1.2075 -0.98396 -0.56331 0.43443 1.6758 -0.74607 -0.76897 -0.34057 1.4978 -0.90129 0.57718
1.5097 -0.69979 -0.66953 -0.17828 -0.737 -1.4016 -1.1069 0.18222 0.24808 -0.036526 -0.11933 0.63912 0.85356 -1.0703 -0.90385 0.21029 -1.22 -0.8103 -0.23635 1.9292 0.19897 0.11246 0.19242 1.9514 -1.8768 1.1632 -0.57403 0.27777 0.83859 -0.73548 0.060872 1.0706 1.1757 -0.62486 -0.1615 -0.073559 0.42772 -0.4965 0.0081776
1.1188 -0.69768 -0.45688 -0.25896 -1.2268 -1.6088 -0.63272 0.061517 -0.1737 -0.17275 1.2479 0.24958 0.96803 -1.3101 -0.63446 0.54718 -1.6328 -0.58302 0.37809 2.2971 -0.13461 0.23974 0.045086 1.504 -1.9158 1.0624 -0.13059 0.64543 0.42372 -0.52527 0.67565 1.614 0.12216 -0.26477 0.45863 -0.12827 -1.37 -0.2428 -0.4384
0.93329 -0.76893 -0.87786 -0.44599 -1.5908 -1.0906 0.021549 -0.14886 -0.41349 0.58106 2.4653 -1.3289 1.1373 -1.083 -0.28607 0.77417 -1.6898 -0.035195 1.2395 2.2259 -0.27894 0.79648 0.027532 0.64317 -2.3018 0.7632 0.25037 0.67742 0.0067499 -0.1736 1.0564 1.6662 -0.83224 0.15717 0.65089 -0.48974 -2.8107 0.38946 -0.5609
0.70642 -0.86125 -0.38887 -1.0977 -1.1518 -0.60195 0.67965 -0.23443 0.21666 0.68306 2.0386 -1.804 1.2801 -0.97783 -0.028701 0.52994 -1.6709 0.31989 2.1211 1.3581 0.11282 0.94754 -0.14754 -0.78993 -2.2363 0.54372 0.45928 0.39334 -0.30073 0.32419 1.1308 1.185 -1.4704 0.7086 0.23931 -0.76876 -3.129 1.4193 -0.51354
0.45254 -0.72616 -0.099926 -1.6949 -1.3094 -0.1175 0.84484 -0.25864 0.81928 0.72513 1.3607 -2.1682 1.3346 -0.79412 -0.045314 0.23084 -1.5244 0.8161 2.3166 0.86121 0.38483 1.0875 -0.72961 -2.4236 -0.92024 0.46005 0.42751 -0.0026725 -0.63326 0.7757 0.82318 0.28199 -1.5301 0.69049 -0.53666 -0.95251 -2.2827 2.0398 -0.39953
0.40393 -0.73787 0.19443 -1.8622 -0.67852 0.13262 0.9224 -0.21556 1.3132 -0.16706 0.40954 -2.425 1.391 -0.63982 -0.081612 0.24433 -1.1141 1.2155 2.2723 0.25314 0.94365 0.58255 -1.1754 -3.112 0.31221 0.33255 0.44812 -0.26436 -0.58125 1.1337 0.57185 -0.50896 -0.96269 0.25732 -1.0554 -0.67219 -0.61597 1.8472 -0.36513
0.18399 -0.73917 -0.23347 -1.9161 -0.45891 1.1296 0.4805 0.62225 0.8608 -0.43 -0.7887 -1.8862 1.4932 -0.49387 -0.26695 -0.29174 -0.52791 1.1364 1.7353 -0.059199 0.67966 -0.1176 -1.4401 -2.6771 0.62146 0.18243 0.40455 -0.25755 -0.49328 1.1682 0.081439 -0.91105 -0.41386 -0.2849 -1.2423 0.032058 0.95769 0.89377 -0.39953
0.12606 -0.84252 -0.57887 -1.9638 -0.30671 1.0531 0.82169 0.3071 0.92556 -0.78437 -0.95073 -1.0617 1.5291 -0.33308 -0.37493 -0.31828 -0.063724 1.285 1.3528 0.037872 0.47487 -0.60593 -1.1904 -1.8593 0.79353 0.055023 0.35057 -0.1413 -0.35212 0.85726 -0.23641 -1.0463 0.33146 -0.79338 -0.74436 0.62949 1.6017 0.021572 -0.37748
0.12684 -0.93078 -0.17633 -1.9414 0.27617 1.6933 0.59571 1.0867 0.33431 -0.56473 -1.133 -1.2806 1.5219 -0.23028 -0.34399 -0.42958 0.12005 0.94236 0.8886 0.21081 0.046497 -0.85598 -0.65439 -1.1443 0.67474 -0.087543 0.27438 0.043227 -0.065535 0.40473 -0.32287 -0.75758 0.65774 -0.62017 -0.19487 1.0642 1.3449 -0.29935 -0.2629
0.026774 -1.2002 -0.67458 -1.9129 0.20648 1.1696 0.76212 0.053558 0.4059 -1.3184 -1.2708 -1.579 1.4397 -0.15063 -0.28866 -0.35926 0.15378 0.84857 0.52912 0.74855 -0.32733 -0.56906 -0.25704 -0.70332 0.3237 -0.18111 0.15674 0.13731 -0.1889 0.1414 -0.41893 -0.40316 0.52897 -0.23038 0.13538 1.0568 0.92979 -0.28118 -0.096581
0.056902 -1.072 -0.18974 -1.7687 0.7228 1.5643 1.0027 0.35423 0.2919 -1.003 -1.1705 -1.3101 1.3914 -0.099914 -0.23854 -0.39718 0.11435 0.72065 0.57577 0.82372 -0.1611 -0.53451 0.30936 -0.58627 0.23311 -0.15211 0.13293 0.016564 -0.16833 0.087238 -0.28531 -0.0039372 0.12043 0.29928 0.058161 0.81393 0.519 -0.19155 0.042481
0.062324 -1.0552 -0.68646 -1.7383 0.47373 1.4855 1.0515 0.13292 0.023121 -1.0175 -1.5447 -1.2563 1.3284 -0.12279 -0.19443 -0.69571 0.20086 0.57303 0.66839 0.72978 0.11477 -0.49061 0.52838 -0.28769 0.42853 -0.080724 0.14405 -0.15452 -0.24166 0.15718 -0.34405 0.064903 -0.4598 0.42064 -0.28997 0.32224 0.29267 -0.3131 0.03338
-0.049464 -1.1023 -0.89337 -1.8196 0.77605 1.8848 1.7932 0.31574 0.24767 -0.70107 -1.801 -1.0861 1.3401 -0.01116 -0.36539 -0.58334 0.25762 0.52003 0.80098 0.45749 0.41867 -0.77688 0.64801 -0.31115 0.22122 -0.067835 0.27487 -0.18717 0.057418 0.19375 -0.23677 -0.11315 -0.62872 0.18547 -0.42799 -0.15286 0.45196 -0.3486 -0.09409
0.034449 -1.2321 -0.91254 -1.8749 0.89279 1.9089 1.6884 0.46224 -0.044082 -0.17201 -1.5974 -0.82408 1.4097 0.057855 -0.49353 -0.72802 0.37321 0.2733 0.54042 0.088045 0.21821 -1.0406 0.24535 -0.24603 -0.32197 -0.16892 0.44359 -0.1006 0.30961 -0.018693 -0.25177 -0.58234 -0.63285 -0.24243 -0.34792 -0.33171 0.67701 -0.085165 -0.216
-0.086111 -1.2701 -1.2252 -1.5543 1.0969 2.3579 1.2763 1.0497 -0.41205 -0.34604 -1.2826 -0.98297 1.4111 0.29583 -0.41338 -0.27246 0.38719 0.40585 0.39666 -0.01372 0.15325 -1.1341 0.13372 0.30172 -0.1164 -0.27178 0.50605 0.16696 0.2446 -0.059129 -0.50592 -0.73933 -0.36709 -0.4452 0.20866 -0.036466 0.74406 0.55552 -0.22026
0.11257 -1.7087 -1.1152 -1.5051 0.99647 2.0149 1.3496 0.31417 -0.77578 -0.70235 -1.8036 -1.4906 1.275 0.51053 -0.34606 -0.26159 0.10036 0.13598 -0.33963 -0.20061 -0.24048 -1.0231 0.096123 0.75829 0.41549 -0.3511 0.44265 0.32739 0.14705 -0.18752 -0.92857 -0.70283 -0.25112 -0.4404 0.7168 0.37055 0.37592 0.98094 -0.13068
0.15555 -1.5264 -1.3031 -1.2839 0.90196 2.0755 1.1723 0.4195 -1.193 -0.84466 -1.6637 -1.8514 1.0951 0.66065 -0.15494 -0.351 0.2832 -0.40515 -0.29275 -0.069081 -0.24464 -0.35991 0.64774 0.67126 0.99103 -0.35638 0.2353 0.59236 -0.056078 -0.17169 -1.2523 -0.62946 -0.2994 -0.21457 1.1213 0.34657 -0.28888 0.95386 -0.078375
0.49802 -1.4054 -0.89972 -1.463 1.2824 2.0725 1.5579 0.41316 -1.21 -0.49354 -0.94923 -0.76559 1.0413 0.66057 -0.062864 -0.40923 0.075807 -1.1461 -0.5734 -0.33914 -0.46591 0.035871 0.76061 0.32814 1.1396 -0.353 0.12422 0.84089 0.12231 -0.14305 -1.1993 -0.59069 -0.45721 -0.056924 1.2643 -0.12139 -0.93245 0.63411 -0.078321
0.59105 -1.5637 -1.4071 -1.9832 0.9129 1.2244 1.4968 0.066487 -0.91467 -0.14838 -0.56144 0.013247 1.0516 0.63632 0.46025 -0.30653 0.079485 -1.4144 -0.79376 -0.48927 -0.16638 0.62616 0.52384 -0.034606 1.481 -0.40771 0.034799 0.92749 0.44137 -0.10789 -0.92333 -0.88822 -0.85584 0.08498 1.1663 -0.68311 -1.1626 0.16544 -0.14658
0.78649 -1.4322 -1.5818 -1.0484 0.057606 2.0887 1.3338 0.5843 -0.3458 0.96191 -0.99492 0.29902 1.0783 0.7402 0.78868 -0.05149 -0.064552 -1.7166 -1.3165 -0.82931 -0.39731 1.0658 -0.093568 -0.70869 1.471 -0.46222 -0.043271 1.1236 0.96892 0.29686 -0.33075 -0.88584 -0.87967 -0.097528 0.64105 -0.43054 -0.71898 -0.15081 -0.38646
0.65124 -1.5597 -1.7203 -1.4719 -0.77842 1.504 0.46589 0.041703 -0.72651 -0.11434 -1.5172 -0.46407 0.91388 0.67895 1.0104 0.31098 0.15194 -1.9344 -1.7618 -1.4054 -0.11343 1.5069 -0.34599 -1.0839 1.1599 -0.55535 -0.19508 1.3325 1.3559 0.55371 0.17523 -0.90025 -0.9465 -0.54732 -0.2314 0.15304 0.43129 -0.33805 -0.75717
0.969 -0.78901 -1.2351 -1.3571 -0.5649 0.88464 0.86301 0.16601 -0.047346 -0.60035 -1.9501 0.2632 0.64113 0.5582 1.5902 1.129 0.59016 -1.5355 -1.9251 -1.5069 -0.69114 0.90438 0.30041 -0.54637 0.98298 -0.94319 -0.83104 1.4317 1.2815 1.345 1.2769 -0.063364 -0.20473 0.0064047 -1.0519 0.79586 1.625 -0.5909 -1.1135
1.3134 -0.41834 -1.0654 -1.6425 -1.0594 0.27789 0.2234 -0.21504 0.23702 -1.0127 -2.1095 0.63488 0.56635 0.37566 2.3468 1.6882 0.77994 -1.1596 -2.3549 -1.9008 -1.1159 0.23378 0.64639 0.75232 1.022 -1.4655 -1.4224 1.0483 0.79261 1.8103 2.2584 1.012 0.55577 0.4651 -1.4824 0.94121 2.0758 -0.72287 -1.1893
1.3244 -0.43644 -0.57287 -1.2863 -1.4326 -0.23511 -0.41789 0.50383 1.134 -0.15673 -1.7917 1.2072 0.49974 -0.59345 2.5781 1.7031 2.1194 0.40754 -1.1605 -0.95007 0.11262 -0.44661 1.0678 1.5941 0.31585 -1.915 -1.677 0.17035 0.098473 1.795 2.4956 2.0723 1.2365 1.2926 -0.84933 0.62731 1.3059 -0.64648 -0.80598
1.1377 0.45415 0.088514 -0.61967 -1.357 -0.467 -0.45217 -1.193 -0.29976 1.4997 -0.93518 1.0539 -0.16278 -1.2846 2.3153 1.5347 2.7498 1.5352 -0.068119 -0.6355 0.40886 -0.84577 1.2304 1.9553 -0.0025922 -2.107 -1.3615 -0.8502 -0.53944 1.0217 2.132 2.6535 1.8556 1.4284 -0.23523 -0.12417 0.083965 -0.54972 -0.12903
1.1027 1.6252 0.55134 -0.12525 -1.7949 -0.68763 -1.663 -0.95848 -0.5358 1.0705 0.096741 1.0648 -0.82226 -1.605 1.8959 1.3926 2.9394 2.0248 1.1929 0.17684 1.1223 -0.29104 1.3151 1.4442 0.15661 -2.0042 -0.43561 -1.7212 -0.92961 -0.48108 0.67335 1.7023 1.4678 1.1196 0.70956 -0.50392 -0.70478 -0.25441 0.72444
-0.56893 1.5026 0.29501 1.4703 1.0716 0.59984 0.36226 1.3357 -1.1889 0.15531 -0.032796 -0.49358 -1.3502 -1.5494 1.224 0.81365 2.2673 2.2246 1.9278 1.0055 1.226 -0.32491 0.26529 1.0108 -0.037633 -1.6445 0.37704 -2.135 -1.0611 -1.3497 -0.5104 0.39336 1.0738 0.48938 0.87387 -0.39424 -0.92046 -0.14116 1.3577
-0.28149 1.7001 0.7209 1.5038 1.5546 0.68976 -0.15799 0.43394 -0.36086 0.77583 0.0090468 1.0546 -1.4723 -1.2415 0.16315 0.28967 1.4659 1.3877 1.3405 0.97667 1.9346 0.74176 0.50247 0.69522 -0.19728 -0.90963 1.1185 -1.8939 -0.93633 -1.7571 -1.4094 -0.69978 0.06273 -0.71428 0.47141 -0.34888 -0.91208 -0.14039 1.5741
-0.27064 1.4581 0.94289 1.4904 0.63926 1.5637 0.16373 1.2382 0.89571 1.5563 -0.67466 1.5705 -1.368 -0.79817 -0.49017 0.061517 0.97788 0.85113 0.65902 0.97788 0.97534 0.42221 0.81713 0.53345 -0.12291 -0.33411 1.1484 -1.2302 -0.52667 -1.4927 -1.5375 -0.83964 -0.50256 -0.783 -0.035014 -0.369 -0.73267 -0.4064 1.354
-0.38704 1.2271 0.52588 1.1543 1.0607 1.6023 0.81821 0.87711 -0.42802 0.43261 0.12077 0.78598 -1.4709 0.0092638 -0.50444 -0.018029 0.31847 -0.058799 0.37505 0.32047 -0.18209 0.29777 0.31403 -0.096919 -0.096411 0.031024 0.87181 -0.26316 -0.20868 -1.0908 -0.87614 -0.427 -0.56895 -1.0139 -0.80737 -0.90185 -0.51655 -0.48158 0.77144
-0.46118 1.0515 0.515 1.3615 -0.022759 0.22263 0.04685 1.4995 0.50828 2.4869 0.6794 0.14424 -1.3793 -0.13152 -0.559 -0.037926 0.066566 -0.074297 0.67001 0.41034 0.71748 -0.1749 -0.40751 -0.019276 -0.93195 0.19902 0.54935 0.23643 -0.25294 -0.87848 -0.44862 -0.30273 -0.70224 -0.39923 -0.75814 -1.3434 -1.077 -0.096397 0.35751
-0.53527 1.144 0.61645 1.9613 1.0091 0.50618 0.31146 0.73851 -0.75359 1.3229 0.67315 0.47406 -1.4119 -0.024662 -0.25743 -0.059552 -0.10623 0.12863 0.44496 0.21349 0.035738 -0.60918 -0.7613 -0.028568 -0.79157 0.14093 0.13099 0.28861 -0.38639 -0.62657 -0.19373 -0.44995 -0.52236 -0.27035 -0.812 -1.468 -1.1562 0.75032 0.033723
-0.31401 1.0418 0.48714 1.8311 1.5577 1.8778 0.77894 0.67095 -0.17283 0.112 -1.1174 0.16813 -1.3314 0.19412 -0.21009 -0.40109 -0.44296 -0.12377 -0.0097982 -0.26389 0.065534 -0.67327 -1.4403 -1.6055 0.019672 0.21984 -0.0082644 0.27314 -0.31325 -0.52561 -0.63261 -0.82809 -0.73455 -0.86166 -0.18557 -0.62293 -0.67573 1.3241 -0.14816
-0.46402 0.93333 0.93266 1.1435 0.82708 2.1131 0.4827 2.2935 0.074196 0.55207 0.0871 0.1796 -1.1556 0.076024 -0.18565 -0.57433 -0.59191 -0.4141 -0.22236 -0.30258 -0.39979 -1.112 -2.224 -1.5648 0.96777 0.075529 -0.21624 0.26653 0.0082031 0.018672 -0.66583 -1.1532 -0.68956 -0.71436 0.11934 0.28245 0.32135 0.8929 -0.24396
-0.31436 1.1653 0.57373 1.1429 0.58355 1.5124 0.60642 0.63378 -0.52676 0.63243 -0.1051 0.34072 -1.339 -0.20051 -0.12824 -0.37892 -0.66816 -1.0459 -0.71304 -0.68708 -0.78859 -0.30297 -0.97169 -0.56508 0.91084 -0.024555 -0.33472 0.35403 0.30432 0.69765 -0.21753 -0.89977 -0.26245 -0.6548 0.25865 0.874 1.4715 -0.051609 -0.35092
-0.11476 0.8206 -0.44253 0.72353 0.47551 0.18622 -0.16465 1.0595 -1.4657 -1.1418 -2.412 0.79043 -1.1846 -0.21672 0.15694 -0.055935 0.040086 -0.71858 -1.5903 -0.84655 -0.96705 -0.55104 -0.40673 0.10262 0.59668 -0.15706 -0.2213 0.29976 0.47929 0.87454 0.25847 -0.14009 0.073615 0.22485 0.58278 1.1938 1.7239 -0.84796 -0.22803
-0.58494 0.87208 0.0047798 1.279 -0.22465 0.13442 -0.21329 0.48533 -1.2892 -0.76367 -0.7698 1.857 -1.3921 -0.26009 0.22427 -0.080819 0.5363 -0.39836 -1.1903 -0.46788 -0.9618 -0.42592 -0.52883 0.47921 0.09252 -0.26706 0.075395 0.20002 0.40532 0.57386 0.65073 0.97656 0.705 0.9273 0.64235 1.1076 1.4283 -1.055 -0.08394
-0.87064 1.0513 0.61908 1.1849 0.038015 0.95779 -0.26449 -0.32114 -0.15582 0.39183 0.13417 1.009 -1.4076 -0.29259 0.15049 0.1898 0.42978 -0.22878 -0.28235 -0.2621 0.13148 0.13933 0.040386 1.3289 -0.37696 -0.19615 0.27138 -0.094571 -0.065073 -0.1338 0.59282 1.2622 0.91774 1.0745 0.78023 1.027 0.47302 -0.70233 0.11167
-0.3849 1.366 0.78617 1.8428 0.79887 0.092451 -0.24223 0.50976 -0.95571 -0.20401 -0.71283 0.33011 -1.4324 -0.032102 0.21598 0.2703 0.20224 -0.010449 0.636 0.34698 0.50877 0.66337 1.111 1.655 -0.78294 -0.15141 0.33521 -0.25043 -0.18091 -0.4813 0.43975 0.65198 0.75228 0.61145 0.38979 0.73973 -0.46949 -0.061337 0.23755
-0.68438 1.1573 0.28528 1.5671 -0.018245 0.54543 0.09497 0.89319 -0.99919 -0.54719 0.62193 0.30046 -1.5057 0.14911 -0.0041846 -0.35655 -0.042464 0.25391 0.088409 0.46863 0.43804 0.49744 0.91199 0.46506 -0.41936 -0.0266 0.11577 -0.31177 -0.13598 -0.4638 0.47455 0.12632 0.64677 -0.34225 0.060306 0.081515 -0.98749 0.51372 0.19596
-0.58599 1.0689 0.24398 1.2306 0.098161 0.75 -0.10593 0.99276 -0.66266 0.10408 0.55555 0.40039 -1.4693 0.11268 -0.13151 -0.15362 -0.12282 0.22578 -0.041711 0.58113 0.10117 0.1907 0.57605 0.0037286 -0.019025 0.05183 -0.14487 -0.22904 0.26307 -0.16804 0.69113 -0.21326 0.38449 -0.66171 -0.15675 -0.59771 -0.98648 0.66447 0.11582
-0.23708 1.0728 0.094105 1.0265 0.2875 1.1162 0.39106 1.3317 -0.19515 0.90492 -0.094288 0.38934 -1.3768 -0.16252 -0.2143 0.14147 -0.27042 0.58702 0.307 0.83865 -0.35189 0.49837 0.47855 0.22611 0.29347 0.034727 -0.29509 0.0070697 0.67411 0.14712 0.71113 0.012407 0.32906 -0.48109 -0.1723 -0.8161 -0.20127 0.30597 -0.024758
-0.63686 0.95204 -0.1949 1.5137 0.43443 -0.024911 0.31019 0.095408 -0.30843 0.68408 -0.090595 1.3838 -1.4498 -0.13845 -0.075317 0.52209 0.0030174 1.1828 0.077265 0.89118 -0.42103 0.34227 0.084698 -0.15195 0.22371 0.0133 -0.25463 0.12819 0.49162 0.25542 0.54419 0.016655 0.083638 -0.031322 -0.24249 -0.91625 0.21325 -0.061755 -0.11004
-0.62159 1.1058 1.0322 1.3542 0.70882 0.76472 0.51385 0.0041936 -0.45922 0.49987 -0.028201 0.23486 -1.3459 -0.25526 -0.022876 0.59032 0.167 1.1745 0.044618 0.93956 -0.26514 0.069277 -0.53993 0.16418 0.083519 -0.05248 -0.1192 0.13977 0.2288 0.25187 0.16532 -0.079982 -0.13315 0.27721 -0.39402 -0.84226 0.27468 -0.22829 -0.10639
-0.73298 1.0304 0.74901 1.3748 1.529 0.78417 1.1331 0.68537 -0.37957 -0.11684 0.40087 0.64471 -1.4835 -0.29876 -0.0096689 0.55863 0.13206 1.0029 0.11393 0.69943 -0.0088233 -0.090492 -0.82078 0.47302 -0.047654 -0.095626 -0.099944 0.043639 0.011342 0.060581 -0.13558 0.039396 -0.17433 0.2728 -0.25077 -0.50299 0.38629 -0.16042 -0.074645
