39 280
-1.2023 0.71066 0.93426 2.1263 0.94299 0.42532 -0.07628 1.102 -1.5118 0.62267 0.27634 0.041397 -1.7761 0.064181 0.40169 -0.91495 -1.0502 0.29359 1.1632 0.14632 -0.45285 2.416 -0.25884 -0.66339 -0.075555 -0.072133 0.27848 0.14431 0.13863 -0.14466 -0.41763 -0.45753 -0.23206 0.15194 -0.72036 -0.096638 0.083224 -0.29511 0.081684
-1.3721 0.66491 0.61619 1.8017 1.5352 1.8543 0.71007 0.33151 0.52222 1.263 -0.40014 0.43818 -1.7397 0.39665 0.64982 -1.0005 -1.2672 0.075245 0.57439 -0.18571 -0.41426 2.2116 -0.1979 -0.21618 0.11626 0.011636 0.38146 0.078204 0.33353 0.017821 -0.71942 -0.46341 -0.24119 0.31845 -1.8249 -0.22812 -0.088927 -0.49482 0.10264
-1.2151 0.63803 0.19646 1.6307 0.9488 0.98745 -0.22081 1.0311 1.1278 0.84649 -0.24234 0.17751 -1.9547 0.36444 0.51618 -0.61911 -1.2035 -0.4196 0.58505 -0.11205 -0.15615 1.0218 -0.49091 -0.71359 -0.74175 0.031259 0.29807 -0.074496 0.67534 0.32315 -0.90359 -0.49937 0.05207 0.33385 -2.8914 -0.34386 0.076086 -0.4619 0.11265
-1.0121 1.4014 -0.060855 0.6055 1.3516 1.8322 0.087964 0.4741 1.1019 -0.32416 -0.39784 -0.34498 -1.7918 0.55529 0.4724 -0.47383 -0.92369 -0.76332 0.56888 -0.16585 0.040639 -0.60745 -0.60377 -0.8147 -0.70145 0.058356 0.063821 -0.46477 0.72502 0.81977 -0.39393 -0.072855 0.61115 0.0017178 -2.6181 0.067488 -0.088476 0.010873 0.18358
-0.59812 1.2798 0.10312 0.94562 0.81376 0.41176 -0.48258 0.69131 0.49122 0.72861 0.48922 0.5046 -1.6844 0.4846 0.36289 -4.0959e-06 -0.58644 -1.0614 0.21628 0.24008 -0.0083282 -2.0425 -0.74517 -0.20523 -0.5616 0.10432 -0.11954 -0.69198 0.545 1.2706 0.29514 -0.48155 0.74672 -0.18364 -1.0928 0.68757 0.13219 0.85056 0.095586
-1.0567 0.88737 0.63096 1.0699 0.18214 1.5742 0.20671 1.0043 -0.89634 -0.011463 -1.2056 -1.6089 -1.7644 0.43878 -0.053961 -0.046144 0.012337 -0.37979 0.59484 0.78102 -0.46614 -1.5739 0.051374 -0.64585 0.05144 0.29985 -0.45905 -0.57379 0.24601 0.92029 0.83074 -0.59697 0.62686 -0.38997 0.77899 0.57954 -0.054262 0.73517 -0.052772
-0.60445 1.0833 0.12286 1.1165 0.25019 1.9049 0.041938 0.84605 -1.6074 0.17181 -0.95881 -0.2184 -1.7476 0.21374 -0.38117 0.12064 0.78119 -0.037545 -0.34482 0.80927 -0.24345 -0.74125 0.5268 -0.52511 0.54136 0.08027 -0.49989 -0.15342 -0.048272 0.3989 1.1009 -0.86433 0.10287 -0.26952 1.772 0.46019 -0.13564 0.39876 -0.14265
-0.87848 1.1073 0.4187 0.88587 0.11647 1.7433 1.0159 0.25708 -1.2344 -0.041003 -0.042218 -0.08994 -1.7056 -0.09438 -0.11837 -0.09598 0.17336 0.34771 -0.28011 0.72153 -0.58624 0.2647 -0.10757 -0.76073 0.18203 -0.021155 -0.60451 0.27596 0.13196 -0.19171 0.64115 -1.1089 -0.48112 0.11557 0.94227 -0.33182 -0.013502 -0.31108 -0.1977
-0.49912 0.83182 -0.22531 1.3876 1.1366 1.7005 0.60601 0.16489 0.11603 0.93874 -1.2094 0.35946 -1.4729 -0.10322 0.13557 -0.044227 0.11382 0.72698 -0.96833 0.46792 -0.45701 0.56046 0.23108 -0.41912 0.1533 0.014982 -0.36566 0.40889 0.15746 -0.4858 0.15397 -0.48622 -0.84027 0.51413 0.032861 -0.92042 -0.18636 -0.78022 -0.025337
-0.74176 1.06 0.42085 1.7913 1.0633 0.23912 0.77025 0.57121 -0.067843 0.68254 -0.64018 0.4148 -1.8124 -0.43466 0.14647 0.27785 -0.0060685 0.48953 -1.166 0.064393 -0.11453 -0.37316 -0.46627 -0.72199 -0.35589 -0.014292 -0.36438 0.091622 0.10858 -0.7875 -0.41608 -0.38592 -0.73804 0.63253 -0.63211 -0.98099 0.3671 -0.49292 0.19318
-1.005 1.0826 0.17787 0.67212 0.65591 0.8184 0.45308 0.0016616 -0.070318 -0.24248 -1.2316 -0.64404 -1.7787 -0.24273 0.16761 0.21924 -0.045311 0.18883 -0.82736 -0.41696 0.54544 -0.40197 -1.1204 -0.91888 -0.70414 0.033622 -0.26357 -0.07906 -0.20692 -1.1613 -0.49653 -0.071151 -0.45129 0.070294 -0.042041 -0.63442 0.60183 0.00079417 0.56732
-1.0131 1.1249 0.50139 1.2523 1.1284 0.90876 0.9983 0.52195 -1.1279 0.51265 -1.6133 -1.1623 -1.6805 -0.64906 0.016021 -0.026463 -1.242 -0.20254 -1.0913 -0.20082 0.16898 -0.57272 -1.3779 0.2394 -0.34452 0.31117 0.23122 -0.067553 -0.32204 -1.0216 -0.095911 -0.21492 0.37395 -0.76831 1.3536 0.33784 1.1117 0.6399 0.96917
-1.1238 1.2259 0.39631 1.0775 0.76271 0.47938 0.26811 0.48518 -2.3812 -0.84215 -1.259 0.062061 -1.6853 -0.44939 0.065656 -0.2347 -1.4801 0.096111 -1.1665 -0.23132 -0.44254 0.52976 -0.57551 0.32742 0.15326 0.85285 0.30774 -0.31112 -0.20121 -0.77716 0.13891 -0.37123 0.9574 -1.3919 2.1482 1.0375 1.0071 0.876 1.1312
-0.80196 1.0931 0.3394 1.1667 0.7309 0.71737 0.35006 1.1738 -0.041181 -1.2687 -1.4078 -0.88724 -1.5484 0.054951 0.081557 -0.036266 -1.2327 0.34371 -1.4221 0.67349 -1.1054 1.8408 -0.083286 0.91815 0.46495 1.2845 0.53909 -0.31228 -0.25796 -0.17506 0.2048 -0.20931 1.0875 -1.3172 1.8405 1.1972 0.37096 0.31643 0.9751
-1.5851 0.80096 -0.30538 -0.64427 0.87641 -0.63587 0.57207 -0.05569 -0.31253 -0.59619 -0.24635 0.24771 -1.1424 -0.078597 -0.38852 -0.10864 -1.525 0.1835 -1.3756 0.93219 -1.5224 2.6711 0.26782 0.79248 0.60018 1.5407 0.28444 -0.1632 -0.19601 0.23036 -0.16228 -0.29527 0.84259 -0.97054 -0.10895 0.30412 -0.26983 -0.22209 0.44214
-1.2298 1.373 0.37652 -0.055057 1.2383 -1.0044 0.46929 -0.51878 0.84942 0.23421 -0.75882 0.059521 -0.8098 0.074283 -0.2822 -0.52012 -1.5397 0.15063 -1.4021 1.2455 -1.8499 2.0168 0.55102 0.76497 0.051986 1.6861 0.10762 0.10758 -0.020786 0.71767 -0.70415 -0.3649 -0.041245 -0.33389 -1.8359 -0.61679 -1.0823 -0.79838 -0.24065
-0.59841 1.1977 0.41656 -0.17836 1.2613 -0.30883 2.1061 -1.3936 1.774 -0.33842 -0.42785 -0.51623 -0.3257 0.01754 -0.028357 -0.31659 -0.86914 -0.12952 -1.7502 1.0556 -1.9508 0.17657 -0.30376 -0.14001 -0.068431 1.4322 0.0013623 0.2038 -0.010532 0.92384 -0.73707 -0.37994 -0.70739 0.45495 -2.2416 -1.0827 -1.3098 -0.47152 -0.92213
-1.354 0.47243 0.27232 -0.3385 1.0024 -0.67579 1.6608 -0.78544 1.3886 0.24546 -0.90767 0.204 -0.17725 0.18342 0.078583 0.045952 -0.16842 -0.88336 -1.9368 0.54204 -1.5259 -0.65447 -1.0251 -0.81054 -0.75054 0.91628 -0.25486 0.064098 0.37396 0.7976 -0.48771 -0.1306 -1.442 1.003 -1.1595 -0.76484 -0.88847 0.40688 -1.4231
-0.94127 1.0916 -0.71207 -0.9367 0.75896 -1.4363 1.4475 -1.5579 0.18921 -0.7475 -0.10732 -0.29863 0.034703 -0.13695 -0.23083 -0.39576 -0.42301 -0.74758 -1.8379 -0.023896 -0.77551 -0.55287 -1.0908 -1.0771 0.087816 0.30287 0.09822 0.18499 0.6278 0.46102 -0.18592 0.45204 -1.769 1.111 0.28054 0.1653 0.14898 0.83938 -1.5136
-1.1491 1.1708 0.083616 -0.16921 0.59707 -2.2716 1.5478 -1.7378 -0.17391 -1.8541 -1.718 -0.71915 -0.074993 -0.28705 -0.0766 0.1782 -0.21725 -0.49998 -1.6285 -0.88787 -0.45623 0.00098131 -0.5751 -0.5676 0.76988 -0.25434 0.23789 0.15072 1.0251 0.60397 0.31336 1.7655 -1.7398 1.255 0.54118 1.0874 1.0548 1.1648 -1.3753
-1.1837 1.1055 0.32936 -0.64807 -0.424 -3.1916 1.2071 -2.3194 -0.45358 -1.3305 -1.2343 -0.92721 -0.17223 0.41337 0.35584 0.71361 0.05519 -0.68969 -1.1012 -1.5104 -0.29288 0.36792 -0.2137 0.04554 0.80916 -0.64698 0.67918 -0.057475 0.95767 0.55408 0.23622 2.9676 -1.5378 1.16 0.039082 1.4854 1.9437 0.53747 -0.66581
-1.1468 0.86419 -0.20055 -0.60069 0.89062 -2.1346 1.0903 -1.1774 1.7157 -0.81141 -1.9699 0.83078 -0.4228 0.30588 0.034517 1.2726 0.76659 -0.30281 0.91774 -1.9413 0.70741 -0.070961 0.67031 0.77591 1.1599 -1.0296 0.79251 -0.32266 0.046562 0.075979 -0.085276 2.9755 -0.94644 0.79503 -0.78335 0.66539 1.862 -0.048772 0.10132
-1.1663 0.82959 0.67586 -0.52254 0.65085 -1.9275 0.79419 -1.8174 1.7856 -0.71651 -0.41044 0.93842 -0.52957 0.71305 -0.38541 0.72203 0.16348 -0.38777 2.3265 -2.3484 0.9313 -0.48402 1.2055 2.205 0.94296 -0.48076 0.57579 -0.52741 -0.5733 -0.53325 -0.55577 1.9684 -0.24277 0.20309 -1.2655 -0.27007 1.4374 -0.64265 0.87683
-0.44774 1.3064 0.65584 -0.39095 -0.50648 -2.5439 -0.78906 -1.4034 0.47502 -0.60804 -0.54184 0.6105 -0.79812 0.90188 -0.24864 0.26833 -0.11004 -0.82228 2.1098 -2.221 0.50612 -1.1962 0.016851 2.1405 0.61215 -0.15758 0.514 -0.013651 -0.97317 -1.2372 -0.62152 0.1817 0.60596 -0.55065 -0.81101 -1.0791 -0.074027 -1.0441 1.1942
-0.85215 1.1603 0.96849 0.56149 0.47677 0.10389 -0.77105 -0.50233 -1.1245 -0.33155 0.27907 0.69869 -1.1363 1.0864 -0.38778 0.24151 -0.51372 -1.5229 1.8996 -1.8148 0.22387 -1.6634 -0.43067 2.2884 -0.16365 0.46275 -0.1438 0.34231 -0.57446 -1.3194 0.12493 -1.1792 1.5843 -0.845 0.030638 -0.87249 -1.5618 -1.1317 0.90704
-0.30378 0.41366 0.60067 -0.76589 -0.3782 0.19006 -1.2485 -0.96914 -0.30918 0.035811 0.91373 0.30722 -0.13382 0.98537 0.0099945 -0.15072 -1.2523 -0.95698 1.4362 -1.075 0.0022558 -1.1601 -0.65111 0.58809 -0.31478 0.6034 -0.5125 0.57543 -0.29149 -1.1251 0.85561 -1.8603 1.8038 -0.65106 0.68957 0.24206 -1.9527 -0.92237 0.40952
-0.20934 0.93098 0.14424 -1.1243 -1.2854 -1.318 -1.1945 -1.8633 -0.61496 -2.0038 0.60943 0.82398 -0.43252 0.42119 0.055071 -0.044672 -1.7806 -0.080023 0.46115 0.03002 -0.45165 -0.48619 -0.19256 -0.18802 -0.79211 0.73769 -0.91474 0.65988 -0.41945 -0.22953 1.2315 -2.2127 1.5005 -0.26073 0.58428 0.85302 -1.7831 -0.2803 -0.35411
0.14224 0.51738 0.5726 -1.0442 -1.1179 0.23904 -1.0876 -0.83677 0.12179 -1.1284 1.1375 0.65448 0.08989 0.35869 0.48974 -0.077002 -1.619 0.12794 -0.62795 0.216 -0.41148 -0.44214 0.36428 -0.585 -0.86476 0.42762 -0.84854 0.15782 -0.29672 0.91505 0.88202 -1.5885 0.79253 0.53448 0.23844 1.5196 -0.48155 0.20007 -0.50834
0.018279 1.4618 0.73037 -1.8572 -0.40617 -0.51949 -1.0184 -1.7409 -0.55483 -1.2557 -0.54615 0.18717 -0.315 -0.15866 0.47344 -0.50435 -0.75498 0.34269 -1.1746 0.33533 -0.060807 -0.89174 0.73327 -0.74414 -0.43012 -0.071638 -0.33337 -0.35851 -0.45924 1.6601 0.5132 -0.46126 0.073137 1.3067 0.23963 1.1782 0.48112 0.7363 -0.37945
-0.40553 1.1693 0.731 -1.9925 0.14333 -1.2534 -0.58422 -1.5515 -1.0491 -0.04283 -0.4231 -0.87556 -0.1477 -0.17075 0.06197 -0.41831 0.0057539 0.55506 -0.70213 0.25227 0.87141 -0.52305 1.8725 -0.10808 -0.10229 0.11416 0.053505 -1.1033 -0.40357 1.5 0.32243 0.68667 -0.04287 1.7302 0.90345 0.70696 1.2363 1.172 0.16811
-0.20213 1.2409 0.53756 -1.3852 0.093251 -0.42866 -0.80097 -1.0022 -1.5601 0.2524 0.45657 -0.16878 -0.42786 0.1141 -0.33369 -0.65162 0.60692 0.70735 -0.38127 0.15472 1.4826 -0.0090292 1.3663 0.55546 0.26382 0.22751 0.66652 -1.0436 0.078767 0.70185 0.245 1.1388 -0.050495 1.3671 1.5071 0.0093576 0.89975 1.1048 0.54202
-0.4042 0.72623 -0.59963 -1.6906 -1.0034 -2.1981 -0.96444 -1.4336 -1.1352 -0.24095 0.13944 0.54974 -0.17952 0.30701 -0.9554 -0.685 0.5928 0.57288 0.21074 0.23354 2.2212 0.88989 1.4313 1.2816 1.0734 0.57554 0.71536 -0.70539 0.45641 -0.12211 0.16654 0.87305 0.072609 0.45475 1.5495 -0.71375 -0.21706 0.25017 0.47618
-0.07165 0.97442 0.25302 -0.86206 -0.36186 -1.0965 -0.80372 0.070255 -0.5194 0.9868 0.73317 0.79134 -0.017005 0.72744 -0.76658 -0.22115 0.31336 0.80939 0.43729 0.25776 1.9581 1.3907 0.96137 0.39361 1.1363 0.65372 0.53878 -0.49915 0.84653 -0.52338 0.039941 0.88337 0.13202 -0.38193 0.62617 -0.73479 -1.2183 -0.77848 0.32054
0.41718 0.49569 0.19525 -0.71066 0.72536 0.1902 -0.75689 0.95107 0.12131 0.41871 1.1301 0.34636 0.2954 0.73044 -0.90455 0.16733 -0.066064 0.82597 0.46735 0.34261 1.5422 1.8514 0.65611 -0.46393 -0.047536 0.74114 0.090908 -0.57281 0.35113 -0.62142 -0.32217 0.24457 0.34563 -1.1299 -0.43254 -1.0964 -1.6165 -1.2438 0.041077
-0.0091463 0.55735 -0.014278 -1.8145 0.56187 -0.85536 -0.39508 0.78155 0.18706 1.3102 0.71665 1.3713 0.2458 0.8106 -1.197 0.39561 -0.051936 0.65474 1.0882 0.35246 1.0934 0.72527 0.29353 -1.043 -0.68676 0.71068 -0.44697 -0.9087 -0.41602 -0.44937 -0.8838 -0.30829 0.54154 -1.199 -1.198 -1.2524 -1.0194 -0.7167 -0.084669
0.51742 0.54741 0.4368 -1.4768 0.96246 -0.92014 -0.36745 0.47352 0.28083 1.121 -0.19627 0.62011 0.37272 0.41361 -1.7013 -0.37399 -0.40088 0.014836 0.30617 0.83548 0.46112 0.30583 -0.40846 -1.2805 -0.4318 0.62082 -0.46239 -0.70396 -0.95921 0.10191 -0.88446 -0.19242 0.54698 -0.70252 -1.0999 -1.5787 -0.064839 0.29795 -0.099864
0.49345 0.13428 0.20817 -1.3541 0.21785 -0.45769 -0.60613 0.64599 1.1345 0.65684 -0.1867 -0.51186 0.39482 0.12127 -1.8913 -0.65358 -0.36555 -0.52053 -0.079808 1.0247 0.17103 -0.29456 -0.98763 -1.2654 -0.062381 0.56616 -0.50659 -0.039158 -1.1448 0.3535 -0.56354 -0.14324 0.52849 -0.33274 0.041134 -1.5285 0.65271 1.2706 -0.011856
0.66156 -0.54175 0.015713 -1.225 -0.09027 -0.14211 -0.47691 0.57866 -0.76523 0.37083 -0.76027 -0.15645 0.74614 0.28434 -1.738 -0.94756 0.30185 -0.32317 0.66713 1.03 0.64734 0.10073 -1.8284 -0.48021 0.22428 0.63892 -0.32567 0.90849 -0.65578 0.40263 0.059356 0.079191 0.1433 -0.32157 0.87908 -1.1511 0.7682 1.7343 0.045455
0.35534 -0.77274 -0.36202 -1.4342 0.31309 -0.41794 0.81101 1.3048 0.40685 0.32456 -0.10444 0.8213 0.70399 0.0094781 -1.2471 -1.2771 0.29038 -0.28442 0.61411 1.2444 0.36784 0.86483 -2.0225 -0.11253 1.4623 0.68216 -0.34356 1.5698 -0.23398 -0.018793 0.28586 -0.34275 -0.51505 -0.5855 1.3915 -0.60794 0.54338 1.3183 -0.031997
0.35453 -1.124 -0.57506 -1.7445 0.11908 -0.52244 0.59128 0.91375 -0.27753 -0.85488 -0.50524 0.83696 0.84247 -0.089245 -0.50642 -1.1787 0.059067 0.0087423 0.075398 0.99891 -0.24788 1.4504 -2.1726 -0.29159 2.1854 0.64429 -0.30152 1.6661 0.44433 -0.51721 0.036506 -1.0055 -1.2421 -1.0514 0.75508 0.46549 -0.01309 0.33723 -0.15
0.66899 -0.66176 -0.79887 -1.0745 0.38941 0.15849 0.61983 1.5912 1.0252 -1.2844 -0.0078285 1.2667 0.93192 -0.28105 0.11636 -0.9273 -0.26459 -0.13085 -0.44512 0.089908 -0.50843 1.7867 -2.0257 -0.25123 1.527 0.50853 -0.037747 1.4165 1.0908 -0.48018 -0.091527 -1.2481 -1.5574 -1.1451 -0.13776 1.4748 0.20282 -1.1176 -0.32735
0.52882 -0.61496 -0.91209 -0.97631 0.15784 -0.015119 1.0214 0.48158 2.0079 -1.6241 -0.61624 2.262 1.1594 -0.08816 0.3647 -0.34239 -0.39713 -0.33275 -0.68538 -0.6944 -0.9534 1.1144 -0.9196 -0.43317 0.85237 0.46295 0.02787 1.1559 1.666 -0.15821 -0.20589 -1.0425 -1.4067 -1.1837 -1.4683 2.3902 0.54991 -2.0037 -0.76378
0.32482 -0.61162 -1.0752 -1.5528 0.030551 -0.59406 0.52197 0.10326 2.1176 -2.2536 -0.86536 2.4483 1.1549 -0.061212 0.68418 0.19921 -0.38695 -0.29726 -1.3345 -0.79662 -1.5015 0.70965 0.24902 0.37469 -0.042242 0.19769 0.076082 1.4608 2.0211 0.76254 -0.069119 -0.54295 -0.94457 -0.60475 -2.4202 2.1765 0.2509 -2.2301 -1.5444
0.12413 -0.62688 -1.0108 -1.9121 -0.20842 -1.0666 -0.21228 0.47776 1.0717 -2.1088 -0.69097 1.5824 1.2176 -0.15796 1.1405 1.1441 -0.16759 -0.31565 -1.4302 -1.1654 -2.049 -1.0134 1.3939 0.51718 -0.92569 -0.5441 -0.19794 1.8063 1.8512 1.7758 0.27524 0.36709 -0.21941 0.10613 -2.1635 1.184 -0.15693 -1.9017 -2.2088
0.47306 -0.55021 -0.58553 -1.9176 -0.072307 -1.1448 0.00019895 0.13352 1.4804 -0.54812 -0.50986 1.7716 1.1788 -0.12313 2.1695 1.8277 1.0989 -0.2791 -1.1027 -1.4232 -1.1254 -2.0686 1.0998 -0.21228 -1.9203 -1.7067 -0.44549 1.451 1.0843 2.135 0.30889 1.2571 0.56439 0.75383 -1.2785 0.085103 -0.47466 -0.85239 -2.2434
0.5182 -0.13658 -0.35696 -1.6063 -0.098804 -1.9072 -0.17133 -1.1943 1.2242 -0.65577 0.54944 0.63545 1.0007 -0.39919 2.6411 2.0486 2.2817 0.19301 -0.15469 -0.78198 -0.91508 -1.8988 0.97947 -0.45428 -1.9058 -2.4737 -0.78181 0.42408 -0.24168 1.6512 0.20938 1.417 1.4153 1.4289 0.025425 -0.69466 0.085213 0.38437 -1.4986
0.34972 0.75251 0.62387 -0.86402 -0.092141 -1.1868 -0.74771 -1.5048 -0.33996 0.53797 0.057982 0.57672 0.094016 -0.70268 2.3584 1.6301 2.4992 0.04916 0.31409 0.067555 -0.5746 -1.4678 0.61311 -0.099814 -1.2071 -2.7873 -1.0197 -1.0316 -1.2788 0.37066 0.39416 1.3326 1.7339 1.2696 1.094 -0.87862 0.81312 1.4969 -0.10055
0.16696 1.6349 0.87169 0.46788 -0.40604 -1.4926 -1.0066 -0.19938 -0.70505 -1.5772 -2.0474 -0.32314 -0.9997 -1.201 1.7526 0.84031 2.3151 -0.073941 0.44238 0.72652 0.4905 -1.3084 0.256 0.63839 -0.53011 -2.6418 -0.79905 -2.169 -1.857 -1.168 0.61029 0.4847 1.3764 0.61577 1.4029 -0.96519 0.80358 1.7234 1.429
-0.37612 1.4881 0.78189 0.69665 0.56468 -0.60351 -0.25636 -0.77855 -0.037412 -0.84143 -1.0049 -0.00026715 -1.2653 -1.4587 0.88494 0.24141 1.8088 0.62216 1.0242 1.0519 0.67491 -0.20663 -0.28254 0.89796 0.30928 -1.7983 -0.15759 -2.4918 -1.5662 -2.361 0.90464 -0.31969 0.4581 -0.43832 1.1843 -0.35825 0.32141 1.5614 2.6331
-0.4554 1.0346 0.46193 0.24219 -0.44109 -0.96056 0.40706 -0.42742 -0.32103 -0.28013 0.31273 0.47546 -1.2864 -1.3832 -0.25365 -0.44416 0.40217 1.0976 0.35352 1.2909 -0.31618 0.24972 -0.48755 0.68402 0.69445 -0.45 0.93142 -1.8651 -0.59078 -2.8447 0.18664 -0.81632 -0.53044 -1.2523 0.51931 -0.067881 -0.22359 1.0974 2.9245
-0.80048 1.1109 0.24834 0.57869 -0.23551 -1.1155 0.96034 0.38144 -0.30547 0.20496 1.1902 0.92528 -1.393 -0.88507 -0.81002 -0.41342 -1.0574 1.2311 -0.26016 0.64368 -1.0103 0.092113 0.26726 0.53477 1.2236 0.75582 1.9897 -1.0035 0.091811 -2.0817 -0.97964 -0.72926 -1.6541 -1.2093 -0.17771 0.25185 -0.3841 0.34184 2.2395
-1.1384 1.1886 0.43014 0.82198 1.3177 -0.14472 0.38981 -0.99662 0.65557 -1.5022 0.68111 0.80485 -1.0089 0.08671 -0.52299 0.16338 -1.6927 -0.017105 -0.44908 -0.048309 -1.0988 -0.45788 -0.16377 0.36994 1.1527 1.2334 2.6233 -0.40809 0.57364 -0.64684 -2.0346 0.25002 -2.2567 -0.35893 -0.3325 0.24788 0.0098866 -0.19628 1.1602
-1.1329 0.80355 0.31455 -0.34083 1.3468 -1.2329 0.57272 -2.0119 -0.62366 -0.94603 -1.2194 1.0162 -0.63094 1.1767 -0.66207 0.10999 -1.1211 -0.74368 0.052265 -1.3458 -1.2815 -0.25649 0.041372 0.27879 0.74956 1.3057 2.4129 -0.14652 0.34713 0.60228 -2.5094 0.75799 -1.8352 0.50872 -0.1584 0.14551 0.76092 -0.56033 0.068604
-0.69363 0.81931 0.46529 -1.0064 1.0917 -1.8577 -0.21246 -1.2619 -0.43439 -0.53175 -1.0329 1.5326 -0.21142 2.0315 -1.0132 0.2971 -0.79109 -1.9047 0.62823 -1.9017 -0.86432 -0.29134 0.10338 0.8364 0.55354 1.3199 1.2846 -0.028872 0.10345 1.2834 -1.7679 1.038 -1.0172 0.95975 0.32259 0.14915 1.0744 -0.72021 -0.63776
0.059376 0.95111 1.0232 -1.309 -1.0361 -0.84679 0.2202 -1.6803 -0.79737 -0.66592 1.3816 1.7547 -0.10962 2.2311 -0.8129 0.1322 -0.33732 -2.7449 0.56795 -1.8336 -0.11339 -0.35594 0.40973 1.852 0.43673 0.83477 -0.355 0.59753 0.13407 1.2267 -0.44995 0.81134 0.21381 0.88578 0.16276 -0.32609 -0.041184 -0.69539 -1.1371
0.9616 0.26913 0.10725 0.019958 -1.4301 -0.47333 -1.6022 -1.5947 -0.15139 0.050476 1.2723 1.299 -0.15686 1.7334 -0.49875 0.34469 0.39279 -2.4838 1.1757 -1.688 0.21392 0.19559 -0.064715 1.7709 -0.088517 0.34695 -1.9287 1.2141 0.085245 1.1643 1.5344 0.063053 0.95881 0.75334 0.12161 -0.47512 -1.9617 -0.83971 -1.5304
1.0875 0.14415 0.72353 -0.045266 -1.6788 0.19138 -1.4276 -1.1057 -0.30388 -0.7142 1.4873 1.5453 0.14076 0.71728 0.077478 0.33139 0.65564 -1.3398 1.2436 -1.0484 -0.068555 -0.21804 -0.52879 -0.26786 -0.27877 -0.20922 -2.9509 1.4334 0.28801 0.88777 2.9392 0.021881 2.0069 1.0754 0.20067 0.11663 -2.849 -0.92916 -1.6832
0.87614 0.58649 0.48875 -0.36143 -1.6825 -0.4565 -1.5084 -1.7262 -0.38095 -0.97037 1.565 1.4733 -0.10177 -0.4907 0.56996 0.35853 0.96137 0.39405 0.37687 -0.50535 0.60612 -0.16122 -0.37554 -2.0856 -0.71897 -0.85218 -3.0017 1.0885 0.017813 0.65455 3.0666 -0.14029 2.39 1.5865 0.022068 1.1369 -2.0214 -0.81128 -1.6122
0.62374 0.48173 0.97699 -0.48941 -1.8915 -0.23085 -1.4131 -1.4595 -0.40264 -0.79643 0.3185 0.93419 -0.18817 -1.6706 1.0479 0.63584 1.0969 1.569 0.97798 1.312 1.8137 0.18073 0.78424 -2.0046 -1.0524 -1.5287 -2.0967 0.32502 -0.097825 0.81528 2.311 0.18465 1.7983 1.7547 0.41218 1.5837 -0.10553 -0.67589 -1.1064
0.26563 1.1591 0.92422 -0.23812 -1.1208 0.1404 -1.2535 -1.5098 -1.0624 -1.28 -0.92778 1.4191 -0.53623 -2.1725 0.83415 0.23724 1.4433 2.0644 1.0204 1.5807 2.3961 -0.0051735 1.5104 -1.4639 -1.2766 -1.8314 -0.79891 -0.38886 -0.50766 0.50248 1.1571 0.49325 0.99498 0.81477 0.074162 0.93765 1.5856 -0.50391 -0.30611
-0.20118 1.1289 0.99615 0.76262 -0.34761 -0.38795 -1.0119 -0.38076 -0.48002 -0.59135 -0.66618 0.32503 -1.2135 -2.006 0.48626 0.23747 1.9941 2.3474 1.2323 1.2577 2.4888 0.48809 1.6413 -0.78888 -1.3113 -1.6668 0.35118 -1.006 -0.75634 0.071262 0.040953 -0.11765 -0.43335 -0.61296 -0.42681 -0.22433 1.6539 -0.099176 0.50837
-0.99026 1.0342 0.86037 1.4417 0.82 1.6112 0.7354 1.5629 0.58337 1.7727 -0.21389 -0.14296 -1.7412 -1.6849 0.19735 -0.30335 1.4922 2.2671 1.1287 1.3779 1.8816 -0.21138 1.0345 0.53274 -1.5662 -1.3209 0.97508 -1.4279 -0.32832 -0.78323 -1.02 -0.39264 -1.1086 -1.641 -0.1639 -1.3084 1.2568 0.39138 1.3455
-1.316 0.91647 0.86238 0.97589 0.51736 0.84504 0.18888 1.2487 -0.91848 0.68041 0.25956 0.067869 -1.578 -1.3246 -0.31957 -0.38363 1.2247 1.5436 0.67733 0.61486 0.89011 -0.62141 0.56869 0.36212 -1.0965 -0.88724 1.3206 -1.6686 0.11643 -1.5979 -1.899 -1.0525 -1.7059 -2.1988 -0.12627 -2.0089 0.31652 0.88059 2.0621
-1.0334 1.0943 0.97981 1.7584 1.0462 0.72832 -0.64999 0.5408 0.44545 0.60587 -0.11373 -0.26147 -1.6435 -0.8646 -1.1547 -0.0041114 0.34129 0.464 0.54475 -0.15133 0.0028977 0.17374 -0.54521 0.51876 -0.61817 0.14989 1.2775 -1.5692 0.65297 -1.836 -2.0892 -1.1548 -1.3367 -1.775 0.48292 -1.7832 -0.52006 1.085 2.3725
-1.1788 0.91119 0.44569 0.83926 1.1861 1.157 0.61807 0.48254 -1.6893 -0.22837 0.45773 -1.2432 -1.6025 -0.18121 -1.6321 0.30264 -0.47974 -0.47502 -0.4445 -1.1414 -0.85592 -0.0045555 -1.5425 -0.13443 -0.067338 1.2311 1.462 -1.5291 0.082974 -2.0309 -2.052 -0.99466 -0.09561 -0.6722 0.46123 -0.96084 -0.1105 0.93762 2.372
-1.4564 0.81141 0.57418 1.8426 1.0519 0.71685 -0.59583 0.075621 -1.4929 0.095651 -1.0389 0.1351 -1.8364 -0.094837 -1.7744 0.49323 -1.1616 -0.82024 -0.46765 -0.2214 -0.70006 0.40679 -1.4382 -0.27147 0.035096 1.7999 1.8229 -1.1164 -0.99473 -1.4727 -1.6942 -1.1488 0.89593 0.31785 0.19412 0.31145 -0.03567 0.67022 1.8524
-1.4919 -0.46704 1.3028 1.1486 0.24748 1.1584 -0.54254 0.86809 1.5367 -0.38193 0.78213 -0.75891 -0.88207 0.76533 -2.5707 -0.47518 -1.9038 -1.8381 -0.67867 0.4791 -0.055135 0.14499 -0.89107 0.53698 0.40581 2.4669 2.1591 -0.52093 -1.8968 -0.7042 -0.93033 -0.79724 1.8125 1.0446 0.12034 1.2259 0.21867 0.19718 1.1138
-1.051 -0.42347 1.2077 0.39158 -0.028151 0.53462 -1.0828 0.21355 -0.40351 -0.74536 -0.51052 0.13041 -0.01839 1.7494 -2.5559 -1.3159 -1.7559 -2.1774 -1.4844 0.71049 0.24318 0.44404 -0.26756 0.11486 0.45381 2.7959 1.9957 0.35038 -2.1412 0.34195 0.14685 -0.6838 1.1929 1.072 -0.57566 1.4839 -0.50978 0.0036627 0.15721
-1.3626 -0.30353 1.259 -0.38081 -0.21452 0.057084 0.44674 -0.10033 -0.56626 -1.5354 -0.096867 -0.27914 0.20099 2.5546 -2.1157 -2.0485 -1.5177 -1.6231 -1.4346 1.7682 0.73528 0.17332 0.27933 0.12105 0.11117 2.6962 0.83666 1.0042 -1.1017 1.2601 1.4318 0.066352 0.25404 0.95993 -0.35212 1.1385 -1.0453 -0.54673 -0.84637
0.34795 -1.5897 -0.60855 -0.47848 -1.5876 0.19494 0.63308 0.76643 -0.35075 -0.21161 1.0783 -0.026079 0.79967 2.391 -1.4186 -2.3971 -0.68306 -0.6444 -1.3792 1.358 1.0212 -0.81235 0.89263 -1.0951 0.19364 1.9636 -0.5023 1.0042 0.45639 1.5193 2.0925 0.98168 -0.97633 0.66079 -0.22431 0.50682 -0.99921 -0.70306 -1.3126
0.75002 -1.4256 -1.0354 -0.36473 -1.5499 -1.0238 0.94597 0.8392 -0.8105 -0.24231 -0.45137 -0.31542 1.0975 1.8582 -1.4622 -1.8198 -0.0075651 0.19571 -0.63876 0.63441 1.453 0.018323 0.7636 -0.97774 -0.52412 1.3938 -1.8124 0.98545 2.2014 1.2612 2.0826 1.275 -1.8907 -0.13844 0.076014 -0.43487 -0.96676 -0.60101 -1.3292
1.2147 -1.3726 -0.80856 0.31964 -0.69992 -0.51401 1.467 1.4135 0.429 0.41946 -0.52521 0.13162 1.2177 1.2391 -1.2056 -0.62945 0.41893 1.0078 -0.10347 -0.53029 1.1961 0.024046 0.47905 -1.3619 -0.59282 1.1367 -2.1326 0.62323 2.8966 0.51035 1.3912 1.383 -1.6133 -0.75937 0.20908 -0.88069 -0.22759 -0.33111 -0.9406
0.62949 -1.6089 -0.73604 -0.090916 -0.24625 -0.47319 0.38444 1.8438 -0.61772 0.34883 -1.1424 -0.32946 1.3794 0.048791 -0.57648 0.87666 0.3661 1.6259 0.2468 -0.79479 0.3956 -0.13763 -0.38266 -1.7058 -0.66127 0.76996 -1.8239 0.53035 2.2663 -0.12787 0.3849 0.68937 -0.8236 -1.25 -0.4569 -0.66665 -0.13478 0.20927 -0.63328
0.70379 -1.8407 -0.54829 -0.10365 0.098607 -0.12523 0.0029997 1.6756 -0.57764 -0.5562 -1.1121 -1.021 1.4594 -0.32926 -0.82165 1.2621 0.12465 1.3614 0.69638 -0.91885 0.082555 -0.35919 -0.28241 -1.1893 -0.37814 0.62022 -0.95799 0.31195 1.051 -0.37662 -0.55947 -0.19924 0.28686 -1.2503 -0.33178 -0.11943 0.08999 0.47566 -0.47824
0.69173 -1.8989 0.018131 0.028885 0.35677 -0.12073 0.0084756 1.406 -0.41584 -0.47043 -0.95741 -0.89198 1.6271 -0.45883 -0.76977 1.1553 -0.090079 0.76854 0.20166 -0.69513 -0.4177 -0.75589 -0.18164 -1.3336 -0.22006 0.53805 -0.063269 0.22932 -0.16767 -0.21508 -1.0859 -0.94165 0.6969 -0.76433 -0.20582 0.62381 0.18372 0.61729 -0.31525
0.65435 -1.9826 0.097501 0.053608 0.32074 -0.062619 0.16288 1.108 -0.55205 -0.58972 -1.5827 -0.68617 1.6941 -0.13885 -0.58993 1.0571 -0.059766 0.33622 -0.47768 -0.040047 -0.82531 -0.38071 0.13199 -1.3608 0.11645 0.41176 0.15171 0.62385 -0.77697 0.22315 -1.0954 -1.22 0.64972 -0.36091 -0.047447 0.60291 0.31179 0.24263 -0.29584
0.51591 -2.1606 0.26875 -0.019335 0.45131 -0.093002 0.10531 1.354 -0.95953 0.067746 -2.0366 -0.39976 1.7675 -0.15987 -0.31156 0.70422 0.06139 0.007097 -0.93071 0.067971 -0.62748 -0.58714 0.62965 -1.2424 0.29697 0.32037 0.11918 0.76508 -0.88611 0.55373 -0.76889 -0.81057 0.34629 0.15195 0.097533 0.35277 0.76669 -0.23354 -0.30779
0.48548 -2.1168 0.28171 0.031348 0.38182 -0.40213 0.21922 1.0692 -0.9147 0.20298 -2.2706 -0.40868 1.8094 -0.22738 -0.0099449 0.16233 0.49257 -0.4078 -1.0148 -0.085927 -0.50013 -0.58492 0.49023 -0.59703 -0.16033 0.20941 0.16661 0.87128 -1.1431 0.61341 -0.61443 -0.39939 -0.052461 0.61301 -0.07498 -0.12649 1.1789 -0.48038 -0.45189
0.59129 -2.2227 0.43318 -0.29708 0.23403 -1.234 0.15914 0.56998 -0.99245 -0.064664 -2.5594 -0.65034 1.8103 -0.21841 0.21732 0.089198 0.71151 -0.36987 -1.0528 -0.021675 -0.26428 -0.5032 0.32412 -0.15327 -0.53213 0.098543 0.45667 0.93555 -1.1562 0.585 -0.43976 0.016155 0.16863 0.97303 0.33122 -0.34122 1.7883 -0.17755 -0.73866
0.54664 -2.0407 0.31151 0.21235 0.16012 -1.0879 0.054501 0.95593 -1.2835 0.2713 -2.1425 -0.6332 1.8524 0.16707 0.60039 -0.59199 0.8074 -0.68315 -1.1821 -0.085819 0.21133 -0.61947 0.024283 0.49451 -0.39989 -0.27181 0.56211 1.0336 -1.005 0.23423 -0.51219 0.4879 0.47091 0.6941 0.76806 -0.040974 2.2362 0.5576 -1.0739
0.33585 -1.8401 0.084505 0.90233 -0.34681 -1.0385 -0.079357 0.73975 -1.1238 0.05652 -1.5313 -1.1903 1.8697 0.41177 0.94555 -0.89773 1.0417 -0.72093 -0.84698 0.38824 0.93955 0.05128 0.17858 1.85 0.075275 -0.73859 0.43449 1.194 -0.48169 -0.25063 -0.61813 0.80231 0.48847 -0.075008 1.0638 0.37125 2.4284 1.0803 -1.3842
0.36767 -1.8757 0.3482 0.66942 0.12438 -1.2594 0.32938 1.0097 -1.3557 0.087902 -2.2541 -1.234 1.783 0.40533 1.3522 -1.0626 0.79238 -1.2399 -0.24854 0.59124 0.27489 0.63859 0.4712 2.9497 0.62532 -1.2621 -0.34335 1.562 0.92877 -0.3576 -0.23863 1.2052 0.12076 -0.77352 0.96682 0.65086 1.6942 1.3597 -1.6282
0.99088 -1.5188 -0.69569 0.62296 -0.65264 -1.894 -0.030552 1.7663 -1.9003 0.14014 -1.4712 -0.53356 1.2986 0.39368 1.836 -0.49182 0.25391 -1.3066 -0.071231 0.55457 -0.42417 0.96405 0.82199 3.5579 1.062 -1.8429 -1.2503 1.7081 1.8183 -0.19184 0.39791 1.7556 -0.40075 -0.97344 0.38504 0.11679 0.1928 1.4404 -1.6624
1.0329 -1.1847 -0.54128 1.1653 -0.56475 -1.5599 1.0759 2.1753 -0.16517 0.50166 0.49399 -0.12379 0.90286 -0.41263 2.7654 0.82021 0.53098 -0.86204 0.62071 0.062364 -0.60182 0.82513 0.97544 3.0876 1.7573 -2.5859 -1.9706 1.3439 2.1596 0.20109 1.621 2.1921 -0.56126 -0.30927 0.083265 -0.36511 -1.4378 0.88705 -1.2779
0.79126 -0.824 -0.58567 0.6005 -1.8349 -1.1242 0.69647 -0.025716 -0.13417 0.76903 1.1716 0.14185 0.4611 -1.3072 3.0936 1.3094 0.82004 -0.13471 1.9231 -0.085239 -0.50831 0.68752 0.14586 2.1771 2.3168 -3.0032 -2.0615 0.37319 1.4202 0.28671 2.337 2.0378 -0.63731 0.29482 -0.38796 -0.66512 -2.6296 0.24053 -0.48493
0.74269 -0.13424 0.19112 0.69468 -1.4144 -1.0755 0.4484 0.20443 -0.3164 1.442 1.7852 0.40273 -0.088425 -2.0945 2.9688 1.7738 0.91066 1.345 2.7633 -0.1251 -0.26957 0.8987 0.0781 0.72283 1.7285 -2.9312 -1.1946 -1.0005 -0.12602 -0.11805 2.2971 1.1782 -0.068583 0.76051 -0.3033 -0.67143 -2.7742 -0.68249 0.49798
-0.58545 0.99873 1.5504 1.8505 -0.77685 -0.2158 -0.24172 0.63656 -0.67138 1.0639 0.66132 1.2895 -1.0569 -2.2698 2.3558 1.4938 0.62965 2.1634 2.5822 -0.52929 0.0053105 0.10024 -0.052294 -0.59891 1.5487 -2.5229 -0.0099471 -2.0392 -1.3052 -0.69053 1.1486 -0.33251 0.46291 0.3412 0.058048 -0.54145 -2.0507 -1.3615 1.4355
-0.84139 0.82771 0.84777 1.4987 0.18857 1.1973 0.53857 1.3741 -0.6776 -0.53899 -0.041777 2.3799 -1.4885 -1.9646 1.4577 0.52488 0.41537 2.4841 2.4321 0.16383 0.64825 0.46222 -0.26087 -1.1573 0.81713 -1.9476 1.0457 -2.6794 -2.1237 -1.3689 -0.41419 -1.773 0.6559 -0.55989 0.65225 -0.59346 -0.27249 -1.8793 2.4493
-1.0822 1.0736 0.70783 1.642 1.3403 1.3374 0.41861 1.5232 0.50778 0.88957 0.4019 1.1486 -1.6494 -1.395 0.43484 -0.30198 -0.24122 1.5413 1.4463 0.63755 -0.28087 0.97683 -0.76366 -1.0455 0.12667 -0.96534 1.4303 -2.3916 -1.823 -1.6236 -1.568 -2.9067 0.34768 -1.7262 0.86258 -0.71097 1.1975 -2.4772 3.1439
-1.2888 0.83644 0.93632 1.3426 1.3739 1.0613 0.18758 0.75972 -0.25044 0.94994 0.49117 1.8914 -1.5683 -0.76337 -0.55617 -0.97521 -1.264 0.84043 0.03497 0.51743 -1.2034 1.728 -0.74783 0.39672 -1.214 0.60529 1.5085 -1.4108 -0.94116 -1.4327 -1.8961 -3.1588 -0.058979 -2.2531 -0.04272 -1.1889 1.2671 -2.3246 3.1303
-1.2353 0.7412 0.087154 0.98236 0.87305 1.6613 1.0158 0.6331 0.40598 0.56656 -0.048029 0.96144 -1.7084 -0.44935 -0.64127 -0.88477 -1.6293 -0.090409 -1.604 -0.05299 -2.4281 1.1584 -1.2222 1.0617 -2.2532 1.7392 1.3002 -0.15604 -0.14226 -0.59109 -1.1327 -2.2117 -0.04762 -1.5671 -0.89174 -1.1539 0.32013 -2.1143 2.1529
-1.1906 0.71214 0.60062 0.85856 0.35627 0.52732 1.0557 -0.16808 0.8733 -0.41281 0.12064 1.0577 -1.2889 0.11627 -0.36743 -0.79209 -1.623 -0.41833 -1.892 0.40639 -2.6684 0.23958 -2.3876 0.36807 -2.5132 2.2148 0.96303 0.69018 0.39968 0.2472 -0.22201 -0.79493 0.31849 -0.56521 -1.4951 -0.42429 -0.49625 -1.081 0.71601
-1.6741 0.35302 0.22515 0.14338 1.041 0.1846 0.29891 -0.50896 1.9453 -0.56791 1.4393 -0.38947 -0.12586 0.36543 0.076554 -0.62471 -1.1799 -0.052437 -1.6947 0.61147 -2.5963 -0.1204 -2.2308 -0.37639 -3.3348 2.0231 0.47578 0.68433 0.24126 0.45236 0.37 0.86333 0.60221 0.54588 -1.6439 0.83173 -0.83134 -0.013341 -0.65949
-1.2838 0.38621 -0.25955 -0.36857 0.51985 -0.98477 0.25382 -1.942 0.41852 -1.8077 1.3695 -1.1844 0.40068 0.45739 0.2367 -0.40217 -0.99896 0.38228 -1.414 0.78405 -2.2067 -0.689 -1.0915 0.1117 -2.773 1.7259 -0.30694 0.24009 0.19895 0.60656 0.18776 1.7591 0.2018 1.6128 -1.0741 2.1662 -0.71676 0.74454 -1.7497
-0.71996 0.9574 0.077822 0.046341 0.94821 -0.49546 1.4721 -1.7677 0.061567 -2.1416 0.0032558 -1.7799 0.32764 0.18138 0.19865 -0.64976 -1.058 0.22974 -0.28222 0.88435 -1.5721 -1.7332 -0.24066 -0.4951 -2.1451 0.82357 -0.86211 -0.38494 0.13632 0.78341 -0.20058 1.8198 -0.12333 2.6325 -0.093881 2.5619 -0.17364 1.7601 -2.0384
-0.93111 0.9322 0.13652 0.17704 1.1426 -0.30179 1.4263 -2.3734 -0.10705 -1.6838 -0.66828 -2.7378 -0.0019846 -0.31867 -0.029686 -0.42253 -0.50485 -0.19595 0.61295 0.65193 -0.0058044 -1.1627 0.87927 -1.0248 -1.6549 -0.2657 -1.1352 -0.65879 -0.053334 0.97646 -0.39103 1.3735 -0.4491 2.9691 1.0405 1.938 0.74738 2.2889 -1.7537
-0.88971 0.7685 -0.26349 -0.39579 1.1784 -0.31787 2.0041 -2.0036 0.2639 -0.46975 1.16 -2.0353 0.25738 -0.71562 -0.43712 -0.36546 0.091376 -0.16053 0.61486 0.45522 1.4734 -0.11839 1.8262 -0.15671 -0.46399 -0.56982 -0.84824 -0.45072 -0.10349 0.84099 -0.13824 0.64074 -0.58032 2.2966 1.5377 1.0811 1.4257 2.322 -0.94701
-1.494 0.5706 -0.34155 -0.93768 0.53104 0.078958 1.3584 -2.2537 -1.4318 -1.0639 0.05522 -1.9614 0.010296 -1.0267 -0.55042 -0.62219 0.31493 -0.19284 0.63831 0.17083 2.0994 0.55295 1.6868 1.4655 0.84531 -0.66482 -0.19833 0.13378 -0.18248 0.46533 0.23223 0.18266 -0.33285 1.1452 1.214 -0.032134 0.80117 1.9419 -0.26143
-2.0452 0.26231 -0.35065 -0.28315 0.52463 0.60303 0.74307 -0.23841 0.69994 0.28802 0.0089102 -3.3614 -0.2983 -0.91016 -0.29789 -0.71426 0.16083 -0.046908 0.85584 0.053237 1.8881 0.45944 1.4772 1.1611 1.1281 -0.64339 0.63608 0.76682 0.36662 0.10208 0.46646 -0.15206 0.033291 0.023886 0.84515 -0.77812 -0.55976 1.1129 0.053453
-1.4988 0.3181 -0.46042 0.36926 0.64932 -0.65353 1.7205 0.014344 0.20088 0.34953 0.8263 -1.3914 -0.16617 -0.56406 0.12164 -0.54864 0.3686 0.19782 0.79927 0.2412 2.0466 0.94699 0.97945 -0.051384 1.3326 -0.68795 1.2207 0.85527 0.96354 -0.24583 0.4678 -0.39912 0.10528 -1.0211 0.063015 -0.90488 -1.7133 0.64233 0.25771
-1.8054 0.71072 -0.58356 0.43965 1.0694 0.6682 2.0762 0.3507 0.87731 -0.071498 2.1247 -0.40957 -0.52139 0.12639 0.50684 0.24385 0.27596 0.55353 0.22453 0.48881 1.5653 1.3406 0.63408 -0.53142 1.4625 -0.4627 1.5976 -0.12608 1.2867 -0.66963 -0.21656 -0.58126 -0.85921 -1.5203 -0.40955 -0.59205 -1.5205 0.22071 0.75263
-1.9572 0.61516 -0.85757 -0.54085 1.0609 0.94455 1.3983 -0.83337 -0.088836 0.79843 0.59669 -1.5748 -0.53077 0.52055 0.47519 0.57386 -0.19854 0.41896 0.18894 0.15563 0.28134 0.19345 0.31248 -1.1655 1.9324 -0.29986 1.9572 -1.3693 1.1439 -0.96524 -1.0994 -1.0224 -1.8599 -1.7515 -0.9452 -0.096519 -0.68483 -0.089076 1.5034
-1.6726 0.78932 -0.80346 -0.24328 1.0496 0.63279 2.056 1.0435 1.2976 0.53708 -0.0076149 -0.39838 -0.49112 1.2525 -0.68846 0.95663 -0.82441 -0.58598 0.060427 -1.494 -0.18566 -0.034284 0.63182 -1.3672 1.2619 0.48954 1.8405 -1.9419 0.60051 -0.74014 -1.6779 -1.0346 -2.3184 -1.24 -0.97068 -0.080966 0.31833 -0.2858 1.8906
-1.3519 0.90764 0.49706 -0.17379 1.207 -0.04286 1.6167 0.37817 1.0753 -0.0076393 -0.85598 -0.71649 -0.53514 2.188 -1.5743 1.081 -0.91706 -1.3903 -1.032 -2.2172 -0.48665 -0.31466 0.77921 -1.0208 1.2637 1.4853 1.2711 -1.5964 0.16424 -0.47704 -1.5013 -0.92174 -1.8907 -0.84449 -0.59548 -0.32516 1.2689 -0.91825 1.8157
-1.2364 0.58221 0.057516 -0.081725 1.0362 0.56915 1.1679 -0.1393 0.39362 0.99068 -0.34289 0.35923 -0.57738 2.4099 -1.72 1.0396 -0.76885 -1.8329 -1.1008 -2.6267 -0.45859 -0.40575 0.23002 0.047369 1.2447 1.9761 0.17276 -0.39913 -0.41364 -0.22575 -0.6891 -0.41159 -0.65935 -0.47559 -0.4319 -0.76852 1.549 -1.0116 1.0081
0.19577 -0.72902 0.29362 -0.94834 -0.63957 -0.14707 -0.75139 -0.44731 0.077081 1.2771 0.39449 0.53583 0.7176 2.0929 -1.6827 0.82959 -1.1257 -1.9027 -0.9583 -2.7852 -1.2161 -0.8657 -0.13899 0.71001 0.15791 2.1562 -0.88016 0.77935 -0.4469 0.0095609 0.17461 0.46831 0.12556 0.073093 -0.13007 -1.1662 1.1178 -1.4921 -0.13033
0.58252 -0.71025 0.2093 -1.0563 -0.76676 -0.59803 -0.66953 -0.51372 0.42512 1.1481 0.45774 0.6605 1.2355 1.5872 -1.3049 0.38333 -1.1375 -1.6838 -0.76443 -2.4285 -0.73294 -0.67426 -0.436 0.91921 -0.15008 1.9309 -1.5391 1.6147 -0.28956 0.48341 1.03 0.82888 0.97605 0.44049 0.077695 -0.98769 0.31795 -1.494 -1.2335
0.39365 -0.44791 0.31099 -1.181 -1.0291 -0.34924 -1.3027 -0.46384 -0.0073242 0.44963 -0.047171 -0.0094105 1.3065 1.0997 -0.48093 0.65277 -0.69879 -1.127 -0.36715 -2.0761 -0.18777 -0.48812 -1.1992 0.81903 -0.93901 1.2797 -1.4767 1.6939 0.030506 0.96445 1.3313 0.86578 1.2939 0.70003 0.15354 -0.51834 -0.13291 -0.81354 -1.8097
0.35381 -0.42756 0.68399 -1.3456 -0.9238 -0.64556 -1.0148 -0.76654 0.21678 -0.14186 0.50819 -0.62922 1.393 0.28853 0.37748 0.64287 -0.039441 -0.20751 0.10098 -1.1603 -0.092093 -0.4839 -1.1991 0.64322 -1.1105 0.24325 -0.93337 1.0798 0.17967 0.99761 1.1766 0.59263 1.3001 0.27913 0.014904 0.1167 -0.3252 -0.13957 -1.6974
0.40335 -0.48814 0.71842 -1.374 -0.95572 -0.65997 -1.6489 -0.70423 -0.17154 0.050933 0.43682 -0.20013 1.2831 0.23023 0.30715 0.76648 0.19083 -0.03746 0.17436 -1.0076 -0.14797 -0.69751 -0.79085 0.58223 -0.94121 -0.18598 -0.40991 0.33341 -0.14421 0.69301 0.71805 0.046758 1.1525 -0.12631 0.0038525 0.67922 -0.49712 0.64381 -1.132
0.70046 -0.39145 0.7253 -1.0126 -1.1148 0.20592 -2.3066 -0.27254 -0.37584 -0.40609 1.1378 -0.74888 1.1993 0.43192 0.10467 0.65029 0.34691 0.071759 0.026925 -0.53949 -0.18794 -0.58537 -0.42096 0.38109 -0.41653 -0.32433 -0.012229 -0.020629 -0.26009 0.34898 0.20455 -0.23158 0.88562 -0.2749 0.18707 0.6981 -0.43797 0.86047 -0.44297
0.64501 -0.338 0.90595 -1.0079 -0.88879 -0.38925 -1.8709 -0.72067 -0.33007 -0.19791 0.97686 -0.86005 1.1702 0.32628 0.21039 0.41453 0.45296 0.13553 -0.27369 -0.23748 -0.36835 -0.47544 -0.25946 -0.055775 -0.028828 -0.42881 -0.18282 0.16006 -0.27452 0.046619 0.057892 -0.21958 0.8524 -0.18729 0.19542 0.60544 -0.4138 1.0333 -0.16467
0.72499 -0.31267 1.1041 -0.95265 -0.89146 -0.52214 -1.876 -0.81439 -0.60349 -0.081791 0.64822 -0.76592 1.0722 0.21366 0.38848 0.38455 0.5145 0.10237 -0.13135 0.1075 -0.50118 -0.26406 -0.098758 0.076557 0.11218 -0.41411 -0.44964 0.32041 -0.14838 -0.23561 -0.10619 -0.022906 0.5003 -0.039586 -0.01296 0.38625 -0.12601 0.90523 -0.071563
0.85624 -0.40042 1.0733 -0.94703 -0.93532 -0.47569 -1.7188 -0.81561 -0.61508 -0.44678 0.38649 -0.59828 1.001 0.023024 0.43015 0.44019 0.21207 0.056328 -0.18075 0.26005 -0.33918 -0.51048 0.23132 -0.10206 0.80965 -0.42972 -0.56819 0.43793 -0.010593 -0.44616 -0.1272 0.08091 0.36595 0.12064 -0.024624 0.071983 0.1141 0.79203 -0.077587
0.64312 -0.17696 1.0197 -0.83662 -0.73841 -1.0648 -1.562 -1.2706 -0.38985 -0.50369 0.59531 -0.42054 0.88643 -0.18557 0.52796 0.39574 0.031046 -0.10096 -0.091454 0.14851 -0.26133 -0.63976 0.084574 0.15247 0.93018 -0.44851 -0.70028 0.75084 0.01976 -0.42753 0.33012 0.042575 0.24185 0.24273 0.25891 -0.29044 -0.31131 0.64139 -0.35054
0.76677 -0.0034146 1.1133 -0.58442 -0.98827 -0.046019 -1.945 -1.0383 -0.60459 -0.034528 1.133 -0.2641 0.83636 -0.44439 0.87042 0.40475 -0.14548 -0.016273 -0.17428 0.42907 -0.23353 -0.38299 -0.22012 0.14242 1.1078 -0.54685 -0.94726 0.93041 -0.14196 0.050878 0.77888 0.18197 0.66311 0.28521 0.80327 -0.4919 -0.46563 0.3502 -0.80786
0.69718 0.010694 1.358 -0.96433 -0.99462 -0.20017 -1.8007 -0.60779 -1.3153 0.11525 0.85517 0.48758 0.74511 -0.74708 1.4216 0.45041 -0.11115 0.781 -0.085855 0.47939 -0.060347 0.14772 -0.45691 -0.67398 1.2155 -0.97153 -0.99637 0.80134 -0.61781 0.34187 0.92738 0.16087 1.1919 0.087954 1.1696 -0.44693 -0.11519 0.19633 -1.0312
0.36647 0.13368 1.3895 -1.0857 -1.0323 -0.93147 -1.5112 -1.3237 -1.1799 -0.29854 0.86972 0.20217 0.67205 -1.3098 1.537 0.18222 0.39639 1.1367 0.122 1.334 0.13712 0.66744 -0.47921 -0.63072 1.3527 -1.5896 -0.62562 0.43449 -0.98379 0.68042 0.68469 0.33331 0.74046 0.097534 0.92005 0.08828 0.48584 -0.2479 -0.85115
0.23819 0.61052 1.4622 -1.108 -0.79109 -0.85208 -1.0299 -1.1792 -0.70387 -0.88627 0.50033 0.79071 0.39807 -1.4498 1.5324 -0.54396 0.43148 1.1348 0.027069 1.9183 -0.25586 1.1444 -0.67844 0.30925 1.194 -1.7418 0.33376 -0.34685 -1.496 0.23081 0.041865 0.021271 -0.20524 0.55668 0.16934 0.38187 1.1457 -0.64318 -0.042717
-0.083453 1.2112 1.4466 -0.82604 0.76184 -0.49581 -1.2109 -0.90908 0.10736 -1.1218 -0.72766 1.0645 -0.29082 -1.1608 1.539 -0.77992 0.90396 1.1437 0.35361 1.0927 0.073762 0.92547 0.053805 0.64233 0.64019 -1.6594 1.4541 -1.0889 -1.4041 -0.62436 -0.62513 -0.28298 -1.5151 0.69365 -0.58246 0.89986 1.054 -1.8161 1.0142
-0.9985 1.1716 1.0608 0.081624 0.43152 -0.3165 0.43609 -0.88924 0.33683 -0.51192 0.76966 1.5146 -0.98343 -0.26128 0.83745 -1.6334 0.093409 0.85521 -0.19218 0.22544 1.0794 0.31387 0.018856 1.0218 0.32404 -1.0105 2.1013 -1.6886 -0.76401 -1.1182 -1.2529 -0.42514 -2.0704 0.87309 -1.0404 1.2371 0.10738 -2.4969 1.7569
-0.56758 1.2147 0.33882 -0.59426 -0.13665 -0.067338 0.39592 -1.5173 0.26462 -0.84537 2.2952 1.3429 -0.68951 0.55746 0.059995 -1.6796 -0.61656 0.047692 -0.31943 -0.62868 0.84556 -0.13596 0.93617 1.1591 -1.743 -0.16767 2.0992 -1.7026 0.13398 -1.2296 -1.2204 -0.36825 -1.7105 0.45357 -0.68734 0.68254 -1.0652 -2.1112 1.8791
-0.35971 1.4643 0.83204 -0.042871 0.4201 -0.27282 -1.3068 -0.42819 -0.68201 0.45576 1.0104 0.86864 -0.74384 1.2508 -0.55588 -1.3971 -0.93751 -0.77573 -0.44937 -1.0621 1.0854 -0.46558 1.3096 0.27339 -2.47 0.60815 1.1065 -0.93506 1.1886 -0.26571 -0.66908 0.18225 -0.67314 -0.042472 -0.29002 0.063534 -1.814 -0.75869 1.0408
0.46253 0.85483 -0.65244 -1.7227 0.26503 -1.8409 -1.3714 0.58647 -0.57911 -1.2612 1.4267 0.7573 -0.173 1.6394 -0.61555 -0.65302 -0.92358 -0.43562 -0.22595 -1.4357 0.97696 -0.11465 0.74382 -1.1438 -2.0678 0.8423 -0.044751 -0.15396 1.1344 0.69074 -0.004727 0.91537 0.83114 -0.37595 -0.021527 -0.81214 -1.1465 1.077 -0.073853
0.67904 0.85654 0.026926 -1.6282 -0.36963 -0.59803 -1.5875 -0.60092 -0.17687 0.91784 1.1451 -2.5546 -0.04758 1.0694 -0.39198 -0.0836 -0.24712 -0.21803 0.067138 -0.61521 0.94921 -0.3266 0.22938 -1.5086 -0.98612 0.319 -0.95384 0.52799 0.78955 1.6514 0.45172 1.4263 1.684 -0.8753 -0.11559 -0.72274 -0.20904 2.0688 -1.0236
0.72734 0.7081 0.04222 -1.0615 -0.50422 -0.59797 -1.3994 0.418 -0.22658 0.91536 -0.18277 -1.3635 -0.037563 0.5661 -0.2824 -0.36672 0.3788 -0.24473 1.079 0.69954 0.19666 -0.29461 -0.13669 -0.27546 -0.38462 -0.15177 -1.3253 0.70738 -0.01135 1.561 0.36906 0.8233 1.7542 -0.75621 -0.76268 -0.66404 0.87829 2.445 -1.2443
0.76776 0.78786 0.38541 -0.80421 -0.0024949 -0.3005 -1.1596 -0.1236 0.27009 -0.22742 0.23334 -0.0071748 -0.19742 0.16271 0.15798 -0.16511 1.5944 0.0093387 1.4962 1.0071 -0.21859 -0.65418 0.31322 -0.58125 0.71893 -0.69625 -0.99446 0.5741 -0.47855 0.61442 0.3747 -0.35186 0.6403 -0.58429 -0.96855 -0.38414 1.1864 1.5324 -0.83583
0.53685 1.1314 0.24497 -0.78495 -0.077644 -0.33884 -0.91101 0.2772 -1.1554 -0.63006 0.52437 0.50326 -0.54774 -0.16228 0.29002 -0.61776 1.1654 0.16931 0.54662 1.0204 0.099741 -1.5324 -0.61893 0.18158 1.8426 -0.84018 -0.78254 0.31804 -0.32274 -0.27602 0.015402 -1.5763 -0.42488 -0.11079 -0.83685 0.24067 0.43956 0.44314 -0.32325
0.59458 0.88673 -0.53378 -0.26585 -0.0097995 0.72066 -0.3017 0.017937 -1.0479 0.10017 1.3957 -0.64218 -0.70391 -0.26004 0.27939 -0.76897 0.55375 0.30462 -0.3446 0.42132 -0.12703 -1.7038 -0.29821 0.67792 0.88698 -0.80751 -0.52954 0.10256 0.046984 -0.93085 -0.36478 -1.5646 -0.75307 -0.019199 0.19197 0.75427 -0.070373 -0.45806 0.1529
0.88572 0.94902 -0.64676 0.19633 -0.11223 0.099563 -0.31149 -0.23112 -1.0397 0.4681 -0.067931 0.41302 -0.76325 -0.55659 0.18609 -0.60708 0.38533 -0.3665 -0.93442 0.20967 -0.047252 -1.5007 0.63278 -0.007555 0.39793 -0.66405 -0.27979 0.15205 0.88458 -0.49744 -0.4669 -0.70811 -0.82334 0.10383 1.257 0.966 -0.6349 -0.45198 0.28864
0.34642 1.1197 -0.28811 -0.51824 -0.2832 -0.34577 -0.49178 -0.014916 -2.3778 -0.26621 1.0152 0.45305 -0.84079 -0.54486 0.37866 -0.075377 0.2146 -0.44158 -0.67563 0.019751 -0.16399 -0.32928 1.1642 -0.62539 0.55383 -0.51361 -0.28964 0.17557 1.2803 0.21857 -0.27921 0.45456 -0.30572 0.45299 1.5765 0.37608 -0.29007 -0.1385 0.25915
0.43027 0.98822 -0.55291 -0.57968 0.32779 -1.391 -1.1554 0.25067 -2.0396 -0.095261 0.75533 0.2757 -0.92636 -0.50077 0.49189 0.57443 0.39644 -0.37645 -0.62215 -0.30215 0.34008 0.26567 0.54435 -0.45261 1.1336 -0.47736 -0.10312 -0.4392 1.2023 1.3584 0.1637 1.1497 0.50523 0.58056 1.9832 -0.43555 0.43522 -0.55497 0.32307
-0.076811 1.104 -0.22691 -0.16806 -0.97683 -1.0688 -0.47455 -0.19577 -1.8134 0.90726 0.18672 0.63894 -1.0418 -0.78554 0.41735 0.86135 0.98306 -0.24164 0.307 0.11594 0.58442 0.54161 0.47687 0.3153 0.25369 -0.44302 -0.022139 -1.1739 0.87476 1.8747 0.17739 1.2577 1.3103 0.69608 1.6873 -0.99441 0.93584 -0.96635 0.43084
0.15915 1.5655 -0.13676 -0.21755 -0.53463 0.029513 -0.44177 -0.080976 -0.9852 1.553 -0.1185 0.89122 -1.1513 -0.61733 -0.57088 1.0112 2.6224 -0.15012 0.66271 1.1075 0.73329 2.0114 0.10633 0.41078 -0.52804 -0.12893 0.017477 -1.4472 0.23557 1.4069 0.48638 0.89458 1.3573 0.50298 1.2496 -0.78402 0.85705 -1.168 0.41998
0.32272 1.2456 0.080004 0.60271 -0.31334 -0.209 -0.8023 0.67112 -0.70512 0.16113 0.8541 1.4257 -1.199 -0.53024 -1.0568 1.2283 2.7131 -0.21159 0.96932 1.7572 1.0202 2.1496 -0.58926 0.84886 -0.4921 0.072411 0.37536 -1.5028 -0.48731 -0.027541 0.29581 -0.10392 0.49173 -0.13087 0.25033 -0.42219 0.35737 -0.39126 0.52794
-0.42079 1.3236 0.43785 1.1199 -0.33406 0.12611 -0.074121 0.61583 -1.3636 0.66134 0.91479 0.10727 -1.2111 -0.60485 -1.195 0.81112 2.2457 0.55695 0.66509 1.4068 1.1251 1.932 -0.48008 1.0264 -0.76272 0.0060292 0.74847 -0.66564 -1.1665 -1.9225 -0.19327 -0.86943 -0.87015 -1.1175 -1.2021 0.41446 -0.20617 0.19279 0.56656
-0.32764 -0.0070905 0.67604 2.9075 -0.39774 -0.36014 1.1806 0.95155 1.0099 -0.30609 1.449 -0.83778 -0.81908 -0.1609 -1.7876 0.13539 1.1342 -0.02005 0.08464 0.88711 0.15109 1.0396 -0.073683 0.73794 -0.3864 0.42075 1.3573 -0.44912 -1.5331 -2.6322 -0.82584 -0.99827 -1.665 -1.8955 -1.5318 1.0552 -1.0586 0.65149 0.89262
-0.15984 0.21261 0.75485 1.9073 -0.59058 -0.015184 1.2233 1.3404 0.7002 -0.29716 1.1509 0.45829 -0.92854 0.46205 -1.3219 -0.43924 -0.26015 -0.62877 -0.52644 -0.06783 -1.0003 0.10006 0.6551 0.05159 -0.20156 0.69617 1.593 -0.2108 -1.2636 -2.8406 -1.5148 -0.83976 -1.8633 -2.2308 -1.679 1.131 -1.5624 0.9324 1.1367
-0.73305 0.61572 0.36215 1.7679 0.25904 0.2997 0.64691 1.065 0.53353 1.2276 1.0556 0.034234 -1.3049 1.2335 -1.7475 -0.77533 -1.0673 -1.2407 -0.30376 -0.59318 -1.6077 -0.064828 0.91363 -0.81057 0.49943 1.3009 1.0949 -0.054713 -0.51975 -1.8362 -1.4096 -0.30906 -1.7019 -1.6258 -0.8539 0.38001 -1.2102 0.31797 1.0793
0.49377 -0.35569 -0.2131 0.81357 -0.88845 -0.1041 -0.0044076 -0.27944 -0.31779 0.98297 1.0426 0.867 -0.44838 1.3952 -1.5706 -0.89768 -2.0866 -1.8042 -0.71753 -1.3092 -2.3422 -0.94246 1.2463 -1.3698 0.6132 1.5694 0.33404 -0.10166 0.544 -0.72286 -1.0003 0.38526 -1.1722 -0.58468 0.14559 -0.9158 -0.44918 -0.058652 0.80005
0.69328 0.1563 -0.15444 0.68488 -1.5161 -1.3065 -0.77622 -0.82398 -1.0216 0.85349 0.99112 0.19298 -0.3445 1.2245 -1.7577 -0.51729 -1.459 -2.1978 -0.41892 -1.6485 -2.3408 -0.20442 0.36932 -1.0063 -0.17081 1.8864 -0.73867 0.88364 1.6103 0.11836 0.031267 1.1066 -0.80472 0.64638 0.76859 -1.641 0.52249 -0.32762 -0.060436
0.9219 -1.2462 -0.038198 0.97529 -2.1451 0.18906 0.46633 -0.95941 0.20812 1.4459 -0.26447 0.3626 0.55524 1.0273 -1.4898 0.38361 -1.4352 -2.1139 0.21122 -1.7118 -1.7593 0.41721 -0.89016 -0.759 0.023491 1.8139 -1.2995 1.7222 2.1528 0.34719 1.239 1.8223 -0.37504 1.7148 0.8967 -2.0019 1.2286 -0.048037 -0.83432
1.0097 -1.2619 -0.1863 0.018466 -2.6252 -1.3639 -0.46923 -1.6896 -0.09577 1.3697 -0.15197 0.49761 0.577 0.15781 -0.3125 1.374 -1.1503 -1.0289 1.2409 -1.8806 -0.61561 0.75716 -1.2661 -0.049964 0.16073 1.0736 -1.4516 2.9475 1.8954 -0.3221 2.1993 1.3081 -0.27506 2.0385 -0.50699 -1.5504 1.5633 -0.040402 -1.6385
0.76053 -0.90464 0.1546 0.30619 -2.9422 0.17439 -1.5082 -1.3978 0.53142 0.24575 0.5051 -0.051638 0.73377 -0.28281 0.58514 1.8819 -1.5594 0.033962 1.7801 -1.8832 0.16948 0.33654 -1.8957 0.65284 0.35803 0.50778 -1.3063 3.2133 0.95263 -0.29109 2.6333 0.32719 0.22554 2.0104 -1.4043 -0.77139 1.0353 -0.49537 -1.9133
0.85176 -0.8028 0.77291 -0.34134 -2.5168 0.53796 -1.9004 -1.5104 0.54207 -0.4202 0.37079 0.59571 0.72641 -0.58993 2.133 2.015 -1.9991 1.0318 1.177 -2.0671 0.70261 -1.2308 -2.1971 1.4688 -0.41262 -0.34501 -0.95286 2.3856 -0.064093 0.13655 2.455 -1.4064 1.1177 1.3519 -1.605 0.3405 0.1681 -0.85086 -1.7046
0.73642 -0.29214 1.4568 -0.42336 -2.1607 1.0802 -2.3873 -0.94134 0.12421 -0.55861 1.1008 1.0837 0.62937 -0.82159 2.6604 1.7194 -1.5536 2.0094 0.81627 -1.1925 1.5344 -1.4624 -1.9572 0.58977 -0.64988 -0.84514 -1.107 0.97218 -1.2758 0.91784 1.9443 -2.1346 2.2133 0.81119 -0.57658 1.0254 -0.97888 -0.90661 -1.2245
0.36669 0.27407 1.757 -1.1614 -1.4846 0.92401 -2.1927 -0.55241 -0.46324 -1.3837 1.1217 0.45284 0.43269 -1.1959 2.638 1.3589 -0.87572 2.788 -0.89791 -0.14176 1.3661 -1.6212 -0.57468 0.32745 -0.98726 -1.2507 -1.2143 -0.89056 -1.9259 1.6541 1.2584 -1.5157 2.8111 -0.003822 1.1331 1.3633 -1.657 -0.53731 -0.3989
0.2999 0.79288 1.6895 -1.7048 -0.98474 0.6465 -2.2613 -0.43371 -1.9645 -1.2808 1.4281 -0.87751 0.093488 -1.8645 1.9562 0.024806 -0.34492 2.9601 -1.1448 1.2746 1.4438 -0.6751 -0.69525 -0.76133 -1.1151 -1.1945 -0.95456 -2.0082 -1.9738 1.5777 0.17982 -0.81289 2.3591 -0.83615 2.1269 1.2135 -1.2889 0.058802 0.40647
0.00051808 1.3189 1.4101 -1.2555 -0.012077 -0.2248 -2.2614 0.48902 -1.133 -1.5963 0.079513 -0.30825 -0.35261 -2.1352 0.99238 -0.44356 0.58497 3.0171 -0.66461 1.931 0.7591 0.61138 -0.14987 -1.2184 -1.2217 -0.87147 -0.28845 -2.3628 -1.5321 0.8695 -0.87595 0.87896 1.676 -1.3027 2.45 0.53889 -1.0803 0.64818 1.0293
-0.68175 1.3564 1.9786 -0.29473 0.91535 -0.92664 -1.5651 -0.10417 -1.0231 -0.0055449 1.197 -0.92816 -0.5213 -1.9779 0.12061 -0.76787 0.75785 2.2428 -0.82772 2.1626 0.22033 1.6582 0.213 -1.252 -0.41413 -0.31744 0.56121 -1.9835 -0.53709 -0.030734 -1.6015 1.5697 0.63532 -1.4501 1.6749 0.36628 -0.015195 1.2573 1.1143
-1.4461 0.74747 0.56753 -1.054 1.2272 0.024185 0.19802 0.53937 0.13561 -2.2582 -0.77442 -0.21847 -0.30103 -1.6348 -0.40001 -0.87192 0.25634 1.4265 0.5332 2.5361 -0.55265 2.0998 0.02319 -1.618 -0.072086 0.12503 1.1358 -1.1859 0.0014658 -0.77097 -2.0242 1.226 -0.51073 -0.75898 0.34405 -0.25452 0.67458 1.7115 0.69236
-1.5831 0.73221 1.373 0.092174 1.8051 0.9045 -0.25494 -0.22729 0.69939 -0.7461 0.15899 -1.0912 -0.17628 -1.1685 -0.66884 -0.67282 -0.22393 0.61402 1.1186 2.1597 -0.7194 1.9074 -0.070249 -0.5881 0.76128 0.27113 1.2477 -0.30795 0.62452 -0.46056 -1.6925 0.7491 -1.5722 -0.13394 -0.72109 -0.1459 1.2041 1.3345 0.02273
-1.4662 0.70342 0.90939 -1.0505 1.0013 -0.94847 0.078833 -0.25923 0.80923 -1.07 -0.093338 -0.32938 0.050086 -0.61855 -0.5998 -0.47448 -0.38734 -0.13777 0.59119 0.99015 -0.23759 1.1338 -0.52127 -0.17532 1.5258 0.055071 0.77766 -0.050448 0.44329 0.011345 -1.1128 -0.57231 -1.7818 0.50409 -0.9472 0.11208 1.2317 1.2596 -0.3702
-1.3714 0.81577 0.70638 -1.5195 1.0644 1.5501 0.93009 -1.0304 0.55857 -1.3511 -1.1407 -0.96494 -0.072959 -0.37468 -0.29755 0.12409 0.21189 -0.29468 0.49369 0.020439 -0.18063 0.64342 0.18647 0.47775 1.3884 -0.24102 0.37307 0.097949 0.189 0.51914 -0.35994 -0.65664 -1.1578 0.32639 -0.66212 0.78198 0.27227 0.27037 -0.35074
-1.6387 0.68856 0.96861 -0.87523 1.2558 0.61921 0.538 -0.10561 1.5789 -1.2664 0.3062 1.3976 -0.29982 -0.7181 -0.67293 -0.49213 0.075811 -0.3031 -0.23845 0.30096 0.18307 0.77864 0.10494 0.35618 2.0701 -0.26951 0.26122 0.14541 0.12389 0.44893 0.017798 -0.90765 -0.41896 -0.28736 -0.0068146 1.3407 -0.43241 -0.50435 0.043327
-1.7344 0.46769 1.0996 -0.61324 0.83491 -0.39411 -0.14135 0.10264 0.43924 -1.6242 0.57669 1.2484 -0.46005 -0.49168 -0.47128 -0.32411 0.5559 -0.012675 0.29392 0.35945 -0.27236 0.70589 1.1482 -0.2963 1.0195 -0.18291 0.5411 0.095245 -0.025283 -0.1975 -0.035167 -0.64654 0.017063 -0.41837 -0.11544 0.69949 -0.57651 -0.67636 0.37959
-1.9569 0.48957 0.928 -0.27325 1.1469 1.322 0.043331 -0.10594 1.4075 -1.216 -0.29834 0.64526 -0.40882 -0.12285 -0.27253 -0.022731 0.31739 -0.24822 -1.0108 0.048883 -0.73538 1.043 1.6314 -0.66266 0.73276 0.10374 0.94997 0.26362 0.5797 -0.59565 -0.21892 0.016828 0.075067 0.11319 -0.52858 0.19541 0.18627 -0.7667 0.32006
-2.4257 -0.020804 0.36528 -0.6102 1.1243 -0.43154 0.77026 -0.33596 1.9773 -0.34495 0.38367 1.993 -0.204 0.23983 -0.34128 -0.14012 -0.27211 -0.39532 -0.34098 0.1851 -0.52142 0.23298 0.79202 -0.18003 0.74475 0.24232 1.2509 -0.0055186 0.72945 -1.1118 -0.69458 -0.01538 -0.50725 0.73869 -1.3352 -0.74648 1.3127 -0.40131 0.27602
-1.5382 0.62334 0.57572 -0.85382 0.95565 0.70415 1.1136 -1.2842 1.4058 0.74058 -1.4673 0.15161 -0.13971 0.52213 -0.29977 0.42928 -0.63709 -0.5449 0.080294 0.53456 0.54777 -0.095068 0.65749 0.68085 0.7193 0.082992 1.6082 -0.022301 0.69176 -0.67625 -0.90197 0.70729 -1.3677 0.80086 -2.0833 -1.3191 1.596 -0.77105 0.18988
-1.4213 0.62103 1.1579 -0.97127 0.62464 -0.46795 0.37443 -1.6095 2.3495 0.44131 -1.1381 1.2003 -0.084711 1.3025 -0.46976 0.72144 -1.0838 -1.2292 -0.30969 -0.81925 0.55025 -1.4595 0.15167 1.7036 0.24923 0.31502 1.6331 0.039537 0.1549 0.30397 -0.84698 -0.098865 -1.8353 0.19168 -1.9472 -1.2016 1.2001 -1.3545 0.1815
-1.544 0.035848 0.78966 -0.96698 0.60316 0.20434 0.24624 0.35602 0.80506 -1.5776 1.4972 3.2029 -0.22066 2.0688 -0.24846 0.75307 -0.5583 -1.6024 0.24688 -1.984 0.31464 -2.3515 -0.66136 1.643 -0.5161 0.40323 1.5674 0.26175 -1.0596 1.3471 -0.39491 -0.43721 -1.5324 -0.6752 -1.3597 -0.96722 -0.05399 -1.8315 0.14222
-1.3906 0.11363 1.6516 -1.2277 0.18904 0.51309 0.9746 1.3378 0.53181 -0.22198 1.1543 1.3612 -0.48065 2.2318 -0.30366 -0.020911 0.28718 -1.53 -0.63612 -1.9597 -0.011097 -2.6056 -0.92982 1.7818 -1.2698 0.40327 1.0334 0.65038 -1.9348 2.0797 0.53517 -0.64539 -0.46299 -1.2382 0.17303 0.15151 -1.4557 -1.6487 -0.17866
-0.27886 -0.10604 1.2267 -1.8452 -0.74356 0.24969 -1.4367 -0.64482 -0.45882 -0.21014 1.379 0.5876 0.34692 2.7112 0.052203 -1.0121 1.277 -1.1724 -0.59169 -1.7364 -0.47416 -2.3057 -0.72061 0.53633 -2.0818 0.29076 0.12505 0.77932 -2.4806 1.824 1.3435 -0.83383 0.52512 -1.2819 1.1558 0.78001 -1.5485 -0.027267 -0.57329
0.47734 0.27022 1.0488 -0.91574 -1.0235 0.01863 -1.7304 -1.1038 -1.0642 -0.95601 0.78794 0.53367 0.29984 2.7289 0.4651 -1.7172 2.0034 -0.4002 -1.1091 -1.7966 -1.4597 -1.1798 0.46919 -0.69686 -2.1727 0.057998 -1.0045 0.9351 -1.7038 0.79627 1.7773 0.024938 1.3346 -0.43062 1.3362 0.76761 -0.9164 1.7301 -1.0615
0.82219 0.45598 0.45078 -0.090297 -0.76837 -0.87991 -0.87362 -1.3145 -1.3173 -0.83778 0.61358 -1.2754 0.11109 2.0263 0.66807 -2.661 2.0978 0.46007 -1.0825 -1.0826 -1.4509 -0.78292 0.16677 -0.25987 -0.11365 -0.43245 -2.1522 0.64868 -0.40485 -0.70103 1.5383 0.79408 1.9313 0.51629 0.94113 0.37742 0.27514 2.7405 -1.159
1.2941 0.38286 -0.17569 0.67407 -0.56736 -0.73836 -1.4749 -0.65771 -0.49849 -1.403 0.57032 -0.035685 -0.063509 0.86363 0.94993 -2.1194 1.4197 1.1309 -0.37447 0.20079 -0.34672 -0.7223 0.12965 0.32209 1.1176 -1.1033 -2.4637 0.23445 0.56067 -1.7227 0.6553 1.6555 1.995 1.3836 0.34818 0.041944 0.59686 2.7198 -0.79253
1.2467 0.39276 -0.70938 0.85399 0.24879 -0.75012 -1.9284 -1.086 -0.66893 0.42968 0.83365 0.061531 -0.31861 -0.014467 0.89214 -1.4948 0.23975 1.0709 0.47422 0.86128 -0.0016695 -0.68519 0.18265 0.59025 1.6111 -1.1684 -1.8519 -0.13704 1.2451 -1.9033 -0.37047 1.5206 1.6314 1.4331 -0.016277 0.080967 -0.23684 0.98477 -0.035578
0.99611 0.7768 -1.2522 0.29099 0.33967 -0.68151 -0.95122 -1.4942 -1.1361 -0.15131 1.0993 1.656 -0.65924 -0.43758 0.74241 -1.3197 -0.35641 0.57367 1.1327 0.94613 0.54188 -0.57338 0.53301 0.095203 2.2627 -0.96847 -0.69833 -0.72875 0.90081 -1.3142 -1.139 0.61265 0.89371 1.2466 0.10139 -0.53581 -0.7889 -0.44173 0.80698
0.80564 1.0404 -0.52172 -0.36733 0.40085 -0.06205 -1.1639 -1.1753 -2.12 -0.9022 1.6948 1.8079 -0.76963 -0.4718 0.5397 -0.90035 -0.64927 0.008725 0.93561 1.5838 0.92786 -0.93597 0.11383 -0.62341 1.2346 -0.56113 0.32559 -1.3813 0.41474 -0.3481 -1.2437 -0.25773 0.15303 1.3354 0.63783 -1.0094 -0.54005 -1.2516 1.3028
0.57046 1.1243 -0.53654 -0.18305 0.15914 0.37118 0.072024 -0.92519 -1.7322 -0.9473 0.98879 1.3944 -0.92568 -0.098842 -0.095893 -0.84973 -0.64103 -0.57337 0.49385 1.5075 1.6465 -0.43856 -0.90381 -0.66986 0.45019 0.015754 0.97402 -1.8563 -0.0026536 0.21379 -0.9166 -0.72002 -0.45977 0.9537 1.031 -1.07 0.18263 -1.4543 1.5001
0.66869 0.89247 -1.6619 0.20875 -0.097346 0.34948 -0.20374 0.00019271 -1.1936 0.45291 0.22015 2.0769 -0.83063 0.36259 -1.0025 -1.0008 -0.27002 -0.79601 0.28911 0.87192 2.0779 0.48592 -1.1011 -0.12031 0.085379 0.63544 1.1224 -1.9224 -0.13721 0.22216 -0.36576 -0.58858 -1.0925 0.15375 0.90657 -0.41311 1.0822 -0.73081 1.3961
0.97645 0.77141 -1.3471 0.042502 -0.27292 -0.0074923 0.28653 0.32612 -1.8886 -0.92094 -0.15455 1.3748 -0.59843 0.79203 -1.5948 -1.26 -0.12033 -0.82371 0.099708 0.45443 1.8518 0.74589 -0.98113 0.21906 0.010789 1.0768 0.75346 -1.2844 0.2346 0.040658 0.23263 0.034907 -0.96377 -0.93753 0.20093 0.48689 1.5019 -0.60132 1.0336
1.1355 0.31395 -1.7467 -0.37691 -0.41227 -0.3817 0.023641 0.67911 -1.3774 -1.506 0.90358 1.1317 -0.31005 0.98133 -1.9297 -0.91768 -0.46787 -0.58686 0.018603 0.086638 1.1448 0.25146 -0.67336 1.1354 0.035991 1.3686 0.32023 -0.4318 0.47235 0.068303 0.62565 0.58562 -0.56837 -1.628 -0.14373 1.3762 1.0644 -0.7672 0.48219
1.306 -0.13552 -1.9063 -0.29792 -0.68365 0.21423 -0.0092901 1.1069 -0.55249 -2.1868 1.7777 2.2976 0.021633 0.86431 -1.784 -0.47279 -0.4485 -0.22658 0.6637 0.1158 0.29715 0.037459 -0.16825 1.7585 -0.69138 1.4711 -0.055923 0.24522 0.63839 0.34274 0.88774 0.98764 -0.36946 -1.5873 0.035009 2.0491 -0.010201 -1.0629 -0.038129
1.602 -0.34435 -1.7681 -0.3395 -0.70069 0.47406 -0.22906 1.0348 -1.2765 -1.5894 1.3452 1.5439 0.28197 0.86378 -1.6332 -0.56604 0.040697 0.12665 1.0563 -0.0082294 -0.3118 0.50492 1.1962 1.2772 -1.0527 1.2889 -0.37763 0.74532 0.2936 0.68515 1.0216 0.7091 -0.27939 -1.1708 0.57885 2.0809 -1.3976 -1.3389 -0.42569
1.6233 -0.67701 -1.8771 -0.58916 -0.56596 0.2441 0.39618 0.46695 -1.5846 -0.6561 1.7117 1.5197 0.48529 0.74982 -1.3357 -0.32125 0.29844 0.55413 1.3707 -0.17789 -0.50744 0.64385 2.1151 0.13174 -1.5096 1.0509 -0.66974 0.79812 -0.0078886 0.59913 1.0424 -0.14504 -0.2969 -0.31174 0.84549 1.5776 -2.0148 -1.0329 -0.59692
1.6551 -0.62836 -2.1323 -0.23196 -0.3032 1.1821 0.075354 0.39275 -1.3385 -0.081593 2.1106 0.3492 0.78556 0.39166 -0.90984 -0.47324 0.4885 1.0195 0.94179 -0.27888 -0.72536 1.068 2.2786 -0.88684 -2.1567 0.83038 -1.0229 0.79046 -0.019782 0.34738 0.81717 -0.7803 -0.18536 0.49975 0.88623 0.59824 -1.7612 -0.69486 -0.53711
2.0964 -0.89582 -2.0913 0.096044 -0.13035 0.98981 0.13271 0.087375 -0.50423 0.22247 1.4448 -0.11839 0.73879 -0.042254 -0.81331 -0.51871 0.49244 1.3646 0.42405 -0.29378 -0.087432 1.4126 2.3915 -1.2493 -2.1455 0.65046 -1.239 0.47954 0.048588 0.072453 0.32557 -1.4319 0.15838 0.7068 0.82996 -0.13639 -1.27 -0.013461 -0.42451
1.9568 -1.1068 -2.0716 -0.14683 0.25081 1.527 -0.50159 0.5289 -0.032952 1.0015 1.1113 -0.12059 0.856 -0.48204 -0.57485 -0.48733 0.62565 1.3178 0.062356 -0.28787 0.47482 1.8593 2.227 -1.6068 -2.083 0.54455 -1.2655 0.14934 0.63621 -0.11529 -0.17745 -1.3912 0.38078 0.59751 0.67184 -0.9028 -0.62019 0.68201 -0.24067
1.6295 -0.92716 -2.4642 0.22443 0.69183 1.0905 -0.27418 0.080183 0.49884 0.7677 0.35949 -0.70586 0.98663 -0.92193 -0.70382 -0.21637 0.38447 1.0384 -0.85737 0.12788 0.29425 1.8736 1.8608 -2.0847 -1.5685 0.4475 -0.76167 0.090939 1.2051 0.029878 -0.65271 -1.3854 0.44559 0.23374 -0.038865 -1.6818 -0.093374 0.78643 -0.21447
1.4298 -1.2438 -2.3069 -0.023813 1.1657 0.61385 -0.15452 1.0641 -0.14165 2.3223 0.23912 -1.4508 1.0465 -1.3221 -0.71762 0.4864 0.33697 0.8307 -1.0103 0.2249 0.2717 2.1445 0.75214 -1.7251 -1.1137 0.50938 0.099238 0.20295 1.6567 0.24126 -1.1183 -1.0599 0.32 0.30011 -1.0363 -2.2666 0.63317 1.0568 -0.43966
1.0657 -1.1183 -2.4923 0.36147 0.97068 0.70437 0.13238 0.9909 1.1736 2.4212 0.31216 -1.5845 1.1685 -0.92087 -0.59266 1.0859 0.70971 0.32529 -1.6217 0.28492 0.49019 1.1459 -0.19945 -1.3756 -1.0954 0.29171 0.81778 1.124 1.8505 0.64111 -1.6863 -0.31691 0.17882 0.18745 -1.5267 -2.6757 0.87377 1.6138 -0.99098
0.85836 -1.4931 -2.1754 0.23736 0.85308 0.0015405 0.25241 0.21107 1.4996 2.0718 -0.74587 -1.6186 1.2082 -0.32026 -0.29376 1.7315 0.94142 -0.52057 -1.5379 0.23526 0.98279 0.090605 -1.2248 -0.67043 -0.25865 -0.15051 0.74845 1.9983 1.8985 0.43019 -1.9524 0.29582 0.094889 -0.29876 -2.0685 -2.0637 0.67523 1.9121 -1.6186
0.63296 -1.6543 -1.1903 0.39389 1.1283 0.16254 -0.015735 0.54855 2.7345 0.5884 -0.53145 -1.2329 1.3226 -0.041172 0.96177 2.3653 1.3276 -1.5933 -1.2072 0.46197 0.32419 -0.21951 -2.4397 -0.8322 1.1491 -0.96652 -0.46776 2.4384 1.5911 -0.30616 -1.237 1.3075 0.16791 -1.293 -1.6714 -0.89715 0.58326 1.9241 -1.7328
1.154 -1.4281 -1.1089 0.94042 0.74135 -0.81315 -0.19777 1.5016 0.33238 0.75047 -0.54328 -2.0799 1.0823 -0.49792 1.8455 3.1336 0.8688 -2.0387 -0.7023 0.31964 -0.21126 -1.3837 -2.2094 -0.62042 1.4896 -1.7109 -1.7601 1.8298 0.71526 -1.2615 0.14832 1.6022 0.31719 -2.0209 -0.83048 0.69146 0.20368 1.0571 -1.0384
1.3869 -1.059 -0.72841 1.2855 -0.20097 -0.77734 0.31483 1.9461 -0.13526 -0.27378 -0.096326 -0.96257 0.65371 -1.6319 2.4143 3.1418 0.17439 -1.343 0.33975 0.56171 -1.4243 -1.5284 -1.4878 -0.21114 1.7795 -1.9785 -2.4266 0.18601 -0.41538 -2.0083 1.6451 1.4202 -0.092713 -2.0037 0.21593 1.5587 0.579 -0.19924 0.36495
1.0515 0.17614 0.22263 1.5529 -1.4225 -0.48288 0.84559 0.65753 0.67553 -0.80233 -1.1171 0.77052 -0.23186 -2.5178 2.0383 2.5903 -0.88604 -0.3595 0.61074 0.78182 -2.079 -0.97302 -0.34776 -0.56279 1.4877 -1.4721 -1.8181 -1.2305 -1.4529 -1.8941 2.4444 0.4423 -0.5407 -1.256 0.97682 1.3069 0.80316 -1.4911 1.6705
-0.20654 0.39905 1.1404 0.76795 -1.4238 -0.032755 0.30908 -0.20954 -0.19266 -0.23258 -0.75053 -0.049555 -0.59451 -3.1551 1.1736 1.9349 -1.6316 0.78524 0.7231 0.065469 -2.6442 -0.035865 -0.3069 0.31983 0.76631 -0.44177 -0.23838 -2.1941 -2.0607 -1.3113 2.2062 -0.77195 -1.1028 0.07718 1.014 0.48052 1.3665 -2.2431 2.2775
-1.4922 0.29927 1.2264 0.08353 0.40198 0.67664 0.86255 -1.925 0.16265 -0.13978 -0.80859 0.48637 -0.48262 -2.8277 0.40426 1.2464 -1.8457 1.681 -0.10881 -0.43027 -2.0405 -0.20884 -0.23282 0.75042 -0.90182 0.46434 1.4155 -1.9416 -2.2303 -0.46372 1.0527 -1.174 -0.77816 1.453 0.94602 -0.4497 1.2971 -1.9991 1.8708
-1.6194 -0.16922 1.0788 -0.51885 0.98189 0.10362 0.90124 -0.71307 0.85094 0.3892 -1.1939 -0.034335 0.24751 -1.8876 -0.44214 0.27541 -1.8454 1.954 -0.75238 -0.87492 -1.2738 0.085434 -0.6084 1.9133 -1.3874 1.066 2.4758 -1.0054 -1.8541 0.34878 -0.58419 -0.95798 0.0050743 2.5148 0.66828 -0.33009 0.11376 -1.2201 0.77047
-1.6949 -0.25819 0.67092 -0.39869 1.001 -0.38578 -0.42872 -1.2877 -0.21565 -0.60181 0.67812 -0.94872 0.67725 -0.75558 -0.40484 -0.41066 -1.653 1.1139 -0.84414 -0.18735 0.097756 0.82543 -1.095 1.2805 -1.3221 1.0705 2.3211 -0.069726 -1.1572 0.87151 -1.7085 0.19583 0.50573 2.2381 0.75578 -0.26213 -0.77565 0.087873 -0.45748
-1.4196 0.050929 1.1257 -0.41125 0.94442 -1.1057 0.12482 -0.77498 -0.31126 -1.1419 0.25208 -1.7698 0.56854 0.0040343 -0.10662 -0.41873 -1.0433 -0.079859 -0.70387 -0.039651 1.2265 0.74683 -0.53787 0.29025 -1.3941 0.61355 1.5215 0.43823 -0.098116 1.466 -1.8319 1.2843 1.348 1.7566 0.28532 0.58774 -1.4131 1.1075 -1.3534
-1.4793 -0.065655 0.87632 -0.92651 0.94308 -0.88431 -0.34726 -1.7924 1.0721 -1.3921 1.2902 -0.60159 0.44417 0.15924 0.11698 -0.3873 -0.55943 -0.65309 0.19801 0.098931 1.1077 0.93648 -0.79611 -0.0099003 -0.72334 -0.11379 0.71405 0.29935 0.39156 2.0913 -1.112 1.681 1.1785 0.79081 -0.67258 1.3665 -0.75305 1.7096 -1.6285
-1.6402 -0.033865 0.63435 -1.6659 0.58396 -0.23848 1.0261 -0.08094 1.323 -1.3034 -0.2434 -1.6021 0.52649 0.23088 0.027215 0.10866 0.43543 -0.75517 1.0629 1.4942 1.6774 0.55862 0.3905 -0.30862 0.47287 -0.72427 0.48271 0.1258 0.3638 2.724 0.098832 1.2532 0.57282 0.11087 -1.3812 1.4293 -0.16717 1.7525 -1.4879
-1.534 -0.0032094 0.71657 -0.9224 0.50152 -0.30553 0.70409 0.33149 0.98936 0.056607 -1.1091 -1.596 0.46772 0.33662 0.026177 0.014725 1.6348 -0.73087 1.3397 1.243 1.4385 -0.48058 1.1253 0.054021 1.0758 -1.1273 0.60822 0.18963 -0.18023 2.8398 1.0775 0.56479 -0.76647 -0.53157 -1.5045 1.4823 0.39788 1.3846 -1.2387
-1.3561 -0.11804 0.52866 -0.8055 0.029803 0.14016 0.079266 0.2422 1.469 -1.7571 0.13886 -1.2215 0.2068 0.7284 0.14638 0.021479 3.1003 0.14832 1.0045 0.45986 1.2967 -1.3717 1.3099 -0.077106 1.1214 -1.4989 0.42302 0.71541 -0.75484 1.505 1.3649 0.031421 -1.7164 -1.1261 -1.0952 0.96533 0.4419 0.63082 -0.94703
-1.2922 -0.11034 1.2936 0.64406 0.13543 0.65336 2.3213 0.75982 -0.19672 0.16378 0.9711 0.038576 -0.33557 0.93652 0.37178 -0.64034 3.5709 1.0014 1.2381 -0.80155 0.27644 -1.1736 1.6571 0.68713 1.6513 -1.9068 0.52543 0.54084 -1.4702 -0.5595 0.72778 -0.080703 -1.3355 -1.0672 -0.38701 0.59017 -0.078442 0.15803 -0.069665
-1.0209 0.16321 0.89222 1.2487 0.096806 0.34432 1.2208 0.35998 -0.50296 0.4202 0.43305 0.0003887 -0.74561 0.64271 1.0484 -0.85098 2.3698 1.048 1.1419 -0.66672 0.073487 -1.3459 2.0178 0.27707 1.417 -2.0011 0.78799 -0.0182 -2.1576 -2.8455 -0.65332 -0.30815 -0.91943 -0.97201 0.60264 -0.5133 -0.2022 0.014637 1.1225
-0.64558 0.076407 0.53316 2.3056 1.6905 0.35637 -0.048739 0.42445 -0.16247 0.27551 -0.00362 0.20764 -1.0207 1.265 0.47711 -2.0695 0.94243 0.24056 1.0926 -0.66899 -0.019467 -1.3186 1.9245 -0.27817 1.2397 -0.99753 1.1906 -1.0328 -2.0125 -3.7573 -1.6729 -0.80626 -0.049505 -0.48443 0.74046 -1.4117 0.21682 -0.407 2.2647
-0.64042 0.40074 -0.48424 2.0628 1.8855 1.6557 -0.44949 0.3804 0.31412 1.4381 0.2007 0.35527 -1.4471 1.8953 0.060399 -2.9693 -1.0279 -0.75528 0.4798 -1.3083 -0.43873 -0.13156 0.1527 -0.0010288 1.3598 0.024832 1.4101 -1.7568 -1.3646 -3.2675 -1.8493 -1.1996 0.342 -0.42367 0.43104 -1.6551 1.3003 -0.80077 2.678
-1.0546 1.2019 0.16255 0.96128 0.96173 0.99942 0.52375 0.49778 -1.0456 2.2924 -0.31282 0.35739 -1.6472 2.3245 -0.86494 -3.0364 -1.9217 -1.3781 0.053984 -0.56583 -0.39675 -0.33559 -0.20592 1.2711 0.89182 1.0704 0.89804 -1.4364 0.16054 -1.7393 -0.78765 -1.6001 0.50487 -0.10801 0.060571 -1.2734 1.4646 -1.2929 2.0941
0.65695 -0.32998 -1.8415 0.42822 -0.62031 1.5926 0.50693 0.36621 -0.97388 0.6834 0.54691 1.1255 -0.40186 2.4998 -1.2225 -2.7059 -2.4499 -1.7693 -0.57867 -0.075754 -0.54826 -1.0153 -0.19273 2.1489 0.036462 1.6831 0.067184 -0.87372 1.0228 0.17486 0.69509 -1.2342 0.33832 0.18199 -0.10289 0.0014862 0.45716 -1.778 1.1601
1.1644 -0.050086 -1.8945 -0.279 -0.76629 0.53439 -0.020841 -0.1719 0.15052 -0.36662 0.99098 2.1759 -0.31149 2.4806 -1.2874 -1.9103 -1.6671 -0.79958 -1.3558 -0.34004 -0.1574 -0.80057 -0.42565 1.6273 -0.61094 1.863 -1.1407 0.5419 1.8124 1.252 1.6782 -0.53938 -0.14134 0.35388 0.55177 0.70015 -1.095 -1.8037 -0.20289
1.5556 -0.8133 -2.2867 -0.050451 -0.37854 0.34542 -0.23433 -0.054808 -0.96884 0.63159 2.0253 0.35783 0.27881 1.9251 -1.1929 -1.7552 -0.80412 0.31268 -1.1187 -0.78553 -0.18361 -0.15207 0.25452 0.75412 -1.3453 1.6732 -1.9095 1.2409 1.9219 1.5194 1.5808 0.67247 -0.10038 0.49108 1.3648 0.86078 -2.1617 -1.2685 -1.0529
1.6837 -0.54653 -2.2595 -0.41362 -0.0052356 0.25221 -0.1321 -0.18978 -1.8099 1.2602 2.3571 -0.32164 0.28466 0.67006 0.024005 -0.37347 -0.32755 0.86394 -0.69941 -0.46672 0.1321 0.29803 0.94055 -0.25223 -1.9238 0.71937 -2.0751 1.5352 1.6771 0.88597 0.40572 1.2272 0.288 0.23658 1.9885 -0.12493 -2.4055 0.076039 -1.4176
1.7326 -0.22117 -2.0299 0.041589 0.7325 -0.075824 -0.4239 0.65257 -0.83427 1.1939 0.96452 -0.2561 0.24934 0.15872 0.19497 -0.14706 -0.18959 0.4912 0.30235 -0.19207 0.28663 1.1378 0.81111 -1.2997 -1.772 0.40186 -1.443 0.90278 1.2877 0.46325 -0.65645 0.7484 0.49111 0.21945 1.9188 -1.3645 -2.1694 1.3429 -1.114
1.5481 -0.50973 -2.6315 -0.24149 0.45668 0.02181 -0.38299 -0.067436 -0.78907 1.9503 0.35776 -0.79527 0.60408 -0.16374 0.58411 0.19084 -0.25934 -0.098432 0.16481 -0.094586 0.089106 2.5127 -0.96136 -2.2297 -0.2455 0.0032951 -0.73678 -0.6235 0.78885 0.36728 -1.284 -0.02565 0.4618 0.15224 0.9491 -1.8659 -1.0844 2.029 -0.28161
1.5637 -0.1698 -2.0955 -0.25369 0.017924 0.70703 -0.10471 0.32753 0.24243 0.99468 0.84578 -0.84512 0.23853 -0.11284 0.034464 0.1966 0.065967 -0.49629 -0.20175 -0.051928 0.28599 2.5586 -1.497 -2.6611 0.43341 0.070651 -0.45433 -1.3516 1.1921 0.48092 -1.0161 -1.1026 0.64045 0.31583 -0.53778 -1.4174 0.037844 1.7373 0.15627
1.5004 -0.17953 -2.1674 -0.57261 -0.15408 0.9523 -0.38154 0.1159 1.3887 0.92106 0.0088562 -0.6923 0.30283 -0.45055 -0.94172 0.82866 0.26479 -1.1618 -0.52433 0.32842 0.44901 1.4529 -1.5969 -1.7707 0.92661 0.39039 -0.20477 -1.5137 1.2849 0.609 -0.44351 -1.5245 0.95272 0.48311 -2.0416 0.037678 1.01 0.79894 0.45679
1.4468 -0.16986 -2.0132 -0.34642 -0.2657 -0.06778 -0.33419 0.0284 1.793 -1.1991 -0.54302 0.2708 0.27761 -0.47495 -1.3062 1.6032 0.48643 -0.97172 -1.4141 0.79367 0.74338 0.53897 -1.6778 -1.448 1.0273 0.48495 0.00092243 -0.56039 1.1598 0.65244 0.010722 -1.2304 1.0266 0.14203 -2.6032 1.0219 1.4883 0.1518 0.11795
1.6949 -0.62373 -2.1024 0.055147 -0.20764 -0.46236 -0.26542 0.74735 1.0616 -0.097971 -1.5015 0.22891 0.48957 -0.33627 -1.2808 1.7166 0.71419 -0.73377 -2.0674 1.2602 0.82447 -0.63428 -0.80758 -0.77957 1.0166 0.60208 0.37041 0.56816 0.13708 0.58904 0.18186 -0.21443 0.75212 -0.028114 -2.0418 1.8931 1.6867 -0.5045 -0.3098
0.86727 -1.5666 -0.99763 0.34124 -1.2181 -0.52172 0.2744 1.1253 0.45823 -0.2249 -0.64845 0.6907 0.98683 -0.1745 -0.7364 1.7661 1.1084 -0.69361 -1.7267 1.3972 0.39486 -1.6855 0.11315 -0.12822 0.68794 0.17395 0.41484 1.3469 -0.89923 0.35891 0.014396 0.84019 0.17717 -0.35095 -0.77303 1.8767 1.721 -0.83212 -0.63052
1.0969 -1.4078 -0.63769 0.028012 -0.78488 -1.4464 0.97158 0.70974 0.31333 -0.58979 -0.85474 0.092838 0.88003 0.021719 -0.27898 0.99755 1.0993 -0.94894 -0.7928 1.4314 0.58693 -1.5921 1.2309 1.0011 0.11845 0.0016645 0.31715 1.2295 -1.3841 -0.035967 0.35135 1.3083 -0.29775 -0.27349 0.5559 1.2221 0.59605 -0.93668 -0.53075
1.4262 -0.82387 -0.5109 0.41221 -0.82101 -1.573 1.3848 1.2517 0.094831 -0.10912 -0.0059733 0.68754 0.65619 0.04393 0.44331 0.4266 0.99794 -0.84024 -0.5332 1.0443 0.19407 -0.58454 0.99374 1.1631 -0.13908 -0.32396 0.097975 0.68002 -1.4651 -0.39188 0.67378 1.2125 -0.72607 -0.078631 1.4282 0.33122 -0.40247 -0.81478 -0.10071
1.4066 -0.59058 -0.62892 0.95337 -1.0829 -1.0836 0.93305 0.11817 -0.73149 0.58909 -0.80978 0.5612 0.22157 0.086624 0.18345 0.014401 0.71604 0.023461 -0.28348 0.89021 0.40836 -0.11124 1.1518 -0.20975 -0.38882 -0.08234 -0.47558 -0.45639 -0.69196 -0.73236 1.1278 0.53835 -0.9331 -0.030652 1.2458 -0.48095 -1.3547 -0.63298 0.46606
1.501 -0.85044 -1.4543 1.0371 -1.8495 -0.85276 1.4393 1.6046 -0.19728 0.98357 0.64767 0.30606 0.57097 -0.046783 0.16717 -0.25395 0.56393 0.13568 0.22281 0.32525 0.34895 0.4041 0.79504 -0.33635 -0.64014 0.039977 -0.48281 -0.99827 0.10648 -0.84329 1.1097 0.27552 -0.83377 0.34935 0.22661 -0.74759 -1.3416 -0.37055 0.74196
1.2577 -0.68308 -1.0815 1.1018 -1.4909 -1.4068 1.1263 1.0188 0.64117 0.86329 -0.21168 0.028613 0.42981 -0.74606 -0.9073 0.15905 -0.072837 0.76797 -0.20868 0.063605 0.46818 0.37629 0.37054 -0.9978 -0.85891 0.64196 -0.49952 -0.85888 0.68071 -0.716 0.88123 0.11245 -0.70252 0.16201 -0.31438 -0.77368 -0.60718 0.07152 0.52068
0.90087 -1.7466 -0.37844 0.71604 -0.3697 -1.3463 1.9954 1.6346 0.11833 0.94834 -1.6925 0.02058 1.1752 -0.36514 -0.68426 0.55191 -0.20953 0.95693 -0.092702 -0.085172 0.86646 -0.41781 -0.10123 -1.1648 -0.62114 0.62209 -0.13523 -0.42164 0.6421 -0.47546 0.54053 0.077325 -0.33539 0.09849 -0.54801 -0.61412 -0.17984 0.29406 0.14077
1.421 -0.49231 -1.0288 0.79434 -0.676 -1.0624 1.1939 0.86545 0.69607 0.3384 -0.56386 -0.66801 0.53514 -0.60797 -0.83059 0.799 -0.255 1.3347 0.051743 -0.20337 0.48529 -0.37915 0.062867 -1.025 -0.25502 0.54506 0.27732 0.38649 0.096644 -0.036889 -0.10835 0.64781 -0.43008 -0.07628 -0.10504 -0.25966 0.62631 0.4106 -0.35821
0.27537 -1.9597 -0.34472 0.4689 0.034059 -1.8351 1.1874 1.6991 -0.1641 0.86435 -1.2604 -0.25344 1.3533 -0.35139 -0.57945 0.54705 -0.24135 0.90682 0.20535 -0.15771 0.55179 -0.36747 -0.27347 -0.68388 -0.36565 0.33776 0.060079 0.11949 -0.10225 -0.0047557 -0.26312 0.74926 -0.4251 -0.19294 0.30361 -0.22891 0.24051 0.1144 -0.25898
1.5173 -0.94358 -0.45081 1.0261 -0.58843 -0.73025 0.93781 1.8781 -1.6299 0.60464 -1.6031 -0.17557 0.73824 -0.28842 -0.31598 0.34216 -0.11206 0.57649 0.80607 -0.69256 0.49492 0.093798 -0.066499 0.03871 -0.18341 0.15464 0.4419 0.60734 -0.68383 0.027405 -0.35648 0.79262 -0.30868 -0.47383 0.61334 -0.57987 0.11701 -0.20058 -0.33593
0.44504 -1.8578 -0.5247 0.67752 0.24012 -1.0465 1.4534 2.0009 0.63353 1.3046 -0.49024 -0.017543 1.2466 -0.42905 -0.74453 0.61815 -0.2745 0.81631 0.88082 -0.62376 0.50278 -0.088748 -0.49905 -1.2036 -0.43021 0.36258 0.067355 0.38205 -1.0723 -0.11531 0.13066 0.47978 -0.13644 -0.97667 0.8829 -0.97808 0.0077591 -0.2499 -0.032645
0.90247 -1.3276 -0.24964 0.58299 -0.011518 -1.324 1.2849 1.5639 0.32 -0.079183 -1.9505 -0.90017 0.89799 0.17465 0.26515 -0.40131 -0.17023 0.67736 1.1446 -0.53713 -0.39874 0.6707 -0.97914 -0.52308 -0.60905 -0.057599 0.36519 0.73035 -1.3885 0.0034571 0.18157 0.67612 -0.011596 -1.0772 0.63965 -1.2528 0.23539 -0.047765 -0.10483
0.67698 -1.691 -0.26408 0.5587 0.33067 0.12793 0.47065 2.0787 0.31204 0.91718 -0.95776 -0.29964 1.2369 -0.47472 -0.23372 -0.91562 -0.41781 1.108 0.8903 -0.4821 -0.89392 1.0761 -1.7574 -0.38293 -0.63512 0.3878 0.17531 0.46423 -1.4634 0.17486 0.14025 1.0668 0.1624 -0.85001 0.84379 -0.75839 1.1806 0.0915 -0.040841
0.59069 -1.6642 -0.10009 0.35383 0.65647 -0.46497 0.3205 1.7435 -0.44314 -0.57927 -2.9052 -1.3252 1.1858 0.34804 0.6476 -1.2704 -0.018147 0.78199 2.0173 -0.77803 -0.89591 0.75357 -1.9194 0.11095 -0.16983 -0.0412 0.01122 -0.24535 -0.62519 0.19556 0.1707 1.0947 0.48138 -0.34358 0.5731 -0.2205 0.75744 -0.16229 0.062742
1.1408 -1.116 -1.3731 0.62069 0.60068 -0.18182 0.86711 0.94168 0.56379 -0.37937 -1.2197 -0.70885 0.9606 -0.22433 -0.16198 -1.4559 0.00049319 1.0344 2.3803 -0.19456 -0.89333 1.5231 -1.5358 0.8827 -0.46764 0.28385 0.20996 -0.45644 -0.029832 0.24426 -0.20272 1.0044 0.56271 -0.059514 0.24453 0.99153 0.58119 -0.20861 -0.11178
0.3072 -1.6678 -1.5292 0.34766 1.292 0.13358 0.70258 0.68837 0.92823 -1.9732 -1.5197 -0.9452 1.5027 0.062407 -0.18406 -1.1948 0.011337 1.0442 2.3867 0.22068 -1.0527 1.5554 -1.5359 0.38755 -1.0046 0.10629 -0.3513 -1.1355 0.63025 -0.13343 -0.38289 -0.050921 0.41051 0.062494 -0.3117 1.8269 -0.061315 -0.30171 0.027283
1.3261 -0.82066 -1.5077 0.75829 0.93059 2.0053 0.1603 1.1235 1.7289 -1.2225 -0.48809 -0.21814 0.8662 0.018298 -0.58437 -0.99077 0.051599 0.57551 2.5264 0.071293 -0.91332 1.1217 -0.0043518 0.66408 -0.61967 0.11859 -0.16276 -0.59544 0.93754 -0.24354 -0.61143 -0.77555 0.10894 0.13047 -1.0386 2.2941 -0.38771 -0.024709 -0.19302
0.1672 -2.1391 -1.4697 0.43091 1.5635 1.8517 1.0015 0.71765 2.1077 -1.5698 -1.0808 -2.0915 1.5301 -0.37551 -1.0438 -0.40246 -0.28402 0.25714 1.8207 -0.14108 -0.74496 0.28078 0.90755 0.099963 -0.67694 0.090892 -0.48302 -0.3237 0.79245 -0.40688 -0.41381 -1.5293 -0.044321 0.1255 -1.283 2.1125 -0.33356 0.36869 -0.021435
1.0194 -1.739 -1.3815 0.46038 1.8237 2.4938 0.73343 0.54057 1.4799 -1.5232 -1.6988 -2.1226 1.2235 -0.28766 -0.73115 -0.22185 -0.30334 0.22598 1.2047 0.19571 -0.77321 0.023257 1.7567 0.24294 -0.67545 -0.047009 -0.12548 0.64707 0.49929 -0.47058 -0.15005 -1.8116 -0.34616 0.15308 -1.1057 1.132 -0.13327 0.68274 -0.11459
0.76032 -1.9683 -1.838 0.50616 0.9606 2.0899 0.48746 0.12544 0.90542 0.02213 -1.4961 -1.3394 1.2073 -0.61038 -0.65509 -0.19911 -0.57602 0.4041 0.2003 0.083007 -0.85851 -0.52474 1.7397 -0.075405 -0.25499 0.15274 0.13405 1.1346 0.15967 -0.37136 0.08878 -1.5671 -0.44392 0.29475 -0.5255 0.41563 0.35551 0.89309 -0.04858
0.27029 -2.1867 -1.9189 0.068393 1.0562 1.8887 0.56522 -0.019441 1.2608 0.36166 -0.65036 -1.2737 1.1966 -0.083297 0.30095 -0.21767 -0.68942 0.2038 -0.030703 -0.6772 -0.53831 -0.74772 1.8015 0.48523 0.50228 -0.11275 0.33959 1.1076 0.17618 -0.2069 0.26491 -1.0301 -0.50982 0.66067 -0.24396 -0.35084 0.14926 0.69334 0.0094978
0.30168 -1.9145 -1.5306 0.20092 1.8752 2.4706 1.0344 0.0591 1.7028 0.27129 -0.82432 -1.9515 1.3106 -0.2563 0.33541 -0.11523 -0.78768 0.43782 -0.47847 -0.52277 -0.26696 -0.43769 1.694 0.70551 0.47654 0.039606 0.64492 0.81307 0.14883 0.23845 0.11508 -0.47122 -0.10811 0.93785 0.099675 -0.48596 -0.30031 0.42874 -0.065056
0.39043 -1.8056 -1.6471 -0.042335 1.8237 2.178 0.39573 -0.014239 0.99085 0.71574 -1.1548 -1.1454 1.2862 0.10548 0.62377 0.053994 -0.57874 0.72373 -0.38344 -0.44204 0.24252 -0.55732 1.0765 0.16008 0.31235 0.027695 0.52605 -0.013797 0.14215 0.60813 -0.13362 -0.45874 0.32554 0.99591 0.15057 -0.80115 -1.0312 0.24622 -0.010152
0.5976 -1.6392 -1.7863 -0.42599 1.6773 1.8693 -0.29984 0.0024341 0.62199 0.78406 -0.7656 -1.454 1.2612 0.38356 0.54087 -0.064295 -0.15835 0.36526 -0.52117 -0.2286 0.60499 -0.46505 1.1326 -0.51878 0.67854 -0.030652 0.53348 -0.30347 0.19085 0.91398 -0.51772 -0.71592 0.4656 1.2144 0.0056384 -1.1748 -0.85674 0.21651 -0.10827
0.63295 -1.5594 -1.7212 -0.35634 2.0069 1.6068 0.28457 0.069756 0.85938 1.5448 -0.70412 -1.0596 1.2276 0.48337 0.17227 0.015989 0.17802 -0.025959 -0.88422 -0.21234 0.99325 -0.47667 0.49094 -0.99384 0.8846 -0.094089 0.20076 -0.4953 0.37713 0.94655 -1.1208 -1.2759 0.82621 1.014 -0.093632 -1.46 -0.015901 0.19701 -0.068173
0.61973 -1.5125 -1.8075 -0.09134 1.9182 1.7256 0.25322 0.57791 0.38434 1.4036 -1.1859 -0.97336 1.2525 0.45397 0.050599 0.24686 0.60269 -0.20576 -1.5768 0.23465 1.7528 -0.51248 -0.34156 -0.45417 0.61591 -0.088791 -0.056391 -0.19535 0.70661 0.59191 -1.6553 -1.4208 0.96591 0.33941 -0.62469 -1.3395 1.0355 -0.18559 -0.044633
0.68049 -1.6974 -1.8364 0.053796 1.7288 1.555 0.69088 0.84261 1.2271 1.7946 -1.5347 -0.48875 1.2038 0.40488 0.037422 0.56262 0.87197 -1.1904 -2.2359 0.86882 1.6716 -0.76796 -1.0773 0.099751 0.7312 -0.061897 -0.20809 0.31861 1.0014 -0.053526 -1.9159 -0.86454 0.5938 -0.89437 -0.5356 -0.19039 1.3574 -0.4711 -0.093389
0.98464 -1.7516 -1.3857 0.33172 1.7878 1.2063 0.25416 1.3277 0.64381 0.40391 -2.2942 -0.63868 1.2081 0.32102 0.27861 0.89457 0.64565 -2.2992 -2.4926 1.0329 0.94866 -1.6231 -0.73648 1.043 0.39812 -0.12395 -0.50911 0.77878 1.0807 -0.84642 -1.5498 0.076943 -0.36436 -2.222 0.097554 0.65937 0.94705 -0.31784 -0.14262
0.94706 -1.593 -1.4661 0.40565 1.3897 -0.4383 0.40053 2.4329 -0.20171 0.1205 -0.71329 -0.54893 1.1783 0.19063 0.58842 1.4325 0.069493 -2.7364 -2.0488 0.49904 -0.33617 -1.0457 0.30187 1.0201 0.080674 -0.23958 -0.87358 1.0736 1.022 -1.4983 -0.3529 0.99609 -1.326 -2.8034 1.1731 0.98548 0.50804 -0.036733 -0.17831
1.0082 -1.4655 -1.1431 0.51159 -0.41671 -0.95285 1.4213 1.599 -0.34533 -0.31047 -0.20895 -0.32663 1.2039 -0.30895 1.0751 1.689 -0.604 -2.4729 -1.5583 -0.25076 -1.5727 -0.22301 0.25848 1.0144 0.32664 -0.24973 -1.1038 0.9162 0.64415 -1.6915 0.95113 1.5828 -2.0036 -2.5761 1.9462 0.36496 -0.25585 0.36168 -0.13972
0.875 -1.1862 -0.7616 0.29353 -1.2326 -0.80135 1.735 0.79919 -1.5494 1.615 0.31509 -0.61083 1.0565 -0.76867 1.4324 1.9412 -1.3615 -1.7991 -0.89766 -0.94691 -2.5348 0.84838 0.35811 1.1507 0.69954 -0.31166 -0.93545 0.52176 0.089665 -1.3738 1.8503 1.5104 -2.1441 -1.2572 1.4225 -0.54522 -0.35845 0.50736 -0.079506
0.83611 -1.0369 -0.15164 -0.2049 -1.2125 0.021834 0.21511 -0.1765 0.39768 2.4056 -1.2126 -0.82187 0.94091 -1.0785 1.3865 1.7647 -1.8678 -0.90911 -0.18173 -1.9609 -2.9744 1.3029 -0.055665 0.46207 0.79672 -0.33258 -0.33025 -0.068314 -0.33057 -0.69558 1.9937 1.0488 -1.5539 0.3648 0.50665 -1.183 -0.018808 0.25296 0.0090565
0.25334 -0.65557 0.0014134 -0.68731 -0.67564 -0.57389 -0.20516 -0.83721 1.3886 0.51107 -0.70761 0.35947 0.99383 -1.0181 1.3027 1.5633 -1.9181 0.10174 0.015912 -2.6239 -2.0768 1.0099 -0.62751 0.57215 0.83721 -0.33678 0.30241 -0.52813 -0.72119 0.13573 1.3828 0.48824 -0.38364 1.7383 -0.89466 -1.2722 0.60695 -0.042218 0.12417
0.12233 -0.32077 0.63552 -1.2345 -0.4147 -0.78182 -0.83244 -1.0993 1.1184 0.0055411 0.18228 0.43182 0.88338 -0.75074 1.0228 1.3222 -1.6443 0.47761 -0.11248 -2.2934 -1.0692 0.67058 -1.5932 1.2697 0.75423 -0.21981 0.83794 -0.7619 -0.80184 0.83234 0.42204 0.46956 0.67948 2.3427 -1.6365 -0.48023 0.96669 -0.50461 0.186
-0.19806 -0.40421 0.11969 -1.571 -0.74742 -0.98821 -1.4042 -1.3226 0.57344 0.13872 0.2252 0.34297 0.84149 -0.42547 0.72783 0.93333 -1.1973 0.21185 -0.0625 -1.4868 -0.067066 -0.68279 -1.3935 1.9845 0.64271 -0.14794 0.96518 -0.90807 -0.80994 1.1612 -0.31354 0.7614 1.2608 1.9468 -1.2407 0.23059 0.59728 -0.71816 0.23566
0.12795 -0.22455 0.68576 -1.4626 -0.80457 -0.53575 -1.4384 -0.93911 0.11858 0.081924 0.4502 0.42805 0.78785 0.041025 0.39649 0.71155 -0.61602 -0.14179 0.69287 -1.2598 0.6237 -1.1919 -0.6309 1.7245 -0.084066 -0.098008 0.754 -0.83224 -0.62856 1.0991 -0.43726 1.0365 1.0651 1.2486 -0.2246 0.4534 0.0061313 -0.72634 0.2155
0.14788 -0.23742 0.90382 -1.6288 -0.479 -0.51679 -1.3928 -0.72584 0.32007 -0.21903 1.2638 0.19058 0.8323 0.21781 0.093815 0.48651 -0.18934 -0.20704 0.98629 -0.79062 0.90495 -0.60295 -0.66477 1.5627 -0.13732 0.018791 0.35831 -0.79249 -0.57118 0.77067 -0.28134 0.91058 0.51199 0.4828 1.0923 0.11332 -0.56266 -0.4208 0.16374
0.14349 -0.22341 0.82283 -1.7319 -0.77772 -0.22624 -1.7812 -0.44557 0.032707 -0.20305 1.0881 0.68025 0.8272 0.20105 -0.055415 0.47614 -0.024354 -0.17375 1.2431 -0.65498 0.90687 0.13259 -1.0742 1.4974 -0.26536 0.077791 0.14092 -0.72292 -0.53247 0.55533 -0.19306 0.59685 0.39482 -0.039916 1.7224 0.0086162 -1.1345 0.35835 0.063892
0.2071 -0.15695 0.8257 -1.4948 -0.83996 0.24092 -2.1049 -0.19773 -0.27543 -0.62986 1.5607 0.062896 0.86713 0.096467 -0.37491 0.080477 0.00075882 -0.32756 1.3103 -0.8307 0.7548 0.80859 -0.95934 0.95902 -0.081566 0.053957 0.16985 -0.70982 -0.54048 0.54385 -0.33027 0.42306 0.46871 -0.44174 1.5559 0.50095 -1.8971 0.5883 -0.040955
0.25015 -0.32841 0.94179 -1.5667 -0.81771 0.20908 -1.8257 -0.16313 0.46881 -0.86052 1.9953 0.23767 0.88717 0.33474 -0.58143 0.010734 0.36976 -0.46399 1.6008 -0.49901 0.63933 1.5247 -0.47759 -0.27464 0.58962 -0.0016525 0.34056 -0.68147 -0.73119 0.74774 -0.45734 0.046884 1.0788 -0.88177 1.2533 1.0472 -2.512 0.53668 -0.04543
0.073507 -0.43177 0.77981 -1.6131 -1.0032 0.67596 -2.2076 -0.16139 0.82821 -1.4664 1.8899 -0.06095 0.8993 0.4331 -0.83355 -0.19844 0.67241 -0.71316 1.5572 0.0094437 0.19296 1.7881 0.014105 -1.4019 0.5843 -0.012212 0.50985 -0.50153 -0.86655 1.01 -0.49703 -0.37027 1.6805 -1.1315 0.53383 1.3563 -2.3538 0.017492 -0.0040985
0.32548 -0.61716 0.85155 -1.5487 -1.154 1.0681 -2.5366 0.13338 1.3339 -0.98612 1.5178 0.5669 0.81776 0.60457 -0.96904 -0.63081 1.0897 -0.88109 1.1763 0.93685 -0.51904 2.1207 0.49367 -2.4223 0.45035 0.03227 0.35758 -0.27788 -1.0092 0.87635 -0.34696 -1.0942 1.884 -1.1799 -0.524 1.4681 -1.2934 -0.7113 0.051022
0.68579 -0.75541 0.90252 -1.0514 -1.1764 1.5848 -1.8368 0.18236 2.2776 -0.48153 0.34886 1.581 0.82664 0.82067 -1.023 -1.0785 1.5938 -1.0969 0.81063 1.5816 -0.86152 1.5397 1.2195 -2.7459 0.026204 0.031185 0.093477 0.052094 -0.74235 0.42626 0.024708 -1.7293 1.6907 -0.8327 -1.5384 1.2317 0.1394 -1.3024 0.048131
0.59197 -0.98474 0.44369 -0.81508 -1.9744 1.6162 -1.6712 -0.40632 1.7845 -0.2463 -0.57077 0.82052 0.85791 0.74166 -0.95445 -1.2748 1.6056 -0.95605 -0.071558 2.2234 -1.1236 0.54796 1.8047 -2.2266 -0.51167 0.06792 -0.27633 0.43315 -0.19632 -0.23687 0.29022 -1.8289 0.83736 -0.19521 -2.2803 0.7938 1.4612 -1.6287 -0.063291
0.87815 -1.0747 0.013612 -0.19489 -1.9017 1.2832 -0.39443 -1.2179 2.8 -0.30328 -0.74842 0.099731 0.96807 0.51709 -0.75656 -1.1421 1.2477 -0.63158 -1.0345 2.5153 -1.1156 -0.56901 1.7772 -1.2122 -1.4654 0.056143 -0.39715 0.97496 0.19023 -0.64319 0.6778 -1.6054 -0.053743 0.5414 -2.1112 0.2496 2.0298 -1.1708 -0.30721
1.119 -1.3227 -0.2864 0.16148 -2.2952 1.1931 -0.075156 -1.0485 2.2283 0.77189 -0.688 0.10246 0.88329 0.28134 -0.38048 -0.92338 0.82404 -0.54957 -1.3003 2.0332 -0.75534 -1.4624 1.7696 -0.2158 -1.9697 -0.090272 -0.37919 1.3645 0.32963 -0.80137 0.83127 -0.92316 -1.1779 1.3262 -1.5569 -0.4154 1.6452 0.016261 -0.61895
0.83151 -1.2959 -0.37861 -0.098681 -2.0508 0.54753 0.22328 -1.2135 1.2138 1.2386 -0.44147 -0.36305 0.92711 0.37078 0.31822 -0.91223 0.7665 0.02324 -1.5624 1.5837 0.032465 -1.7521 1.7184 0.37762 -1.5195 -0.42938 -0.32963 1.7761 0.40288 -0.60188 0.80412 0.067251 -1.5938 1.4306 -0.37819 -0.87886 0.79617 0.89851 -0.86971
0.99738 -1.2833 -0.035488 -0.22959 -1.8236 -0.11941 0.70399 -1.0122 0.72185 1.4039 -0.18752 -1.0635 0.84067 0.16525 0.78814 -0.80744 0.32471 0.34051 -1.5381 0.50697 0.91624 -2.0413 1.0037 0.32597 -0.44887 -0.77804 -0.50107 1.8755 0.90163 -0.22357 0.58579 0.84752 -1.4693 0.88713 0.74559 -1.331 0.21234 1.1409 -0.953
0.94915 -1.0483 -0.25484 0.024426 -2.4121 0.44976 0.53971 -0.96716 0.47825 1.764 -0.4177 -1.2639 0.69789 0.0096622 1.6276 -0.49145 0.35851 0.49418 -0.82145 0.32311 0.86688 -1.0869 0.4156 0.1391 -0.47292 -1.1303 -0.99469 1.4046 1.5629 0.18015 0.26827 1.2019 -1.1763 0.021629 1.329 -0.993 -0.0055276 0.97304 -0.85848
1.2651 -0.5157 -1.0493 0.5611 -1.7569 -0.43829 0.69845 -0.523 0.19403 1.9122 -0.25753 -1.1644 0.31413 -0.39449 2.0996 0.4346 0.61482 0.35809 -0.13907 -0.060451 0.58212 -0.33949 -0.21537 0.33924 -0.26831 -1.4169 -1.276 0.57547 2.2427 0.69955 0.12776 0.91197 -0.62816 -0.75669 1.4504 -0.03351 0.26839 0.71602 -0.6238
1.0495 -0.47889 -0.92674 0.074694 -1.4304 -0.59681 0.04754 0.22346 0.15773 0.94317 -0.43933 0.27479 0.085138 -1.0434 2.0095 1.175 0.98262 0.53564 -0.077282 -0.31194 0.26052 0.027212 0.35824 0.36405 0.28814 -1.6206 -1.4469 -0.60296 2.5075 0.95233 0.28471 0.89387 -0.44318 -0.88326 0.67516 0.37337 0.050523 0.72458 -0.247
0.91085 0.3731 -0.44609 0.42172 -1.6942 0.45701 0.73325 -0.3969 0.85489 1.6927 -0.41142 -1.3109 -0.3256 -1.4796 1.5571 2.2396 1.3701 0.56574 -0.25973 -0.33608 -0.24264 0.27637 0.95535 0.76317 0.56829 -1.6302 -1.1005 -1.1903 1.274 0.62277 0.57819 0.84339 0.085607 -0.47144 -0.12693 0.44429 -0.25041 0.43085 0.036408
0.15076 0.62616 0.85225 0.56257 -1.7171 0.23506 0.27748 -0.83153 0.53726 0.83072 0.3438 -1.2908 -0.53045 -1.9093 0.88722 2.9427 1.8232 0.94374 0.85598 -0.35585 -0.4305 -0.081166 0.55575 0.034091 0.52312 -1.4573 -0.53621 -1.493 -0.44093 -0.0039425 0.6567 0.59758 0.13454 0.25153 -0.77029 -0.40552 -0.43724 0.39516 0.30081
-0.2316 0.38282 1.0348 1.2488 -1.1827 -0.43148 0.26561 -0.61475 0.53224 2.8669 0.031283 -0.37444 -0.91745 -1.8351 0.66654 1.761 1.4047 1.2823 0.91841 0.12752 0.023769 -0.5867 0.55127 -0.00033914 0.45686 -1.433 0.15265 -1.1469 -2.1691 -0.71074 0.65305 0.88731 0.57557 0.76284 -0.80517 -1.3146 -0.7016 0.13203 0.48643
-0.42223 0.37321 1.6072 1.9089 -1.5101 -0.34397 0.10093 -1.0556 0.71588 3.2407 0.54997 -0.041178 -1.0827 -1.7817 -0.045914 0.66829 0.97338 1.4594 0.4049 -0.28678 0.6382 -1.1381 -0.25061 -0.13839 1.1171 -1.188 0.55981 -0.49073 -2.5092 -1.1891 0.30476 0.65739 0.92988 0.94466 -0.36469 -1.921 -0.3728 -0.56287 0.65705
-0.81927 0.28042 1.8241 2.404 0.11952 1.3492 0.12787 -0.48394 -0.22651 1.1895 -1.0063 -0.13603 -1.219 -1.2905 0.10201 -0.34835 0.44733 1.5828 1.5708 0.70603 0.73444 -0.86225 -1.2455 -0.57198 0.53239 -0.90673 0.89737 0.095188 -1.5536 -1.2064 -0.12723 0.76303 0.81173 0.82997 -0.21814 -1.9175 -0.1787 -0.93204 0.76493
-0.91818 0.69813 0.32763 0.87384 0.005873 0.78278 0.80176 0.40091 -0.39111 1.6659 -0.11748 0.061796 -1.6022 -1.2377 0.34564 -0.31411 0.036715 1.3861 1.7112 1.0901 1.0814 -0.72356 -2.3461 -0.43333 -0.60607 -0.56178 1.2356 0.56392 -0.60715 -0.79293 -0.58397 0.20088 0.34759 0.46745 0.36772 -0.91939 0.62949 -0.81505 0.6799
-1.3961 0.30376 0.77653 1.6029 -0.18557 0.28012 -0.12081 0.041844 -0.63346 1.129 -0.02209 0.12088 -1.5555 -0.59035 0.62714 -0.41186 -0.42532 1.0654 1.6413 0.95467 1.445 -1.279 -2.1943 -0.2117 -0.49152 -0.3974 1.2521 0.43962 0.42314 0.081884 -0.61321 -0.85136 -0.86082 0.30886 0.68793 0.23335 0.63467 -0.14074 0.52142
-1.2341 0.74064 0.83454 1.4748 0.46682 2.4364 1.7693 -0.25354 -0.10146 -0.23147 -0.47271 -0.50537 -1.4924 -0.04098 0.63207 -0.33254 -0.09562 0.56993 0.71004 0.24184 1.2163 -0.2351 -1.6007 0.96491 0.046761 -0.24373 1.268 0.2197 0.45006 0.40399 -0.36166 -1.2923 -1.3321 -0.00061987 0.74289 1.2602 -0.10225 0.39842 0.27332
-1.7291 0.67166 1.3417 1.851 0.53647 1.3958 1.4848 0.88758 -0.28285 0.045132 -0.43038 -1.46 -1.4984 0.22993 0.6914 0.40438 0.68619 0.78544 0.47321 -0.46286 1.29 0.23292 -1.1689 0.022854 -0.063853 -0.14598 0.71424 0.00094684 0.18301 0.40641 -0.29612 -1.5612 -1.5217 -0.72003 0.34158 1.7063 -0.35579 0.43753 0.089866
-0.76982 1.069 1.0339 1.2706 0.31099 2.2622 0.84711 1.2056 -1.9971 -0.18814 -0.11662 -0.03143 -1.6161 0.49779 0.67819 0.067703 0.2715 0.81339 -0.11535 -0.67002 1.1763 -0.029482 -0.38402 -0.75409 -0.040348 -0.20469 0.23741 -0.16067 -0.19418 -0.043879 -0.25649 -0.93423 -0.69383 -1.2598 0.018736 1.5697 -0.54381 0.031623 0.0012311
-0.8724 0.88887 0.57571 1.8584 0.8735 1.3667 0.086619 1.1865 0.2503 -0.73713 0.92765 0.55395 -1.6471 0.34622 0.60279 -0.28241 0.1863 0.35933 -0.85196 -1.4106 0.074665 -0.73987 0.55216 -0.070877 0.4077 -0.25724 -0.16905 -0.51624 -0.73295 -0.42741 -0.5221 -0.80641 0.29378 -1.6017 0.35483 1.6214 0.32019 -0.10509 0.0031216
-0.99701 1.2674 1.0761 2.0154 1.0086 1.0312 0.062468 1.7913 0.15062 0.31766 -0.83196 -0.52299 -1.7498 0.29766 0.40471 -0.30981 0.085784 0.27628 -0.37826 -0.56691 -0.62259 0.24321 0.62401 -0.088965 -0.12338 -0.18453 -0.30337 -0.69875 -0.489 -0.47409 -0.70489 -0.083808 1.0782 -1.3544 0.10607 0.94287 0.5675 0.048164 0.099148
-0.92989 0.92886 0.97157 1.7188 1.0572 0.99572 0.15361 0.98582 -1.0274 0.16524 -1.6503 -0.62602 -1.6853 0.03703 -0.038392 -0.65631 -0.025154 0.027011 -0.91072 0.03852 -0.92619 0.76526 1.5144 0.34521 -0.22279 -0.14916 -0.20606 -0.63984 -0.3615 -0.54441 -0.55007 0.27177 1.5129 -0.37449 0.14706 -0.15539 0.55625 0.29232 0.16363
-1.0557 1.4368 0.5645 1.6363 0.63693 1.4488 0.083201 -0.3652 -1.8506 0.71234 0.44115 -0.01694 -1.7647 0.13148 -0.17308 -0.57424 -0.51653 -0.40549 -0.27008 0.61621 -0.955 -0.61428 0.98375 0.19533 0.37273 -0.082698 -0.18739 -0.24408 -0.15885 -0.37719 -0.3654 -0.012261 0.95577 0.64096 -0.047115 -0.8558 0.4693 0.58095 0.13084
-0.97177 1.0448 0.97275 1.7899 0.83095 1.3192 0.8518 0.72177 0.56582 0.49391 -0.11458 -1.343 -1.7028 0.073535 -0.18161 -0.75931 -0.54117 -0.38157 -0.43507 0.81663 -0.47329 -0.060817 0.054799 0.92158 0.73268 -0.018551 -0.13195 0.10948 0.26024 -0.10376 0.024552 -0.043783 0.41971 1.2849 0.12658 -1.4999 -0.30818 0.26197 0.11848
-0.60808 0.86459 -0.20743 1.3742 0.50567 0.3757 0.44093 0.33216 0.068708 2.16 0.7938 0.5831 -1.8293 -0.044689 0.065111 -0.51807 -0.36409 -0.23948 -0.66838 0.82732 0.42389 0.51555 -0.34527 0.58078 0.53368 -0.017971 -0.26601 0.38 0.40869 0.22261 0.3107 -0.25014 -0.14418 1.1002 0.27541 -1.1531 -0.58795 -0.23147 0.07214
-0.87087 0.86935 0.42525 1.2873 0.40601 1.1639 0.88684 0.28607 -1.4939 0.063026 -0.30829 0.86061 -1.7291 -0.10489 0.022797 -0.2217 -0.28478 -0.01221 -0.82194 0.71994 0.91738 0.40941 -0.7907 -0.46944 0.21069 0.028557 -0.23591 0.41142 0.47428 0.21085 0.26894 -0.028134 -0.34002 0.52355 -0.32882 -0.60309 -0.8197 -0.37129 0.033753
-1.0435 1.2354 0.37289 1.3702 0.6592 0.42359 1.1471 1.0514 -0.29173 0.006152 -0.12676 -0.13147 -1.7294 -0.23682 0.35758 -0.12444 -0.20211 0.014123 -0.5672 0.40349 0.52123 -0.34064 -0.87895 -0.29959 0.18731 0.022213 -0.1485 0.27659 0.24838 0.097853 0.13839 0.14018 -0.31689 -0.061019 -0.5887 -0.28736 -0.39356 -0.18607 0.020215
