39 241
-0.58823 1.2673 0.10968 1.0815 1.1161 1.2058 0.61274 -0.82608 -0.66107 -0.047532 1.0876 0.056366 -1.1861 -0.61769 0.10465 1.073 0.66418 -0.59904 -0.59198 0.53233 1.5893 -0.52563 -0.84368 -2.3984 -0.8862 -0.25235 0.11329 -0.10005 -0.28394 -0.20619 -0.06223 -0.49737 -0.39753 -0.073861 0.064284 0.55858 1.0788 0.025759 0.1234
-0.94709 1.2495 0.5389 1.4258 1.8564 0.50798 0.92738 0.24768 -0.9103 -0.17277 -0.21963 -1.61 -1.4142 -0.62802 -0.090348 0.78942 0.45201 -0.67231 -1.0271 0.10432 1.4154 -0.40729 -0.66021 -1.1556 -1.1507 -0.15202 0.20647 -0.16121 -0.57598 -0.35089 -0.18837 -0.36533 -0.73822 -0.57912 0.18718 0.98957 1.7364 0.6797 0.17357
-1.3051 1.1988 1.4854 2.0344 0.76228 0.79035 0.39408 1.3142 -1.3515 -0.67717 -1.585 -2.0962 -1.4046 -0.39345 0.029699 0.67721 0.38659 -0.67193 -1.367 -0.06542 1.4767 -0.44289 0.2375 -0.60792 -0.68818 -0.086631 0.43527 -0.22246 -1.0277 -0.39333 0.047159 0.11453 -1.2013 -1.4196 0.42618 0.90568 2.5341 1.7712 0.21988
-1.0101 1.4841 0.94927 1.5201 -0.12512 0.4664 1.6706 0.59535 -1.0959 -1.1616 -1.7805 -0.01318 -1.3781 -0.34155 -0.13498 0.19571 0.15322 -0.9072 -0.9338 -0.63607 0.41691 -0.18348 0.68743 0.55203 0.43416 -0.03482 0.66429 -0.121 -1.2146 -0.49885 0.6317 1.0155 -0.87119 -1.818 0.52637 0.73 2.3764 1.8986 0.18679
-1.1042 0.98793 0.49395 1.2808 0.68348 -0.30384 0.14964 0.36805 -0.90159 -0.32649 1.443 -1.8573 -1.235 0.042747 -0.25492 -0.53682 0.085796 -0.38726 -0.41126 -1.4557 -0.85214 0.21584 0.37927 2.3329 2 0.067453 0.53242 -0.081586 -1.004 -0.54308 0.71524 1.6698 -0.13393 -1.5989 0.39692 0.63518 1.149 0.953 0.12117
-0.87823 1.4164 0.92251 1.6096 0.68775 -0.61167 0.5068 1.2407 -1.2649 0.91975 0.08596 -0.79782 -1.3084 0.37338 -0.15633 -0.85434 -0.31941 0.36903 0.51865 -0.92365 -1.1723 0.31368 0.79931 2.6153 1.4476 0.093611 0.49954 0.32283 -0.30831 -0.4346 0.35401 1.6059 1.2285 -0.56915 0.068414 0.19841 -0.97562 0.084788 0.019013
-1.2717 0.99472 0.54588 1.4854 0.069933 0.36719 -0.32255 -0.33394 -0.9236 0.40256 1.0517 0.45807 -1.3713 0.22915 -0.10048 -0.66072 -0.38026 0.02931 1.2348 -0.22621 -1.0346 0.10437 1.5142 0.92547 0.79019 0.061271 0.013011 0.24008 0.15314 -0.34502 -0.2244 1.2486 1.8785 0.56186 -0.011069 -0.42798 -2.4246 -0.79586 -0.082614
-0.95943 0.97793 0.25108 1.9167 1.2436 0.27091 -1.1275 -0.59254 -0.75384 -0.86885 2.3577 1.6275 -1.3506 0.48561 0.3389 -0.32473 -0.41743 -0.44931 1.4438 1.0659 -0.70024 0.02228 0.5418 -0.81191 1.227 0.0083059 -0.35791 0.078934 0.48659 0.028116 -0.19493 0.16345 1.2032 1.3622 -0.15643 -1.0634 -2.3129 -0.50666 -0.096344
-0.69188 1.2671 0.45366 1.1322 0.77544 1.7249 0.55012 -0.030287 -1.0069 0.38976 1.3434 -0.57287 -1.2256 0.023639 -0.093035 -0.53456 -0.50415 -0.38983 1.6146 1.117 0.0071588 0.3553 -0.37638 -1.1806 0.47539 -0.021055 -0.57247 -0.3567 0.59129 0.0071402 0.40479 -1.1292 0.31415 1.2425 0.13581 -0.98305 -1.2205 -0.3681 0.1351
-0.90115 1.2698 0.059601 0.83845 -0.33541 1.3159 1.463 -0.62026 -1.0157 1.8027 -0.50147 0.17612 -1.2713 -0.16031 -0.026258 -0.036521 -0.21027 0.22178 0.65368 0.6728 1.0324 -0.10379 -0.4649 -1.3151 0.5687 -0.019515 -0.66263 -0.92953 0.2615 -0.15588 0.90491 -2.755 -1.0121 0.15583 0.7809 -0.37809 -0.098715 -0.32785 0.71665
-0.5087 1.548 0.54882 1.1678 0.2019 0.88301 1.2951 0.090365 -1.0105 0.1114 0.019516 0.71104 -1.2959 -0.47389 -0.52947 0.2688 -0.47521 0.45457 -0.62226 0.52791 0.58079 0.44992 -0.024335 -1.4246 0.36988 0.31078 -0.054118 -0.7857 -0.0070302 -0.37771 0.77657 -3.0009 -1.1752 -0.75929 1.0402 0.17645 0.51162 -0.41765 1.0695
-1.3836 0.7882 0.065266 1.2808 0.31747 1.9709 0.73988 0.97846 -0.47777 -0.47602 -0.77333 0.63639 -1.4207 -0.45532 -1.0345 -0.25986 -0.72304 0.82131 -2.9312 -0.63368 -0.71874 1.5257 -0.41458 -0.8455 0.61364 1.0576 0.85001 -0.83481 -0.58616 -0.96269 -0.4405 -2.0191 -0.96323 -1.2096 0.92291 1.0286 0.90349 -1.156 1.224
-1.3262 0.97602 0.59227 1.5228 1.3028 0.81917 -0.52058 0.66026 -1.3088 -0.63186 0.79431 2.0278 -1.3342 0.08627 -0.93448 -0.45067 -0.94683 0.76405 -2.5767 -0.53789 -0.71291 1.6011 -0.02548 -0.24019 -0.39912 1.2499 2.0018 -0.72102 -0.99242 -0.91753 -1.3495 -0.67814 -0.26368 -0.40875 -0.32873 0.97287 1.0539 -1.4536 1.1222
-1.1615 0.44775 0.64642 0.66056 1.5679 -0.65473 0.83558 -0.41609 0.084055 0.53256 -0.20402 0.61305 -0.72158 1.1163 -1.2534 -0.77066 -1.7492 -0.74742 -2.3955 -0.69449 -0.83363 1.1505 1.6888 0.12234 -1.4272 1.5807 2.3556 -0.83905 -1.338 -0.40288 -1.7764 0.90966 0.95656 1.1211 -1.2182 0.74039 0.91165 -1.0561 0.7617
-1.0014 0.28473 -0.38945 -0.1588 0.77241 -2.9848 0.28119 -1.8108 1.1536 0.71332 -0.90236 0.13877 0.14818 2.3883 -1.655 -1.3175 -1.6538 -1.2696 -2.2431 0.0040815 -0.24343 0.00678 0.96087 0.44923 -1.6061 1.9477 1.8399 -0.91516 -1.4933 0.45465 -0.87273 1.1982 0.63752 1.9703 -1.573 -0.56017 0.77212 0.22806 0.3644
-0.52217 0.67013 -0.28062 0.23835 0.3848 -0.54823 1.0043 -0.33064 0.28714 1.0238 -0.58101 -0.35739 -0.42521 2.684 -2.1112 -2.3043 -1.1149 -1.466 -1.2854 0.88894 1.2809 -0.056473 0.64432 0.85726 -0.95639 1.9999 0.67089 -0.50417 -1.0305 1.2008 1.1266 1.3662 0.072672 2.0376 -1.0203 -1.4628 0.50387 1.1068 -0.25092
0.60714 -0.22616 -0.22647 -0.7023 -1.1957 -1.116 -0.56135 0.10033 -0.23702 1.836 0.72201 -1.3199 0.12882 2.6563 -2.0727 -2.4476 -0.43246 -0.49664 -0.74383 -0.14987 2.194 -0.87237 -0.66332 1.1356 -0.14998 1.6622 -0.71392 0.14688 -0.32138 0.9511 2.3331 0.91673 -0.91473 0.60043 0.3781 -0.63619 0.066521 1.1029 -0.60239
0.97984 -1.2327 -1.372 -0.050111 -0.20451 -1.4084 0.68154 0.82859 -1.2591 -0.47699 0.35955 -0.54923 0.68742 2.2138 -1.9084 -2.1174 -0.15638 0.97201 -0.42239 -0.52458 2.0488 -0.40023 -0.54142 0.93748 0.14821 1.3088 -1.6279 1.2354 0.69518 0.5235 2.736 0.93573 -1.1822 -1.3192 1.1672 0.31777 -0.24945 0.22813 -0.91636
1.056 -1.237 -2.1388 0.1861 0.1625 -1.972 1.5862 1.7769 -0.065255 0.88144 1.7022 1.0649 1.0004 1.3406 -1.5063 -2.0174 -0.38866 1.8658 -0.84787 -1.096 0.5465 0.9375 0.23514 0.61382 0.13696 1.2865 -1.948 1.918 1.4187 -0.096866 1.6616 1.5407 -0.99162 -2.4392 1.3866 1.4008 -0.51442 -1.0149 -1.0975
1.2672 -1.3434 -2.0972 -0.24499 1.147 -2.6036 -0.26104 1.233 -0.2038 -0.3166 0.16191 -0.28152 1.055 0.39959 -0.28179 -1.2545 -0.17866 2.4579 0.6312 -0.95953 -0.63137 1.3488 0.86584 0.63387 -0.6152 0.6521 -1.5904 1.7937 1.5841 -0.36086 0.049901 1.9262 -1.0462 -2.3353 0.053507 0.83104 -0.90717 -1.5714 -1.1987
1.2379 -1.2039 -2.2357 -0.41095 1.7481 -2.2306 -0.66744 0.72206 0.67609 0.91633 0.27099 -0.35161 1.0088 0.039939 0.39451 -0.28225 -0.60395 1.8633 1.8 -1.8872 -1.4834 0.99448 1.5623 0.22536 -1.8565 0.14976 -0.85714 1.1514 1.236 -0.012973 -1.2822 1.355 -0.25109 -1.2584 -1.1686 0.077811 -1.1043 -1.0634 -1.1292
1.1244 -1.1433 -2.2188 -0.5844 1.7101 -1.1804 -0.81893 0.22056 1.0392 2.0308 1.0939 -0.76331 0.96712 -0.01016 0.20889 -0.083674 -0.71681 1.0727 2.0929 -2.1888 -1.7421 -0.308 0.5361 -0.78669 -2.0952 -0.1341 -0.2941 0.23378 0.492 0.44531 -2.0478 -0.73644 0.42528 -0.341 -1.3384 -0.8501 -1.3954 0.15994 -0.64083
1.0839 -0.77145 -1.8112 -0.46517 1.9313 0.07684 -0.74761 -0.42074 0.45265 1.7824 2.0605 -2.1324 1.0042 0.0025793 0.21721 -0.34246 -0.14796 0.17544 1.1218 -1.0114 -1.5103 -0.51598 0.57036 -1.0242 -1.3118 -0.21466 -0.13464 0.02286 0.076406 1.0474 -1.9588 -2.4232 1.4562 0.39461 -0.22331 -1.4957 -1.2865 1.5167 -0.27361
1.0581 -0.96464 -2.0266 -0.58112 2.1619 0.40616 -1.3518 -0.36737 -0.20135 1.0757 0.2939 -2.5827 0.95782 -0.10233 0.2056 -0.33351 0.40768 -0.50794 -0.49887 -0.62606 -1.3616 -0.51153 -0.40286 -1.7244 -0.54404 -0.23719 -0.1141 0.43506 0.57365 1.2536 -1.7598 -2.4121 1.8479 0.94236 0.79811 -1.0044 -0.45273 2.2194 -0.37307
1.2146 -1.2958 -2.4559 -0.8518 1.5645 -0.4923 -2.0323 -0.29624 -0.57037 0.67613 -0.6466 -1.6904 0.84643 -0.14504 0.434 -0.03152 0.75531 -0.9903 -1.736 0.086306 -0.91899 0.67276 -1.0792 -2.0513 0.51989 -0.2516 -0.31572 1.1343 1.4082 1.027 -1.3794 -0.87653 1.4794 1.1473 0.7998 -0.81798 0.44156 1.9116 -0.86842
1.2934 -0.99008 -2.5967 -0.21535 1.4497 -2.0268 -1.2141 -0.94514 0.080244 1.2377 -1.1281 -1.8363 0.81436 -0.13013 0.84361 0.80203 1.1322 -1.6175 -1.2879 0.77094 -0.16742 0.68218 -0.72544 -1.2006 1.5953 -0.73607 -0.46453 1.3012 1.8179 0.7536 -0.90926 0.94881 1.2631 1.2808 0.13843 -0.30222 1.4426 1.4083 -1.1413
0.89972 -0.79888 -2.3354 0.20198 0.9973 -2.5348 -1.2531 -1.2949 0.70413 1.0648 -1.0001 -1.0448 0.77444 -0.54336 1.8377 1.6673 1.3738 -1.8339 -0.23209 1.0898 0.18048 0.47504 -0.96605 -0.26363 1.5877 -1.4201 -0.40534 0.16017 1.3729 -0.057711 -0.61598 1.7993 0.63041 1.4492 -0.96392 -0.023804 1.7506 0.98269 -0.65319
0.91739 -0.40597 -1.7163 0.20043 0.55112 -2.2228 -0.39426 -0.86295 2.0033 0.43794 -0.74044 -0.5142 0.75572 -0.7332 1.7288 2.1486 1.4797 -1.7742 0.63984 1.2557 0.64833 -0.125 -1.0816 0.58697 1.8495 -1.5674 -0.16026 -1.5723 0.16795 -0.99446 -0.42435 1.3736 -0.044187 1.0255 -1.3409 0.34686 1.124 0.032763 0.43487
1.0556 0.079208 -0.63351 0.6878 -0.089186 -0.16555 -0.15612 -0.098648 -0.19898 0.72417 0.32491 0.0073231 -0.041305 -0.56607 0.26421 1.8076 0.47094 -2.0534 0.88628 1.01 1.5758 -0.80311 -0.9427 0.93165 2.4393 -0.92824 0.22586 -2.9364 -1.0876 -1.5175 -0.29321 0.46041 -0.44692 0.12214 -0.89048 1.1578 0.44429 -0.86657 1.5578
0.39088 0.95868 -0.59301 0.71097 -0.1557 -0.25758 -0.75482 -0.16514 -0.22792 -0.4947 -1.0371 -0.43899 -0.75306 -0.39637 -1.0611 1.0262 -0.24956 -2.2921 0.89042 0.67891 1.1747 -1.2994 -0.0056881 0.71235 1.2498 -0.24143 0.44995 -2.756 -1.7017 -1.5968 0.24115 -0.34044 -0.46995 -1.0303 0.55717 1.6817 -0.41253 -1.7133 2.2195
0.5572 -0.03331 -0.57296 1.0151 -0.60228 -1.1852 -0.2545 0.09114 -0.30531 -0.077055 0.10243 1.3549 -0.39978 -0.28832 -1.7928 0.21147 -0.55656 -2.1149 0.55958 0.47136 0.117 -0.67287 0.91846 0.70209 0.10636 0.54907 0.6043 -1.3741 -1.3507 -1.0465 1.182 -0.28184 -0.13048 -1.8472 1.5285 1.6316 -0.772 -1.8731 2.0171
0.76175 -1.5259 -0.95809 -0.084456 -1.4104 -1.8 0.20346 1.0773 0.0084885 0.5486 0.21875 2.2433 0.58176 -0.041748 -1.9594 -0.2008 -0.94727 -1.2876 0.12351 0.5739 -0.76988 0.92076 1.503 -0.1381 -0.51785 1.4408 0.49543 0.41725 -0.56485 -0.61817 2.0773 0.075939 0.0099271 -1.9363 1.5733 0.45851 -1.1402 -1.2013 1.0609
0.50988 -1.7797 -1.0433 -0.162 -2.1671 -0.68666 -0.31149 -0.28265 -0.3316 1.2538 -0.047906 -0.40516 0.61414 0.36719 -1.6391 -0.080187 -1.109 -0.34647 0.70688 0.76458 -1.2634 1.1073 1.7136 -0.26679 -0.54151 1.6365 0.21756 1.7881 -0.02094 -0.10993 2.4727 0.22886 -0.056598 -1.6788 0.49774 -0.99601 -1.3479 -0.36303 -0.25006
0.67342 -1.3149 -0.93234 0.038497 -1.9314 -0.24944 0.28611 -0.92125 0.764 1.4656 0.58524 -0.87587 0.77008 0.18878 -0.4253 0.11739 -1.1146 0.70128 0.96722 0.50452 -2.1281 0.91915 0.56101 -1.2297 -0.90039 1.0099 -0.093295 2.0508 -0.023767 0.35916 2.132 -0.043695 -0.1153 -0.96181 -0.66164 -1.964 -0.97654 0.73505 -1.0474
0.79951 -1.0753 -0.58436 -0.16355 -1.0021 -0.11935 0.26823 -1.0277 0.83026 1.7982 -0.9942 -0.31475 0.95903 0.0048156 0.49827 -0.001011 -0.67957 1.5051 0.59305 0.35026 -2.6725 0.32197 -0.67952 -1.6314 -0.44134 0.35126 -0.52594 1.303 -0.39162 0.49642 1.2354 -0.49889 -0.36934 -0.14496 -1.0397 -2.2178 -0.49016 1.2014 -1.0195
0.83985 -1.1389 -0.71633 -0.52539 -0.43672 -0.071235 0.34612 -1.3075 0.78804 1.1688 -0.98901 0.45857 0.95196 -0.016564 0.47954 -0.29898 -0.50605 1.7662 0.09237 0.51231 -2.0735 0.028227 -1.388 -1.5254 0.96599 0.3271 -0.61791 0.098764 -0.54173 0.42185 0.15892 -0.38875 -0.30024 0.82414 -0.79622 -1.6103 0.49516 1.119 -0.4758
0.69973 -1.2384 -0.66297 -0.68151 -0.24893 -0.57934 0.41906 -2.3711 0.4665 0.3863 -1.3817 0.42138 0.88797 -0.47167 0.13666 -0.60775 -0.50494 1.4298 0.14874 0.0031587 -1.6351 -0.47565 -1.9288 -1.128 1.0246 0.26853 -0.53772 -0.48627 -0.17752 0.36002 -0.5456 0.41701 -0.11044 1.6866 -0.0021729 -0.48601 1.2158 0.48924 -0.029748
0.57191 -1.1285 -1.2671 -0.76365 -0.1763 -0.75057 0.35281 -2.8013 0.048983 -0.041875 -1.8247 0.22607 0.91153 -0.6815 -0.07677 -0.59132 -0.43067 1.0415 0.41339 0.053503 -1.0172 -0.23181 -2.1643 -0.34206 0.69531 0.25779 -0.28661 -0.46606 0.29766 0.36031 -0.85454 1.1121 -0.01313 1.9923 0.62339 0.33439 1.5544 -0.34311 0.02257
0.56827 -1.0636 -1.2999 -0.35788 -0.050795 -0.04528 0.57111 -2.7717 0.3067 0.1332 -1.5446 0.87938 1.077 -0.62563 -0.056838 -0.19646 -0.059756 0.85709 1.263 0.32029 0.1856 0.46325 -1.2968 0.48747 0.71914 0.34381 0.21081 -0.28748 0.72235 0.3352 -0.8198 1.0261 0.40626 1.922 0.9845 0.93863 1.4046 -0.47852 0.017846
0.1348 -1.1079 -1.3192 -0.65385 0.20704 0.19714 0.050858 -2.5655 0.47312 -0.631 -1.1582 0.80682 1.1427 -0.44657 -0.2224 0.028488 -0.070597 0.46648 1.7515 0.2816 1.025 0.79983 -0.99859 1.1157 0.42095 0.33548 0.47558 -0.10254 0.49159 0.19634 -0.98226 0.13004 0.35849 1.1559 0.43272 1.0768 0.44129 -0.57852 -0.1068
0.1903 -1.2893 -0.9888 -0.95434 0.57937 0.33581 0.483 -2.1127 0.65563 -0.96925 -1.5477 0.93296 1.1891 -0.193 -0.28367 0.39723 -0.073094 0.19602 1.5244 0.6239 1.2095 0.9595 -0.54613 1.2655 0.18371 0.26775 0.83184 0.11867 -0.17357 0.28633 -1.3403 -1.1354 0.23979 0.068243 -0.40397 1.0208 -0.69599 -0.4511 -0.34605
0.29289 -1.214 -0.80798 -0.48561 0.58822 1.5566 1.0012 -1.1867 1.361 -0.15629 -0.060303 1.6121 1.235 -0.020958 -0.14006 0.001926 -0.067474 -0.45203 0.54102 0.54458 0.77616 0.38628 -0.28604 0.29081 -0.22198 0.12392 0.86355 0.68671 -0.72907 0.37841 -1.3829 -2.1352 -0.13484 -0.58375 -1.0591 1.103 -1.5286 -0.01267 -0.69355
0.27043 -1.4825 -1.0045 -0.79294 -0.051124 1.3108 0.53657 -1.6006 0.93491 -1.0359 -0.18327 0.47143 1.1822 0.68527 0.10378 -0.51755 0.46069 -1.175 -0.39645 0.60328 0.39991 -0.10862 0.48371 -0.55801 0.11933 -0.12533 0.55739 1.5719 -0.59691 0.29853 -0.79656 -2.4885 -0.51665 -0.68536 -1.6285 0.70533 -1.6705 0.189 -1.0872
0.38853 -1.2917 -0.91957 -0.65904 0.069195 0.98195 1.2574 -1.6024 1.0872 -0.43831 -0.40665 0.66763 1.2471 0.69557 0.75756 -0.87106 0.35384 -1.4187 -1.5459 -0.014422 0.19164 -0.73268 0.79473 -1.2461 0.43937 -0.62829 -0.16187 2.3099 0.64906 0.32746 0.43669 -1.8493 -0.50199 -0.20948 -1.7234 0.2984 -0.52791 0.12216 -1.3993
0.32273 -1.1167 -1.5394 -0.52752 -0.68273 0.18027 0.79012 -2.0203 0.50303 -0.50299 -1.8777 0.6168 1.211 0.47414 1.9558 -0.27994 0.26069 -0.79866 -2.3943 -0.13756 0.05667 -1.667 0.39245 -1.5489 0.2567 -1.1796 -1.5245 2.1912 1.6615 0.19965 1.9601 -0.87293 -0.63715 0.073154 -1.5623 -0.89768 0.60976 -0.63317 -1.4192
1.1126 -1.0334 -1.8042 -0.055734 -1.17 -0.35579 0.9182 -1.6841 0.45479 0.065511 -2.0017 1.6201 0.91796 -0.1959 2.8848 1.0631 0.63016 0.18004 -2.1478 -0.097751 0.47201 -2.207 0.38995 -0.30517 -0.025359 -1.6981 -2.3162 1.1617 2.0197 0.063432 2.6687 0.40048 -0.31232 0.10025 -0.5911 -1.5359 1.4929 -1.258 -0.87972
0.74109 -0.28542 -1.6555 -0.69555 -0.92049 -1.2171 0.38787 -1.2573 0.044733 0.20174 -2.3281 1.9141 0.36272 -1.6235 2.788 1.5591 0.68515 1.6849 -1.8368 -0.62786 0.35964 -2.4273 -1.1778 0.36075 -0.94643 -1.9731 -2.5233 -0.37427 1.3293 -0.096193 2.0324 1.1225 -0.16547 -0.17386 0.89325 -1.7493 1.5006 -1.4166 0.014811
0.49263 1.1321 -0.5517 -0.28431 -0.05189 -1.2563 0.90356 -1.277 -0.91199 -0.40713 -1.3811 0.94128 -0.038128 -2.4476 2.3279 1.9124 0.25375 2.3193 -1.0272 -0.41709 0.19527 -1.4991 -1.615 1.114 -1.5506 -1.7055 -1.7163 -1.8831 0.077397 -0.16614 0.92162 0.87653 0.32406 -0.41319 2.3197 -1.0002 0.92125 -0.67809 0.99698
-0.27239 1.393 0.67143 0.14105 0.44898 -1.17 0.6756 -1.1218 -1.6497 -0.55409 -0.025789 -0.19357 -0.45489 -2.9681 1.5927 1.7276 0.2675 1.9258 -0.71772 -0.34315 -0.20818 -0.24938 -2.245 1.073 -1.9005 -1.1429 -0.12022 -2.5508 -0.92997 -0.22083 -0.69084 0.56925 0.88136 -0.29102 2.972 0.36042 0.5178 0.5042 1.6261
-1.6619 0.92137 -0.058651 0.19753 2.3157 -1.6187 0.057745 -1.6139 -1.4975 -2.4487 -1.0769 -0.76655 -0.54962 -2.6265 0.2592 1.1065 0.52897 1.7836 -0.96079 0.33652 -0.13478 1.28 -1.1541 1.4071 -0.93942 -0.42572 1.3677 -2.2018 -1.9386 -0.30072 -1.6348 0.068497 0.8273 -0.24222 2.3509 0.89026 -0.16848 1.2768 1.7033
-1.4828 0.86695 -0.1069 -0.52031 1.1894 -1.1348 0.4044 -1.721 -0.39901 -1.5966 -0.89156 -0.70077 -0.32672 -1.739 -0.54341 0.23532 0.13696 0.67179 -0.73604 0.64426 -0.1172 2.0413 -0.64854 1.4029 -0.19591 0.13425 2.485 -0.98072 -1.814 -0.45293 -1.8474 0.1618 0.67447 -0.1454 0.77205 1.3483 -0.36466 1.2912 1.3033
-1.5254 0.89761 0.046718 0.14633 0.49341 -1.7967 0.4721 -1.6862 0.47562 -2.258 -0.77765 -0.49577 -0.32114 -0.56554 -0.37268 -0.92497 -0.23847 -0.09388 -0.88244 0.63411 -0.39268 1.9928 -0.5486 0.64136 0.25248 0.53325 2.1263 0.3468 -0.73657 -0.38089 -1.0879 0.6489 -0.22228 0.37809 -0.89835 0.47307 -0.70218 0.21395 0.46319
-1.7938 0.46738 0.16356 0.18472 2.0417 -2.8737 1.3951 -1.0601 1.0451 -0.37438 0.55039 0.85686 -0.18831 0.52669 0.22933 -0.61072 -0.18615 -0.57181 -0.43526 0.75889 -0.42449 0.9275 0.27216 0.72045 0.18871 0.5811 1.179 0.98009 0.53015 0.063538 -0.28094 1.5402 -0.99725 0.92368 -2.1036 0.081713 -0.624 -0.59572 -0.51375
-1.3801 0.84933 0.18269 -0.050219 0.82513 -1.6055 1.5245 -1.5338 0.37632 -1.8002 1.1183 -0.2976 -0.073746 0.11463 0.46494 0.15877 -0.014384 0.38452 0.18158 -0.19537 0.73989 0.086325 -0.61984 0.2769 -0.67641 0.13914 0.31594 0.77374 1.4346 0.69784 -0.079072 2.1064 -1.308 1.5921 -2.148 0.18306 -0.4901 -0.67802 -1.3211
-1.2912 0.94913 -1.1833 -0.35378 0.94654 -2.4437 0.58613 -2.1916 0.27312 -2.4162 -0.60311 -0.42683 0.052135 0.074918 0.71343 0.65453 0.13724 -0.084523 1.8016 -0.90667 1.1488 -1.1255 -0.43443 0.28419 -0.95208 -0.52612 -0.25291 0.17796 1.368 0.95356 -0.1801 1.7296 -1.0971 1.7267 -1.1432 1.1959 -0.43761 -0.027558 -1.6346
-0.9978 1.2543 -0.43902 -0.17943 1.1916 -1.7376 1.0515 -2.2112 -0.21829 -1.5383 -0.36651 -0.56555 0.063965 0.24736 0.70786 1.0684 0.87855 -0.47844 2.1978 -1.0966 2.0144 -1.1879 0.19453 -0.14949 -0.56809 -1.1306 0.087572 -0.27499 0.92598 1.0114 -0.86561 0.96343 0.094362 0.97549 -0.21232 2.0253 0.055432 0.85308 -1.2164
-1.8314 1.2303 0.96258 -0.14804 1.8413 -0.98068 -0.13655 0.49725 0.46814 -2.5517 -0.18793 -1.7966 -0.43735 0.014518 0.41109 1.4379 1.1163 -0.46952 2.004 -0.94831 2.4062 -0.66738 2.3669 0.03912 0.089967 -1.5297 0.59161 -1.2266 -0.45895 0.27277 -1.084 -0.4911 0.39257 0.01144 0.56877 1.7126 0.61504 1.2677 -0.00138
-1.5216 1.4272 0.88731 0.65788 0.31166 0.64337 -0.18229 -0.18177 -1.0228 -1.702 0.81822 -0.85137 -1.0621 0.31722 0.14434 1.4568 1.3513 -1.0297 2.0002 -0.039877 2.0491 -0.5446 2.2111 0.57996 0.58081 -1.4002 1.1974 -2.0553 -2.0407 -1.0907 -1.3866 -1.4989 0.13929 -1.4259 0.54869 0.93298 1.0968 1.0946 1.5324
-1.133 1.1524 0.87025 1.2159 1.0985 -0.39041 0.56442 1.2069 -0.28318 -0.023536 0.30024 0.36529 -1.2153 1.1275 -1.1048 -0.3994 0.39793 -1.8225 0.92032 -0.7266 1.1057 -0.31342 2.1368 1.3202 1.1099 -0.38561 1.4899 -2.2766 -2.4979 -2.1466 -1.0666 -1.97 -0.50713 -1.893 0.68121 -0.61254 0.79953 0.28895 2.7325
-1.303 1.3288 0.91122 0.62109 0.047847 0.30506 0.034615 0.37984 -0.2235 1.1036 0.20971 -0.51126 -1.3548 1.8782 -2.052 -1.7845 -0.77232 -2.3796 -0.24967 -0.98637 -0.28873 -0.27064 2.2633 1.6613 1.2002 0.88679 1.1653 -1.658 -1.5244 -2.576 -0.28028 -1.6678 -1.3256 -1.6667 0.41937 -1.3593 -0.035506 -0.54041 2.8567
-0.82068 1.1564 0.52024 1.0748 -0.14182 0.062958 0.91408 -0.020886 -0.48604 -0.86789 0.086514 0.18155 -1.0325 1.9525 -2.3873 -1.5545 -1.7736 -1.7757 -0.79957 -1.4977 -0.32984 0.55037 1.0715 1.3015 0.39084 1.9379 0.47683 -0.18573 0.56278 -1.8446 1.0497 -0.77945 -1.0239 -0.54181 0.1642 -1.8742 -0.90499 -1.101 1.8969
0.072136 -0.50099 -0.83419 -0.26977 -1.095 -0.46924 -1.1977 0.1767 -0.43654 0.41686 2.4611 0.60277 -0.073125 2.0338 -2.0525 -0.78656 -2.3043 -1.5689 -0.46595 -2.2517 -0.67718 -0.13652 -0.082812 0.57154 -0.16581 2.2583 -0.35591 1.2253 1.9273 -0.86546 2 -0.0093537 -0.57694 0.45801 -0.010132 -1.4159 -1.6253 -1.2252 0.41192
0.038491 -0.89127 -0.88408 -0.86189 -1.627 -0.93732 -1.5672 0.081406 -0.36436 0.56726 2.3198 0.10652 0.29067 1.9288 -1.4237 0.12277 -2.2326 -0.26529 -0.52644 -2.111 0.14725 -0.042149 -0.59047 -0.048606 -0.47356 2.1321 -0.86479 2.3202 2.1768 0.33696 2.2906 0.24837 0.67555 0.45636 -0.15669 -0.59635 -2.0188 -0.77144 -0.98958
0.39612 -0.56119 -0.069006 -0.8292 -1.0927 -0.40854 -1.3542 -0.032881 0.10289 0.14861 1.4894 -0.12857 0.67294 1.2572 -0.43868 0.90988 -2.1388 0.59876 -0.40583 -1.8367 0.35655 0.02123 0.14962 -1.1481 -0.89115 1.4916 -1.1078 2.4145 1.4386 1.1044 2.0775 0.03993 1.5766 0.22903 0.15366 0.059525 -1.699 -0.19165 -1.604
0.73718 -0.31146 0.63083 -1.2895 -0.83155 -0.57191 -2.1797 0.077414 -0.80394 -0.014141 -0.078681 -0.2429 0.68179 0.78401 0.77443 1.5895 -1.2413 1.4157 -0.33541 -0.45228 0.03374 0.17899 -0.28021 -2.181 -0.83083 0.66226 -1.1938 1.6946 0.26952 1.2468 0.85116 -0.083496 1.7414 -0.44311 0.06867 0.22078 -0.72942 0.35203 -1.5712
0.66918 -0.037852 0.81598 -1.606 -0.050697 -0.4066 -2.0691 0.67842 -0.28043 -0.47688 0.54603 -1.0811 0.7373 0.6082 0.97848 1.1134 -0.77358 1.4686 -0.4828 -0.094414 -0.20302 0.070521 -0.10571 -2.0071 -0.3714 0.29925 -1.1665 0.66846 -0.56238 1.0731 -0.38504 -0.13843 1.962 -0.76725 0.081603 -0.15508 0.6827 1.0802 -1.0293
0.57574 -0.080048 0.52897 -1.7138 0.080967 -0.968 -1.976 0.36286 -0.41609 0.20865 -0.26871 -0.65103 0.73361 0.099199 0.76586 0.5023 -0.62705 0.89244 -0.65536 0.32159 -0.52462 0.083734 0.0056985 -1.1499 0.0076963 0.089531 -1.2387 -0.22246 -0.66631 0.45364 -1.3108 -0.23659 1.7436 -0.75973 -0.035495 -0.33616 1.3779 1.4419 -0.44402
0.88135 0.057944 0.73439 -1.6605 0.24984 -1.1725 -1.62 -0.18299 0.04334 0.34541 -0.12281 -0.50549 0.6914 -0.50492 0.70807 0.4034 -0.47713 0.14926 -0.52277 1.5045 -0.97615 0.24481 -0.30865 -0.11538 0.93793 0.052032 -1.3217 -0.32839 -0.010808 0.19138 -1.4135 -0.013751 1.487 -0.19408 0.10948 -0.63538 1.4742 1.1176 -0.14489
0.74153 0.23089 0.58499 -1.5478 0.11139 -1.3212 -1.6822 -0.32672 -0.33579 0.16996 -0.79698 -0.36426 0.74904 -0.89514 0.52775 0.70312 -0.55982 -0.36099 -0.78805 2.0562 -1.1763 0.037592 -0.87166 -0.06282 1.5116 0.045907 -1.0841 -0.24896 0.48042 0.044891 -0.93155 0.17839 0.55786 0.70137 0.09292 -0.65917 1.225 0.30177 -0.012611
0.46807 0.30531 0.88783 -1.7584 -0.045319 -1.0327 -1.236 -0.53881 -0.17468 -0.23116 -0.24403 -0.21249 0.78858 -1.281 0.5344 0.97826 -0.45979 -0.53234 -0.44482 1.8525 -0.3216 0.32434 -0.98393 0.72352 1.2024 0.085002 -0.49062 -0.2329 0.59225 0.001665 -0.28814 0.33502 -0.80352 1.4191 0.080672 -0.27236 1.0626 -0.96995 -0.11862
-0.020128 0.52044 1.2899 -2.0948 -0.56719 -1.1439 0.10948 -0.8555 -0.46253 -0.73742 0.38467 1.2814 0.72634 -1.4677 0.42546 1.0844 -0.55769 -0.49633 -0.33964 1.1741 0.52761 0.24217 -1.0232 1.1615 0.51256 0.059809 0.36074 0.073388 0.32299 0.34568 0.33288 0.64959 -1.9523 1.6923 -0.025438 0.097182 0.80472 -1.7782 -0.46313
-0.26604 0.34513 1.5088 -2.3188 -0.27068 -1.9869 0.44784 -0.76909 -0.1192 -1.282 0.02297 1.0713 0.78362 -1.096 0.35947 1.2882 -0.47964 -0.3136 -0.080006 0.35266 1.0134 0.31664 -0.79278 1.6491 -0.5578 -0.14674 1.0979 0.43044 -0.052964 1.0257 0.88897 0.85841 -2.573 1.3759 -0.45531 0.13795 0.075458 -1.957 -1.0368
-0.50274 0.50874 1.5115 -1.9132 -0.44171 -1.4315 -0.32005 0.27734 0.31944 -0.24248 0.78145 0.56569 0.81746 -0.31927 0.73952 1.1279 0.081255 0.15643 0.32368 -0.99703 1.5541 0.0069602 -0.75649 1.2887 -1.2766 -0.61039 1.0654 0.64646 -0.64009 2.104 1.1478 1.461 -1.798 0.70094 -0.92047 0.44837 -0.81019 -1.2551 -1.6115
-0.4451 0.55582 1.8296 -2.2257 -0.32962 -1.5126 -0.80136 0.5534 0.021838 -0.94144 1.2067 -0.34756 0.74403 0.15151 1.1126 0.84418 1.1024 0.8044 0.93397 -2.0596 1.9187 -0.43763 -0.8215 0.88407 -1.9413 -1.3184 0.31619 0.45922 -1.3575 2.6918 1.0263 1.55 0.29063 -0.39523 -1.3235 0.76945 -1.3079 -0.079751 -1.746
-0.28551 0.65491 2.1604 -2.1529 -0.39586 -1.1049 -1.1676 0.61089 -0.15669 -1.0016 1.6094 -1.3289 0.50736 -0.14364 1.1537 0.11325 2.5157 1.0902 2.0651 -1.1262 1.4536 -1.1747 -0.065695 -0.16299 -1.3811 -2.0609 -0.66165 -0.1309 -1.8707 2.3651 0.60271 1.4119 2.3437 -1.2677 -0.84325 1.4366 -1.5905 0.79369 -1.2986
0.17025 1.3618 2.1967 -1.6041 0.15264 -0.58867 -1.9802 1.1779 -0.42433 -1.5806 1.2859 -0.97093 -0.051051 -0.59638 0.93682 -0.71825 3.2483 1.1386 2.1385 0.92955 0.20954 -1.6789 0.4745 -0.4173 -0.65817 -2.3547 -1.0836 -0.70476 -1.838 1.3319 0.29273 0.84791 3.0561 -1.6085 -0.16496 1.4555 -1.2962 1.2801 -0.29841
-0.15281 1.628 2.1136 -0.5194 0.73401 -0.30562 -2.1058 1.6067 -0.91676 -1.8193 1.1488 -1.2491 -0.76989 -1.1333 0.60218 -1.5494 3.3529 1.119 2.5354 1.9709 -0.22252 -1.0147 1.5994 -1.4689 -0.26289 -2.2718 -0.82332 -1.316 -1.1925 -0.96143 0.064597 -0.43299 1.7913 -1.6275 0.73826 0.96438 -0.30892 0.92935 1.2416
-0.95347 1.2325 1.2019 1.0433 0.95957 1.1529 -0.23661 1.0688 -1.3182 -0.13456 -0.5888 -0.72664 -1.2628 -1.3077 0.18125 -1.7229 3.1285 1.342 2.3883 2.2251 -0.56855 -0.82645 1.3893 -1.2297 0.1618 -1.7077 -0.048138 -1.3188 -0.10147 -2.8519 0.059435 -1.4723 -0.57066 -1.2852 1.3092 0.031212 0.50787 0.30129 2.4051
-1.1928 1.2763 0.70435 1.1711 0.59463 0.87391 1.4199 0.021865 -1.6328 0.38823 1.2517 -0.73583 -1.2688 -1.2694 -0.72143 -1.5945 0.80319 1.1153 1.0761 1.6258 -1.5214 -0.13406 1.4961 -0.37075 0.14502 -0.2849 0.71464 -1.0154 0.98793 -4.1701 -0.024171 -2.2377 -2.1676 -0.38906 1.0216 -1.5343 1.5913 -0.086059 2.8095
-1.3228 1.1736 0.43333 0.67074 0.97392 1.7502 0.75865 0.53002 -0.57362 0.6552 -1.0424 -1.4291 -1.3822 -0.6023 -0.65913 -0.89732 -0.72558 1.2576 -0.067962 -0.042749 -1.808 0.47011 0.59932 0.20066 -0.22603 0.71133 0.9081 -0.57949 1.5195 -3.5358 -0.18327 -1.9853 -2.6062 0.82543 1.2507 -2.1425 1.5063 -0.36205 2.1297
-1.0841 1.1896 0.80288 1.3609 1.7855 1.8037 0.2009 0.41989 -1.3499 -0.61661 0.52265 -0.80771 -1.2311 -0.17503 -0.71623 -0.15834 -2.3928 1.1225 -0.69865 -1.1126 -0.44437 0.3609 -1.197 1.3453 -0.23464 1.2595 0.78907 -0.031963 1.4485 -1.2898 -0.47991 -1.2417 -1.6899 1.4765 0.95957 -2.1546 1.0352 -0.076959 0.91276
-1.1643 0.47112 0.54892 -1.2964 1.6724 -0.023324 -0.66711 -0.92664 -0.64188 0.16592 1.073 -0.68337 -0.17055 -0.19274 -0.81411 0.34137 -1.7798 1.0033 -0.68322 -1.4672 0.52513 1.4004 -1.724 1.2565 -0.38532 1.1157 0.26935 0.17421 0.89387 0.56878 -1.2214 -0.21295 -0.10691 1.1619 0.4918 -1.4803 -0.13416 0.57829 -0.31158
-1.0429 1.0651 0.96083 -0.31864 2.3742 -0.0061133 -1.5345 -0.84973 -0.60899 -0.55451 0.71534 -1.7727 -0.34913 -0.028176 -0.69989 0.43773 -1.0459 0.3546 -1.0928 -0.96042 0.27034 1.3028 -1.8273 1.4181 0.077828 1.0585 -0.10016 0.5237 0.37878 2.2943 -1.5411 0.79305 0.88401 0.0048089 0.1407 -0.32201 -1.3364 1.1636 -1.309
-1.4063 0.41357 0.73296 -1.584 1.7804 0.86306 -0.032698 1.235 -1.3259 -1.5811 1.9247 -0.82276 -0.22236 -0.17331 -0.37049 0.43528 -0.35763 -0.62813 -0.29637 -0.37142 0.15221 0.98154 -2.1645 -0.068598 0.8272 0.29497 0.359 0.24136 -0.27343 1.8869 -1.932 1.1707 1.0373 -0.7612 -0.15322 1.1076 -1.5533 1.7412 -1.2162
-1.4797 0.46856 1.0688 0.053846 1.8604 0.6325 -0.41737 1.0324 1.1855 -1.3678 1.8818 -1.709 -0.51363 -0.35321 -0.043248 0.47715 1.1104 -0.92728 0.68805 -0.0064701 -0.29721 0.86244 -1.6402 -0.84643 1.5802 -0.52719 1.1584 -0.56437 -0.88618 0.95855 -2.2242 1.0785 0.28903 -1.2434 0.44404 2.1542 -1.3701 1.3443 -0.37393
-1.0398 0.50664 0.98053 -0.23043 1.58 -0.040348 -0.9802 -0.056047 0.34842 -1.6815 0.78314 -0.59099 -0.1144 0.63497 -0.73073 -0.19653 0.60721 -1.9498 0.75932 0.0046926 -0.79065 1.3348 0.50027 -0.93851 2.4801 -0.13216 1.9285 -1.4298 -1.0148 -0.51283 -2.0277 0.3489 0.16868 -1.2048 0.48982 2.8403 -0.45297 0.3966 1.0574
-1.3187 0.7433 1.2607 -0.11189 0.72935 0.95916 -0.73575 -0.48362 -0.81469 -3.1659 0.18691 1.05 -0.73278 1.6843 -1.4867 -0.89254 0.22976 -3.1231 0.52847 -0.63924 -1.8399 2.0146 1.3408 -1.0747 2.0464 0.65017 1.9645 -1.7259 -0.56205 -1.4489 -1.5591 -0.22164 0.55114 -0.77074 0.45855 2.3355 0.26221 -1.3279 1.9333
-1.6922 0.57494 1.1215 0.10086 0.94376 1.0095 -0.93395 -1.3436 0.51167 -1.1288 0.014618 1.0562 -0.81359 2.3228 -2.0964 -0.76286 -0.86485 -3.3025 0.47807 0.22264 -1.5795 1.3839 2.2761 -0.88249 1.4275 1.4955 0.98523 -1.0271 0.26322 -1.0598 -0.40297 -0.58294 0.96331 -0.26516 -0.072068 0.7084 0.66864 -3.0198 1.8806
0.11022 -0.35206 0.31152 -0.29989 -0.64426 1.3087 -0.85561 -0.22501 1.2759 0.68772 0.5671 1.8548 -0.099097 2.383 -2.3147 -0.28918 -0.82234 -3.1499 0.38585 0.8981 -1.5218 1.7549 2.3502 -0.24306 -0.62963 1.9236 -0.25113 0.10731 1.0025 -0.39508 0.69416 -0.7024 1.2117 0.25167 -1.0125 -1.0994 0.78045 -3.3228 1.1163
0.47253 -1.5317 -0.35598 -1.0466 -2.6561 1.1103 -1.0594 -1.2161 2.2527 -0.61525 0.78163 1.0394 0.79586 2.0878 -2.0754 -0.028508 -0.82007 -2.6809 -0.3325 1.0426 -1.5389 1.3385 1.4809 0.16325 -2.4202 2.4071 -1.5515 1.3947 1.1879 0.59755 1.6088 -0.58326 0.57023 0.13977 -1.4195 -2.3167 0.45544 -2.5558 -0.106
0.79464 -1.2865 0.95679 -0.88406 -1.5378 0.69355 0.078982 -1.4731 1.7526 0.91093 -0.1116 0.27781 1.1114 1.3592 -1.3148 0.57098 -0.52362 -2.1338 -0.46756 1.2353 -1.3967 0.062412 -0.54609 0.1638 -2.8952 2.0829 -1.901 2.1445 0.93607 0.89181 2.2905 -0.080757 0.019456 0.60056 -1.6683 -1.915 0.063823 -0.46351 -1.2018
0.68658 -1.2785 1.1868 -0.80186 -2.0811 0.85874 0.25989 -2.515 1.2723 -0.15747 0.21602 -1.5317 1.2626 0.031089 -0.21134 0.97903 0.080097 -0.80604 -0.25901 1.1043 -1.4064 -0.54498 -1.0988 -0.033204 -2.7175 1.2453 -1.5531 1.9447 0.085746 0.81659 2.0143 0.65467 -0.61118 1.242 -0.78065 -0.82674 -0.15599 1.6228 -1.8291
0.24437 -1.154 0.97033 -0.78001 -2.3832 0.54762 0.18446 -2.3973 0.9694 -1.1047 0.63086 -2.341 1.4127 -0.026823 0.42128 0.91538 0.36298 0.18757 0.18716 0.85779 -0.41385 -0.56763 -0.34536 0.053983 -1.4279 0.48802 -0.64994 1.1582 -0.72964 0.29775 1.5713 0.73711 -1.1078 1.7394 0.47203 0.54434 -0.44828 2.8488 -1.6586
0.34013 -1.1599 1.1875 -0.59537 -2.4128 0.60676 0.34219 -2.2859 1.1461 -1.1039 0.51382 -2.0404 1.4262 -0.025594 0.38265 -0.057702 0.23369 -0.081416 0.6444 0.0085198 0.4504 0.13439 -0.33541 -0.062308 0.21754 0.1313 0.33436 0.31789 -1.0109 -0.38478 0.95735 0.52061 -1.3717 1.8616 1.0262 0.60996 -0.69888 3.0131 -1.1619
0.4168 -1.0021 1.0131 -0.49091 -2.1723 1.1266 0.3247 -2.0468 1.261 -0.36848 0.43315 -1.5551 1.4145 0.22087 0.36867 -0.26864 -0.057412 0.43851 0.54936 -0.39516 1.1687 0.66623 0.21546 -0.73944 1.5464 -0.14617 0.43335 -0.048252 -0.74801 -0.74671 0.69351 0.24661 -1.6019 1.679 0.69065 -0.049005 -0.62003 2.0951 -0.74548
0.78069 -1.0714 1.2297 -0.72736 -1.7673 1.2539 0.41095 -1.7487 1.5671 -0.087997 0.43926 -0.89398 1.3358 0.5277 0.35761 -0.30477 -0.42177 0.85903 0.59686 -0.9553 1.545 0.87095 -0.099118 -1.1007 2.0445 -0.3869 0.22002 -0.033259 -0.13778 -0.72499 0.76721 -0.016418 -1.5319 1.7123 -0.21378 -0.46441 -0.04649 0.78427 -0.49795
0.61721 -0.84971 0.83104 -0.61103 -2.0042 1.5228 -0.088948 -1.1944 1.6944 -0.0033325 -0.32131 0.10773 1.2755 0.49671 0.34998 -0.3529 -0.68688 1.0162 0.70164 -1.7894 2.4096 0.43737 -0.5576 -0.71911 2.0077 -0.50066 -0.20315 0.014765 0.054266 -0.52301 0.43041 -0.23031 -1.439 1.5529 -1.2035 -0.61315 0.58743 -0.33108 -0.25512
0.63446 -0.90848 0.8128 -0.97184 -1.6878 1.0837 -0.40077 -1.1392 1.8622 -0.82001 -0.68844 0.073446 1.1441 0.24934 0.33383 -0.28404 -0.78923 1.0659 0.53458 -2.2887 3.2685 -0.15593 -0.90925 -0.11419 1.6227 -0.52226 -0.40523 0.0060404 0.28164 -0.31634 0.43507 -0.74688 -0.60579 0.95211 -1.7181 -0.074808 0.90667 -0.8753 -0.033686
0.82325 -0.78838 0.76466 -1.2416 -1.2138 1.2858 -1.1118 -0.32909 1.9376 -1.5952 -0.64709 0.47826 1.0135 0.0045929 0.40456 -0.19395 -0.83993 1.1436 0.12039 -2.544 3.4209 -1.1707 -0.65002 0.10782 1.0845 -0.50025 -0.34879 -0.0083261 0.35513 -0.016823 0.3372 -1.1468 0.60963 -0.27566 -1.6019 0.56545 0.74161 -0.98634 0.12464
0.90945 -0.78527 0.89153 -1.24 -1.0526 1.9604 -2.011 1.2284 1.3894 -1.0813 0.088955 0.97831 0.93786 0.051398 0.33939 0.11938 -0.93145 1.6126 -0.60249 -1.7905 2.9296 -1.6871 -0.20082 0.52242 0.70681 -0.43585 -0.26824 -0.087848 0.10984 0.31566 -0.13781 -1.2667 1.5653 -1.7004 -0.99668 0.96727 0.36248 -0.94016 0.2381
0.65185 -0.66864 0.78084 -1.3485 -0.78625 1.7952 -2.2901 2.2772 1.0001 -0.87416 0.53836 0.87114 0.91231 -0.024207 0.33169 0.084295 -0.65122 1.3777 -1.0171 -0.91242 1.9685 -1.9307 0.27545 0.63929 0.43648 -0.32589 -0.30757 -0.15842 -0.35928 0.60249 -0.74718 -1.1243 2.1622 -2.7813 0.24118 0.56623 0.11468 -0.84044 0.31994
0.65778 -0.5714 0.9151 -1.6465 -0.50846 0.9915 -2.6609 2.0526 0.023128 -0.63278 -0.15866 0.8366 0.82786 -0.2099 0.2187 -0.23581 -0.30764 0.69849 -1.423 -0.1396 0.48223 -1.7198 0.65323 0.4701 0.013147 -0.20034 -0.41546 -0.13541 -0.6389 0.71816 -1.2254 -0.7513 2.0722 -3.1354 1.2558 -0.094551 -0.10791 -0.64631 0.33945
0.7267 -0.56046 0.98506 -1.7894 0.29483 0.14392 -1.773 1.7218 0.11883 -0.73867 0.044729 1.1274 0.80656 -0.4098 0.19258 -0.69257 -0.048455 0.21466 -1.7118 0.74391 -1.0697 -0.66469 0.11184 0.44369 -0.29587 -0.071049 -0.3994 -0.12085 -0.3591 0.66692 -1.2251 -0.10922 1.5672 -2.4565 1.7209 -0.27713 -0.23826 -0.18785 0.21792
0.72776 -0.59057 0.8241 -1.634 -0.12044 0.047449 -1.5878 1.1908 -0.031909 -1.0177 0.29533 0.71612 0.78497 -0.49674 0.17601 -0.68314 0.083245 -0.083047 -1.7539 1.3216 -1.9869 0.16423 -0.3081 0.44458 -0.25235 0.016563 -0.14242 -0.09894 0.14574 0.71201 -1.246 0.70744 0.66262 -1.2525 1.3765 0.094652 -0.75038 0.23725 -0.085017
0.56271 -0.60019 0.34631 -1.3806 -0.81038 0.1588 -1.8801 0.85186 0.0046669 -0.45157 0.38318 0.60741 0.82212 -0.59257 0.14501 -0.36793 0.37519 -0.50815 -1.0703 1.3256 -1.8496 0.52595 0.18629 0.19218 0.19286 -0.059239 0.17708 -0.27081 0.53668 0.56676 -0.97825 1.1119 -0.11129 -0.004065 0.67862 0.94808 -1.0013 0.15364 -0.29055
0.264 -0.5137 0.015366 -1.308 -0.75596 -0.17884 -1.206 0.30273 0.83747 -1.0186 0.98834 0.51255 0.89499 -0.36372 0.071939 -0.14469 0.78531 -1.2557 -0.33431 0.79762 -1.728 0.40647 0.82148 -0.98066 0.27232 -0.34145 0.64168 -0.35311 0.40379 0.49827 -0.38148 0.96626 -0.40277 0.81989 -0.10436 1.4059 -0.70405 -0.37106 -0.3428
0.14619 -0.4105 0.41392 -1.5603 -0.44305 -1.0606 -0.64412 -0.2815 0.78576 -1.2839 0.61002 0.68038 0.88828 -0.14142 -0.22 0.011301 0.6382 -1.0156 -0.20576 0.74489 -1.2565 0.56382 1.5322 -0.96744 -0.22772 -0.37348 0.98421 -0.44728 -0.13318 0.35892 0.43372 0.16725 -0.11428 1.1701 -0.72399 0.71787 -0.12967 -0.55545 -0.1223
0.22081 -0.46496 0.93853 -1.2359 -0.85184 -0.3597 -0.95269 -0.053854 0.24441 0.086739 -0.35312 1.6619 0.63872 0.45613 -0.24692 -0.14429 0.86348 -0.53379 -0.2607 0.79009 -0.66251 -0.044338 1.9589 -0.45112 -0.79765 -0.39577 1.0146 -0.46049 -1.0038 0.38655 1.0768 -0.55486 0.3009 1.4635 -0.55557 -0.32581 0.38456 -0.20973 0.20822
0.59682 -0.59638 0.65079 -0.58977 -1.894 0.10106 -1.066 -0.56324 0.41022 0.34918 -1.6747 1.1175 0.32275 0.79785 -0.4621 -0.62812 0.99159 -0.05438 -0.77461 1.0626 -0.048055 -0.65641 1.1227 -0.29567 -0.40941 -0.23009 0.92501 -0.34988 -1.605 0.50196 1.2502 -0.65765 0.073836 1.3424 0.12526 -1.3993 0.44124 -0.0072311 0.40882
0.47399 -0.98168 0.35148 -1.0431 -1.4362 -0.31102 -0.77705 -0.28738 0.92075 0.95942 0.066366 -0.52966 0.59169 1.0221 -0.59616 -1.6876 1.3149 0.27689 -1.157 1.1708 0.59953 -0.060093 0.35491 -0.41837 -0.058499 -0.05439 0.47627 -0.17726 -1.4879 0.23202 1.3795 -0.16056 -0.50323 0.75356 0.93095 -1.5313 0.32572 -0.010184 0.47691
0.9981 -0.64314 -0.19148 -0.33587 -0.97206 -0.71019 -0.49793 -0.0017302 -0.018753 1.3647 0.80732 -0.69682 0.56479 1.2684 -0.64529 -2.1864 1.331 0.91534 -1.0697 0.6497 0.79773 0.83348 -0.57577 0.037948 -0.59981 0.1525 0.15844 0.22895 -0.80427 0.0063928 1.1158 1.0116 -1.2909 0.20136 0.99684 -0.39275 0.25376 -0.25869 0.19795
0.89257 -0.95956 -0.46853 -0.41465 -0.34092 -2.0522 0.7052 0.093931 -0.070315 -0.96379 0.094856 1.2144 0.74909 1.099 -0.45988 -2.119 1.1159 1.5587 -0.43421 -0.0186 0.40041 1.0564 -0.37702 0.15196 -0.71107 0.22431 -0.17743 0.45804 0.20346 -0.50721 0.66793 1.8957 -1.5435 -0.50427 0.27319 0.97475 0.27074 -0.56425 -0.11369
1.2099 -1.0603 -1.3084 0.15947 -0.55561 -2.0694 0.34288 0.64037 1.0165 -0.25025 -1.3985 1.456 0.64395 1.0605 -0.13978 -1.9078 1.0983 1.3906 0.87979 -0.87333 0.41256 0.76057 0.67774 0.03213 -0.60613 -0.02797 -0.38438 0.70649 0.7018 -0.63467 -0.13541 2.1895 -1.0783 -1.0508 -0.5701 2.0844 0.32822 -0.65403 -0.3734
1.7182 -1.2395 -1.2977 0.43578 -0.28684 -0.56074 -1.1366 0.62442 1.6918 0.054218 -0.4607 -0.53653 0.62021 0.81734 -0.066482 -1.4672 0.49406 1.2904 1.6467 -1.0844 -0.2841 0.52895 1.769 0.23454 -1.2108 -0.14766 -0.55055 0.82046 0.96658 -0.65787 -0.54838 1.2868 -0.0073927 -1.1677 -1.061 1.466 0.55968 -0.49266 -0.31831
1.467 -1.0549 -1.5751 0.25533 0.32017 -0.20499 -1.1808 -0.57967 1.4823 0.79041 -0.26 -1.2467 0.64282 0.72475 0.36554 -1.2352 0.47037 0.80356 2.2541 -0.93898 -1.0494 -0.0080181 2.7061 0.77199 -1.6913 -0.28251 -0.6559 0.66803 1.0883 -0.60774 -0.49995 -0.25422 1.0655 -0.7923 -0.99904 0.32464 0.20152 0.30432 -0.07901
1.5939 -0.85334 -1.7769 0.244 0.46474 0.6233 -1.475 0.7511 0.71981 2.2801 1.0368 -0.9856 0.53576 0.2806 0.68999 -0.69084 0.21567 0.83672 1.4431 -0.046881 -1.2962 -0.62954 1.674 1.062 -1.1758 -0.17661 -0.51601 0.28677 1.0795 -0.23066 -0.61649 -1.2811 1.111 0.13909 -0.48252 -1.0266 -0.60293 1.0019 0.12604
1.7574 -0.83389 -1.7849 0.077563 0.77735 0.22531 -0.72164 -0.60995 0.26043 2.1785 0.30317 -1.1473 0.46489 0.15135 0.62372 -0.30752 0.11547 0.69224 0.47386 0.61108 -0.74431 -0.60868 1.4103 0.11745 0.018737 -0.13858 -0.38523 -0.30545 0.99857 -0.11261 -0.7653 -1.7927 0.48151 0.65713 0.32626 -1.9442 -1.4224 0.92199 0.26206
1.7311 -0.64206 -2.1388 0.54602 0.11693 0.60914 -0.36943 -1.237 0.73146 1.7556 0.10535 -0.84021 0.4337 0.18054 0.29382 0.041216 0.24284 0.20365 -0.018103 0.2313 -0.20245 -0.10379 0.28424 -0.69321 0.020419 0.00069543 -0.1834 -0.6452 0.70075 -0.056614 -0.97395 -1.6178 -0.34979 1.0423 0.91049 -1.6631 -1.4713 0.43938 0.20343
1.5448 -0.39794 -1.8708 0.53208 0.68667 -0.069705 -0.45179 -0.72907 0.89478 1.298 0.29614 -1.111 0.53777 0.088728 0.039743 0.22214 0.2452 -0.29966 -0.59027 -0.19849 -0.30689 0.38603 -0.64516 -1.3922 -0.3685 0.078282 -0.084317 -0.61469 0.60108 -0.22459 -0.96975 -1.2863 -0.66063 1.0258 0.65355 -1.7002 -0.85896 0.0231 0.11261
1.8508 -0.72329 -1.5008 0.35834 0.9574 0.28985 -0.81811 -0.11938 0.94873 2.5414 -0.26621 -0.62263 0.49659 -0.007692 -0.12322 0.31947 0.042191 -0.47592 -1.2511 -0.36201 0.55898 0.67859 -0.75832 -1.3316 -0.060278 0.065649 -0.10698 -0.43333 0.51257 -0.40294 -0.99257 -0.84999 -0.10666 0.90346 -0.31742 -1.3078 -0.38583 0.5219 -0.027654
1.6443 -0.8085 -1.6399 0.46302 0.40968 0.043133 -1.2879 -0.37155 0.91586 1.449 -0.85495 -1.444 0.64461 0.10577 -0.22075 0.645 -0.2017 -0.76873 -1.475 -0.41025 0.91528 0.30048 -1.6058 -1.3766 0.11936 0.026642 -0.26628 -0.21235 0.60179 -0.42471 -0.95763 -0.17277 0.56752 0.70371 -1.2918 -1.0381 0.49519 0.95958 -0.047291
1.758 -0.78544 -1.6784 0.48922 -0.19715 -0.39434 -1.3784 -0.40318 0.90881 1.3011 -1.017 -1.7116 0.52177 -0.008837 -0.31861 0.7585 -0.27916 -1.4051 -1.2713 0.085073 0.97759 -0.6695 -1.9545 -1.4826 0.86923 -0.012062 -0.49412 -0.065819 0.83541 -0.47553 -0.50451 0.62105 1.0508 -0.014812 -1.5318 0.022185 1.1007 0.80861 0.060392
1.6782 -0.81352 -1.5903 0.21518 0.096897 -1.7436 -0.52463 -0.15931 1.3716 1.0156 -1.386 -0.587 0.4767 -0.38078 -0.22714 1.0956 -0.37961 -1.6132 -0.92558 0.62302 0.86808 -1.4641 -2.2039 -0.17732 1.1654 0.04548 -0.80684 0.06374 0.84198 -0.6491 0.26872 1.1221 0.91468 -0.52866 -0.8803 1.2783 1.1664 0.35633 0.25472
1.8293 -0.71784 -1.1173 0.35441 -0.67746 -1.1062 -0.98401 0.32293 0.96795 -0.64734 -1.4395 -0.53877 0.5084 -0.64817 -0.2339 1.6172 -0.74779 -0.98743 -0.28859 1.0963 0.50332 -1.435 -0.40494 0.52837 1.1029 0.16597 -0.8685 0.30875 0.67508 -0.77563 0.95214 1.3539 0.095403 -0.90252 0.29008 1.738 0.91699 -0.50133 0.37338
1.5179 -0.93549 -0.79467 0.11959 -0.97438 -1.185 -0.46447 0.8763 -0.5127 -0.090041 -1.8863 0.58605 0.56499 -1.0261 -0.15531 1.7508 -1.1655 -0.47035 0.26988 0.79714 0.026519 -1.0318 0.29318 0.22083 0.75256 0.37471 -0.74032 0.50743 0.18367 -0.72253 1.1564 1.116 -0.68792 -1.0419 1.4459 1.437 0.39801 -0.98128 0.30673
1.2769 -1.0453 -0.31194 -0.045036 -1.2346 -0.58702 -0.30191 0.55654 -0.82258 0.090978 0.19128 0.36324 0.62729 -1.2497 0.17247 1.6588 -1.317 -0.19571 0.82935 0.13469 -0.48903 -0.29981 0.42939 0.3774 0.050418 0.4603 -0.37886 0.70567 -0.30856 -0.28296 0.66711 0.72529 -1.3568 -0.76606 2.0235 0.065159 0.33947 -1.1672 0.077737
0.94951 -0.98994 0.038005 -0.48439 -0.55488 -0.64166 0.10846 -0.34328 0.047691 1.8714 -0.3667 -0.63412 0.81493 -1.4108 0.43662 1.3981 -1.4281 0.15244 0.73949 -0.26665 -0.8071 0.82633 0.38377 0.82567 -0.32703 0.42302 0.2755 0.54242 -0.47983 0.38211 -0.0633 0.45497 -1.4432 -0.10828 1.6491 -0.48678 0.4365 -0.8699 -0.23669
0.74487 -0.82389 0.055914 -0.99339 -0.54787 -0.78417 -0.4864 -0.30795 0.47913 1.0406 -1.7659 -0.21467 0.86793 -1.1303 0.67627 1.2107 -1.1413 -0.049162 0.92164 -1.0291 -0.68932 1.6295 -0.30626 1.0258 -0.76088 0.28077 0.91255 0.043057 -0.57471 1.1142 -0.87703 0.18648 -0.93809 0.53389 0.48344 -0.65849 0.64439 -0.14968 -0.44193
0.54435 -0.44718 0.27701 -1.0379 -0.54665 -0.47459 -0.81793 -0.32281 0.94775 0.048021 -0.86837 -0.26955 0.90488 -0.57219 0.5196 1.0767 -0.5552 -0.65515 1.1298 -1.4446 -0.14298 1.261 -0.34601 0.90806 -0.62993 0.073778 1.383 -0.50074 -0.6989 1.7364 -1.3296 -0.045831 0.0015778 0.71273 -0.74058 -0.1981 0.99448 0.32434 -0.48971
0.3475 -0.40233 0.51547 -1.1094 -0.90702 -0.033507 -1.2524 -0.22239 1.0685 -0.32996 0.29233 -0.53022 0.89183 0.0012706 0.20339 0.74668 0.29082 -1.4199 1.005 -1.1281 0.21728 0.44879 -0.57082 1.8009 -0.095491 -0.10152 1.4363 -0.8729 -1.0596 1.7936 -1.0644 -0.69205 1.0523 0.54188 -1.4925 0.30241 0.55204 1.0619 -0.43882
0.42013 -0.4334 0.71535 -1.0252 -1.3174 0.24432 -1.5977 -0.0062973 0.91169 0.23052 0.39646 -0.70731 0.81639 0.54786 -0.18496 0.32866 1.0442 -1.6336 0.60549 -0.26101 0.14224 -0.023701 0.11104 2.6662 0.024079 -0.20276 1.1873 -0.80665 -1.5796 1.4148 -0.31421 -1.3982 1.6147 0.21451 -1.3471 0.3211 -0.58265 1.4591 -0.38563
0.81687 -0.70458 0.9896 -0.63699 -1.95 0.85301 -1.8077 0.011548 0.71243 0.99934 0.92937 -0.9445 0.73777 0.93086 -0.46623 -0.38077 1.3526 -1.537 -0.19685 0.35679 0.2227 -0.64678 0.10394 1.4101 1.1226 -0.31216 0.6996 -0.39205 -1.7533 0.71008 0.66619 -1.5899 1.4245 0.23399 -0.79639 0.061828 -1.8706 1.291 -0.31466
0.92937 -0.74537 0.59706 -0.20504 -2.2483 0.052236 -1.0225 -0.22611 0.71797 0.77414 1.243 -0.21553 0.76411 1.1322 -0.52701 -1.2823 1.5111 -1.1757 -1.0576 0.87288 0.24213 -0.82397 -0.0056977 -0.10733 1.7937 -0.46251 0.085353 0.059004 -1.5859 -0.088703 1.3011 -1.3228 0.79752 0.43299 -0.34324 -0.54041 -2.4971 0.81135 -0.21033
1.2064 -0.83864 0.2791 0.16181 -2.3816 -0.22498 -0.71922 -0.16625 0.69589 0.32796 2.279 -0.047285 0.68056 0.9927 -0.29764 -1.6903 1.3586 -0.40088 -1.3342 0.99891 0.59485 -0.70118 -0.37542 -0.83141 1.7045 -0.49369 -0.47723 0.16324 -0.86984 -0.64077 1.4081 -0.38857 0.2559 0.58654 0.18283 -0.3903 -1.8198 -0.10833 0.02976
1.299 -0.83233 -0.17541 0.26045 -2.3744 -0.72188 -0.6958 0.15966 0.059749 -0.37053 0.52359 1.8748 0.55178 0.6853 -0.16956 -1.9508 0.87358 0.22953 -1.4641 0.90554 0.78902 -0.65575 -0.76814 -1.5982 1.425 -0.45829 -0.80446 -0.083184 0.35428 -0.90483 1.2661 0.56742 0.20652 0.56599 0.5229 0.045441 -0.78546 -0.74919 0.46976
1.4559 -0.97235 -0.88418 0.46972 -2.4512 -1.2337 -0.52501 0.21209 0.11514 0.29023 -0.46464 1.6464 0.33019 0.30122 -0.36692 -1.6626 0.48857 0.39084 -0.76924 0.78594 1.0949 -0.35593 -0.32067 -1.7528 1.0952 -0.25613 -0.83745 -0.3875 1.4064 -0.81471 0.90776 1.1309 0.57275 0.12762 0.75723 0.29874 0.3518 -1.2175 0.89879
1.4684 -0.72677 -0.72375 0.51181 -1.772 -0.87709 -0.62069 0.92952 0.22826 0.38726 -0.1937 0.8575 0.35081 0.030713 -0.63596 -0.65882 0.27774 0.79445 -0.20977 1.3298 1.0959 0.046898 0.069777 -1.2996 0.56004 0.21804 -0.84722 -0.3975 2.1806 -0.69465 0.7303 1.2609 0.90211 -0.4289 0.71282 -0.11316 1.1536 -1.2898 1.1866
1.4723 -0.96122 -1.1446 0.3454 -1.8044 -1.2282 -0.38417 0.70521 0.015002 -0.16407 -0.58526 1.1118 0.37987 -0.18711 -0.72871 0.2378 0.15388 1.0148 0.29238 1.8419 0.65227 0.45166 -0.16332 -0.15397 -0.37069 0.69019 -0.78329 -0.090311 2.2388 -0.70905 0.67789 0.97614 0.89811 -0.87429 0.43562 -0.88226 1.3418 -1.1456 1.0989
1.1695 -1.3144 -1.1682 0.46346 -2.0688 -0.83967 0.24841 1.1441 0.44963 0.25467 -0.32358 1.917 0.61177 -0.59539 -0.67004 1.0983 -0.24095 1.285 0.51804 2.0664 0.087604 0.35733 -1.0747 0.17746 -0.49938 1.0755 -0.58693 0.41971 1.6249 -0.75606 0.51149 0.86613 0.19269 -0.90594 -0.01503 -1.165 1.0935 -1.1066 0.63891
1.3216 -1.582 -0.10923 0.56571 -1.2223 -0.61376 1.2009 1.2229 0.54406 0.1998 0.13085 1.4195 0.97923 -0.79451 -0.50566 1.5652 -0.56043 1.4153 0.81202 2.0988 -0.2309 0.36077 -1.5802 0.49405 -0.73401 1.1742 -0.25324 0.79329 0.54298 -0.75973 0.25875 0.668 -0.54067 -0.74592 -0.43546 -0.7184 0.6182 -1.0133 0.0035332
1.1685 -1.4446 -0.10863 0.48896 -1.072 -0.58364 1.4746 0.72832 0.51909 -0.5659 -0.15144 0.81647 1.159 -0.71785 -0.030625 1.6537 -0.7599 1.5538 1.2562 1.5252 -0.35692 0.078323 -1.6431 0.82046 -1.5364 1.0603 0.12311 0.88996 -0.82904 -0.47143 -0.31018 0.56769 -0.9881 -0.53326 -0.4669 0.34879 0.3547 -0.82792 -0.58363
0.72293 -1.4043 0.30486 -0.017898 -0.54453 -0.60751 1.6052 0.34748 0.39049 -1.2044 -0.34937 0.41429 1.3482 -0.57229 0.30764 0.94479 -0.98819 1.369 1.2541 1.0253 -0.6939 -0.24939 -1.3692 0.93214 -1.9371 0.71174 0.36287 0.62017 -1.7572 -0.046637 -0.81037 0.4881 -1.0134 -0.34599 -0.27153 1.3862 -0.029221 -0.25579 -0.87444
0.66161 -1.2333 0.71975 -0.25501 -0.11402 0.2531 1.7639 0.83726 0.60671 -1.6022 0.6458 -0.015364 1.4409 -0.4696 0.44475 -0.13242 -0.89846 0.73653 1.4278 0.6551 -0.81616 -0.23996 -0.44477 0.79147 -1.5991 0.33157 0.41292 0.1788 -2.1494 0.38575 -1.2104 0.32668 -0.7308 -0.31926 0.1943 1.8769 -0.66829 0.4901 -0.88722
0.82833 -1.1333 0.3769 -0.33818 -0.22405 0.58124 1.4543 0.47775 0.093965 -1.5326 0.67554 -0.84316 1.436 -0.24642 0.31648 -0.79117 -0.58142 0.32023 1.6984 0.53709 -0.7551 0.0016418 0.71951 0.50448 -1.2197 0.073574 0.34265 -0.1072 -1.7523 0.65988 -1.0655 0.019609 -0.38582 -0.41097 0.75193 1.7172 -1.2965 1.0098 -0.66156
0.7217 -1.1827 -0.093387 -0.45114 -0.31683 0.62043 1.9764 0.20026 0.25031 -0.80582 1.0316 -0.81123 1.3755 -0.11769 0.26962 -1.4498 -0.25845 -0.17108 1.6845 0.31636 -1.0257 0.35031 1.2348 -0.36324 -0.86825 -0.10718 0.18774 -0.15933 -0.81178 0.53584 -0.49583 -0.47098 -0.21787 -0.42697 1.2317 0.79775 -1.4985 1.347 -0.36316
0.80562 -1.1186 -0.35734 -0.30558 -0.37065 1.0791 2.1768 -0.11969 0.36926 -0.35842 0.68598 -0.80076 1.3465 -0.11273 0.21053 -1.637 -0.099276 -0.15643 1.164 0.40543 -1.4753 0.94924 1.3802 -1.2577 -0.19982 -0.17529 0.0092612 -0.034772 0.18053 0.14597 0.097153 -0.91263 -0.39172 -0.10211 1.3122 -0.31186 -1.2609 1.6537 -0.10163
0.67732 -1.136 -0.7652 -0.2919 -0.49756 1.616 2.0491 -0.2758 0.64352 -0.039831 0.10602 -0.94693 1.3011 -0.1822 0.22386 -1.2187 -0.1587 0.057278 0.75513 0.25485 -1.3748 1.7232 0.89657 -1.5351 0.69164 -0.14774 -0.10622 0.035616 1.0331 -0.28082 0.50421 -1.1142 -0.65974 0.65606 0.96569 -1.0488 -0.44631 1.6846 0.069975
0.51315 -1.0357 -0.98438 -0.46487 -0.60764 1.7359 1.7634 -0.78567 0.90686 -0.31571 -0.75854 -0.99697 1.2949 -0.18397 0.27861 -0.58921 -0.36738 0.39355 0.34262 -0.23275 -0.83762 1.9103 0.24635 -1.5992 1.4357 -0.069336 -0.20396 0.1428 1.4538 -0.4932 0.59391 -0.99868 -0.89647 1.5362 0.28068 -1.2834 0.65668 1.2487 0.16425
0.68771 -0.97339 -1.0011 -0.39978 -0.13618 1.5023 2.2992 -1.144 1.6678 -0.074412 -0.75385 -0.32506 1.272 -0.26153 0.29526 -0.086782 -0.6453 0.50001 -0.12707 -0.68083 -0.057338 1.7838 -0.37735 -1.106 1.8133 -0.034282 -0.19647 0.17507 1.5048 -0.49184 0.49795 -0.85826 -0.96444 1.9793 -0.65102 -1.1038 1.5232 0.43755 0.17233
0.63679 -0.9379 -0.92774 -0.60171 -0.17283 1.2871 1.8443 -1.1834 2.1273 -0.34694 -0.90567 0.5221 1.2795 -0.42999 0.41789 0.45849 -0.76742 0.73546 -0.38694 -0.89849 0.94596 1.4863 -0.65102 0.019205 1.8365 0.052666 -0.013191 0.16417 1.3954 -0.35559 0.23371 -0.73247 -1.1031 1.8497 -1.5474 -0.80083 2.0031 -0.64174 0.031013
0.51623 -0.90414 -0.64943 -0.87317 0.20135 1.1867 1.6163 -0.49573 2.2384 -0.33365 -1.0098 1.4609 1.3153 -0.40251 0.4525 1.0127 -0.86762 0.82074 -0.59212 -1.3148 1.7159 0.67093 -0.94849 1.0367 1.4094 0.089559 0.29449 0.28242 1.2448 0.067562 -0.13932 -0.57991 -1.2912 1.0544 -2.3263 0.058132 1.7485 -1.5385 -0.31893
0.4312 -0.825 -0.5873 -1.0247 0.0035986 1.219 1.0525 0.040628 2.168 -0.85329 -0.86321 1.3306 1.2849 -0.12404 0.47962 1.415 -0.9146 0.67517 -0.8861 -2.0851 1.9942 -0.55985 -1.13 1.7568 0.3218 -0.071008 0.59363 0.74031 0.85811 0.58222 -0.7706 -0.57641 -1.3464 -0.30563 -2.578 0.90814 1.0775 -1.9285 -0.97172
0.074761 -0.61571 -0.32488 -1.1314 0.44218 1.2371 0.93374 0.86436 2.3343 -0.80933 0.30735 1.2031 1.3782 0.13357 0.74634 1.7115 -0.45198 0.27696 -1.0346 -2.6188 1.5172 -1.7509 -0.0085293 1.8973 -0.60134 -0.50168 0.47671 1.4685 0.38453 1.3165 -0.9949 -0.39303 -0.42454 -1.535 -2.1362 1.2823 -0.11285 -1.3804 -1.7586
0.32061 -0.57063 0.24538 -1.3858 0.57963 0.68607 0.29619 0.92937 1.6713 -1.4291 0.72574 1.0146 1.3675 0.39317 1.5364 1.6739 0.090874 -0.42227 -1.3158 -2.8841 0.37373 -2.3554 0.78089 1.9979 -1.1376 -1.2806 -0.27973 1.6267 -0.4563 1.8002 -0.88003 0.027061 0.89976 -1.9005 -1.3143 1.0207 -1.3249 -0.63549 -2.196
0.82846 -0.52831 0.60823 -1.4246 0.62011 0.034153 -0.6084 1.0179 0.89876 -1.3069 1.4541 0.19298 1.0752 0.21779 2.4355 1.5763 1.0459 -0.47816 -1.1618 -1.7791 -0.64958 -2.6154 0.77827 0.72973 -0.70573 -2.2601 -1.3708 0.9708 -1.2323 1.8693 -0.38939 0.43452 2.0242 -1.2196 -0.05817 0.73248 -1.9958 -0.0051941 -1.9685
0.66692 -0.045554 0.97583 -0.92037 -0.10852 0.076603 -1.6446 0.57184 -0.045567 0.48417 0.95483 0.07772 0.59092 -0.66065 2.417 0.62784 1.6423 -0.58083 -0.76951 -0.82066 -0.84268 -2.6959 0.61324 -0.48869 -0.92895 -2.8831 -2.1843 -0.20009 -1.4111 1.774 0.37092 1.054 2.7394 -0.43369 0.62212 0.22465 -1.7066 0.41061 -0.97807
0.73113 1.0829 0.95095 -0.68122 -0.65724 -0.38377 -1.8211 -0.14948 -0.15052 0.41112 1.6422 -0.014184 -0.21521 -1.815 1.9658 -0.048848 2.2051 -0.36297 -0.4424 0.19728 -0.40786 -1.6795 1.6109 -1.1516 -0.70394 -3.0085 -1.9148 -1.4461 -1.3141 0.85261 0.77803 1.1808 2.5169 0.61317 1.4834 0.005601 -0.65748 0.27666 0.43587
0.21648 1.8921 1.101 0.39101 -0.02076 0.08557 -0.025018 -0.47912 -0.42439 -0.83902 -0.27503 0.81568 -1.0892 -2.543 1.4276 -0.12607 2.7688 0.21782 0.4248 1.3516 -0.6796 -1.5848 0.84115 -0.72292 -0.27609 -2.546 -0.71521 -2.2931 -0.74762 -0.10861 1.1647 0.76758 1.507 1.2731 1.305 -0.37378 0.60142 0.29879 1.7858
-0.91256 1.1993 0.10969 0.37334 0.07458 0.16376 -0.11065 0.48776 -0.88819 -0.61912 -0.12 -0.75512 -1.2673 -2.3043 0.45462 -0.48065 2.046 0.57888 0.59432 1.9305 0.46874 -0.23923 0.68409 -0.5271 -0.44704 -1.6864 0.96801 -2.3839 -0.2773 -1.3217 0.85484 0.25338 -0.061642 1.3438 0.72155 -0.57651 1.2182 0.079434 2.5005
-1.3335 0.87848 0.46863 0.92165 0.15958 -0.34569 -0.22211 0.80645 -0.11136 1.5803 -0.25377 -0.23387 -1.4292 -1.7012 -0.75214 -0.54736 1.5176 1.1251 0.2415 1.1655 1.2631 -0.83509 0.30526 0.5701 -0.42648 -0.5279 2.724 -2.0156 -0.35335 -2.194 -0.10484 -0.28137 -0.85923 1.1142 0.79076 -0.47742 0.90028 0.75164 2.6966
-1.438 1.1726 1.024 1.9467 0.61372 0.96865 0.51284 -0.7263 -1.7375 -0.11066 1.3182 0.012132 -1.3899 -0.46494 -1.0244 -0.36351 0.39584 0.78289 0.15347 0.12488 1.3088 -0.62033 0.68468 0.91783 -0.45187 0.20258 3.4816 -1.7275 -1.0441 -2.4331 -0.91254 -0.62785 -0.62962 0.042461 0.48671 -0.76925 0.022181 1.587 2.5821
-1.1304 0.97721 0.31336 0.8095 0.12816 0.50177 0.65141 1.4713 0.45658 1.3146 0.050359 -0.62467 -1.2701 1.4965 -1.2828 -0.84994 -0.44515 -0.073115 0.083317 0.55436 1.1207 0.17585 -0.14665 0.57729 1.2946 1.06 3.1994 -1.537 -1.667 -2.0717 -1.531 -0.82772 0.071204 -0.75712 0.96411 -0.90068 -1.3308 1.5706 2.1084
-0.97585 0.44833 0.22972 1.2296 1.309 -0.46983 -0.20892 1.5024 -2.002 -0.61539 2.1614 -0.29639 -0.9177 2.4316 -2.2371 -2.2662 -1.4512 -0.51615 -0.57925 0.97776 0.57733 0.22766 -0.68603 -0.42268 1.9897 1.8773 1.8173 -1.3413 -1.4813 -0.86281 -1.0629 -0.77916 0.6465 -1.3136 0.28109 -1.215 -1.5095 0.95322 1.5319
-0.58019 0.65562 0.45357 0.56648 0.72211 0.5047 -0.040687 1.2628 -1.0235 0.53722 0.056321 -0.40584 -1.0453 2.6728 -2.7769 -2.6796 -1.3729 -1.072 -1.0433 0.82914 0.037567 0.6518 -0.87955 -1.6017 1.6161 2.1944 0.087659 -0.40204 -0.57279 -0.16288 -0.18748 -0.29526 0.54354 -1.1002 -0.11533 -0.043669 -1.0212 -0.52507 0.61244
0.84743 -0.54268 -1.0877 0.05471 -0.70239 0.21172 1.0696 1.7006 0.11992 -0.024071 0.62302 2.4942 0.050619 2.2599 -2.5735 -2.1903 -0.73134 -0.69196 -0.83757 1.1845 -0.87422 -0.29017 -1.4745 -1.2245 1.3729 2.2239 -1.234 0.76849 0.90045 0.58683 0.69036 0.40019 0.41007 -0.52388 -0.68321 0.57494 0.25392 -1.5074 -0.20614
0.89521 -1.5829 -2.126 -0.32899 -0.22425 -1.065 1.5366 0.42079 -0.44915 0.5018 -0.68403 2.6933 0.60273 1.7549 -1.8037 -1.9571 -1.1091 -0.32814 -0.37713 1.4499 -0.44365 0.22357 0.1646 -1.1889 0.52861 1.9264 -1.8499 1.9568 1.8619 0.52329 1.5692 0.91342 -0.0069206 0.32598 -1.2591 1.2848 1.331 -2.1123 -1.0532
0.93151 -1.3962 -1.5913 0.6443 -0.66464 -0.38829 1.1014 -0.019244 -0.65386 -1.4087 -1.0738 0.65239 0.62428 0.66347 -1.4101 -0.98468 -0.50858 0.4049 -0.11544 1.4095 -0.29823 -0.88582 -0.0010498 -0.015748 -0.57429 1.6721 -1.545 2.3697 2.0154 0.32132 1.1958 1.2099 -0.68148 1.054 -0.62085 1.8658 1.5734 -2.054 -1.5901
0.76298 -1.3161 -1.4354 0.19214 0.34171 -0.78188 1.5608 0.99794 -1.1788 -0.90301 -0.13971 0.92444 0.78623 0.12572 -0.011906 0.13021 -0.52659 1.3104 0.41575 0.65645 0.36444 -1.5102 1.071 0.75583 -1.7701 0.70412 -0.98832 2.2108 1.8139 0.024885 0.70735 1.011 -1.362 0.82678 0.061356 1.5124 1.1389 -1.0457 -1.7232
0.93683 -0.94718 -1.7568 -0.69873 0.86575 -0.22066 1.5471 1.3532 -1.2409 1.1213 0.33956 0.674 0.81741 0.28267 0.58374 0.46112 -0.43626 0.72361 1.1772 0.22315 0.81956 -0.6283 1.9714 1.2936 -1.7169 0.1645 -0.35567 1.9768 1.4049 -0.43862 -0.37006 0.77962 -1.9228 0.21484 1.612 0.90884 0.023995 0.036491 -1.736
0.46681 -1.5064 -1.039 -0.012765 0.28143 0.42652 2.3872 0.69665 -1.5136 0.24631 0.035898 0.065408 1.1141 0.16428 0.98072 0.64417 -1.104 0.83715 0.99119 -0.62444 0.63241 0.23096 2.3405 0.69943 -1.0522 -0.21466 -0.32494 1.4727 1.3223 -0.13822 -1.5128 -0.081674 -2.1363 -0.809 2.124 -0.35702 -0.74345 0.8345 -1.5214
1.3199 -0.77113 -1.5105 -0.64846 1.0691 -0.021558 1.6168 1.792 -1.7635 1.3175 1.2818 0.11498 0.79499 0.011815 1.4747 1.3296 -1.0309 -0.041676 1.1502 -1.6965 -0.043706 1.4281 1.2676 0.12442 -0.84526 -0.7848 -0.79857 1.7088 1.4497 0.66343 -1.3424 -0.61098 -1.921 -1.2953 1.4473 -1.7025 -0.98056 1.1243 -1.672
1.1787 -0.97773 -1.485 -0.1774 0.075909 0.66574 1.3222 0.9656 -0.76477 2.004 0.43833 -0.66178 0.64733 -0.31543 2.0611 2.1154 -0.48793 -1.1198 0.26549 -2.5411 -0.90084 1.6527 0.68648 -0.221 -0.46614 -1.3762 -1.5227 1.2614 1.205 1.968 -0.82887 -0.73881 -0.74523 -1.1512 0.41889 -2.1394 -0.39416 1.0077 -1.5182
0.778 -0.064714 -0.49237 -1.0983 1.1095 0.57691 -0.036864 1.13 -0.34248 0.98272 -0.2831 -0.5514 0.37234 -0.914 2.9661 2.3794 0.47113 -0.79308 0.32104 -2.5615 -1.1012 1.5216 -0.74391 -0.32462 0.32965 -2.0632 -1.8321 0.43806 0.29297 2.4369 0.39441 -0.76353 0.92739 -0.50922 -0.7016 -1.4347 -0.10953 0.7796 -0.9827
0.63514 0.35297 0.22021 -1.3282 0.14088 0.92931 -0.42557 0.96575 0.58746 0.9866 0.41083 0.019276 -0.04534 -2.1241 2.392 2.3226 1.7593 -0.32537 -0.068108 -1.6727 -1.2328 1.0233 -1.107 0.12417 0.45863 -2.125 -1.5401 -0.83446 -0.76845 2.407 0.88975 -0.57554 1.9333 -0.039992 -1.2782 -0.42832 -0.26895 0.093517 -0.20017
0.47705 0.98234 0.79203 -0.54275 -1.3341 -0.24647 -1.0967 -0.42771 -0.087552 2.0329 0.14759 -0.1524 -0.51915 -2.3969 2.0575 1.7505 2.3221 0.30259 -0.20617 -0.3932 -0.96402 0.37909 -0.81939 -0.22733 0.31851 -2.0578 -0.69595 -1.913 -1.4769 1.3317 0.78404 -0.60115 1.8748 0.44133 -1.4852 -0.026003 -0.40463 -0.54189 0.63567
-0.29096 1.784 1.0482 1.1439 0.24037 1.1114 -0.33188 -0.050289 -0.29494 -1.28 0.11759 0.79541 -1.1523 -2.3568 1.0864 1.0004 3.0082 -0.0030327 -0.61929 0.047594 -1.1 -0.27341 -0.1609 -0.79643 -0.25454 -1.7081 0.77453 -2.0887 -1.9346 -0.56724 0.52681 -0.033944 1.4252 1.0345 -1.3082 -0.20176 -0.61335 -0.45829 1.1915
-1.0672 0.99122 0.46358 1.4318 1.0953 -0.21922 -0.27753 0.4959 -0.29145 1.0874 1.6211 0.090444 -1.1824 -2.0478 0.34452 0.30689 2.291 0.51333 -0.6028 0.13869 -0.31776 -0.73422 -1.2631 -0.68695 -0.42296 -1.1929 1.8762 -2.078 -2.0367 -2.232 -0.10729 0.29623 0.68323 1.5085 -1.0088 0.087485 -0.80157 -0.11873 1.5675
-1.1931 1.2399 0.68947 1.4642 0.63943 0.67773 0.63527 -0.22277 0.18095 1.1598 -1.2104 -0.59562 -1.3117 -0.87896 -0.32658 -0.53177 0.72729 0.55746 0.061591 0.75664 0.50216 -0.97644 -1.2978 -0.92374 -0.1068 -0.54225 2.312 -1.0634 -1.2609 -2.8471 -0.50708 0.81359 0.23947 1.26 -0.6314 -0.20914 -0.47959 0.68402 1.4181
-1.3339 1.1317 1.0768 1.7607 -0.061524 -0.56948 -0.96024 -0.60982 -0.51785 0.88715 -1.3785 -0.80764 -1.3552 0.28407 -0.79274 -1.2475 -0.64631 -0.17116 0.043044 0.51998 1.2585 -1.2371 -0.060388 -1.8518 0.01133 0.0078097 1.6583 -0.25395 -0.39341 -1.8849 -0.6658 0.93134 -0.019065 0.4497 -0.20973 -0.09243 0.39467 0.82255 0.94583
-1.2002 0.99712 0.70639 1.1262 0.17147 0.017972 -0.6016 0.4999 -0.64608 -1.4248 0.41821 -0.058692 -1.3856 0.6883 -0.16575 -0.55849 -0.7631 -0.59933 0.67887 0.27082 0.62934 -1.2477 -1.1903 -1.2001 0.95663 0.088458 0.046165 0.2367 0.53013 -0.53932 0.09701 0.80956 -0.018181 -0.66798 0.68825 -0.16914 1.3861 0.55945 0.42692
-0.27185 0.9113 -0.098697 0.66081 0.19839 0.69007 0.7719 0.58502 -1.5852 -0.2309 -1.0083 0.47609 -1.1934 0.1928 -0.17165 -0.41881 -0.43443 -0.1426 0.94441 0.29803 0.48555 -0.99537 -1.5015 0.37144 0.76037 0.093088 -0.96763 0.43835 1.2285 0.61405 0.85141 0.54332 -0.034666 -1.2627 1.3821 0.058585 1.7888 -0.10616 0.092037
-0.37285 0.59756 -0.75181 0.61647 0.62644 0.77793 0.3733 2.1876 -1.4434 0.35354 -2.5976 0.39488 -1.1087 -0.73612 -0.23338 0.014927 -0.37488 0.73041 1.224 0.78574 -0.52105 0.27124 -0.9219 1.0466 0.68914 0.14229 -0.69452 -0.27324 0.88023 0.18331 0.70143 -0.50011 -0.54352 -0.89545 1.9399 1.1731 1.4713 -0.63715 0.4416
-0.86519 1.2104 0.85519 1.0007 -0.21365 0.65048 -0.18124 -0.24152 -1.1588 -0.22793 -0.11938 1.2449 -1.2283 -0.74719 -0.010169 0.71238 0.28422 0.75709 0.85275 0.14893 -0.7874 0.73591 -0.064326 0.98495 -0.062205 0.14394 0.63197 -0.97637 0.21572 -0.917 -0.20501 -1.2973 -0.6643 -0.31734 2.0237 1.5641 0.74948 -0.08802 1.2445
-1.4837 1.0283 0.60714 1.3655 0.27894 1.5118 0.3439 -0.053478 -0.968 -1.4987 -0.25063 -0.33072 -1.3377 -0.089319 -0.71526 0.48145 -0.78986 0.26444 -0.27331 -0.74728 -0.60719 1.7159 0.54554 1.7609 0.061533 0.81493 1.8659 -1.6679 -0.97664 -1.9172 -0.90659 -1.7764 -0.49893 0.84124 1.3409 1.2984 -0.45707 0.32153 1.9167
-2.159 0.61674 0.86943 0.81906 1.4537 0.92168 0.24604 -1.0207 0.041912 -0.78679 0.99814 0.73559 -1.1442 1.0302 -1.6025 -0.2698 -1.9177 -0.28521 -0.8943 -0.26049 -0.16685 2.2762 1.0345 1.7082 0.90444 1.8611 2.2236 -1.6977 -1.5993 -2.1984 -1.2053 -1.5489 0.18596 1.1954 0.76712 0.98469 -1.363 0.96026 1.9437
-0.80161 1.025 0.87547 1.2804 0.95375 1.3318 0.016402 0.72424 -0.54749 -0.55103 0.39442 -0.12599 -1.108 1.7764 -2.2922 -1.3067 -2.8039 -0.43149 -1.445 -0.016406 0.83307 2.1528 1.2445 -0.25199 0.88381 2.5205 1.6975 -0.75398 -1.1543 -0.98366 -1.139 -0.64746 0.70918 1.0841 -0.11496 0.184 -2.0697 0.54851 1.007
0.28449 -0.36812 -0.32578 -1.1319 -0.065364 -0.36527 -0.65001 0.59108 0.56135 1.5877 0.36763 1.1458 0.1089 2.3705 -2.1277 -1.3524 -2.7559 -1.1347 -1.6503 0.094416 0.87828 2.0411 1.6477 -0.92095 1.5267 2.5734 0.16837 0.31292 -0.064469 0.30365 -0.47682 0.13361 0.68962 0.36646 -0.4552 -0.7006 -1.6962 -0.049235 -0.2789
0.29183 -1.0104 -0.50878 -1.3601 -0.29508 -0.3537 0.2417 1.0333 1.4441 0.77337 0.49398 2.5135 0.96408 2.336 -1.744 -1.117 -2.1841 -1.4271 -1.1871 0.3929 1.0294 1.623 0.63074 -1.3778 0.8982 2.1632 -1.1571 1.4085 1.0465 1.7502 0.33763 1.1645 0.78062 -0.19135 -0.60802 -1.4094 -0.50657 -0.57815 -1.4044
0.0076511 -0.90552 -0.2755 -1.5429 -0.21721 -0.67469 0.11573 0.17588 1.0075 -0.19433 -0.93502 1.2846 0.93791 1.0695 -1.3425 -0.49813 -1.6737 -0.66957 -0.75784 0.81484 0.43235 1.6617 -0.11152 -1.3678 0.80779 1.578 -1.7478 1.6422 1.1253 2.1078 0.98487 1.5678 0.44845 -0.41436 -0.69823 -1.4264 0.16604 -1.2868 -1.8162
0.54391 -0.80929 -0.52145 -1.1048 -0.50094 -0.28086 0.50532 0.81627 1.4666 0.76078 -0.9444 1.9973 0.78853 0.33941 -0.2761 0.17779 -0.13121 -0.02841 0.42953 1.0785 0.61718 1.1627 -0.80694 -1.0734 0.059041 0.66035 -1.4223 1.2248 0.71648 1.7708 1.048 1.3794 0.053009 -0.36702 -0.61074 -0.39134 0.80709 -0.99178 -1.5023
0.81662 -0.87694 -0.15656 -1.3567 -0.42533 -0.36913 0.40566 1.1319 1.5238 0.12171 -0.59411 1.3801 0.84953 0.20879 -0.053176 0.056836 0.089127 0.0078139 0.66616 0.56759 0.19128 0.91414 -0.59998 -0.65142 -0.70475 0.27332 -0.65317 0.63674 -0.023287 1.1632 0.48486 0.7199 -0.29127 -0.37662 -0.90734 0.33802 0.77293 -0.81813 -1.0047
0.48194 -0.93371 -0.088351 -1.6455 -0.11018 -0.279 0.80127 1.306 1.8479 0.22778 -1.3829 1.7851 1.0347 0.19729 -0.29424 -0.090435 0.18617 0.19381 0.85004 0.57163 0.35322 0.81169 0.066977 0.083504 -0.38595 0.2928 -0.16359 0.15499 -0.81237 0.53797 -0.1927 -0.16177 -0.35475 -0.62605 -1.0015 0.8854 0.47737 -0.27987 -0.64886
0.42401 -0.89398 -0.31567 -1.237 -0.19933 0.32826 0.97897 1.3338 2.2467 0.33944 -0.76781 1.7466 1.1694 -0.031975 -0.24525 -0.42173 0.30204 0.12935 0.46621 0.46095 -0.25189 0.069019 0.16452 -0.20132 -0.65069 0.077352 0.18729 0.20375 -0.88261 0.47448 -0.51699 -0.63455 -0.37174 -0.46278 -1.4023 0.82764 0.10733 -0.023996 -0.6687
0.35858 -1.0727 -0.50842 -1.2232 -0.44431 0.30735 0.65438 0.48126 2.1604 -0.52342 -0.84858 0.63985 1.1732 0.17616 0.083857 -1.0932 0.74707 -0.44185 0.20604 0.40233 -0.48551 -0.3681 0.66529 -0.19796 -0.53483 -0.32669 0.38339 0.51347 -0.3591 0.32635 -0.32088 -0.76952 -0.62498 -0.25092 -1.7542 0.36844 -0.26109 -0.20299 -0.8629
0.56705 -1.2195 -0.37146 -1.1698 0.037585 0.40799 0.92008 1.0421 1.7851 0.72119 -0.75828 1.1754 1.0522 0.5728 0.10512 -1.0814 0.67668 -0.63135 -0.27788 -0.1099 -0.38108 -1.2372 0.83488 -0.21701 -0.66751 -0.53538 0.53039 0.64469 0.34254 0.020884 0.071477 -0.50707 -0.70255 0.35893 -1.455 0.056413 -0.24756 -0.03073 -0.72355
0.68383 -0.94873 -0.95941 -0.82898 -0.46023 -0.074003 1.087 0.63931 1.3035 0.92637 -1.4349 1.0053 0.73248 0.60438 0.40786 -0.43651 0.59445 -0.017379 -0.31303 -0.39233 -0.14237 -1.9683 0.50822 -0.4183 -0.78525 -0.84643 -0.12504 1.031 1.3273 -0.13879 0.70222 0.25194 -0.46008 0.16154 -1.2118 -0.34194 0.2318 -0.23483 -0.72016
0.90499 -0.62765 -1.456 -0.5867 -1.1844 -0.14537 0.99435 0.6901 1.352 0.78255 -0.97733 0.85068 0.55495 0.7303 0.69455 -0.13436 0.41224 0.05676 -0.28612 -0.54036 0.25854 -1.9758 0.36879 -0.57128 -0.57663 -0.87362 -0.95193 1.1807 1.5488 -0.10847 1.0359 1.1945 -0.0096293 -0.059904 -0.65524 -0.026434 0.71069 -0.35154 -0.70663
0.96805 -0.9866 -1.0558 -0.99946 -0.74363 -0.44122 0.3918 0.90981 0.44314 1.0209 -1.5029 0.71106 0.71503 -0.11622 1.5519 0.86173 0.61956 0.52917 0.71151 -0.31456 -0.52537 -2.3656 0.19336 0.54427 -1.0539 -1.3627 -1.6937 1.0941 1.3036 0.1744 0.73822 1.5938 0.41659 -0.047047 0.21688 -0.011935 0.83427 -0.48257 -0.76848
0.87155 -0.48142 -0.33643 -0.51658 0.34972 0.33459 0.31487 0.87483 -0.095332 0.24873 -1.141 -0.017055 0.25606 -0.78188 1.552 1.1058 0.46015 1.0323 1.5903 -0.2142 -0.36069 -2.3112 0.94528 0.91099 -1.2484 -1.4596 -2.0844 0.85242 0.67755 0.64389 0.4023 1.0877 0.30857 -0.24644 0.85189 -0.72491 0.95981 -0.33273 -0.84167
1.232 -0.4102 -0.71699 -0.86363 -0.46632 -0.1433 0.18197 1.0216 0.055716 0.45791 -1.7779 0.19561 0.28076 -1.7012 1.8499 1.3282 0.88669 0.87705 1.9252 0.19926 0.022321 -1.3587 0.20318 0.7193 -1.4358 -1.84 -1.6075 0.069086 -0.15004 0.72781 -0.454 -0.4823 -0.17263 0.26607 1.3846 -1.0366 0.72365 0.25335 -0.3865
0.0082898 0.93433 0.62311 -0.061218 0.57417 1.7175 1.0895 -0.33833 -1.2624 1.5804 0.68569 -0.44721 -0.77544 -2.2483 2.0028 0.86482 1.4582 0.63898 1.2746 -0.25046 -0.56636 -0.78897 -1.1397 1.4937 -1.0619 -2.0448 -0.69282 -0.29816 -0.12779 0.56102 -0.79439 -1.3566 -0.35868 0.18228 1.0518 -1.1918 0.78828 0.78684 0.17231
-0.092521 0.37947 -0.50107 -0.4007 0.333 1.8097 0.63184 0.55621 -1.0862 2.361 -0.51275 -0.86338 -0.62261 -2.2883 1.4435 0.69117 1.4544 -0.11381 -0.093144 -0.67546 0.070317 -0.38919 -0.91784 1.8905 -0.61025 -1.7132 0.61531 -1.0203 -0.22045 -0.044028 -0.69269 -1.7343 -0.31201 0.28948 0.66903 -0.74429 0.21204 1.298 1.0428
-0.88031 1.0445 0.20173 0.44871 -0.23184 1.8046 0.9334 1.3722 0.25044 -0.16737 -0.71406 -1.2996 -1.218 -1.7329 1.2438 1.1742 1.2034 0.053733 -0.10611 -0.51385 -0.062509 -0.71262 -0.97155 2.1039 -0.020019 -1.2247 1.4157 -1.1439 0.17408 -0.29206 0.10856 -1.0711 0.047225 0.38843 0.39136 -0.25897 -0.45592 1.2989 1.4149
-1.0917 1.0409 0.048264 0.81067 0.6429 0.5055 -0.70393 -0.41341 -0.8692 -1.4667 0.96676 -0.55132 -1.3444 -0.82838 0.48244 0.75286 0.92858 -0.11477 -0.84298 -0.31626 0.31094 -0.066075 -1.4249 0.93619 0.74238 -0.48541 1.6614 -1.0131 -0.15815 -0.3798 0.52131 -0.19232 0.080108 -0.17141 0.017441 0.45699 -0.74841 1.1056 1.3291
-1.0172 0.8964 0.52415 0.79839 -0.37331 -0.35335 -0.41767 1.4002 -0.71027 0.39979 1.514 -0.65074 -1.3142 -0.39458 0.5249 1.1396 1.1795 0.84822 -0.48679 -0.38608 0.055412 -0.16561 -1.4181 1.0364 0.9628 -0.26723 1.175 -0.83871 -0.69813 -0.44216 -0.0089144 0.28132 0.3124 0.10173 0.24177 1.0467 -0.97021 0.6985 0.87785
-0.58285 1.4459 1.2432 0.3121 0.14755 1.419 0.57693 0.056452 -1.7068 0.70554 1.6479 0.18961 -1.1224 0.072527 0.068328 0.40251 0.76343 0.46689 -0.28717 -0.6321 -0.38687 -0.61288 0.26655 0.85201 1.1992 0.054996 0.52662 -0.28005 -0.62264 -0.39731 -0.393 0.45862 0.12902 -0.11702 0.18038 0.7151 -1.3314 0.19822 0.29067
-0.98093 1.0635 0.69124 1.0083 0.4908 0.93365 0.91274 0.6103 -0.66152 -0.17049 0.49521 0.37695 -1.2047 -0.036513 0.014552 0.049409 0.46845 -0.24727 0.17589 0.19825 0.44451 0.051608 0.37357 0.090119 1.2098 -0.00814 -0.040066 -0.23484 -0.71451 -0.40676 -0.98627 -0.40008 0.013756 0.091131 0.50207 0.18288 -1.4136 -0.37529 -0.027052
-0.85189 1.0929 0.79089 1.5022 1.7034 1.0525 -0.58336 1.0163 -0.51516 -1.0137 0.65928 0.029046 -1.1434 -0.037879 0.2572 0.13694 0.54901 -0.29298 -0.26092 -0.40707 -0.17106 0.19545 -0.82145 -1.4342 1.0416 -0.11731 -0.16897 0.056592 -0.16699 -0.31606 -0.72173 -0.89105 0.11281 0.16003 0.43829 -0.37331 -0.58535 -0.77011 -0.14611
-0.95006 1.0593 0.37506 1.2837 -0.30851 0.38682 -0.87974 -0.10197 -1.1405 0.22688 1.6445 0.78005 -1.2998 -0.39874 0.027402 -0.057751 0.53423 -0.6034 -1.2985 -0.51901 0.084035 0.43279 -0.48468 -0.84323 0.27725 -0.21864 -0.046898 -0.0016127 -0.056159 -0.37527 -0.26516 -0.72253 0.18604 -0.2665 0.012295 0.085458 0.20627 -1.0791 -0.022828
-1.1218 1.0661 0.40335 0.92912 -0.44016 0.45943 0.3462 1.1626 -0.89625 -0.071517 1.4061 1.3823 -1.3615 -0.03976 0.15747 0.13386 0.14484 -0.6936 -1.3274 -0.10329 0.070223 0.073712 -0.074725 0.10201 0.083922 -0.077883 -0.032873 -0.17048 -0.23028 -0.47834 0.43869 0.63715 0.66306 -0.24701 0.074823 0.51533 0.71689 -1.5016 0.087169
-0.74541 1.5688 1.4479 1.278 -0.32846 -0.10166 -0.50995 0.5517 -0.7431 -0.7485 -1.7466 0.86087 -1.316 -0.10734 0.060395 -0.067273 -0.024045 -0.53466 -0.7323 0.35743 -0.26804 0.15218 0.18651 -0.16857 -0.53255 -0.0583 0.11384 -0.18021 -0.22735 -0.20315 0.99022 1.5184 0.60021 -0.5838 0.039395 0.16437 -0.083155 -1.4072 0.12273
-1.3135 1.1553 0.78499 1.2797 0.1691 -0.39053 0.15023 0.21337 -0.74102 -0.12558 1.1091 0.072349 -1.334 -0.22988 -0.052246 -0.29706 -0.055961 0.49662 0.72531 0.3836 -0.54724 0.49838 -0.074298 -0.14871 -1.6493 -0.04263 0.0054931 -0.3274 -0.42585 0.13843 0.99474 1.4228 0.51694 -0.57155 0.040038 -0.073995 -0.60709 -1.1288 -0.013668
-0.82165 1.1047 0.59057 1.4188 0.099349 -0.6982 0.058474 1.0664 -0.51939 -0.57116 1.5477 0.52616 -1.2007 -0.08361 -0.17733 -0.27565 0.25657 0.65328 0.70133 0.3455 -0.84544 0.31343 -0.13403 -0.83953 -1.7565 -0.02152 0.35889 -0.073078 -0.15188 0.12256 0.55037 0.48688 0.059982 -0.061552 -0.34504 0.24432 -0.70764 -0.33525 -0.033826
-1.0636 1.1248 0.4203 1.2537 0.12783 0.52243 -0.47295 0.0094518 -0.71264 -0.10754 0.47048 -0.59941 -1.315 -0.028265 -0.2851 -0.56072 0.25459 0.57266 0.79148 0.85041 -0.85434 0.087326 -0.060666 -0.82659 -1.6282 -0.11129 0.4128 0.14297 0.24915 -0.13536 -0.31988 -0.44356 -0.24366 0.40285 -0.79296 0.73571 -0.097769 0.80689 -0.0054435
-1.3526 1.0803 0.14688 0.92169 0.14852 1.9952 0.19929 -0.61293 -0.43245 0.058848 0.85995 -1.629 -1.44 0.45685 0.050524 -0.22988 0.041551 0.45942 0.20436 0.19255 -0.28896 -0.30509 0.69729 -1.3129 -1.2245 -0.072944 0.23631 0.18547 0.44265 -0.42088 -0.75673 -0.70543 -0.17512 1.019 -0.74854 0.59707 0.66579 1.4108 0.10685
-0.95176 1.1003 0.92714 1.6353 0.5497 0.15959 0.72804 0.29667 -0.54794 -0.8607 -1.8953 -0.82605 -1.3215 0.26276 0.077188 0.12387 -0.20187 0.0038814 0.088537 -0.055626 -0.054032 -0.73572 1.0524 -0.065533 -0.23261 -0.018082 -0.062691 0.26079 0.65505 -0.34427 -0.73098 -0.7398 -0.3782 0.94365 -0.23567 0.63117 0.84279 1.3825 0.21606
-0.87113 1.1336 0.536 1.663 0.53298 0.22099 0.70487 -0.67233 -0.75174 -0.57579 -1.2635 -1.6144 -1.4277 0.21331 -0.042393 0.18207 -0.29365 -0.46611 -0.35454 0.41468 0.7809 -0.73108 0.56265 0.29132 0.47832 0.11988 -0.6749 0.035796 0.26162 -0.27705 -0.59073 -0.033306 0.083636 0.19601 0.31962 0.20995 0.74994 0.68857 0.084509
-0.59103 1.2198 0.26759 1.0653 0.64268 -0.49883 -0.33702 0.69021 -1.2136 1.4424 0.99042 -1.2751 -1.301 -0.0069341 0.20632 0.42432 -0.21537 -0.32038 -0.40493 -0.035225 0.48373 -0.14746 1.331 0.26861 0.39439 0.16426 -0.76418 -0.032478 0.14955 0.041707 0.082908 0.16796 0.14945 -0.43714 0.62687 -0.30173 0.15724 0.22562 -0.037271
-0.88583 1.1433 0.79816 0.93776 -0.38702 0.72016 -0.3482 0.5202 -1.4435 0.5867 1.7752 0.43774 -1.2449 -0.62028 0.045945 0.086655 -0.46565 -0.47287 0.38375 0.29638 -0.2077 0.044664 1.0039 0.21484 -0.1003 -0.013751 -0.51382 -0.15661 0.34381 0.29617 0.57189 0.27401 0.24082 -0.77152 0.59594 -0.88652 -0.52575 -0.022496 -0.17342
-1.164 0.96463 0.5435 0.90932 -0.50853 0.82969 1.031 0.69666 -1.1727 -0.16577 -0.47777 -0.70166 -1.2572 -0.69453 -0.023811 0.43204 -0.043683 0.16821 0.053314 0.24419 -0.49922 0.12431 0.21061 0.37522 0.53618 -0.0060467 -0.02288 -0.34623 0.20393 0.4345 1.0255 -0.1172 0.26481 -0.085774 0.33089 -1.4095 -0.61989 -0.14766 -0.12903
-1.2331 1.501 1.0776 1.2637 0.49204 0.51653 0.24119 -0.30337 -0.068078 1.71 -0.52233 -1.466 -1.2765 -0.36242 -0.19655 0.79627 0.16061 0.3618 -0.038332 0.69145 -0.34819 0.32014 -0.71779 -0.84871 0.37332 -0.079096 0.54665 -0.10454 0.11624 0.48285 0.86903 -0.6091 -0.41938 0.51504 -0.11394 -1.1306 -0.064896 0.19972 0.021956
-1.5431 1.0084 0.64434 1.1224 -0.015299 0.27104 1.1308 -0.37396 -0.94676 0.040149 -1.4385 -1.3412 -1.4605 -0.16402 -0.26608 0.43007 0.26598 1.1798 -0.42849 0.22988 0.33018 0.38082 -0.73941 -0.49159 -0.13559 -0.012419 0.5753 -0.050344 -0.36961 0.18547 0.25005 -0.39739 -0.57055 0.75786 -0.64716 -0.58866 0.25316 0.29701 0.088003
-1.2649 1.1078 0.96757 1.4395 0.9949 -0.15049 -0.023861 -0.69956 -1.1711 0.38586 1.9236 0.32526 -1.3218 0.12036 -0.013039 0.28677 0.26289 0.64728 -0.59065 -0.55027 0.37757 -0.29205 -0.87069 0.5664 0.66144 0.034426 0.40869 0.1735 -0.59537 0.062134 -0.29455 0.017355 -0.59297 0.49197 -0.53273 0.19672 0.24226 0.47417 0.17708
-0.81651 0.89543 1.5356 0.94815 0.26352 0.15382 0.74563 1.1541 -0.89338 0.16812 -0.58425 -0.10619 -1.3124 0.12199 -0.20297 -0.0084459 0.24173 0.49791 -0.46374 -0.27962 0.63247 -0.82633 -0.93242 0.27932 1.0194 0.093443 0.050034 0.14611 -0.76281 -0.16673 -0.98007 0.41321 -0.018468 -0.089873 0.06056 0.31117 -0.99035 0.006625 0.098437
-1.3891 0.8719 0.94585 1.33 1.2861 0.4792 0.34836 1.011 -0.57327 -0.57453 -0.0070799 -0.86384 -1.2145 0.24999 0.067487 -0.095297 0.28248 0.16026 0.012946 -0.24159 0.45364 -0.10806 -0.20295 -0.64628 0.78978 0.17428 -0.20904 -0.081836 -1.0643 -0.30139 -0.79133 0.51015 -0.059645 -0.79131 0.7727 0.46179 -1.309 -0.60878 -0.010693
-1.1223 1.392 0.85538 1.3944 0.15117 -0.35266 -0.039232 0.07043 -1.4023 -0.31156 0.10171 0.038651 -1.2928 -0.12461 -0.057608 -0.79794 -0.054924 -0.3967 0.09258 -0.0068787 0.059989 0.42341 -0.41628 -1.985 -0.17359 0.091483 -0.067889 -0.060344 -0.54673 -0.4623 -0.86049 0.29243 -0.37958 -0.80835 0.98978 0.74187 -0.65764 -0.60961 -0.09064
-1.2896 0.97974 0.9476 1.5522 1.2649 -0.26369 0.30597 0.10427 -1.4948 0.52271 -0.30721 0.39956 -1.2725 -0.12249 -0.227 -1.2925 -0.14751 -0.37366 0.14733 -0.84828 -0.99707 0.61768 -0.15766 -1.096 0.010258 0.025399 -0.022187 -0.28329 -0.11834 -0.28957 -0.36051 0.22465 -0.38078 -0.25726 0.7686 0.83777 0.47689 -0.55697 -0.12365
-1.0341 1.0319 0.73556 1.4047 0.1424 0.50647 0.65669 0.36433 -0.77153 -0.26536 -1.5463 0.41408 -1.2162 0.19835 -0.16023 -0.43112 -0.39789 -0.83227 0.05114 -0.7535 -0.33776 0.77215 0.60011 -0.87011 0.15974 0.0232 0.18033 -0.050917 0.54192 0.050181 0.11622 0.081565 -0.2105 0.18794 -0.025898 0.61019 1.5417 -0.38723 -0.095561
-1.3711 0.87743 0.11939 0.9642 0.26023 0.016435 -0.0014125 0.24721 -0.17799 -0.46506 -1.543 -0.83895 -1.2182 0.061609 -0.36716 -0.5114 -0.083025 -0.28735 0.48059 -0.64782 0.079411 1.2441 1.044 -0.10425 -0.51729 0.0081282 -0.010763 0.14253 0.66184 0.19915 0.54991 0.069551 0.43142 0.56325 -0.62493 0.495 1.8302 -0.29288 -0.12104
-1.0725 0.62786 -0.12169 0.92623 0.1743 0.4426 -0.97063 -0.45125 -0.24279 -0.2095 -1.3319 -0.21489 -1.2951 0.12415 -0.075907 -0.20575 0.00060019 -0.21682 0.087619 -0.559 -0.14454 0.074813 0.26345 0.94026 -0.69888 -0.052852 -0.3053 0.30114 0.40817 0.36075 0.79618 0.31333 1.0406 0.15784 -1.2233 -0.084599 1.3538 0.157 -0.16238
-1.0884 1.1421 1.1356 1.1282 -0.094945 -0.074907 -0.45799 0.62599 -0.37678 0.81827 -0.48082 0.10009 -1.1943 -0.091542 -0.026562 -0.2017 0.014952 0.34986 0.26681 -0.16233 0.0044847 -0.24668 1.051 2.049 -0.1542 -0.13246 -0.34933 0.45662 0.28829 -0.10305 0.49522 0.15353 1.3061 -0.49894 -1.8146 -0.90872 0.20172 0.58258 -0.1234
-1.1591 0.80249 0.13732 1.6895 0.44504 0.49264 -0.30793 0.15174 -0.047544 1.4367 -0.069807 -0.75077 -1.3065 -0.26601 0.18346 0.15057 0.21197 0.33932 0.78176 0.95905 -0.027892 -0.87184 0.42827 1.0649 0.31564 -0.17204 -0.29816 0.13494 -0.10119 -0.40341 0.28576 0.37913 1.2211 -0.57073 -1.3874 -1.1683 -0.77012 0.47714 -0.061903
-1.1144 0.91074 0.66519 1.3101 0.72165 -0.079797 -0.043283 -0.17524 -1.7852 -0.53942 0.35568 -0.7596 -1.3078 -0.36418 0.28317 -0.17371 -0.38271 0.3639 0.43867 1.0593 -1.0443 -1.8344 -0.92532 0.33293 0.19379 -0.13214 0.088662 -0.012287 0.07181 -0.496 0.0035561 0.027614 0.86738 -0.26643 -0.91611 -1.3725 -1.1699 0.2536 0.02421
-1.3408 0.89947 -0.05006 0.94774 0.42698 1.0655 0.10483 0.45093 -0.23037 1.2125 1.122 0.18884 -1.3703 -0.26749 -0.0011474 -0.42086 -0.54689 0.31514 0.75661 1.1329 -0.83175 -1.8433 -1.1766 0.17876 0.12721 -0.14928 0.40377 -0.056993 0.06658 -0.26304 0.039312 -0.3012 0.041046 0.32979 0.42695 -0.11032 -0.68793 0.14464 0.078496
-1.6315 1.0692 0.51075 1.2695 0.48077 1.1701 1.0055 -0.14658 -1.3317 -0.15113 -1.192 -0.075488 -1.4125 0.083564 0.043457 0.20137 -0.52219 0.37501 0.33349 1.3728 -0.18536 -1.5464 -1.0006 0.00092171 0.47739 -0.095052 0.47935 -0.028934 0.56433 0.32591 -0.049829 -0.50652 -0.37793 0.87193 1.3962 0.80943 -0.24999 -0.076511 0.12906
-1.2573 1.1049 0.07099 0.3965 0.50725 0.28557 -0.02328 -2.1478 -2.9302 -1.2171 -0.54294 0.05051 -1.3454 0.25661 0.20454 0.070758 -0.20648 0.41346 0.23291 0.83438 0.16529 -0.16094 0.24394 -0.20943 0.48569 -0.050346 0.37374 0.043124 0.60785 0.60694 -0.16192 -0.82362 -1.1778 0.69571 1.8913 1.1236 0.41331 -0.27835 0.19182
-1.3009 0.87768 0.51155 1.0274 0.55634 1.1622 1.2091 0.46678 -2.0076 0.25838 0.73541 -0.35605 -1.3786 0.25747 0.12956 0.60449 0.041873 0.22832 -0.31026 0.43445 0.18411 0.084865 0.060478 0.041598 -0.13137 0.043807 0.037017 -0.052179 0.34562 0.78879 -0.31408 -0.64938 -1.6698 0.31194 1.8253 0.8135 0.63022 -0.49095 0.17382
-0.94249 0.81994 0.57078 1.1295 1.2616 0.57288 1.5814 0.21257 -1.8547 -0.15498 0.23946 0.15003 -1.4241 0.33752 0.028326 0.48169 0.28264 0.093176 -0.56449 -0.71107 0.35148 1.0747 0.64417 1.1193 -0.13211 0.11242 -0.12939 -0.089752 0.16709 0.50582 -0.40109 -0.64793 -1.8107 -0.50405 0.73385 -0.20217 0.4618 -0.35918 0.14419
-1.0888 1.3582 0.39338 0.9018 0.95068 0.69333 0.51968 0.1099 -0.78446 0.69953 -0.13747 0.50292 -1.3667 0.1237 0.041026 0.61729 0.67921 -0.043719 -0.5634 -1.1141 0.30782 1.4397 0.50385 0.77039 -0.21746 0.12438 -0.21061 -0.065976 -0.19831 0.23217 -0.37994 -0.27362 -1.4443 -0.77007 -0.088804 -0.48415 0.16929 -0.13954 0.073647
-1.4048 1.0082 0.93987 1.0247 0.29969 0.61611 0.71693 -0.13817 -0.80915 0.41116 0.25199 -0.52757 -1.3042 0.10196 0.093984 0.3571 0.40047 -0.19153 -0.93321 -1.9221 -0.97233 0.61985 -0.39125 0.49276 -0.20227 0.16027 -0.22217 -0.043074 -0.1875 -0.0052581 -0.30809 -0.080952 -0.70885 -0.79225 -0.80382 -0.73811 -0.17825 -0.15972 0.026895
-1.071 1.0123 0.83383 1.3991 0.65272 -0.086665 -0.70387 -0.66071 -1.1886 -0.1695 0.95032 -0.27579 -1.2614 0.0062549 -0.017414 0.28689 0.40537 -0.33093 -0.67235 -1.7859 -0.7716 0.15324 -0.42336 0.78364 -0.37266 0.15195 -0.098412 -0.065973 -0.19049 -0.14513 -0.19498 0.011247 -0.2894 -0.45657 -0.78098 -0.4562 0.045418 -0.12216 0.0091416
