39 189
-0.72384 1.0407 0.097682 1.1782 0.36619 0.88817 0.7715 1.1129 -0.58733 -0.17826 -0.68598 -0.29556 -1.2141 -0.44197 -0.20214 1.1824 -0.19306 0.16032 -0.16419 -0.97553 -0.41798 1.292 0.78654 -0.19846 0.53999 -0.04362 0.2884 0.083402 -0.50133 0.073176 0.14186 0.20408 0.35129 0.16982 -0.52009 -0.31005 0.20454 0.45143 0.034386
-1.0309 0.83804 0.56863 0.92086 1.2092 1.235 0.11887 0.97865 0.49375 -0.22332 -1.1189 0.052753 -1.2034 -0.16469 -0.1324 0.92497 -0.087562 0.41205 -0.094357 -0.743 -0.37018 1.0713 0.37197 -0.16833 1.1355 0.022826 0.30472 0.015731 -0.91079 0.23426 0.076338 0.2736 0.72042 0.32277 -0.9097 -0.31222 0.44918 0.46493 0.070777
-0.87389 1.0592 2.0866 0.9353 0.28912 0.4773 -0.77635 -0.19784 0.86967 1.4907 -0.92939 0.16168 -1.2757 -0.078881 -0.093841 0.36378 -0.12928 0.27757 0.16783 -0.3957 -0.065731 0.24608 0.36287 0.20526 1.0765 -0.019434 0.49567 0.018276 -1.527 0.53419 -0.11977 0.13096 1.2284 0.69926 -1.1831 -0.30237 0.50675 0.23809 0.07357
-1.2377 0.69744 0.87832 1.0027 0.44694 0.67096 0.23149 1.1165 1.0838 0.38115 -0.84983 0.38738 -1.2595 -0.093624 -0.22792 -0.10694 0.18011 0.2204 0.16979 0.15983 0.086078 -0.18877 0.36301 0.51535 1.1318 0.060411 0.44441 0.011676 -1.5873 0.49896 -0.27514 -0.052624 1.0012 0.75688 -1.0213 -0.42814 0.18274 -0.30663 0.1021
-0.60031 0.99855 0.68686 1.1653 1.167 0.93975 0.27281 0.73609 0.31099 -0.29388 -0.89386 1.3904 -1.1166 0.38188 -0.12169 -1.1309 0.61541 0.0025244 -0.069285 1.0018 0.78244 -0.67641 0.17574 0.49231 0.96915 0.058218 0.39105 0.20901 -0.59423 0.19858 -0.13615 -0.55051 0.082611 0.1262 -0.59821 -0.29674 -0.31192 -0.83282 0.12928
-0.86794 0.92475 0.30375 0.86471 0.63833 1.3572 0.3113 1.167 -0.77185 0.49244 -0.14033 0.64466 -1.2962 0.37586 -0.096985 -1.2676 0.41931 0.00096415 -0.10017 0.53822 0.74882 -0.71405 -0.40633 0.062639 0.57726 0.15067 0.082765 0.31702 0.46722 -0.51049 -0.21469 -0.98014 -0.69415 -0.50284 -0.077581 -0.069309 -0.56398 -1.1746 0.026221
-1.0781 0.55529 0.54502 1.4669 0.8883 0.97205 0.52934 0.85407 0.059283 0.73481 -0.11059 1.1864 -1.0853 0.36523 0.19694 -0.17362 0.092295 0.10256 -0.77447 -0.41954 -0.10765 -0.81749 0.14375 -0.19861 -0.26208 0.14595 -0.29405 0.2339 1.3697 -0.98002 -0.21074 -0.94079 -0.76837 -1.1413 0.64324 -0.083097 -0.4547 -0.89719 0.026809
-0.40559 0.85401 -0.36125 1.8165 0.73128 0.49845 0.95953 1.9486 0.15411 0.65791 -0.71686 1.2451 -1.2024 0.061591 0.15226 0.24431 -0.48727 -0.26345 -1.3772 -0.4986 -0.4298 -0.31202 0.23923 -0.28138 -0.52052 0.060781 -0.39193 0.17334 1.2825 -0.88186 -0.22915 -0.33694 0.018546 -1.1611 0.6689 -0.34569 0.1809 -0.47418 -0.048812
-0.66669 0.90574 0.55041 1.1016 0.17457 0.33927 -0.43639 0.82326 -0.011163 0.19352 -1.124 0.83621 -1.0281 0.035679 0.15217 0.59893 -0.70127 -0.2916 -1.255 0.0044801 -0.85823 0.49667 -0.31494 -0.25591 -0.22062 0.14835 -0.42256 -0.13077 0.53297 -0.59608 -0.18437 0.37627 0.4946 -1.1509 0.59039 -0.7745 0.71852 0.13278 0.0033432
-0.76206 1.1493 0.86795 0.8791 1.2689 -0.28784 -0.30944 0.5558 -0.83114 0.35039 -0.97497 0.058156 -1.0628 -0.13159 0.22114 0.6719 -0.77805 -0.26324 -0.52842 0.365 -1.1452 0.058768 -0.88064 0.46206 -0.3751 0.072649 0.16587 -0.49813 -0.30742 -0.58033 -0.065351 0.56776 0.35712 -0.91932 0.22136 -0.40923 1.1064 0.63692 0.46468
-0.7122 1.0128 0.78312 0.26214 0.4219 -0.6521 0.069877 0.21328 -0.29117 0.52482 -0.6687 0.88329 -1.1705 -0.26326 -0.057678 0.56314 -0.84456 -0.27381 -0.50234 0.12785 -1.999 0.25626 -0.87485 0.89242 -0.10844 0.14734 0.74397 -0.90024 -0.92925 -1.027 -0.46331 0.042572 -0.46686 -0.56666 -0.11451 0.095465 0.96876 0.89468 1.1455
-0.93902 0.80189 0.88592 0.53429 0.14952 0.056734 0.99933 0.18892 0.97428 0.1511 -0.29028 0.82666 -0.99436 0.50136 -0.5862 -0.32927 -1.4697 -0.42265 -0.69053 0.14733 -1.6482 0.26464 -0.3141 1.3951 0.61156 0.81293 1.2171 -1.0152 -1.0671 -1.4037 -0.49793 -0.72516 -1.2478 -0.25864 -0.18142 0.27146 0.29831 0.64731 1.7064
-0.92306 0.96709 0.92584 1.0009 0.63158 0.4636 0.93589 -0.26137 -0.21144 -0.77248 0.56522 0.72532 -1.0327 1.007 -0.96973 -0.63296 -2.2095 -1.1178 -1.1161 -0.80677 -1.6945 0.11962 -0.40179 1.2486 0.966 1.6283 1.3314 -0.67472 -0.68455 -1.3665 -0.29638 -0.99025 -1.4546 0.22337 -0.31128 0.14128 -0.18817 0.059019 1.6458
-0.60375 0.80734 0.46483 0.26411 0.21586 -0.7784 -0.21278 -1.5492 0.32017 -0.3546 0.071704 0.87125 -0.93262 1.3375 -1.0434 -0.71554 -2.6245 -0.81286 -1.6331 -1.6305 -1.773 -0.29254 -0.56168 0.89321 0.29567 2.0873 0.7076 -0.16255 0.18881 -0.73766 0.073052 -0.71281 -0.92462 0.36429 0.12643 -0.050604 -0.5927 -0.71974 0.90105
0.10314 0.014557 0.15167 -1.7273 -0.083741 -1.1763 -0.57595 -1.1978 -0.15179 0.51381 1.114 1.5936 0.42731 1.6202 -0.97206 -0.52719 -2.7293 -0.66763 -1.95 -1.8546 -1.454 -0.16726 -0.46117 0.76448 0.13514 2.1674 -0.047613 0.32831 0.73322 0.39864 0.57823 0.15522 0.30964 0.89285 0.43292 -0.012298 -0.65881 -0.99383 -0.14649
0.20326 -0.056362 0.23007 -2.1863 -0.73841 -2.0163 -0.96326 -1.6071 -0.38415 -0.23425 0.71217 1.5247 1.0304 1.4199 -0.85912 -0.063088 -2.5456 -0.53524 -1.6615 -1.1531 -1.0058 0.65805 -0.38602 0.43661 -0.37312 1.9991 -0.84879 0.7542 0.87099 1.5584 0.59877 0.91701 1.1232 1.1668 0.67202 0.047598 -0.76946 -0.82083 -1.1511
0.33784 -0.10794 0.12167 -2.3316 -0.44197 -2.1554 -1.0755 -2.1303 -0.026067 -0.73286 0.62493 0.74424 1.0674 0.8878 -0.50321 0.35879 -1.5494 -0.18498 -0.8285 -0.43162 -0.26478 0.56095 -0.51308 0.1421 -0.62265 1.438 -1.2891 0.87655 0.59771 2.0149 0.54283 1.2607 1.1411 1.2369 0.39321 0.23662 -0.78983 -0.63098 -1.6069
0.56088 -0.067304 0.50283 -1.9552 -0.21181 -1.876 -0.76717 -1.7072 0.75133 -0.79675 1.2929 0.89126 1.182 0.24316 0.0033656 0.41224 -0.4376 0.056394 -0.46238 -0.12109 -0.0096513 0.78004 -0.43697 -0.35516 -0.91842 0.59671 -1.133 0.76888 0.24657 1.7485 0.30302 0.90395 0.51469 1.1414 -0.12135 0.51369 -0.72522 -0.1927 -1.4889
0.5087 -0.06633 0.79835 -2.4763 -0.086308 -1.9694 -0.63419 -2.0347 1.0123 -0.7906 0.96512 0.27472 1.2465 -0.011773 0.085424 0.30449 -0.18884 0.040936 -0.16025 -0.11424 0.54515 0.60199 0.048719 -0.44055 -0.823 0.27799 -0.59953 0.44266 0.070318 0.97127 -0.00402 0.44787 -0.17954 0.95564 -0.56344 0.97454 -0.56631 0.11882 -1.0241
0.43498 -0.11042 0.63537 -2.4668 -0.35886 -2.0542 -1.0585 -1.5406 0.49669 -0.28443 0.32284 0.74277 1.2784 -0.081386 0.15263 0.3891 -0.10843 -0.099126 -0.2892 -0.29291 0.89673 0.34854 0.38278 -0.74174 -0.66756 0.17877 -0.049854 0.15354 0.24917 0.40431 -0.1683 0.40701 -0.72448 0.87116 -1.12 1.0051 -0.088664 0.34288 -0.64196
0.28039 0.032146 0.45044 -2.4074 -0.35903 -2.209 -0.92482 -1.3035 0.74694 -0.2656 0.41432 0.46161 1.3686 0.019607 0.1748 0.472 0.011186 -0.14108 -0.081554 -0.69822 1.2202 -0.47387 1.067 -0.81152 -0.54834 -0.0033883 0.18909 0.34379 0.60558 0.29779 -0.036167 0.66151 -1.0044 0.45214 -1.2065 0.59153 0.37021 0.23291 -0.77023
0.26106 0.017287 0.55569 -2.3799 -0.68023 -2.2885 -1.2197 -1.0403 0.61033 -0.56054 0.12553 0.14342 1.342 0.14552 0.22083 0.7583 0.17206 -0.19836 0.2536 -1.2581 1.4231 -1.1431 1.1062 -0.34643 -0.42855 -0.29641 0.04755 0.64722 0.74451 0.50191 0.16675 1.2153 -0.77637 0.3071 -1.1534 0.089719 0.79462 0.21106 -1.1892
0.47909 0.084293 0.95278 -2.3243 -0.26283 -2.4361 -1.2487 -0.8827 1.0018 -0.22972 -0.18519 -0.12814 1.271 0.20514 0.63624 1.2037 0.18978 -0.0043406 0.81076 -1.6136 1.2193 -1.3015 0.89552 0.11708 -0.52511 -0.72519 -0.56216 0.71551 0.21651 1.3359 0.61544 1.5373 0.41277 -0.11023 -0.79777 -0.48035 0.65822 0.63069 -1.5716
0.66673 0.11365 1.335 -2.0976 -0.29746 -1.6903 -1.5985 -0.0046182 -0.31477 1.1489 0.18639 0.28915 1.14 -0.088024 1.0216 1.362 0.68676 0.12286 1.567 -1.3667 1.5462 -1.7714 0.65321 0.41126 -0.30348 -1.377 -1.1885 0.40327 -1.0572 1.8518 0.57905 1.4028 1.9859 0.28234 -0.07996 -1.0417 -0.002521 0.85155 -1.6102
0.51917 0.17904 1.6191 -2.4384 -0.58777 -1.6424 -2.4597 -0.12165 -1.0974 0.54927 0.43101 -0.057428 0.79513 -0.82959 0.98995 0.54004 2.1322 0.84055 2.1803 0.17366 0.97811 -1.92 0.31511 0.14989 0.5654 -1.9968 -1.31 -0.073748 -2.18 1.855 0.22839 0.74038 3.2089 0.21668 0.89683 -1.1284 -0.88095 0.77437 -1.0692
0.46791 0.96772 1.9007 -2.1929 -0.36276 -0.97807 -2.8366 -0.038346 -0.8932 0.48123 0.57694 0.016168 0.31531 -1.384 0.72978 -0.8772 2.5034 0.45234 2.23 1.7735 2.1435 -1.0328 -0.72735 -0.36462 0.62385 -2.2565 -0.68107 -0.4917 -2.4307 1.003 -0.27538 -0.18147 3.1091 0.066382 1.9218 -0.69978 -1.1509 0.41748 -0.059382
-0.016322 1.3136 1.9378 -1.1464 -0.22914 -0.12029 -1.9305 1.1191 -1.5535 0.166 0.89825 -0.058387 -0.47284 -1.4034 0.65871 -1.7042 2.5897 0.23831 1.8727 3.1575 1.39 0.25492 -0.71487 -1.281 0.46163 -2.0086 0.38159 -0.73087 -1.8222 -0.67881 -0.81482 -1.2047 1.2159 -0.28686 2.0161 -0.35319 -0.6515 0.095736 1.0435
-0.6838 0.79908 0.74874 1.1235 1.0307 0.43323 -0.09195 -0.25121 -1.8355 0.096155 -0.36285 1.3425 -1.1143 -0.97229 0.35474 -2.0034 2.24 -0.12508 1.3499 3.2853 1.5108 1.2962 -0.2579 -1.2076 0.51792 -1.4651 1.5235 -0.67582 -0.63107 -2.0278 -0.71577 -1.7491 -1.118 -1.5018 1.0575 -0.055461 0.34693 0.13772 1.8708
-0.67753 0.63661 -0.42773 0.10175 -0.35588 0.2472 0.68489 3.5076 -0.14586 -0.82297 -0.84327 0.44132 -1.2039 -0.37288 -0.060757 -2.2678 1.0334 -0.44396 0.29113 1.8218 0.76282 1.2758 -0.63857 -0.74858 0.77404 -0.70702 2.1413 -0.43659 0.60173 -2.882 -0.64994 -1.57 -3.0836 -1.8246 -0.31402 -0.083449 1.3856 -0.038971 2.1079
-0.41833 1.1161 -0.1591 0.2812 -0.4455 0.44229 0.97333 0.65236 -0.0037297 0.79466 -1.7146 0.46185 -0.96738 0.73384 -0.055323 -1.7807 -0.36532 -0.59169 -0.35058 0.23497 -0.4896 0.7319 -0.87702 0.077174 0.70342 0.11295 1.8634 -0.12043 1.3911 -2.5766 0.043903 -0.82702 -3.4593 -2.6818 -1.3156 0.31119 1.4707 -0.021819 1.6911
-0.24114 0.97455 -0.032467 -0.029961 -0.76787 0.063251 -0.060265 1.8893 0.85284 0.20218 -0.34878 0.53867 -0.96231 1.4426 0.12476 -0.73882 -1.2844 -0.78858 -0.30563 -1.4067 -1.198 -0.17099 -0.57392 0.89432 0.26756 0.60527 1.0375 0.014371 1.6099 -1.3642 0.4885 0.084576 -2.104 -1.9434 -1.5719 0.70311 1.2392 -0.28117 0.91186
-0.075551 0.96062 -0.80094 -0.61104 -0.44594 -0.53151 -1.238 0.79258 -0.14236 -1.018 0.070525 1.4832 -0.78466 1.3394 0.059352 -0.24272 -1.2309 0.10436 0.041794 -1.9319 -2.8009 -0.86704 0.34633 0.96154 0.70257 0.60916 0.0018883 -0.027231 1.2621 0.085192 0.47203 0.59261 -0.17766 -0.85311 -1.3739 0.84546 0.31536 -0.29177 0.13422
0.61274 0.9762 -0.54938 -0.71605 -0.3461 -0.17915 -0.54822 -0.10752 -1.2932 -1.1603 0.63441 1.2458 -0.55066 1.1187 -0.092038 -0.11016 -0.99196 0.10924 0.23316 -1.249 -1.906 -1.369 0.18593 1.3296 0.21107 0.51803 -0.64337 -0.078539 0.73503 1.0328 0.16113 0.42059 1.4556 0.43612 -0.39235 1.1301 -0.58278 -0.41434 -0.38091
0.66484 0.85255 -0.35736 -0.65372 -0.61996 0.37226 -1.0913 -0.49432 -1.3671 -0.18547 0.20451 1.0254 -0.42771 0.90315 0.0085549 0.19339 -0.3735 -0.17063 0.49057 -0.19268 -1.7928 -1.6827 0.46966 0.5034 0.14806 0.37506 -0.93055 0.014514 0.47424 1.191 -0.30811 -0.17191 1.7009 1.7301 0.45892 0.74443 -0.96021 -0.52298 -0.50795
0.47237 0.91445 -0.57807 -1.5583 -0.18507 0.42781 -1.2715 -1.1445 -0.45595 1.0461 -0.14185 1.2586 -0.51033 0.55463 0.018595 0.36444 0.12231 -0.37138 0.2513 0.60126 -0.79661 -0.64162 1.6718 -0.056988 -0.27265 0.10968 -0.89042 -0.25477 0.49824 0.79173 -0.32946 -0.85098 0.91712 1.811 1.2781 0.71107 -1.1914 -0.77861 -0.18897
0.65984 1.0048 -0.14519 -0.7168 -0.57086 0.34931 -0.54533 -1.0377 -1.8051 0.3897 1.2931 0.58123 -0.37487 0.019768 0.030336 0.36277 0.33084 -0.26653 -0.31996 0.50512 0.12206 -0.25754 1.1238 -0.29216 -0.08031 -0.0042824 -0.53875 -0.80629 0.51572 0.25847 -0.2488 -1.3498 -0.012717 1.8282 1.8095 0.27415 -0.75436 -1.4663 0.38704
0.76847 0.97107 -0.083014 -0.46505 -1.1096 0.26066 -0.67394 -0.44099 -2.1172 -0.45937 0.30593 1.4565 -0.51508 0.027934 -0.53346 0.69199 0.059497 -0.49453 -1.0139 0.21598 0.77501 0.67346 1.3112 -0.68918 -1.1872 0.40474 -0.015733 -1.2306 0.30846 -0.26356 -0.16028 -0.96045 -0.66512 1.0187 1.6182 -0.22965 -0.29391 -1.773 0.89574
0.71329 0.9379 -0.47923 -0.54577 -0.73817 -0.32801 -0.3129 -0.53993 -0.8659 1.7811 -0.20485 0.97105 -0.60989 0.24092 -1.0816 0.94851 0.10634 -0.60765 -1.4838 -0.023002 1.094 1.5708 1.2109 -0.70939 -2.2192 0.85392 0.47474 -1.2399 -0.087261 -0.33691 -0.010205 -0.29219 -0.47705 0.32567 0.95785 -0.4945 0.3158 -1.3655 1.0042
0.51014 0.94753 0.067011 -0.52115 -0.528 -0.35619 -0.41453 -0.055495 -1.6142 0.37373 0.063157 1.0806 -0.43387 0.42098 -1.5114 0.61017 -0.25207 -0.53135 -1.0287 -0.44641 0.78096 1.9389 1.1614 -0.442 -2.6129 1.1277 0.53459 -0.75902 -0.69675 0.003873 0.19466 0.38611 -0.15106 0.1287 -0.12966 -1.6178 0.5554 0.48222 0.59398
0.66342 -0.18051 0.65209 -1.317 -1.3741 -1.0229 -1.404 0.28576 0.68033 2.5235 -1.0789 -1.3327 0.39142 0.64651 -1.5824 0.21617 -0.13138 -0.29373 -0.89549 -0.10389 0.80503 1.1682 0.19151 0.22901 -1.9996 1.2563 0.38094 -0.18573 -1.3242 0.30758 0.40747 0.64223 0.14301 0.050246 -0.54634 -1.9186 0.30388 1.8467 -0.0078539
0.94116 -0.3712 0.65788 -0.96003 -1.115 -1.573 -0.87576 0.20842 1.3597 1.8663 -0.17406 -1.7488 0.61987 0.75168 -1.569 -0.24771 0.17076 -0.30815 -0.59276 -0.039827 1.2139 0.5677 -1.4781 -0.026954 -0.40391 1.1638 0.18749 0.49832 -1.559 0.7517 0.68423 0.63774 0.14633 -0.0017039 -0.79196 -1.5445 -0.12647 2.3817 -0.63785
1.2368 -0.63485 0.15585 -0.67167 -1.4697 -0.37085 -0.89266 -0.060973 -0.15633 1.0114 0.85055 -1.7091 0.73707 0.73698 -1.3662 -1.0797 0.43133 0.028136 -0.49622 0.058372 1.016 1.043 -1.3822 -0.29637 0.1726 0.82513 -0.039869 0.85859 -1.4167 0.54501 0.81551 0.71744 -0.40282 -0.78195 -0.22536 -0.0083177 -0.44273 1.5668 -0.96965
1.315 -0.58426 -0.28284 -0.53385 -1.0512 -1.2023 -0.36828 0.88884 -0.86193 0.0027052 0.23505 0.21647 0.68887 0.70335 -0.77243 -1.6298 0.79849 0.58056 -0.031373 -0.23632 0.71068 0.25386 -1.2014 -0.43287 0.81786 0.31612 -0.14948 1.0323 -0.9922 0.14759 0.7466 0.69024 -0.65356 -1.808 0.28697 1.6447 0.057147 0.16526 -1.0182
1.1944 -0.90722 -0.54492 -0.44332 -1.0121 -1.2485 -0.6345 1.5698 0.25801 -0.41776 -1.0221 0.89071 0.79919 0.60596 -0.52246 -1.7197 0.51644 0.78401 0.1733 -0.79922 -0.45908 0.80986 0.037827 -0.46394 0.35178 0.11762 -0.11464 1.1522 -0.33094 -0.13482 0.17275 1.0044 -0.69733 -2.143 -0.036713 1.9697 0.8391 -0.80345 -0.90547
1.2166 -1.126 -0.87277 -0.41213 -0.7525 -1.3957 -1.0419 1.0562 1.8413 0.20058 -0.81602 -0.68683 0.88324 0.56332 -0.23791 -1.7757 0.37802 0.70517 0.3699 -0.89992 -1.6039 1.2834 1.169 0.17624 -0.20518 -0.12321 -0.078835 1.3583 0.19625 -0.33977 -0.29314 0.98069 -0.10172 -1.555 -0.72089 1.5559 1.4525 -1.0091 -0.80457
1.6247 -1.0778 -1.1946 -0.18585 -0.59228 -0.94771 -1.8502 0.70948 0.84999 1.723 -1.0587 -1.2482 0.814 0.61325 0.32288 -1.6414 0.38552 0.26758 1.2018 -0.98517 -2.0478 0.42331 1.453 1.1067 -0.8757 -0.41418 -0.16316 1.4454 0.55031 -0.35116 -0.51355 0.71178 0.68855 -0.069009 -1.7262 -0.072356 1.3733 0.34004 -0.75507
1.6891 -0.90756 -1.5174 -0.31961 -0.20437 -0.79723 -1.4878 -1.365 1.688 1.4597 0.34267 -1.0271 0.73538 0.56774 1.111 -1.3363 0.24081 0.256 1.3077 -0.34212 -1.5472 -1.1459 1.2672 1.7354 -0.52053 -0.71417 -0.36883 1.0669 0.89267 -0.43097 -0.49151 0.072273 1.2055 1.2804 -1.6895 -1.634 0.66787 1.4688 -0.414
1.749 -0.82941 -2.1835 -0.17405 -0.74145 -0.0053294 -1.3956 -1.7581 0.92958 1.7616 1.2182 -0.55196 0.46285 0.32628 1.257 -0.95705 -0.058481 0.0073597 1.043 0.2842 -0.586 -1.7553 -0.15724 1.5491 1.1312 -0.80322 -0.39809 0.17202 1.0526 -0.24826 -0.35543 -0.50914 1.1579 1.8958 -0.78357 -2.0923 -0.26751 1.5347 0.15609
1.7733 -0.10125 -2.0984 -0.0028389 -0.88305 0.23622 -1.5188 -0.53458 -0.24222 1.1429 1.0116 -0.43281 0.1564 0.074443 1.1066 -0.50727 -0.18647 -0.12412 0.56395 0.84889 0.24901 -1.3272 -1.358 1.3149 1.5666 -0.59471 -0.22338 -0.92377 1.109 0.11808 -0.21565 -0.51474 0.65675 1.161 0.53397 -1.3632 -1.0128 0.60948 0.79513
1.694 0.44472 -1.939 -0.27003 -0.36792 0.036561 -1.1276 0.089289 -0.95161 1.5761 1.163 -0.52561 0.0095488 0.17704 0.61854 -0.15196 0.13994 -0.2434 0.57556 0.70874 0.86112 -1.2154 -1.5016 0.77697 0.98167 -0.22014 0.052081 -1.6559 0.81397 0.50678 -0.11847 -0.20585 0.10096 -0.3684 1.5035 0.19577 -1.313 -0.62917 1.1626
1.6651 -0.012074 -2.0002 -0.6139 -0.68054 -0.25988 -1.0556 -0.086407 -0.27976 0.14114 1.196 0.91845 0.04754 0.26098 -0.13532 0.26869 0.33856 -0.054275 0.5326 0.74512 0.075676 -0.27942 -0.84028 0.067655 0.69008 0.27911 0.12124 -1.9368 0.43485 0.58058 -0.28724 0.076524 -0.55053 -1.3533 1.8927 1.3929 -1.5332 -0.95977 1.0997
1.7756 0.010123 -1.9137 -0.36757 -0.67487 -0.18028 -0.76271 -0.22734 -0.19783 -0.041875 1.5461 0.6008 0.26547 0.32696 -0.92956 0.12113 0.57223 -0.27871 0.64109 0.53768 -1.193 0.96617 -0.01503 -0.49077 0.34216 0.63753 -0.10614 -1.4238 0.17244 0.33045 -0.31724 -0.091932 -0.89428 -1.2127 1.9497 1.9064 -1.4929 -1.2308 0.70449
1.9894 -0.32269 -2.0117 0.26015 -0.8375 0.64855 -0.84921 -0.67622 -0.27891 -0.0019672 1.9291 -0.25969 0.47588 0.21277 -1.4034 0.1267 0.6228 -0.67805 0.65399 -0.15095 -1.3753 1.6738 0.74227 -1.1621 0.028264 0.7526 -0.36016 -0.59402 0.033959 0.0040879 -0.41815 -0.64888 -1.1498 0.036642 1.3795 1.305 -1.6069 -1.1017 0.17565
1.9951 -0.80726 -1.729 0.32998 -0.80116 0.86647 -0.68378 -1.4026 0.11214 1.4116 0.64602 0.36089 0.71123 0.022067 -1.1611 0.20806 0.57519 -0.56005 0.31526 -0.60764 -0.78527 2.0238 1.5983 -1.6372 -1.0625 0.6817 -0.57198 0.23258 0.26176 -0.46695 -0.1817 -1.5818 -0.82202 1.4267 0.382 0.18492 -1.6792 -0.47884 -0.21082
1.9883 -0.95539 -1.9954 0.42295 -1.1359 0.68027 -0.9736 -1.939 1.306 1.3265 -0.058772 0.07753 0.79179 -0.20399 -1.0256 0.26015 0.32987 -0.73372 -0.57004 -0.95136 -0.016774 2.1674 1.0172 -2.6196 -0.73636 0.54235 -0.54895 0.69809 0.5448 -0.68359 0.13856 -2.1475 0.079016 1.9601 -0.59566 -1.0674 -0.99077 0.30339 -0.36255
1.745 -1.3543 -1.754 0.02515 -1.4388 0.38786 -1.527 -1.2748 1.7637 1.8683 -0.47938 0.19648 0.83525 -0.44758 -0.72222 0.50732 -0.13225 -0.62208 -1.7981 -0.68378 1.0023 1.5252 0.22646 -3.1693 -0.21605 0.40444 -0.32709 0.71771 0.95535 -0.52518 0.19121 -1.665 1.1096 1.7713 -1.4517 -1.6843 0.24637 1.4112 -0.3474
1.718 -1.1277 -1.7071 0.19312 -1.2453 -0.027065 -1.6377 -0.67855 2.5604 1.7333 -0.70838 -1.022 0.89451 -0.49558 -0.43691 0.94933 -0.26248 -0.41018 -2.4232 0.045372 1.6656 0.60241 -0.748 -2.4051 0.1569 0.30821 -0.072864 0.69341 1.1085 -0.19203 0.095716 -0.40834 1.6341 0.62582 -2.0615 -1.3489 1.8502 1.4745 -0.3393
1.7075 -1.2472 -1.604 0.40806 -1.7217 -0.79032 -1.7023 -0.3133 2.3634 0.77524 -2.5912 -0.28228 1.0053 -0.39247 -0.23622 1.589 -0.083885 -0.38502 -1.9685 1.088 1.9331 -0.37641 -0.95392 -1.2407 1.1562 0.24019 0.092608 0.61879 0.97927 0.077718 -0.15697 0.99461 1.4875 -1.0938 -1.8719 -0.49663 3.0857 1.133 -0.42229
1.5459 -1.367 -1.2152 -0.016079 -1.4886 -1.7864 -1.2179 0.34224 1.3382 0.80424 -3.2838 0.12901 1.0368 -0.3532 -0.090556 1.7258 -0.052816 -0.69675 -1.29 1.393 0.80039 -1.3909 -1.1431 0.17741 1.3636 0.078971 -0.17807 0.87256 0.66109 -0.044827 -0.059462 2.0675 0.4576 -2.0787 -1.1175 0.36453 3.7597 0.053602 -0.62888
1.4998 -1.4168 -0.48009 -0.067866 -1.3365 -2.1725 -0.43086 0.35942 1.3167 0.65925 -2.2569 0.82467 1.0947 -0.3549 0.15604 1.8885 -0.11241 -0.80304 -0.48471 1.5829 -0.70071 -1.5748 -0.58757 1.8102 1.3153 -0.16034 -0.97242 1.3371 0.23061 -0.62552 0.70715 2.2365 -0.46302 -1.9733 -0.32789 0.45796 3.2615 -1.2634 -0.77181
1.5727 -1.2976 0.030706 0.35127 -1.9359 -1.1563 0.047185 0.81451 1.1991 0.55848 -0.98267 1.6101 1.0422 -0.81757 0.84892 1.9852 -0.34305 -0.34029 0.76818 0.70402 -1.1109 -1.2541 -0.1858 3.7093 0.15269 -0.50425 -1.803 1.4688 -0.23305 -1.1501 2.1504 1.8296 -1.0801 -0.72097 0.1687 -0.085075 1.6444 -1.9489 -0.61994
1.338 -1.369 0.013069 -0.062532 -2.5619 -1.1167 -0.63852 -0.76739 -0.11203 0.42142 0.022081 0.82203 0.86322 -1.8342 1.564 1.8551 -1.0738 0.7531 1.2593 0.51998 -0.99512 -1.183 -0.49661 3.6211 -0.67557 -0.71153 -2.0535 1.2114 -0.99825 -1.4978 2.9841 0.71409 -0.98196 0.084909 0.30294 -0.82694 -0.47438 -2.148 -0.22018
1.3795 -0.78158 0.41014 0.12356 -2.2101 -1.0619 0.0057803 -2.0612 0.70429 0.91263 1.1242 0.40082 0.67672 -2.7208 1.699 1.2875 -1.6467 2.5816 1.316 -0.20697 -0.44692 -1.2449 -1.3606 2.6152 -1.3861 -0.64373 -1.2982 0.55026 -1.461 -1.1106 2.6896 -0.47375 0.19876 0.40815 0.50956 -1.0411 -2.2368 -1.1938 0.32707
0.55034 -0.037683 0.94305 -0.41185 -1.5531 -0.060612 -1.2422 -0.75281 0.44269 0.46115 2.6018 -0.13253 0.34079 -2.9427 1.7878 0.3783 -2.158 3.3753 0.58443 0.10077 -0.82532 -0.94554 -1.6857 1.3971 -2.0404 -0.44392 0.0026477 -0.31561 -1.7318 -0.024324 0.94499 -1.137 0.89203 -0.067583 0.50701 -0.81994 -2.6677 -0.24504 0.70794
-0.71828 0.52771 1.2563 -1.9066 0.2786 -0.63912 0.21516 -0.1241 -0.57108 -0.13517 1.4549 -0.15441 0.27508 -2.4993 1.6722 0.015525 -1.8048 3.4288 0.17526 1.3084 -0.34589 -0.28956 -1.7137 0.28148 -1.4694 -0.10842 1.3254 -0.95673 -1.1933 1.4947 -1.4335 -1.3498 1.3913 -0.71539 0.83927 0.038318 -2.2467 0.36346 0.73397
-1.1017 0.16716 0.85698 -1.7952 2.1489 -0.16476 -0.76007 0.0026266 -0.48647 -1.6026 1.5284 -0.42505 0.52637 -1.9363 1.0437 -0.71395 -1.0528 2.0974 -0.37006 1.5266 -1.1414 -0.58288 -1.9913 -0.62722 -1.1284 0.16496 1.8286 -1.5221 -0.5025 2.8779 -2.9664 -0.79897 0.50925 -0.48438 1.2553 1.3608 -0.8284 0.76388 0.42745
-0.85083 0.65678 -0.084181 -2.195 1.0269 -0.7496 0.18892 -2.1428 -0.24008 -1.1155 1.2548 -1.4248 0.53662 -0.93289 0.44964 -0.38329 0.4634 0.47269 -0.81379 1.8307 -1.6723 0.37429 -1.128 -0.93265 -1.1757 0.23797 1.5984 -1.4275 0.22292 2.9514 -3.261 -0.15239 -0.36832 -0.072997 1.6778 2.3387 0.27669 0.28821 -0.079971
-0.65868 0.7972 0.40909 -1.7229 1.0893 -0.95936 1.3634 -1.7235 0.21346 -0.96816 0.97213 -0.77401 0.68533 -0.56638 -0.18147 -0.37172 1.8482 -0.8047 -0.47386 0.84778 -1.0863 1.428 0.79947 0.32488 -0.75685 0.074483 0.92541 -0.82393 1.3203 2.3909 -2.0814 0.85772 -1.0944 1.2783 1.4515 2.2239 0.86597 0.68546 -0.71921
-0.89645 0.60778 -0.14076 -1.0599 0.079517 -1.2298 0.95134 -3.2248 -0.53779 -1.8019 0.77975 -0.9774 0.6838 -0.42197 -0.13535 0.22606 2.0167 -1.3376 -0.088149 0.92239 -0.47992 2.3293 1.6641 0.37075 -1.1323 -0.19028 0.36148 -0.065024 1.2377 0.9496 -0.44621 1.6426 -1.599 2.1604 0.22382 1.2616 0.51069 0.99911 -1.3022
-0.98654 0.54955 1.3008 -0.10233 -0.11332 -1.1291 0.77555 -1.7452 1.0914 -0.87706 1.008 -1.7913 0.48173 -0.59077 -0.059934 1.3765 2.4387 -0.97536 0.88509 -0.17907 0.84193 1.5717 1.1517 0.48331 0.13069 -0.77938 0.53597 0.58257 0.95262 -0.12703 1.1834 2.0387 -1.1242 2.0286 -1.1233 0.40012 -0.86874 1.0165 -1.518
-1.6968 -0.069656 0.27846 0.27171 0.42508 -0.85599 0.40031 -0.96243 1.79 1.2933 2.7435 -0.87969 0.40321 -0.29286 0.28024 0.98621 1.8546 -0.31538 1.6269 -0.81248 1.6966 0.76421 1.2716 0.028744 0.25972 -1.4341 0.94692 0.72692 -0.17186 -0.55799 1.5697 1.6794 -1.0216 1.0481 -2.1729 -0.22979 -1.5154 1.5658 -1.275
-1.1125 0.46359 0.75737 0.044587 0.17591 -0.2545 0.89108 -1.8262 3.2423 0.20358 1.4172 -2.6864 0.31405 0.29799 0.60073 0.96878 1.6872 0.9047 2.5468 -0.5034 1.8963 -0.25778 1.8137 -1.2653 0.45952 -1.7508 1.2151 0.61717 -0.92028 -1.0089 1.0601 0.36502 -0.33795 -0.12026 -2.296 -0.84048 -2.0451 1.1299 -0.49063
-1.2378 0.97911 2.1778 1.0565 -0.50839 0.46374 0.31879 -1.0113 0.60724 -0.5284 1.4664 0.10376 -0.64081 0.77171 0.7692 0.08719 1.3784 0.67641 2.2716 -0.93137 1.1148 -1.5073 0.86593 -1.8296 1.6636 -1.7598 0.71249 -0.0029106 -1.0756 -0.83987 0.37162 -0.96946 -0.10086 -0.53715 -1.8699 -0.91353 -1.1789 0.81462 0.42263
-0.86494 1.1043 0.93391 0.51536 0.7153 0.97142 0.248 0.49817 0.52904 0.46639 0.45187 -0.65251 -1.1716 0.97776 0.74428 0.11003 0.85495 0.51517 1.2377 -0.78505 0.93235 -2.3117 -0.35861 -2.738 1.5574 -1.4062 -0.021806 -0.96519 -1.2616 -1.1257 -0.58264 -1.81 0.010644 -0.68339 -0.38677 -0.86817 0.33899 -0.027388 1.4198
-0.65342 1.0285 1.3268 1.628 1.682 2.1955 0.38296 -0.6006 -0.30975 1.6564 -1.45 -1.1213 -1.2797 0.6008 0.20521 -0.58547 0.75176 0.55872 0.40232 -0.86874 1.1494 -2.3011 0.49556 -1.6261 1.238 -0.92262 -0.50023 -1.7792 -0.50079 -1.4909 -1.3104 -1.8676 0.19306 -0.80264 1.1073 -0.67926 1.9514 -0.61262 2.334
-0.52353 1.0669 0.71749 1.5764 0.24241 1.1209 -0.7092 -0.35237 -0.0027311 0.61176 -0.25269 1.0405 -1.3324 0.3499 -0.75302 -1.0372 -0.030415 -0.16888 -0.0063206 -0.51153 0.5592 -0.72719 0.22928 -0.67521 0.59311 0.12319 -0.66772 -1.7499 0.16804 -1.9729 -1.5527 -1.4745 -0.027826 -1.0503 2.1988 -0.61948 2.9469 -0.55117 2.4866
-0.71079 0.92694 0.80675 0.74622 0.69194 0.19133 -0.0038843 -0.068714 -0.9788 -0.37983 -1.7254 0.18053 -1.0276 0.22653 -1.4988 -0.28549 -0.86397 -1.4957 -0.70448 -0.68459 -0.25547 0.083895 -0.81224 1.1059 0.94999 1.2431 -0.2281 -1.1619 0.61086 -2.0076 -1.1288 -0.60728 0.28539 -1.1032 2.4505 -0.69082 2.0009 -0.59654 1.9826
-0.61215 0.89306 0.63492 1.3763 0.66435 0.68059 -0.17369 0.31279 -0.73667 1.1211 -0.11074 -0.80357 -1.1724 0.016766 -1.3707 0.24098 -1.8857 -1.4317 -1.0546 -0.92993 -0.41433 1.2534 -0.96696 1.8848 0.62287 1.5248 0.49594 -0.31777 0.45186 -1.4009 -0.48413 0.19942 0.084072 -0.34676 1.7752 0.33734 0.7832 -0.33917 0.98558
-0.82636 -0.30026 0.58021 0.68068 -0.51214 1.2787 -0.23289 0.13906 0.059508 0.23719 0.32068 0.98051 -0.48185 0.37783 -1.4553 -0.13108 -1.9311 -0.97911 -0.25947 -0.093617 -0.51807 2.0137 -0.31412 1.1613 0.058035 1.5773 1.1354 0.17583 -0.42954 -0.8427 0.41407 0.38479 0.34182 0.36672 0.49143 0.95332 -1.0726 -0.65038 0.2026
-0.35825 -0.8351 0.92278 -0.55995 -1.0635 0.22967 -0.79039 -0.77918 0.7677 -0.3528 1.8785 0.48392 0.67063 1.1341 -1.3122 -0.31268 -2.0207 -1.3726 0.12919 -0.63879 0.039813 2.1441 0.67012 0.8912 0.36505 1.5482 1.3821 0.38014 -1.1963 0.051327 0.76412 0.10188 0.78861 0.82958 -1.256 0.98863 -1.7355 -1.0801 -0.19495
-0.70152 0.06776 1.7333 -0.75592 -0.015151 0.19893 -1.1947 -1.2923 1.7452 0.18348 0.96754 0.25248 0.18009 1.6312 -1.2281 -0.82422 -2.3205 -0.7654 -0.58358 -0.15277 0.28501 0.68243 0.31586 -0.57265 -0.1889 1.5603 0.74948 0.41723 -1.4376 0.83023 1.1267 -0.11193 1.2422 1.19 -2.4335 0.39157 -1.4655 -1.1958 -0.47763
-0.0084823 -0.58418 -0.23806 -0.69821 -0.74697 0.69238 0.073972 -0.30458 2.333 0.14535 0.076093 0.70433 0.32754 1.7792 -0.83778 -1.6349 -1.6136 -0.11409 -0.72123 0.65963 0.87173 -0.8379 0.73674 -0.76991 -1.3413 1.2207 -0.1794 0.016497 -1.3016 1.5548 1.6457 0.13141 1.9549 0.95019 -2.6471 -0.66181 -0.89182 -1.3522 -0.41686
0.67069 -0.73646 0.41609 -1.4937 -1.3801 0.77838 -1.0371 0.89777 1.3643 1.7088 0.07447 0.1723 0.77447 1.3527 -0.98303 -2.1352 -0.6621 0.50447 -0.072137 1.7131 1.47 -1.8134 0.4531 -0.9815 -1.3972 0.97234 -1.1066 -0.053775 -0.24671 2.0583 1.8489 0.64974 1.6159 0.27428 -1.6783 -1.3454 -0.0087445 -0.88673 -0.41178
0.90045 -1.2642 -0.43276 -1.8331 -0.45906 -0.38825 -0.24743 0.25825 -0.51945 0.67349 -0.71267 -0.69057 1.1506 0.96788 -1.4051 -2.0728 -0.079364 1.0907 0.10133 2.2922 1.3746 -2.3907 -0.74712 -0.71245 -1.6375 1.1715 -1.5638 0.025824 0.62961 1.9281 1.7629 0.69646 1.0607 -0.6224 -0.32758 -2.0398 0.14405 -0.0052225 -0.43071
0.74295 -1.3626 -1.1875 -1.507 -0.71501 -0.037071 0.48003 0.59913 -0.82319 0.60029 0.50638 -0.86441 1.3838 0.13133 -1.034 -1.0854 0.58467 2.1163 0.22504 2.2251 0.61734 -2.2168 -1.6856 -0.61581 -1.7595 0.92242 -1.389 0.46406 1.2692 1.4367 1.127 0.59476 0.13633 -0.90423 0.93096 -1.3766 0.30885 0.49923 -0.62304
0.55382 -1.5497 -1.1299 -1.0482 0.32639 0.56328 1.2069 0.95138 -0.66778 0.17195 0.10251 -1.0729 1.4929 -0.30447 -0.7668 -1.032 1.2022 2.4007 0.4395 2.5011 0.099492 -1.3738 -2.354 -0.65684 -1.1971 0.5527 -0.80287 0.79984 1.4398 0.76879 0.26541 0.31376 -0.6204 -0.86904 1.4799 -0.21641 0.16515 0.95513 -0.81727
0.45698 -1.7834 -1.0832 -0.71251 1.2744 0.73383 1.584 0.94216 -0.94363 -0.92784 -0.89582 -1.4636 1.4878 -0.40391 -0.51322 -0.35416 1.256 1.9629 0.87344 1.8802 0.34883 -0.32195 -1.5505 -0.37865 -0.69194 0.27845 -0.042551 0.7074 1.0095 -0.093917 -0.92707 -0.12929 -1.074 -0.69911 1.3908 0.74104 0.42857 1.1292 -0.59496
0.45786 -1.7836 -1.0683 -0.33846 1.5611 0.83933 1.7618 0.7649 -1.0998 -1.302 -1.019 -1.5678 1.5397 -0.14585 -0.30686 0.17617 0.94753 1.6451 0.354 1.2413 -0.17996 -0.1441 -1.2546 -0.49225 -0.37603 0.17684 0.30026 0.68193 0.68786 -0.74243 -1.6974 -0.41825 -1.3205 -0.63231 1.0492 1.3422 0.78316 1.0041 -0.29143
0.56656 -1.7304 -1.1553 -0.36986 1.5353 0.58369 1.6676 0.65285 -1.3018 -1.1971 -0.82245 -1.4097 1.5609 -0.017323 -0.062232 0.13556 0.52923 0.7078 -0.0033029 0.73565 -0.594 0.16851 -0.72177 0.17571 -0.042614 0.15236 0.35751 0.57771 0.089254 -1.0443 -1.9777 -0.54117 -1.0122 -0.69535 0.84907 1.233 0.89962 0.89781 -0.13279
0.39514 -1.9355 -1.1421 -0.33447 1.6527 0.8895 2.0805 1.0325 -0.74426 -0.73442 -0.35505 -1.5194 1.5624 0.024442 0.16626 -0.042099 0.22115 -0.22054 0.053723 0.46705 -0.64737 0.63811 -0.028364 0.66002 0.36695 0.14748 0.31668 0.45931 -0.26735 -1.035 -2.1023 -0.29768 -0.76229 -0.50724 0.93053 1.1304 0.78352 0.68815 -0.1549
0.57351 -1.7221 -0.81112 -0.22445 1.6826 0.49825 2.0348 0.24272 -0.93399 -1.2012 -0.38728 -1.3109 1.6603 0.13193 0.23198 -0.10864 -0.26599 -0.88532 -0.035823 0.26989 -0.76106 1.1087 0.35358 0.8758 0.62249 0.080806 0.55389 0.40834 -0.34274 -0.79687 -2.0685 -0.59391 -0.90384 -0.69023 0.68625 0.87895 0.017782 0.35548 -0.30158
0.46562 -1.6702 -1.02 -0.34425 1.4619 0.66289 2.0631 0.031874 -0.35903 -1.2466 -0.031877 -1.2509 1.6697 0.33005 0.32693 -0.21968 -0.52331 -1.5759 -0.22313 -0.029489 -1.0661 1.3848 0.51563 0.75248 0.57733 -0.035378 0.86571 0.45586 -0.043999 -0.30677 -1.8395 -1.1306 -1.4683 -0.64779 0.2712 1.1506 -0.49392 0.098475 -0.57044
0.48543 -1.5542 -1.3023 -0.34659 0.81734 0.95788 2.0446 0.15522 -0.052533 -0.96429 -0.11277 -0.94967 1.6578 0.78972 0.55186 -0.43193 -0.54045 -2.5679 -1.0252 -0.79938 -1.718 1.2628 0.80114 0.16893 0.50342 -0.24086 0.49896 1.1965 0.91549 0.62129 -0.94129 -1.0856 -1.7989 0.042041 -0.77899 1.0814 -0.71171 0.25392 -1.2275
0.69774 -1.556 -1.2101 -0.92067 0.25985 0.55703 1.9485 -0.22868 0.52272 -0.5103 0.50328 -0.69527 1.599 1.1935 0.78135 0.01142 -0.20565 -2.8979 -1.6392 -1.8967 -1.4179 1.1259 2.0971 0.01357 0.58739 -0.61011 -0.58168 1.762 1.7312 1.4611 0.36754 -0.4865 -1.4564 0.97405 -1.3276 0.55426 -0.57894 0.71368 -1.8592
0.923 -1.4239 -1.3571 -1.0262 -0.51375 0.15401 1.6505 -0.79756 0.77468 -0.31956 0.32155 -0.90107 1.4704 0.56529 2.0363 1.4283 0.67351 -2.0377 -1.4292 -2.3479 -0.46299 -0.48126 1.7708 -0.197 1.0749 -1.6103 -1.7002 1.8275 1.8615 1.8687 1.8275 0.68452 -0.38454 2.1031 -1.1182 -0.39664 -0.57155 0.90275 -1.9941
1.3549 -1.1259 -1.5305 -0.73019 -1.7919 -1.0128 0.89968 -1.9212 0.75882 0.11917 -0.59627 -0.94705 1.2447 -0.55739 2.5756 1.9994 1.4723 -1.1694 -0.97593 -2.13 0.28112 -0.65594 1.1633 -0.23713 1.6262 -2.3484 -2.3605 1.0799 1.1106 1.6822 2.725 1.7572 0.93971 2.1735 -0.77707 -1.6546 -0.49699 0.58669 -1.4656
1.7561 -0.64209 -0.42255 -0.18912 -1.6937 -1.5613 -0.49096 -1.2209 0.6681 1.9966 -0.11826 -0.33108 0.81787 -1.2647 2.7567 1.9623 1.9533 0.011245 -0.070396 -1.4402 1.6516 -0.30351 0.46044 -0.86329 1.6793 -2.5871 -1.923 -0.29954 -0.19488 0.64347 2.5369 2.1876 1.2906 1.2148 0.14545 -1.8047 -0.10377 -0.13535 -0.23097
0.30765 1.4695 1.2329 0.80828 -0.39745 -0.142 -0.13446 0.50091 -1.9703 0.22909 -0.12862 0.59323 -0.79191 -1.9608 2.2549 1.7548 2.1531 1.2251 1.0209 -0.4921 1.8838 -0.67819 -0.62187 -0.6594 1.3775 -2.4844 -0.80687 -1.3433 -1.088 -0.512 1.763 1.9566 1.044 -0.2347 0.25386 -1.5569 0.34806 -1.0417 1.0007
-0.43462 1.0927 0.57959 1.1504 -0.77991 -0.068884 0.29824 0.41096 0.19339 0.19418 -0.10797 1.2753 -1.1105 -2.0472 1.6902 1.1656 1.4712 1.5553 1.7356 -0.61512 1.1891 -0.17879 -1.0171 -0.19329 0.91407 -1.9131 0.37279 -2.1434 -1.3918 -1.334 0.50476 0.85148 0.52639 -1.625 0.12848 -0.64342 0.45595 -1.4529 1.884
-0.091161 1.1728 0.32887 1.0124 -0.024222 0.23503 0.57632 1.731 1.1742 0.10418 -1.4294 0.72053 -1.0468 -1.5543 0.83165 0.37401 0.78171 1.3795 1.8422 -0.47807 0.084413 -0.19116 -1.2728 0.13817 -0.0056004 -1.069 1.0291 -2.1692 -0.89889 -1.4323 -0.32855 -0.3143 0.42643 -1.5934 -0.14473 -0.16299 0.045046 -1.3728 2.1478
-0.54844 0.7754 0.42474 1.6646 0.50694 0.91502 0.67596 0.30005 -0.84654 -0.91701 -0.70115 0.2289 -1.2042 -0.82053 -0.1662 0.071422 0.23497 0.86617 1.125 -0.40524 -0.64018 -0.2926 -0.52521 -0.33265 -0.42797 -0.25314 1.4807 -2.0372 -0.77977 -1.2007 -1.0421 -1.4115 0.34955 -1.0556 -0.29203 0.29666 0.066604 -0.32205 1.9499
-0.28097 1.2558 0.43757 0.89242 -0.19952 0.78824 -1.2617 -0.77527 0.35986 0.090984 -0.23214 0.48843 -1.0526 -0.79432 -0.4952 0.62513 0.19114 0.91967 0.70101 0.24749 -0.33025 -0.96111 -1.1987 -0.49489 -0.59746 0.15293 1.9727 -1.8111 -0.97214 -1.2301 -1.6618 -2.2261 0.14393 -0.062424 0.23109 0.82248 0.24851 0.72424 1.7891
-0.3238 1.1888 0.88087 1.1222 0.56707 1.2899 -0.76741 -0.1586 -0.92753 -0.073336 0.4845 0.10143 -1.0606 0.13193 -1.1008 -0.41815 -0.39881 -0.21964 -0.41901 -0.28523 -0.66323 -0.45405 -0.44719 0.26185 0.56862 0.62389 2.3587 -1.6113 -1.4171 -1.1323 -2.0234 -2.3777 0.087553 0.62374 0.59188 0.89105 0.74208 1.0441 1.7145
-1.0297 1.0483 1.1402 1.3054 0.52734 1.0747 0.41652 0.3193 -1.5724 -0.59978 -1.7146 0.62317 -1.315 1.3775 -1.7719 -1.1924 -1.1193 -1.259 -1.6701 -0.25159 0.010444 0.36719 0.36794 0.349 0.85087 1.3811 2.6969 -1.3195 -1.6523 -1.1151 -2.2959 -2.165 -0.4267 0.63493 0.96995 1.145 1.0494 0.53645 1.6278
-1.1683 0.077953 1.0873 1.486 0.70689 0.67118 1.2781 0.7803 -0.098021 -1.9995 -1.4936 0.21408 -0.67906 2.1677 -2.2597 -1.6474 -1.1525 -1.9122 -2.2638 0.019412 0.4679 0.30563 0.51109 0.75599 0.81287 1.901 2.0878 -0.4088 -0.78401 -0.57998 -1.4851 -1.1177 -0.4186 0.65819 0.59345 0.82321 1.0885 -0.53564 1.1304
0.78095 -0.41342 -1.1365 0.15648 -0.87211 -0.60361 -0.94261 -0.40075 0.32935 0.20321 0.2254 1.8465 -0.090091 2.8457 -2.1526 -1.8195 -1.444 -2.6192 -2.5439 -0.74558 0.40487 0.74378 0.65998 1.3928 0.2769 2.1427 0.72268 0.77897 0.22146 0.14728 -0.36876 0.20849 -0.21439 0.45145 -0.095286 0.558 0.76315 -0.79594 0.087552
1.2433 -1.148 -0.86098 -0.25354 -1.7046 -1.4598 -0.7167 -0.24851 -0.2147 0.45565 0.49432 1.0109 0.72361 3.0045 -1.6023 -1.5706 -1.2899 -2.3854 -2.1449 -0.86299 0.48647 0.62344 1.088 1.9543 -0.19328 2.0688 -1.0199 1.5381 1.2827 0.7731 0.99622 1.1285 0.71522 0.5149 -0.43418 0.076718 -0.29272 -0.7069 -0.89701
1.5632 -1.0403 -0.77658 -0.16179 -2.1775 -1.5636 -0.85714 0.53074 -0.0020199 0.5673 0.93077 1.1234 1.0606 2.2103 -0.77739 -0.85182 -0.80138 -1.7487 -1.3542 -0.23175 0.93713 -0.024005 1.2196 1.3032 -0.19154 1.4404 -2.1678 1.7224 1.4371 1.1815 1.8134 1.647 1.0346 0.19778 -0.60557 -0.45142 -1.1463 -0.044987 -1.6771
1.7296 -1.1462 -0.65433 -0.26078 -2.2411 -1.5681 -0.63262 0.91275 -0.18637 -0.27022 1.3999 0.080613 1.0706 0.72949 -0.33625 0.195 -0.10358 -0.48228 -0.72248 1.1775 1.2639 -0.27991 0.38944 0.20952 -0.32853 0.8068 -2.5717 1.5073 1.2321 1.0026 1.8604 1.3668 0.16898 -0.68892 -0.6128 -0.73308 -1.2188 0.40784 -2.0743
1.6196 -1.0081 -0.80643 -0.054801 -2.0059 -1.6093 0.07315 0.96683 0.070972 0.39628 0.80812 0.59211 1.1733 0.2465 0.13812 -0.092785 0.064627 -0.15403 -0.12663 0.28004 0.4479 -0.14676 0.089885 -0.059896 0.23173 0.069757 -2.3084 1.5114 0.94299 0.77969 1.7103 0.97505 -1.1691 -1.4553 -0.42418 -0.93568 -0.52873 0.86937 -2.1001
1.6716 -1.0269 -0.81835 -0.018337 -1.9805 -1.4738 0.11024 1.505 0.058226 0.65178 0.94321 1.0028 1.1753 -0.44719 0.49879 0.28328 0.058492 0.32318 -0.16641 -0.78292 -0.59973 -0.67312 0.15882 0.16365 0.34621 -0.59067 -1.9144 1.7187 0.90609 0.72703 1.2847 0.97907 -2.0345 -1.7538 -0.41971 -0.76104 -0.060976 0.51301 -2.0929
1.6496 -1.1602 -0.77483 -0.27907 -1.7586 -2.1162 0.24723 1.0169 -0.46868 0.97863 0.47398 1.3977 1.1474 -1.1807 1.3707 0.80694 0.49963 1.0695 0.2103 -1.5588 -0.98527 -0.77507 -0.57247 0.25558 1.1027 -1.2473 -1.9974 1.6097 1.0759 1.0446 1.3675 1.1605 -1.1468 -1.0442 -0.029133 -0.84009 -0.59821 -0.65751 -1.8305
1.5991 -0.85411 -0.9763 -0.16069 -2.4078 -1.4202 -1.2503 0.19264 -0.27238 0.11383 0.8126 1.0086 0.76906 -1.8563 1.9649 1.3803 0.96665 1.3189 0.95926 -1.9199 -1.4671 -0.90369 -0.83045 -0.068739 0.18775 -1.9094 -1.5495 1.1136 0.81121 1.1841 1.1593 1.7267 0.43677 0.22158 0.69056 -0.58097 -1.2265 -1.2397 -1.2731
0.91553 -0.23951 -0.023931 -0.070626 -1.5029 -1.8734 -1.9493 -0.31489 -1.2557 0.49713 1.8307 0.9529 0.12001 -2.4915 2.1376 1.3055 1.4671 1.9183 1.508 -1.4146 -1.1554 -0.11987 -1.1278 -1.1554 -0.97044 -2.2223 -0.83315 -0.04044 0.096944 0.58119 0.88835 1.4665 2.2861 1.3967 0.95529 0.45239 -1.2823 -1.317 -0.23358
0.31551 0.89953 0.42406 0.76826 -0.25082 -1.0062 -1.6607 0.059651 -0.91577 -1.2659 1.379 2.0663 -0.52315 -2.4614 2.0062 1.4951 1.6811 2.0736 2.4659 0.0099737 -0.03562 0.4763 -0.74719 -1.6186 -1.0093 -2.1553 0.28582 -1.0414 -0.6863 -0.19618 0.44115 0.79128 3.0999 1.9092 1.0819 1.1788 -0.7714 -0.35874 0.87308
-0.22884 1.155 0.75617 1.2623 -0.54741 -0.039784 -1.4881 -0.81545 -1.0355 0.20263 -0.094305 0.43154 -1.0752 -2.3117 1.2832 0.90005 1.1689 2.3525 2.2402 1.9945 1.114 0.58778 0.31054 -1.5706 -0.83836 -1.4993 1.3195 -1.6448 -0.94285 -1.0341 -0.43503 -0.22378 2.2955 1.5882 0.60489 1.6439 0.13 0.36909 1.546
-0.66999 0.93037 0.1927 1.5626 0.42463 0.10794 -1.1688 0.25699 0.42482 -0.6086 -1.6297 -0.61936 -1.2459 -1.4489 0.62714 0.2964 0.7498 1.9131 2.084 2.5012 1.2318 1.0707 0.85697 -1.4246 -0.58968 -0.86034 1.6417 -1.6012 -0.85364 -1.4507 -0.92349 -1.1189 0.75391 0.72425 -0.19979 0.75853 0.83152 1.1723 1.6599
-0.42936 1.0187 1.0459 1.4768 0.28623 1.3511 0.0077024 1.0551 0.13064 0.095208 -1.1288 0.66536 -1.3139 -0.71678 0.038474 0.14746 0.065888 1.1464 1.247 1.8766 1.4065 0.87362 1.4256 -0.98502 -0.50306 -0.37339 1.5968 -0.83553 -0.30467 -1.1711 -1.4315 -1.4804 -0.80497 -0.53671 -1.0331 -0.5662 1.0085 1.5112 1.1066
-0.90755 0.74469 0.11266 0.86096 1.0003 0.68628 0.78977 1.6206 -0.25104 0.85132 0.0309 0.44564 -0.95717 -0.422 -0.086246 0.27764 -0.38038 0.89713 0.7974 1.5604 1.2963 -0.12622 0.2445 -0.21912 1.0326 -0.038141 1.0944 -0.61022 -0.49725 -0.57613 -1.2345 -1.6312 -1.5762 -1.2473 -1.0542 -1.0867 0.83107 0.70007 0.72363
-0.54247 1.0999 0.66066 1.2706 1.3061 0.83716 0.33091 0.6835 0.40909 0.92177 -0.33368 0.80235 -1.1875 -0.065694 0.22407 0.32301 -0.37833 0.11632 0.026498 0.87694 0.053464 -1.0859 -0.53678 -0.12158 1.2067 -0.12308 0.88496 -0.98805 -1.0517 0.048968 -1.1342 -1.3615 -1.567 -1.4067 0.17985 -0.54041 0.60131 -0.35368 0.81515
-0.55568 1.0609 0.80387 1.0946 0.66319 0.77737 -0.22798 1.6471 0.39251 0.72527 -1.3698 0.4841 -1.2709 0.1181 -0.49921 -0.73116 -0.074614 0.058036 -0.45134 -0.11055 -0.5324 -0.26764 -0.37734 -0.16502 -0.13591 0.18395 0.57759 -1.4126 -1.3888 0.30951 -0.96379 -1.4727 -1.3339 -0.62788 1.6503 0.31009 0.3071 -2.1101 0.98881
-0.95141 0.86464 1.0149 0.84286 0.78172 1.3106 0.51116 1.1841 -1.3471 -0.40785 -1.0526 1.7382 -1.1729 0.54432 -1.4296 -1.3053 -0.013821 -0.61367 -0.758 -0.38126 -0.43674 1.3105 0.63563 0.2126 -0.62054 0.83267 -0.10809 -1.0589 -0.70936 0.13643 -0.34924 -0.87321 -0.53942 -0.035124 2.1145 0.72273 0.93536 -2.3379 0.92479
-0.54868 1.346 0.60727 1.1113 0.42641 0.12584 0.34991 0.26949 -1.2395 -1.2664 -1.4999 1.0885 -1.4733 0.27374 -1.6541 -1.4839 -0.022773 -0.59395 -1.6527 -0.44342 0.33197 2.24 0.29258 0.24089 -2.1065 1.0813 -0.67063 0.29689 0.7742 -0.18336 0.14846 -0.28335 0.044978 -0.078929 1.2199 0.40686 0.84506 -1.5246 0.19583
-0.34531 -0.27145 -0.78848 1.2677 0.94331 0.59391 -0.005605 0.6259 0.8113 1.2394 -0.25893 -0.32165 -0.61364 -0.32597 -0.99327 -0.6296 -0.1744 -0.24699 -1.0677 -0.020032 -0.40995 2.2346 0.60446 1.5786 -2.2953 0.92226 -1.1917 1.4679 1.569 -0.47658 0.46204 0.40625 0.20172 -0.254 -0.36777 -0.39748 0.54553 -0.071945 -0.70506
-0.16697 -1.1867 -1.3374 0.79491 0.037128 -0.54545 0.092133 1.1626 3.0699 2.6534 0.53878 -0.22119 0.3544 -0.5999 -0.21202 0.32418 -0.33729 0.13033 -0.86244 -0.20015 -0.6641 1.8988 0.46999 0.87174 -2.2342 0.45706 -0.87905 2.2749 2.0576 -0.30857 0.50493 0.94455 0.064769 -0.81605 -1.8025 -1.0765 0.049777 2.0122 -1.4477
-0.56565 -0.20387 -0.13314 1.2484 0.42627 -1.5147 -0.55049 1.9039 3.0754 -0.26066 -1.2885 -2.2242 -0.34571 -1.0711 0.34132 0.64217 -0.72475 -0.12482 -0.39923 -0.10224 -0.40501 0.65613 -0.26239 1.0085 -0.72092 0.0091569 -0.2896 2.059 1.6694 0.15817 0.52808 1.0156 0.16094 -0.6286 -2.4655 -1.4451 -0.57511 2.6699 -1.5932
-1.4693 0.70301 1.0247 0.54414 0.50128 0.62913 0.48072 -0.027923 1.1659 0.60713 1.8949 -0.99839 -0.63008 -0.86649 1.5395 1.6283 -0.31485 0.2774 -0.20276 -0.27221 -1.254 -0.91635 -1.4687 0.63037 0.91828 -0.79596 0.34277 0.83585 0.65489 0.53785 0.36431 1.3401 0.70169 -0.3989 -2.1322 -0.88608 -0.10755 2.5376 -0.82083
-1.2352 0.85347 1.1447 0.51395 1.1528 -0.15041 0.19927 -0.49222 0.68497 -0.1438 -0.87915 -0.67484 -0.93052 -0.68833 1.6257 1.7542 0.083162 0.65586 0.52255 0.33607 -1.3259 -1.7457 -1.3729 0.53453 1.1952 -1.0198 0.84533 -0.52029 -0.45947 0.8202 0.33004 1.0837 0.71083 0.088393 -0.85219 -0.37415 -0.55497 0.7173 0.1548
-1.2522 0.60924 -0.23578 0.2041 -0.14492 -0.63403 -0.14785 0.52497 1.0281 -0.13905 0.88274 0.16779 -0.91389 -0.19573 0.56544 0.94246 0.20763 0.40543 1.2179 0.96897 -0.95797 -1.5631 -0.78092 0.89363 1.6221 -0.35088 0.48926 -1.5571 -1.4107 0.45779 0.06876 0.74836 0.53041 0.42587 0.26513 0.1385 -0.20593 -0.75804 1.0538
-0.79956 1.1179 1.1653 1.2381 1.3741 -0.25757 -0.63038 -0.8781 0.92217 0.13108 0.89051 0.76221 -1.124 0.056294 -0.052631 0.11463 0.46862 0.41155 0.94092 0.68352 -0.33874 -0.89915 -1.368 -0.24697 0.26873 0.0383 0.17736 -1.334 -1.0976 -0.039303 0.017 -0.10338 0.023049 0.37244 0.5293 0.16067 -0.46553 -1.3252 1.1632
-1.197 1.0678 1.5713 1.0479 0.9518 0.090959 0.90516 -0.050665 0.60763 -0.095244 0.70909 -0.18799 -1.0197 -0.39048 -0.26113 -0.16778 0.29787 0.50388 0.99668 0.60399 -0.86248 -0.78799 -1.187 0.60619 -0.091667 0.37714 0.19448 -1.1887 -1.202 -0.9182 -0.37756 -0.92027 -0.30197 0.89955 0.67485 0.37998 -0.31543 -0.99126 0.95658
-1.2115 0.53733 1.3015 1.0545 0.86743 1.3801 1.1223 -0.03818 -0.15743 -1.4159 1.058 0.022195 -0.70394 -0.28083 -0.22235 0.26793 -0.046897 0.61268 0.41163 0.56625 -0.59473 -1.007 -0.84047 -0.26397 -0.50308 0.49482 1.0496 -1.5994 -1.6263 -1.5151 -0.81695 -1.5079 -0.56408 1.3627 0.62236 0.9848 0.053029 0.18524 1.1311
-1.4161 0.64905 0.54464 0.81114 1.1538 1.2912 0.68438 -0.88182 -0.14009 -1.2856 0.074676 -0.78256 -0.66904 0.3125 -1.3645 -1.3671 -1.1939 -0.4382 -0.30245 0.43325 0.9967 -0.06629 -0.26778 0.26479 0.089825 0.96616 2.0531 -1.841 -1.791 -1.4628 -0.89758 -1.9453 -0.46219 1.9618 0.68159 0.90406 -0.46061 0.34337 1.3324
-1.6218 0.50903 0.26721 0.73542 1.4739 0.060299 0.08838 -1.7131 0.070074 -1.2217 1.061 0.047311 -0.49585 1.52 -2.2125 -2.2973 -1.5139 -0.69469 -1.3191 -0.34324 1.479 0.068682 0.1833 0.034773 0.50442 1.5707 2.2286 -1.6494 -1.3298 -0.79458 -0.59254 -1.225 0.17969 1.7037 0.49817 0.2615 -0.46408 0.09017 1.3763
-1.0874 0.71764 1.2245 0.48917 0.96341 -0.42334 0.4074 0.060513 -0.40898 -0.49344 0.3532 -0.13746 -0.48203 2.256 -2.3876 -2.1989 -1.6034 -0.57279 -1.8848 0.14788 2.0388 0.13169 0.14731 -0.47541 0.032703 1.9909 1.4855 -0.53647 0.08349 0.2816 0.2397 0.24649 0.94374 0.58753 -0.22278 -0.49505 -1.1058 -0.87144 0.87107
-0.23538 -1.2651 -0.85826 -0.72054 0.24168 -0.13794 0.76968 1.7588 1.4208 -0.15609 1.7662 0.92465 0.33531 2.5971 -2.5073 -1.7837 -1.2799 -0.47123 -1.1653 1.066 2.3093 -0.047437 -0.51284 -0.83314 -0.32946 2.2049 -0.015814 0.58527 0.7991 0.93918 0.74277 1.5629 1.241 -0.61088 -0.59997 -0.90069 -0.97319 -1.1587 0.059091
0.49058 -2.0044 -1.5894 -0.74303 -0.018422 -1.1042 0.57103 1.6357 -0.14952 -0.76937 0.23249 0.028128 1.2917 2.3414 -2.1256 -1.4981 -0.82094 -0.12106 0.068762 1.595 1.788 -0.51783 -0.9281 -1.5439 -1.1828 2.0564 -1.3255 1.7456 1.2958 1.4808 0.96593 2.0974 0.5875 -1.7823 -0.87627 -0.62403 -0.58283 -0.74186 -0.88898
0.69005 -1.6888 -1.087 -0.68585 0.85991 -0.91275 1.1853 1.5387 -0.25193 -1.7587 -0.41616 -0.72033 1.5983 1.4541 -1.349 -1.2088 -0.23733 0.46343 0.67165 1.3868 0.42868 -0.93659 -1.115 -1.4043 -1.1253 1.6352 -2.0808 2.2912 1.3881 1.3823 0.9331 1.8389 -0.11994 -2.113 -0.49549 0.012921 0.36864 -0.13335 -1.6065
0.70164 -1.7942 -1.0088 -0.44139 0.89985 -0.29177 1.7509 1.4243 -0.072056 -1.8221 -0.89125 -0.95917 1.6476 0.54424 -0.0037744 -0.13604 0.51317 0.76755 1.1873 1.1502 -0.52505 -1.3548 -0.82316 -1.3703 -1.0117 0.84338 -1.9012 1.844 1.0887 0.89586 0.36144 1.0093 -0.63451 -1.738 -0.024259 0.42463 1.3542 0.59378 -1.7062
0.64961 -1.7595 -1.0171 -0.34268 1.0409 0.3401 1.8502 1.3197 -0.73278 -1.633 -1.0757 -1.1945 1.6776 -0.090896 0.32051 0.054886 0.51452 0.82981 1.7713 1.0537 -0.69569 -0.73176 -0.53731 -0.16786 -0.6964 0.22138 -1.0454 0.91405 0.66248 0.19143 -0.14003 0.16017 -0.76771 -1.0863 0.35928 0.4137 1.6606 0.81173 -1.3226
0.59393 -1.6189 -1.1608 -0.37554 1.0592 0.35089 1.7183 1.3448 -1.0925 -1.3694 -0.73689 -0.6188 1.6969 -0.16272 0.16956 -0.15971 0.39328 0.35574 1.4269 0.51034 -1.0659 -0.69804 -0.34894 0.59174 -0.29137 0.012321 -0.14051 -0.0031706 0.11708 -0.29769 -0.25766 -0.58565 -0.67963 -0.54061 0.54882 0.43707 1.4455 0.94966 -0.73221
0.58344 -1.5168 -1.4186 -0.081636 1.0241 0.91117 1.7857 0.87868 -0.8399 -1.4157 -0.64552 -0.48212 1.6863 0.0077487 0.1167 -0.0087757 0.15097 0.37724 0.83475 0.19236 -1.4215 -0.50849 -0.50642 0.991 0.036192 -0.081196 0.42766 -0.24689 0.025164 -0.47811 -0.56845 -0.95114 -0.73743 -0.11316 0.1791 1.1856 0.50799 1.0215 -0.45669
0.44748 -1.5743 -1.2048 -0.16678 1.5084 1.1175 2.0119 0.58506 -1.0424 -2.1851 -0.063188 -1.6104 1.6506 0.25654 0.094432 0.083228 0.14718 0.47841 0.51108 0.2405 -1.1981 -0.29767 0.054768 0.98969 0.40686 -0.18476 0.47704 -0.22775 -0.065389 -0.47385 -0.85945 -0.66878 -0.63833 0.46455 0.19482 2.0268 0.040708 1.026 -0.43682
0.61564 -1.6024 -1.119 -0.19896 1.1727 0.8927 1.8939 -0.074857 -1.1172 -2.2421 0.31103 -1.0807 1.6195 0.44151 -0.059083 -0.047801 -0.23336 -0.337 0.38517 -0.26597 -0.81593 -0.56741 1.6814 0.66829 0.87643 -0.41498 0.29079 -0.12591 -0.33661 -0.24685 -1.3265 -0.26141 -0.68853 0.75022 0.21809 2.4351 -0.24782 0.90081 -0.45418
0.78213 -1.7012 -0.9348 -0.33751 1.4195 0.78737 1.9178 -0.48381 -0.94689 -2.1175 0.33882 -0.60715 1.5454 0.44764 -0.12724 -0.28757 -0.27785 -0.9451 0.34808 -0.51931 -0.40674 -0.26986 2.694 0.83911 1.2191 -0.52362 -0.076103 0.035813 -0.46372 -0.071203 -1.3814 0.042032 -0.65572 0.58856 0.28845 1.7036 -0.31811 0.30245 -0.39289
0.92367 -1.5062 -1.1007 -0.067293 1.7168 1.0849 2.0609 0.24991 -1.3697 -0.69051 0.26428 -0.16485 1.4424 0.41805 0.015613 -0.4684 -0.093209 -1.4558 0.39227 -0.7857 -0.28737 -0.073054 3.1438 0.56626 1.3217 -0.64263 -0.41024 0.17922 -0.35433 0.14951 -0.87467 0.15692 -0.28062 0.1883 0.47592 0.19817 -0.4407 -0.44499 -0.18185
0.96412 -1.7079 -1.5457 -0.83247 -0.08698 1.1128 1.0426 0.3424 -2.0203 1.6021 0.12859 0.61129 1.087 0.14102 0.11952 -0.58475 -0.064975 -1.6111 0.56432 -0.7928 -0.2539 0.057543 2.8009 0.39791 0.73428 -0.70292 -0.63453 0.16385 0.077815 0.010314 -0.28586 -0.10445 -0.21623 -0.14208 0.27484 -1.314 -0.74847 -1.1887 0.024876
0.85478 -1.7146 -1.7378 -0.27557 -0.060328 1.5407 1.4007 0.041656 -0.67258 1.0799 1.2575 0.19204 1.1016 -0.109 0.12325 -0.57676 -0.086521 -1.6909 0.55373 -0.68141 -0.47946 0.27904 2.0339 -0.0028902 0.2429 -0.6168 -0.72897 0.22644 0.75584 0.083624 0.71404 -0.18178 -0.099133 0.11753 0.29993 -2.4975 -0.8403 -1.4658 0.14914
0.89812 -1.4783 -1.474 -0.17292 -0.18601 1.3595 1.1816 -0.39973 -1.0998 0.81314 0.73752 -0.1994 0.89705 -0.37969 0.098579 -0.118 -0.27726 -1.3965 0.043786 -0.99643 -0.55452 0.12688 0.56971 -0.39323 -0.53634 -0.49447 -0.50697 0.29506 1.1316 -0.03563 1.0272 -0.41105 -0.45473 0.37549 -0.029737 -2.6772 -1.0767 -1.1487 0.093965
0.78522 -1.4635 -1.6545 -0.40464 -0.50304 1.4998 1.1412 -0.62062 -1.0678 0.96918 0.67244 0.020508 0.79612 -0.57541 0.41191 0.65772 0.14819 -0.23363 0.28098 -0.87755 0.13516 0.51964 -0.83447 -0.7416 -0.86654 -0.50429 -0.58859 0.76852 1.6135 0.063249 0.82475 -0.44266 -0.45668 0.74397 0.13711 -2.2552 -1.09 -0.28137 -0.35395
0.71716 -1.581 -1.6815 -0.5412 -0.57047 1.5469 1.2198 -0.70431 -0.7686 1.2337 -0.13817 0.049836 0.83835 -0.49652 0.47742 0.84695 -0.26069 -0.4157 -0.10968 -1.5908 0.22376 -0.15247 -1.2254 -1.4163 -0.92955 -0.60564 -0.57284 1.3171 1.6774 0.40668 0.1265 -0.54178 -0.48875 0.29398 0.83535 -0.86101 -0.81868 0.71553 -0.82197
0.49568 -1.4966 -1.2548 -0.81109 -0.7098 0.86638 0.20253 -0.042516 -1.734 0.80791 -0.2999 -0.77984 0.7474 -1.0622 1.2393 1.874 0.0039494 -0.64165 -0.24041 -1.2842 0.64883 0.69192 -1.6681 -1.702 -0.12428 -1.1304 -0.62289 1.5081 1.4561 0.84562 -0.1657 -0.88223 -0.18058 -0.1346 0.83761 0.51947 -0.21563 1.4415 -1.0806
0.33237 -1.0407 -0.53568 -0.089033 -0.026955 2.0507 0.21397 0.78457 -0.18645 0.0024575 -0.31288 -0.53004 0.3609 -1.1207 1.921 2.3242 0.50878 -0.97856 -0.7561 -1.7564 -0.18839 1.8327 -0.76854 -1.5725 0.43068 -1.5057 -0.58315 1.3378 0.7351 1.4033 0.58693 -0.44884 0.90048 -0.3448 0.41621 1.2333 0.65078 1.5935 -0.90153
0.52423 -1.0915 -0.87278 -0.7553 -0.97361 1.029 -0.52836 -0.46393 -1.3597 -0.76211 -1.1062 -1.1528 0.29572 -1.3341 2.2502 2.5635 1.2636 -0.29303 -1.108 -1.1493 0.11227 1.3239 -0.0014463 -1.0982 1.1766 -1.7958 -0.20005 0.46506 -0.58458 1.0874 1.0338 -0.24608 1.3067 -0.56706 -0.81836 1.6021 1.1514 1.049 -0.26535
-0.51611 0.45739 1.2058 -0.11652 -1.3951 0.97129 0.28994 0.3979 0.53138 -0.95891 -2.091 0.55286 -0.81344 -1.3628 2.2431 1.8237 1.6086 0.4981 -0.55858 0.12269 -0.15474 0.41181 0.45907 -0.39312 1.4331 -1.7255 -0.026205 -0.42567 -1.4181 0.37718 1.1556 0.30443 1.3807 -0.19509 -1.4306 0.73227 1.3622 0.53995 0.39496
-0.21304 0.71268 0.73491 0.28309 -1.901 0.22216 -1.1777 -1.632 2.18 1.4476 -1.5191 0.69496 -0.88766 -1.2823 1.8689 1.0243 1.3873 0.55658 -0.8338 0.35974 -0.45658 -0.4027 0.98839 0.05025 1.3488 -1.4466 0.51063 -1.3133 -2.1436 -0.36387 0.77411 0.84379 0.51433 -0.19429 -1.4329 -0.51456 1.2501 -0.69884 1.028
-0.68256 0.7478 1.3095 1.2472 0.056217 -0.003121 0.015145 0.71915 -0.54141 1.1816 -1.3585 1.0813 -1.1818 -1.1878 1.3912 0.46444 1.108 0.76436 -0.33418 0.21861 -0.25316 -0.44073 0.2322 0.62336 1.3477 -1.0411 0.73581 -2.1056 -1.7512 -1.0991 0.22505 0.87139 -0.081109 0.38199 -0.74268 -1.4086 0.74433 -1.3249 1.5391
-0.78322 0.99716 0.466 1.155 0.55004 1.3084 0.72113 0.046357 -1.6872 0.27602 -0.40198 0.41824 -1.1941 -0.53638 0.44983 -0.71757 0.84757 1.0173 0.37112 -0.17911 -0.18614 -1.3917 -0.93622 0.93599 -0.14096 -0.47748 1.0957 -2.4178 -1.0345 -1.6228 -0.41008 0.59963 -0.44716 0.16397 0.44269 -1.3902 0.16272 -1.561 1.9974
-0.81198 1.0403 0.49924 0.94054 -0.39985 0.42041 0.06502 -0.66133 -0.48305 0.66453 -0.90115 0.96628 -1.3434 -0.46194 -0.61782 -0.54607 -0.10484 0.66878 0.48308 0.23405 0.50793 -0.73414 -1.4509 0.67919 -0.3767 0.27513 0.77203 -1.9912 0.23106 -1.7953 -0.50088 -0.016301 -0.31704 0.14183 0.9935 -0.74205 -0.71478 -1.6481 1.8228
-1.0075 1.08 0.58203 0.44489 -0.89946 0.30497 -0.67067 -0.87475 -0.35384 -0.9246 -0.77343 1.3814 -1.278 0.24955 -1.2268 -0.39601 -0.92763 -0.20043 -0.11843 -0.52915 -0.47261 0.68187 -1.0047 0.35617 -0.79405 1.1199 0.041569 -0.9077 1.1222 -1.4093 -0.04684 -0.60302 0.26673 0.22961 1.2692 0.27561 -0.936 -0.98635 1.2223
-0.81184 0.96599 0.21725 1.5492 0.16502 1.5133 -0.4335 -0.058971 -0.9329 -1.0528 -0.49323 -0.12298 -1.4288 -0.24446 -1.1469 0.70025 -1.2347 0.39604 -0.14426 -0.23049 0.21061 0.65846 -1.2459 -0.53521 -1.497 1.1031 -0.36824 0.19346 0.79861 -0.66552 0.45452 -0.63869 0.66606 0.19166 0.7971 1.0069 -0.33451 -0.7495 0.38936
-0.80056 -0.65535 0.39092 0.072871 -0.1326 0.51703 -0.046459 0.28662 0.36609 0.44256 -0.33999 0.44923 -0.15612 -0.56931 -0.82386 0.69098 -1.1265 1.0385 -0.493 0.58221 0.45753 0.64757 -0.47478 -0.35462 -1.4895 1.0826 -0.88095 0.89805 0.14397 -0.19559 0.68461 -0.4106 0.94009 -0.073265 0.040505 1.0175 0.46581 -0.30462 -0.34801
-0.27206 -0.48767 0.7063 -0.13593 -0.10971 -0.12012 -0.30013 -0.6752 -0.15273 -0.344 -0.67746 -0.13761 0.34169 -0.68386 -0.48942 0.34841 -1.2121 0.88601 -0.5757 0.99627 0.46243 0.99176 0.34003 0.35849 -1.4858 0.92387 -0.51057 1.3765 -0.89593 0.51388 0.4377 -0.16085 0.26356 -0.62118 -0.32668 0.71018 1.049 -0.099129 -0.83199
-1.6099 0.38547 1.7356 -0.52305 0.89694 1.264 0.29607 0.11661 -0.59335 -1.9852 -1.9728 -1.5009 -0.53725 -1.0468 -0.030315 0.016679 -1.3038 0.82814 -0.71222 0.71669 -0.70557 0.5783 0.27988 0.85878 -1.4078 0.6499 -0.044515 1.1212 -1.3085 0.90755 0.20863 0.22932 -0.39421 -0.54975 -0.52874 0.2536 1.1706 0.17867 -0.93998
-1.512 0.39808 0.89343 -0.15433 0.61356 -0.73416 0.36538 -0.13325 0.94573 0.22625 -0.88472 -0.058127 -0.31301 -0.88265 0.79317 -0.63393 -0.24007 1.306 -0.36616 0.22506 -0.40401 -0.042501 -0.17264 0.99204 -1.754 -0.020989 0.77314 0.3971 -1.2037 1.2521 -0.074618 0.11381 -0.65375 -0.35114 -0.56743 -0.38014 0.85851 0.30624 -0.52386
-1.3774 0.16275 0.35579 -0.69494 0.26356 0.32252 0.41049 0.22564 1.0298 -0.21945 0.89566 -0.95523 -0.09019 -0.54265 0.43866 -1.2461 -0.001379 1.1984 -0.18253 0.19125 -0.16343 -0.010391 0.30059 1.7095 -1.0415 0.040427 1.2326 -0.079691 -0.53841 1.1909 -0.19322 0.31335 -0.66411 0.2747 -0.41082 -1.1922 0.072193 0.12681 -0.24712
-1.7058 0.056219 0.21828 -0.59168 1.3458 0.33184 0.26921 -1.7375 -0.37076 -0.17532 0.81448 -2.0007 0.015551 0.40225 -0.048544 -1.2563 0.36503 0.53298 -0.64637 -0.030281 -0.46803 0.026848 -0.44428 1.6802 -1.1117 0.38534 1.0364 -0.23761 0.689 0.77074 -0.4964 0.10903 -0.43652 0.15262 -0.24182 -0.97531 -1.127 0.4352 -0.18959
-1.3493 0.56522 -0.024871 -0.083794 1.7785 -0.26617 -0.11196 0.073855 -0.078451 -0.55281 0.090879 -1.9699 -0.12655 0.44178 0.25703 -0.68746 0.51225 0.8216 0.0039697 -0.46537 -0.088926 -0.375 -2.0151 0.66468 -1.514 0.049954 0.49276 0.23976 1.555 0.64628 -0.86656 0.03358 -0.18818 0.37259 -0.045227 -0.37132 -1.5294 0.74508 -0.51078
-1.2599 0.33602 -0.26384 -0.32036 1.5072 0.13105 0.29583 -0.47488 -0.032589 -0.49663 1.4809 -1.2333 0.039355 0.41763 0.48257 0.32359 0.86914 0.52574 -0.27439 -0.30677 -0.099302 -0.41122 -1.003 -0.77129 -0.71448 -0.32971 -0.3261 0.32197 1.7321 0.31426 -1.0635 0.031953 0.2224 0.3668 -0.11788 0.83532 -0.86284 1.3624 -0.66919
-1.1421 0.18864 0.24576 0.084038 0.8742 -0.49535 0.4133 -0.6285 0.53801 -2.2391 0.74862 -2.5752 -0.0061198 0.30402 0.58153 0.78979 0.88966 -0.46944 -0.3279 -0.040087 0.43142 0.085235 -0.17599 -0.16772 0.15438 -0.42422 -0.55222 0.026742 1.2992 0.058368 -0.98212 -0.056011 0.34563 0.31461 -0.077164 1.5716 -0.069825 1.3861 -0.41497
-1.1084 0.76906 -0.17567 0.23235 1.8252 -0.14756 -0.52478 -0.18608 0.35168 -2.3629 0.58854 -2.2336 -0.27742 -0.087506 0.33709 1.1559 0.72469 -0.86685 -0.44293 0.19858 0.039497 -0.48471 0.34206 0.34717 0.62645 -0.45533 -0.69055 -0.27994 0.36154 -0.32457 -0.2928 0.29953 0.37723 0.2448 -0.21472 1.1065 0.39612 0.68073 -0.12022
-1.1746 0.72676 1.1536 0.41452 1.3085 0.11373 0.16824 -0.7984 -0.54934 -0.18267 -1.0157 -2.0005 -0.57619 -0.25448 0.37681 1.253 0.67449 -0.37298 -0.042611 -0.033131 0.50564 -0.53112 0.52055 -0.033042 0.43303 -0.55482 -0.43792 -0.5091 -0.46752 -0.45717 0.18102 0.51048 0.7612 -0.027595 -0.26175 0.55139 0.16772 0.0056811 0.10282
-1.3859 0.90754 0.91792 0.64792 0.56634 -0.54469 0.23518 -0.32531 0.05832 -0.10115 1.4529 -1.3133 -0.40464 -0.49064 0.11169 0.728 0.38081 -0.10463 0.13259 0.4371 0.38878 -0.59512 0.9079 -0.030718 0.41796 -0.45645 0.286 -0.34476 -1.1698 -0.29537 0.36434 0.50394 0.69907 0.35444 0.44308 0.11781 -0.39549 -0.14993 0.17661
-1.399 0.63977 1.0977 0.58455 0.45553 -0.9742 0.31513 0.10787 -0.83668 -0.74916 1.5344 -0.83148 -0.52678 -0.246 -0.16777 0.1185 0.22817 -0.53309 0.33771 1.3465 0.24052 -0.45393 0.6677 0.36521 0.2425 -0.25584 0.89647 -0.28795 -1.2255 -0.095135 -0.011836 0.681 0.44176 0.36212 0.48936 -0.034584 -0.98817 0.58378 0.068917
-1.41 0.70015 1.2019 0.53041 1.4178 0.46016 -0.00040334 0.16852 -0.18456 -1.1279 0.5948 -1.8124 -0.65149 0.40585 0.026181 -0.45079 0.40424 -0.1213 0.30774 0.89187 0.91519 0.41542 0.51049 -0.65192 0.40871 -0.31795 1.3059 0.034908 -0.94395 0.14219 -0.40604 1.033 -0.25502 0.33717 0.68202 -0.3265 -0.99423 1.2864 -0.079052
-1.661 0.46657 0.74289 0.56052 1.1948 -0.2958 0.74521 -0.3325 -0.32127 -0.96964 -0.17416 -2.3856 -0.66163 0.84827 -0.067268 -0.43371 0.47782 -0.41334 1.1495 0.61429 1.0008 0.0029951 0.65034 -1.7262 1.5244 -0.51095 1.0254 0.20932 -0.61136 0.064726 -0.53865 0.69753 -0.98239 0.30319 0.52591 -0.62749 -0.50106 1.8306 -0.1358
-1.1763 0.67913 0.23772 0.59883 0.49928 0.45938 1.5218 -0.14829 -0.70911 -0.080726 1.1935 -1.301 -0.6352 1.2197 0.12234 -0.75534 0.49613 -0.96163 1.68 0.30159 0.71743 0.63487 0.25209 -1.0011 2.2043 -0.4545 0.37021 0.073378 -0.30256 -0.21273 -0.43046 0.28377 -1.1603 0.068089 -0.04989 -0.95404 0.55069 1.6224 -0.0067335
-0.57587 0.9759 0.87367 1.2343 0.83709 -0.17526 0.70884 1.2064 0.78877 0.97262 -1.83 -0.64908 -0.99575 1.1206 0.14095 -0.8784 0.28362 -1.1618 0.96294 -0.29684 0.98067 0.55523 -0.4817 -0.47461 2.8102 -0.40473 -0.46808 -0.010145 0.094968 -0.27002 0.1715 -0.78879 -0.94892 -0.25593 -0.30546 -1.0587 0.9041 0.49004 0.11969
-0.64795 0.55052 0.56953 1.1191 -0.25316 1.2811 0.51186 1.2096 -0.79528 -0.21814 -0.63415 1.4653 -1.0922 0.9126 0.048236 -0.811 0.10576 -0.59054 0.92051 -0.94254 1.0992 0.0057549 -0.86834 -0.15586 2.8341 -0.37999 -1.3279 -0.16219 0.48675 -0.42997 0.65014 -1.2306 -0.24274 -0.85557 -0.72653 -0.51657 0.90107 -0.85565 0.1684
-0.30514 0.79314 0.04304 0.93149 -0.31198 1.9003 0.47447 0.44799 0.70058 -1.4334 0.5124 0.83347 -1.0062 0.19821 -0.045752 -0.25902 0.17482 -0.29949 -0.0040356 -0.63599 0.33979 -0.3719 -0.94778 -0.30913 2.1175 -0.35316 -1.3234 0.062064 0.7975 -0.20142 1.0507 -1.1768 0.32547 -1.4906 -0.47586 0.55746 0.47153 -2.1997 0.17402
-0.68629 0.78437 -0.10957 0.64594 0.26003 0.69205 -0.062053 1.3135 0.48093 -1.6961 -0.38568 0.75879 -1.0569 -0.60643 -0.057785 -0.19929 -0.23417 -0.18467 -0.21535 -0.006185 -0.6242 -0.50689 -0.56717 0.74971 0.89124 -0.20665 -0.92806 0.1347 0.85797 -0.014647 0.88582 -1.0031 0.65517 -1.6132 -0.12604 1.5566 0.046903 -2.2937 0.17447
-0.60964 0.53874 -0.28754 0.80832 0.50097 0.7388 0.14861 1.3208 -1.0237 -0.80042 -0.27059 1.4342 -1.1162 -0.39943 0.30092 0.25168 0.078266 0.60379 -0.74516 -0.11992 -1.0821 -0.24854 0.5067 0.033688 -0.44205 -0.2087 -0.048065 0.15916 0.51612 0.075506 0.57034 0.11087 0.23776 -0.95718 0.44248 1.5791 -0.24294 -1.6921 0.20058
-0.82487 0.79392 0.75231 1.3578 -0.084491 0.0041082 0.90279 0.46908 -0.72828 -0.27735 -0.66454 1.8011 -1.2536 -0.38595 0.10509 0.48055 0.11326 0.61339 -0.65236 0.095815 -1.3578 -0.35511 1.5818 -0.22867 -0.289 -0.1688 0.50459 0.1556 0.40102 0.16423 0.29244 0.78506 -0.2783 -8.0637e-05 0.95527 1.0774 -0.60684 -0.98428 0.13723
-1.3379 0.77667 0.49003 0.6103 0.053394 0.58127 0.49654 0.047034 0.20809 -0.29587 0.25231 0.73242 -1.2526 0.0091016 0.1445 0.32071 0.12181 0.35808 0.40301 -0.21515 -1.1574 0.48962 1.2011 -0.31005 -0.54762 -0.046535 0.4449 -0.11778 -0.11972 -0.32735 -0.24686 0.86692 -0.63587 0.9697 0.92214 0.33213 -0.19979 -0.38401 0.18879
-0.5609 1.1239 0.4725 1.2189 0.84198 0.80538 -0.08766 -0.59656 -0.58389 -0.36168 -0.28208 0.32713 -1.2675 0.064088 0.28608 0.47463 0.023691 0.46718 0.68945 -0.50618 -0.5481 1.1768 1.2855 -0.30767 -0.96079 -0.064386 0.32785 -0.168 -0.26081 -0.50683 -0.55533 0.0079454 -0.73407 1.6012 0.59243 -0.063694 -0.14741 -0.092697 0.17253
-0.77189 0.6778 0.32062 0.80892 0.69289 0.48598 0.49721 -0.80702 0.23614 0.78378 -0.27378 0.80284 -1.1476 0.14733 0.012302 0.0075672 -0.47783 0.18199 0.21951 -1.0729 0.47916 0.96623 1.3341 -0.32929 -0.86575 0.045627 -0.18093 -0.34052 -0.18971 -0.67701 -0.84153 -1.0251 -0.39451 1.6092 -0.0057471 0.011152 0.0061506 0.32837 0.10881
-0.65491 0.84752 0.19818 0.90243 0.54101 1.3983 -0.39736 0.56889 0.76085 -0.22376 -1.2488 0.60202 -1.12 0.11475 -0.11214 0.13116 -0.5093 -0.37913 -0.56905 -0.92325 1.0452 0.67017 1.387 -0.51513 -0.33376 0.065426 -0.29757 -0.29944 -0.16479 -0.49227 -0.90517 -1.2118 -0.10871 0.95772 -0.4972 -0.34481 0.16654 0.47429 0.067862
-0.81175 1.0731 1.0519 1.0588 0.81329 1.2419 0.062947 0.34184 0.71362 1.476 -0.43777 0.31566 -1.3637 -0.32436 -0.23241 0.11695 -0.8389 -0.8427 -0.95332 -0.78376 1.2832 0.70542 1.1747 -0.19049 -0.26163 0.066054 -0.30308 -0.061736 0.048783 -0.16252 -0.58678 -0.78996 0.12015 0.22533 -0.44833 -0.50693 0.26109 0.25274 -0.015518
-0.91019 0.70096 0.49178 0.16795 -0.13575 -0.21103 -0.668 0.91454 0.74431 1.2665 -0.66609 0.28269 -1.1375 -0.20947 -0.097882 0.090179 -0.69208 -0.76523 -1.0671 -0.86332 0.99217 0.20073 0.66333 -0.035472 -0.38495 0.036822 -0.15696 0.047062 -0.014701 -0.052945 -0.16915 -0.27756 0.0091049 -0.1193 -0.32033 -0.48081 0.27267 -0.045015 -0.027984
