39 214
-1.1138 1.2215 0.9383 0.88756 -0.43784 0.55344 -0.24052 0.6273 -0.077588 0.90785 -0.75098 -0.29846 -1.6545 0.48443 -0.39962 -0.16824 0.33488 0.25556 0.58263 0.39632 -0.062626 0.14723 -0.61586 1.2273 1.8132 0.082674 0.092607 -0.021064 -0.49602 0.28347 0.40533 0.4399 0.084293 0.079227 -0.13309 0.066556 -0.40337 -0.75062 -0.010396
-0.88798 1.1631 0.78791 0.96767 0.29492 0.6667 0.040585 0.55227 0.14539 -0.016996 -0.93795 0.28716 -1.5843 0.67081 -0.42768 -0.48362 0.61537 0.48214 1.2583 0.60242 -0.24664 0.24116 -0.33908 0.91503 1.2134 0.14461 -0.086691 0.047732 -0.29172 0.59762 0.60462 0.24386 -0.24752 0.16775 -0.38493 -0.012956 -0.43952 -1.3707 -0.095866
-0.79448 0.85367 0.80806 1.0537 -0.067064 1.1229 0.57407 -0.063741 0.2796 0.88293 0.60861 1.9189 -1.5858 0.55113 -0.42425 -0.91233 0.77464 0.88483 1.1702 0.45148 0.21911 -0.16222 -0.63128 0.53876 0.49019 0.03175 -0.35797 0.26668 0.11057 0.56711 0.36575 -0.22875 -0.56959 0.23266 -0.4657 0.18925 -0.43713 -1.7685 -0.17049
-0.43758 0.81405 0.75833 1.3387 -0.35676 1.2197 -0.027205 1.0509 -0.11569 -0.062046 0.71209 2.1844 -1.5794 0.28229 -0.29658 -0.32882 1.3474 1.0458 0.80067 -0.1479 0.16174 -0.43549 -0.63976 0.65299 -0.44842 -0.071918 -0.63196 0.54542 0.65491 0.038596 -0.0886 -1.2977 -0.63062 0.22884 -0.40257 -0.017895 -0.97561 -1.3358 -0.20863
-0.34232 0.8973 0.22732 1.6008 0.42256 2.2292 0.63393 0.17595 0.30543 0.82826 -0.45479 0.098691 -1.4767 0.012608 0.03734 -0.051363 1.1379 0.64429 0.32627 -0.40019 0.22713 -0.4042 -0.10401 0.44464 -1.1134 -0.1289 -0.63704 0.6434 1.0311 -0.70694 -0.58151 -1.6181 -0.18588 -0.15299 -0.014639 0.464 -0.81915 -0.48968 -0.073725
-0.68349 0.84118 -0.20998 1.6308 1.0712 1.4018 0.16645 1.2161 -0.63812 -0.35007 -0.47545 -0.049643 -1.7179 -0.22828 0.36825 0.26375 0.50522 0.44687 -1.0598 -0.26752 0.23573 -0.40856 -0.64393 -1.0527 -0.83493 -0.16634 -0.28107 0.49885 0.8031 -1.3666 -1.1164 -1.8758 -0.23072 -0.13231 0.18932 0.7897 -0.23269 0.76826 0.083102
-0.8317 0.9194 1.1964 2.5872 1.0776 1.1738 -0.65114 0.45384 -0.54472 -0.19505 0.53119 -0.45681 -1.7232 -0.37124 0.45433 0.64903 -0.28104 0.13254 -1.3155 0.12002 -0.088571 -0.21479 0.26647 -0.30325 -0.39233 -0.059622 0.12764 0.10558 0.62775 -1.2328 -1.0782 -0.84109 -0.026802 -0.42473 0.24981 0.50186 -0.0030933 1.3246 0.19695
-0.7393 1.159 0.74145 1.813 0.42701 1.1903 -0.05021 0.62098 -0.044379 0.53904 0.35695 0.11305 -1.6659 -0.050908 0.43407 0.7666 -0.78991 -0.72266 -2.3381 -0.89046 0.08991 -0.18465 0.70387 0.53129 0.7532 0.048621 0.32575 -0.37952 -0.11793 -0.8813 -0.83709 0.62403 0.15887 -0.14103 0.21385 0.49114 0.23708 1.0045 0.25135
-0.85925 1.2111 0.94292 1.2894 0.15763 -0.403 0.45673 0.61482 -0.40739 -0.5283 -1.4284 1.6159 -1.7296 0.14803 0.20395 0.82598 -0.78347 -0.72579 -0.81151 -0.15645 -0.50942 -0.056531 0.19135 -0.3735 0.82137 0.13206 0.57291 -0.6816 -0.99794 -0.35822 -0.62077 1.0832 0.14821 0.0023772 0.18248 -0.038576 -0.0067718 0.069405 0.36098
-0.78288 1.2357 1.0917 1.0186 0.35434 0.68377 0.42589 0.84702 -0.34384 1.0373 0.53629 0.25666 -1.5284 0.099367 -0.21938 -0.04332 -1.0824 -0.64044 0.0019793 0.18061 0.19918 -0.095881 0.34206 -0.55258 0.61575 0.20817 0.71123 -1.3643 -1.6593 -0.16386 -0.35746 1.438 0.61797 0.50558 0.14252 -0.22221 0.29053 -0.8911 0.83855
-0.34915 1.2404 0.77943 1.1024 -0.23021 -0.98352 -1.7935 0.58576 -0.37706 1.3912 0.53297 0.948 -1.5152 0.59399 -0.49989 -0.7547 -0.88737 -1.0317 -0.20301 -0.12731 -0.10584 0.073487 0.36595 0.20501 -0.22697 0.53629 0.91072 -1.6146 -1.9086 -0.1959 -0.61399 0.20681 0.61612 0.98162 -0.067834 -0.48294 0.53378 -0.73348 1.1482
-0.68402 0.92527 1.3916 1.5573 0.52354 1.5624 0.44441 0.172 -0.81463 -1.2344 -1.2149 0.86547 -1.6733 1.02 -1.7789 -1.4468 -1.0869 -1.2141 0.38863 0.33857 0.92319 0.0076294 0.17814 0.81628 -0.64018 1.4168 0.94894 -1.6226 -1.6036 -0.13473 -0.36769 -0.36256 0.73828 0.64688 -0.26834 -0.83185 0.6563 -0.49583 1.2407
-0.82708 0.69064 0.72131 0.97946 -0.12583 1.1491 0.16076 1.1805 -0.29065 0.99177 -0.087178 0.69589 -1.4299 1.3473 -2.052 -1.9265 -1.1967 -1.5498 -0.57116 1.0044 1.1075 -0.24771 -0.67203 0.013695 -0.13768 1.6781 0.71921 -1.1948 -1.2455 -0.044725 0.22577 -0.63075 0.33019 0.31326 -0.47017 -0.36096 0.66247 -0.22771 0.93344
0.38478 0.7718 -0.56428 0.33386 -1.5127 -0.47952 -0.12206 0.32758 0.15024 0.97565 0.44702 0.0377 -0.89371 1.4524 -2.4941 -2.3605 -1.2162 -1.0444 -0.58139 1.1031 0.90773 -0.45284 -0.76264 0.86523 -0.51756 1.9608 0.32606 -0.10076 -0.30439 0.52581 1.1437 -0.21042 -0.26446 -0.99142 -0.6917 -0.27137 0.30123 -0.35579 0.22845
0.53304 -1.2442 -0.51052 -0.061328 -1.0794 0.39316 0.89793 2.5072 -0.79192 -0.041477 0.3784 0.41997 0.25552 1.6864 -2.3885 -2.5539 -0.92427 -0.70051 -1.0512 0.14877 0.55564 -0.59448 0.12816 1.5153 -0.81469 2.0123 -0.26817 0.68196 0.86001 1.1276 1.9303 0.95179 -0.76591 -1.8862 -0.70797 0.22601 0.036966 -0.65422 -0.41385
0.92395 -0.45514 -0.82106 0.16587 -1.5375 -0.56374 0.96308 1.5962 -0.96524 -0.1527 0.12907 0.60199 -0.082933 1.4384 -1.7992 -1.6886 -0.13986 0.44639 0.18216 0.21531 -0.73393 -1.135 -0.75597 0.66159 -1.0967 1.6771 -0.71882 1.7161 1.7528 1.3277 1.7183 1.0217 -0.92899 -2.5045 -0.2747 0.45613 -1.0363 -0.22314 -1.1093
0.98214 -1.3221 -1.5267 0.30716 -0.63667 -0.34305 -0.032664 0.91004 -1.1278 -0.57739 1.1137 0.068671 0.23439 0.85286 -1.1159 -0.71403 0.59814 1.2202 1.0523 -0.12267 -1.7788 -1.2533 -0.24239 0.17127 -1.2689 1.0442 -1.2092 1.8308 2.2471 0.88409 1.2105 0.62334 -0.79803 -2.0243 0.1086 0.40626 -1.2851 0.52929 -1.2958
1.2442 -1.2774 -1.5579 0.49214 -0.51945 0.70367 0.53551 1.0002 -1.208 0.39921 0.93489 -0.72749 0.40699 0.54157 0.098188 -0.11876 0.77117 1.1252 0.51958 -0.66385 -2.858 -0.65298 0.303 -0.60155 -0.80728 0.36634 -1.3797 1.4965 2.06 0.071647 0.0032667 -0.65683 -0.98932 -0.64201 0.60894 1.0242 -1.0367 1.195 -1.1819
1.2795 -0.8985 -1.2818 0.5261 0.028993 0.9625 0.49789 -0.027831 -1.7608 -0.023724 0.59455 -1.1415 0.59413 -0.0917 0.10709 0.71584 0.44755 1.1667 0.09245 -1.0479 -2.3633 -0.64215 0.38207 -0.50078 0.10162 0.23987 -1.3331 0.60036 1.2936 -0.64192 -0.60471 -1.053 -0.69145 0.77079 0.83217 0.53718 -0.51389 1.3231 -0.88441
1.4649 -1.0385 -1.0861 0.87334 -0.036661 0.65441 0.03404 -0.9907 -1.8654 0.2411 0.3719 -1.3347 0.51384 -0.62834 0.40472 1.3133 0.07555 0.48462 -0.72613 -1.3474 -1.682 -0.30363 0.91651 -1.1421 0.67509 -0.13498 -0.97748 -0.25977 0.33218 -0.71668 -0.54286 -0.4486 0.069126 1.784 0.61929 0.36968 0.13621 0.82267 -0.54698
1.1493 -0.8473 -0.6449 0.73046 0.057389 0.11503 -0.063071 -0.64009 -1.4302 0.076758 -0.71421 0.30837 0.36944 -1.0158 -0.13913 0.90177 -0.3958 0.44649 -0.54875 -1.2004 -0.80598 0.12993 0.4888 -0.62909 0.71543 -0.36222 -0.14146 -0.34119 -0.90921 -0.41679 -0.35452 0.12881 0.60052 1.884 0.77354 0.13377 0.27499 -0.062122 -0.29034
0.57693 -0.68745 -0.32042 0.53837 0.28341 -0.65872 -1.0694 -0.98468 -1.9705 0.18929 0.61951 0.90649 0.20579 -0.79812 -0.26631 0.38299 -0.30417 0.5038 -0.10878 -0.46024 -0.066853 0.11741 0.96193 -0.27871 0.56204 -0.35767 0.79717 -0.3316 -1.9357 0.062981 0.051605 0.85764 0.84284 1.3764 0.92489 -0.44113 0.66042 -0.61187 0.13882
0.25925 -1.0775 -0.26225 0.35241 -0.13823 -0.44391 -1.6322 -0.59205 -1.4265 1.3363 -0.3517 0.062778 0.21365 -0.276 -0.19813 -0.46738 -0.23682 0.51806 0.052894 -0.28337 0.59723 0.59467 0.613 -0.39 -0.02103 -0.19311 1.3259 -0.12386 -1.9048 0.41736 0.09975 1.4041 0.82857 0.50679 1.2348 -1.0653 -0.063784 -0.67176 0.51271
0.25172 -1.5174 -0.91843 0.055934 0.45014 1.1093 -0.22067 -0.049909 -1.1587 0.45122 0.32804 -0.6189 0.14306 0.45322 -0.18847 -1.5054 0.11818 0.54823 0.77966 -0.10494 0.37807 1.1968 -0.0096466 0.068967 -0.28867 0.040009 1.0482 -0.20398 -0.95615 0.38855 0.29405 1.4978 0.5156 -0.48965 1.0552 -1.7626 -0.77616 -0.23164 0.72808
0.84197 -0.95467 -0.86374 0.69045 0.85222 0.67434 0.22005 -0.74091 -2.023 1.3156 0.0012908 -0.22735 0.28078 0.77915 -0.41004 -1.6014 0.2511 0.61121 1.9664 0.29388 0.0090114 1.9074 -1.1029 -0.95319 -0.31678 0.39884 0.13269 -0.32749 0.64946 0.23959 0.50062 0.94791 -0.10685 -1.0841 0.21458 -1.6078 -1.304 0.27232 0.876
1.2559 -1.03 -1.5865 0.66966 0.48973 -0.1856 -1.0323 -0.088069 -0.50263 0.52078 -0.71716 -0.48631 0.26418 0.58604 -0.54303 -0.78317 0.25011 0.99744 2.0915 0.28654 -0.71091 1.4396 -1.6134 -1.604 0.17527 0.70967 -0.93782 -0.4593 1.8435 -0.2231 0.56496 0.046975 -0.62657 -0.88141 -0.64243 -1.1896 -1.3568 0.065548 0.87539
1.4057 -0.98369 -2.2807 0.74752 0.76352 0.86804 -0.92064 -0.4428 0.32522 -0.2049 0.20602 0.70745 0.37905 -0.10905 -0.63581 0.33953 0.18612 1.2093 1.394 -0.70965 -0.97515 0.86645 -1.7175 -2.2398 0.26914 1.1125 -1.3374 -0.23642 2.1187 -0.37006 0.5486 -0.59786 -0.49107 -0.40321 -1.2214 -0.1166 -0.15894 -0.2992 0.69018
1.0184 -1.6018 -1.6022 0.51546 0.97227 2.4931 -0.64089 -1.0023 0.70895 -1.087 -1.1635 -0.25761 0.74267 -0.83174 -0.93845 0.84962 -0.32131 1.282 1.1623 -0.89072 -0.84476 0.49421 -2.0215 -2.0818 -0.49309 1.3225 -0.96464 0.096927 1.4668 -0.35286 0.080292 -0.98057 -0.16591 0.47994 -0.84745 0.78269 0.89569 -0.70519 0.31592
0.72317 -1.9203 -0.73794 0.47042 1.64 2.3909 -0.35512 -1.3066 -0.39616 -0.44543 -2.399 -0.060237 1.0028 -0.97344 -0.65603 1.4051 -0.24038 1.472 1.1671 -0.12946 -0.69085 0.065189 -1.1319 -1.0591 -0.65892 1.3848 -0.1654 0.52256 0.20564 -0.25454 -0.50292 -1.2738 0.244 1.0747 -0.20838 1.4169 1.9134 -0.43327 -0.22281
0.21414 -1.7448 -0.4165 0.58772 2.2961 1.6282 -1.4686 -1.1023 -0.82354 -1.3637 -2.0822 -0.16351 1.416 -0.75999 -0.34968 1.3289 -0.2781 1.0176 0.13379 -0.35422 0.13117 0.2305 -0.39091 -0.38272 -0.88838 1.1648 0.53949 0.74482 -0.82024 -0.069074 -1.1366 -1.1939 0.052321 1.3357 0.47743 1.512 2.1194 0.15257 -0.64416
0.15518 -1.727 -0.67583 0.30145 2.0373 1.0932 -1.5634 -1.2721 -0.54678 -1.4883 -2.0849 -1.2779 1.5796 -0.45799 0.053549 0.46598 -0.37276 0.43257 -0.78153 -0.49488 0.70034 0.59382 0.21555 0.80324 -0.4907 0.77345 0.72318 0.41504 -1.3727 -0.24401 -1.4654 -0.89227 -0.15231 1.016 0.67938 0.98546 1.3295 0.35295 -0.89433
0.47182 -1.582 -0.58772 0.54568 2.2711 2.097 -0.59549 -0.71513 0.68718 -0.87081 -0.84081 -0.66268 1.6211 -0.11036 0.10852 -0.16844 -0.40723 -0.25942 -0.38451 -0.61482 1.1406 1.1188 0.23787 1.3009 -0.30616 0.42103 0.50607 0.083291 -1.0912 -0.26308 -1.0761 -0.39412 -0.023633 0.19928 0.094413 0.38153 0.20093 0.47117 -0.82363
0.49088 -1.6512 -0.64841 0.32176 1.9035 1.8337 -1.2935 -0.35273 0.84368 -0.84083 -0.80947 -0.60727 1.6049 0.017592 -0.1036 -0.33206 -0.69121 -0.54839 -0.45859 -0.32215 0.85152 0.8908 0.46319 0.79772 -0.25879 0.08095 0.18073 -0.054521 -0.47249 -0.091997 -0.45166 -0.22183 0.17905 -0.343 -0.56276 -0.0023913 -0.79693 0.19784 -0.57795
0.20926 -1.7601 -0.80073 0.0044002 1.7411 1.3162 -1.3507 -0.4313 0.61518 -0.59946 -1.1208 -0.81234 1.6042 -0.079932 -0.11351 -0.24922 -0.67389 -0.44296 -0.86171 -0.50187 0.48332 0.24857 0.22059 0.011064 -0.0652 -0.032228 -0.0020804 0.12466 -0.2006 0.16557 0.2159 -0.15733 0.70238 -0.4698 -0.79319 0.24412 -0.79439 0.071314 -0.3593
0.41603 -1.7693 -0.8082 0.16927 1.569 1.6804 -1.823 0.082423 0.5484 -0.73729 -1.0208 -0.51718 1.5946 -0.15176 0.062973 -0.35288 -0.43916 -0.29133 -1.0135 -0.20043 0.38158 -0.043863 0.21311 -0.20126 -0.24521 -0.082991 0.17147 0.38054 -0.37532 0.32512 0.39048 0.26988 1.1014 -0.35297 -0.62542 0.58218 -0.24502 -0.030716 -0.25718
0.1794 -1.8411 -0.86374 -0.31371 1.7056 0.69087 -1.721 -0.48699 0.3464 -1.0652 -1.1923 -1.1789 1.5529 -0.039367 0.26064 -0.526 -0.19808 0.010179 -0.44156 0.7396 0.4768 0.07876 0.8311 0.15614 -0.21232 -0.1705 0.46081 0.56513 -0.7927 0.23838 0.0020199 0.81295 1.544 -0.44636 -0.49595 1.0345 0.36657 -0.19195 -0.32176
0.23606 -1.715 -0.89862 -0.21508 1.6631 0.54405 -1.6958 -0.63099 0.2715 -0.9947 -1.7413 -1.0815 1.5753 0.30177 0.42596 -0.87735 -0.26261 -0.059407 -0.10195 1.2839 0.1876 -0.21528 1.2834 0.20433 -0.29855 -0.33213 0.81881 0.64759 -1.0403 0.051428 -0.62226 0.89101 1.3047 -0.43563 -0.69371 0.73187 0.80176 0.090773 -0.43874
0.37221 -1.4214 -1.0432 0.27165 1.8921 1.3521 -0.62229 0.2408 1.021 -0.22962 -0.55294 -0.75163 1.5175 0.52817 0.76881 -1.4248 -0.27579 -0.54968 0.39487 1.8828 -0.27203 -0.61253 1.6903 0.53799 -0.48995 -0.51085 0.96607 0.60648 -0.89529 -0.14056 -1.2295 0.20794 0.63586 -0.2495 -0.89843 -0.22314 0.84786 0.5789 -0.51473
0.38252 -1.4779 -1.4059 -0.053065 1.8399 1.4134 -0.24168 0.36335 0.79233 0.63278 -0.63848 -0.91208 1.3783 1.0556 1.0278 -1.7887 -0.30217 -1.1373 0.4453 1.8683 -0.07508 -1.018 1.2 1.2274 0.035052 -0.73512 0.83352 0.46448 -0.28587 -0.22328 -1.3463 -0.77853 -0.075769 -0.0076231 -0.74001 -1.2837 0.32289 1.2248 -0.46128
0.77453 -1.4043 -1.9127 -0.47787 1.4238 1.115 -0.034261 -0.46478 -0.27881 0.75856 -1.1896 -1.3402 1.1916 1.3448 1.1013 -1.6936 -0.47888 -1.6809 -0.27912 1.7274 0.1461 -1.2257 0.43256 1.3585 0.78593 -0.93365 0.5337 0.26733 0.61388 -0.0082436 -0.9117 -1.3798 -0.66843 0.39801 -0.29175 -1.9079 -0.14378 1.4765 -0.2581
1.0203 -0.88389 -2.4777 -0.23326 0.61602 1.8507 0.57784 -0.70967 -0.57062 0.87807 -0.36873 -1.5503 1.0254 1.4116 1.1342 -1.265 -0.63343 -1.9361 -1.4099 1.1943 -0.0039294 -1.3158 -0.58988 0.43449 1.583 -0.98526 -0.049961 -0.0852 1.3578 0.25138 -0.066941 -0.91102 -1.1671 0.74464 0.13729 -1.3248 -0.33306 0.89729 0.1075
1.6034 -0.71798 -2.7022 -0.55494 0.27059 0.73313 0.54628 -0.28429 -0.89454 -0.26204 0.41216 -0.5598 0.76704 1.3187 1.2193 -0.58292 -0.13595 -1.8024 -1.5908 0.84715 0.51419 -1.0254 -1.1305 0.6206 1.7834 -0.86972 -0.64098 -0.69135 1.7411 0.34217 1.194 -0.026884 -1.5703 0.7819 0.55471 -0.1989 -0.3703 -0.34409 0.5951
1.849 -0.57777 -2.4483 -0.41 -0.254 0.33054 0.93159 0.3971 -0.68028 -0.22726 0.077187 0.82228 0.59096 0.96721 0.8095 0.10386 0.039747 -1.1926 -0.8233 -0.078477 1.2499 -0.87075 -0.60049 0.89547 1.369 -0.56621 -1.2721 -1.3656 1.7563 0.3666 2.1439 1.0507 -1.6651 0.44092 1.1533 0.76627 -0.42216 -1.8995 1.0459
1.8951 -0.39177 -2.3406 -0.53564 -0.258 -0.33127 0.94837 0.20358 -0.66911 -0.55825 -0.73544 1.4646 0.49301 0.38209 -0.035619 0.76245 -0.11354 0.12401 -0.63174 -0.84306 1.1021 -0.4136 0.044739 0.35096 0.12248 -0.02895 -1.67 -1.8362 1.4652 0.24095 2.3695 1.1615 -1.5851 0.047208 1.3445 0.6017 -0.90029 -2.8538 1.2653
1.9545 -0.25613 -2.1803 -0.17393 -0.40469 0.02349 0.79372 0.54371 -1.1624 -0.45759 0.085759 0.51578 0.49655 -0.4619 -0.80561 1.2303 0.10803 1.0045 0.32448 -1.3604 0.60898 0.54179 0.3058 -0.31376 -1.6186 0.55308 -1.6287 -1.7022 1.2179 0.4326 1.6218 0.60833 -0.57704 0.041079 1.3053 -0.36152 -0.88956 -2.6517 1.1536
1.9626 -0.60886 -2.0675 -0.44102 -0.12245 1.22 -0.4714 0.88003 -1.8779 0.48406 0.57826 -0.24674 0.66475 -1.038 -1.4256 1.4959 0.32163 1.4129 0.2829 -1.749 0.9609 0.79259 -0.42031 -0.63552 -2.756 0.94032 -1.1935 -0.98528 0.91927 0.57764 0.07895 0.0079404 0.84959 0.24082 0.76156 -1.0214 -0.51926 -1.171 0.70524
1.5099 -1.1355 -1.6621 -0.56779 1.2305 0.50822 -0.48221 0.53739 -0.68806 0.49995 0.19041 -1.3475 1.0775 -1.3183 -1.696 1.9322 0.71187 1.1174 6.9515e-05 -0.81234 1.4346 0.97637 -1.0772 -0.4501 -2.8013 1.1095 -0.50973 0.0081888 0.59703 0.32491 -1.3701 -0.58348 2.4025 0.034724 0.11081 -0.7126 0.027038 0.58892 0.087949
0.92124 -1.6158 -1.1623 -0.28142 1.347 0.71268 -0.92204 0.56526 0.63786 -0.52329 -0.66824 -2.195 1.338 -1.3875 -1.4425 2.067 0.77547 0.21666 -0.45539 0.59761 1.1994 0.79386 -1.256 -0.66249 -1.7906 1.0134 0.13994 1.0431 0.13704 -0.24864 -2.396 -0.14076 2.8653 -0.79257 -0.32516 0.65057 0.55267 1.8142 -0.45365
0.63448 -1.8334 -0.7821 0.11775 1.0813 0.012611 -1.1063 1.9715 -0.045192 -1.4687 -1.1696 -2.357 1.452 -1.2314 -0.78079 2.018 0.54719 -0.88299 -0.53985 2.3393 0.59123 0.73865 -0.66819 -0.26482 -0.91524 0.68083 0.65812 1.6804 -0.43491 -1.0251 -2.317 0.39627 1.7685 -1.4835 -0.38308 1.999 0.73269 2.2296 -0.75045
0.56214 -1.8156 -0.17878 0.4515 0.60481 -0.12859 0.64608 2.0381 -0.1921 -1.7772 -0.30432 -2.314 1.5404 -0.83477 0.079508 1.6951 -0.12106 -1.9379 0.2533 2.4895 -0.1562 0.28672 0.63356 0.38211 0.056376 0.30444 0.93825 1.671 -0.84305 -1.5576 -1.3775 0.73453 -0.24697 -1.7459 0.27563 2.3657 0.58905 1.9667 -0.76412
0.4846 -1.6117 -0.098867 0.34633 -0.34719 0.28748 1.5347 1.5441 -0.83328 -0.88449 -0.089941 -1.813 1.5314 -0.39815 0.70434 1.3268 -0.97735 -2.0126 0.47906 1.8253 -0.79627 0.496 1.8579 0.50596 0.90184 0.057812 1.0165 1.1704 -1.0652 -1.502 -0.11852 0.44771 -2.4129 -1.3123 0.93647 1.4233 -0.0089384 1.5851 -0.60165
0.37566 -1.5258 0.10983 -0.34219 -0.58999 0.69402 2.6415 0.85397 0.043889 0.42428 0.16811 -1.9485 1.4668 -0.094058 0.95863 0.88377 -1.7056 -1.7176 0.58206 0.33911 -1.5358 1.4235 2.0738 0.13676 1.3761 -0.10693 1.0215 0.45608 -0.97792 -0.7795 0.84707 -0.39225 -3.344 -0.34437 1.0354 -0.233 -0.61628 1.0229 -0.45872
0.30883 -1.151 0.23866 -0.79624 -0.93607 0.91495 1.5612 0.2538 0.54545 0.908 0.0037755 -1.5342 1.4905 0.25184 0.98184 0.49345 -1.7885 -1.2031 0.23762 -1.506 -1.2881 1.9249 1.3724 -0.18025 1.7 -0.24095 0.86213 -0.11204 -0.72552 0.25551 1.0647 -0.96805 -2.9883 0.58716 0.045705 -1.4576 -0.53735 0.36462 -0.40329
0.43938 -1.0181 0.3866 -1.0679 -0.99754 0.73254 0.52209 0.69863 1.1911 0.87145 -0.64616 -0.78268 1.4384 0.70292 0.79947 0.33929 -1.343 -0.79691 -0.45606 -2.6593 -0.56039 1.5134 0.41691 -0.55478 1.7533 -0.4059 0.58923 -0.54683 -0.52254 1.1684 0.90778 -0.97643 -1.2786 1.2281 -1.0935 -1.352 -0.011522 -0.49042 -0.28881
0.60828 -0.94988 0.27102 -1.3971 -1.1358 0.31192 -0.30398 0.5329 1.5967 0.31815 -0.69973 -0.30912 1.3521 0.77392 0.57415 0.28262 -0.63672 -0.53146 -1.0466 -2.7664 -0.087179 0.52574 -0.15394 -0.26687 1.4289 -0.5486 0.16333 -0.7998 -0.61337 1.6527 0.62063 -0.57141 1.0685 0.79817 -1.9723 -0.55317 0.54007 -1.3491 -0.13141
0.96803 -0.81898 0.33502 -1.1949 -1.1579 0.29972 -0.61538 0.45621 1.909 0.0020545 0.055608 0.19357 1.2576 0.71518 0.13499 0.039514 0.13616 -0.39731 -0.83824 -1.6444 0.33133 0.049414 0.20194 0.13667 0.43432 -0.49457 -0.32 -0.71118 -0.84572 1.6603 0.31133 -0.15056 2.5515 0.44673 -2.179 0.3457 0.91014 -1.7767 -0.0093959
1.3813 -0.84383 0.32037 -1.172 -1.4919 -0.050111 -1.3174 0.74199 0.7901 0.38953 -0.79699 0.37057 1.0217 0.53524 -0.18917 -0.47046 0.89549 -0.26882 -0.7793 0.14644 -0.11883 -1.0742 0.39796 0.55851 -0.51843 -0.44325 -0.54571 -0.55667 -1.2323 1.1534 0.2124 0.0070352 2.6325 0.84746 -1.7322 0.30771 0.48759 -1.2895 0.10061
1.0147 -0.86254 0.55253 -1.126 -1.2105 -0.3916 -0.933 0.50221 0.73117 0.70004 -0.011536 -0.26185 0.89901 0.22577 -0.15544 -0.81781 1.3302 -0.3566 -0.90995 1.0603 0.37382 -1.8075 0.80664 0.87375 -1.0476 -0.47666 -0.68043 -0.35665 -1.274 0.62918 0.84575 -0.074921 1.6226 1.2474 -0.55878 -0.71216 -0.024141 -0.72111 0.25181
1.083 -1.0802 0.16188 -0.5845 -1.4443 0.28999 -0.61879 0.97484 1.1846 1.3592 -0.11382 -1.0891 1.1125 0.0083847 -0.32662 -1.5208 1.1529 -0.16006 -0.99854 1.2221 1.6045 -1.8241 0.13553 0.34177 -0.58311 -0.36958 -0.49406 -0.21378 -1.0759 0.086694 1.4356 0.149 -0.12541 1.4789 0.71978 -1.4199 -0.88469 -0.17578 0.33697
1.1709 -1.2416 -0.46424 -0.083107 -1.2792 -0.4105 1.1567 0.22356 -0.49835 0.7023 0.04543 -1.2598 0.95809 -0.2786 -0.46609 -1.7429 1.3054 1.0916 -0.88927 1.1047 1.9755 -0.64094 -1.0578 0.17584 -1.0944 -0.060204 -0.18861 -0.084237 -0.63778 -0.34353 1.7489 0.42799 -1.4613 0.69711 1.5538 -1.3782 -1.2747 0.1909 0.33108
1.031 -0.8586 -0.60837 -0.039522 -1.756 -0.95318 0.54333 1.348 -0.86625 1.1129 0.7271 -1.2065 0.70454 -0.12814 -0.43496 -1.9574 1.0792 1.623 -0.47793 -0.14403 2.0451 -0.31159 -1.4367 -0.92139 -0.91251 -0.020773 0.12094 0.23043 0.015891 -0.5209 1.4765 0.71693 -2.1058 -0.56881 1.8194 -0.15498 -1.0807 0.23995 0.28512
1.1831 -1.2345 -1.4145 -0.30682 -1.2403 -0.87793 0.052907 3.1378 -0.54896 -0.25468 -0.32385 0.28154 0.81641 -0.061594 -0.25875 -1.7574 0.64493 1.9373 -0.27 -1.2418 1.5683 0.35503 -1.0931 -1.121 -0.53147 -0.031389 0.31199 0.42975 0.44392 -0.6597 0.70597 0.94237 -1.4488 -1.8058 1.4804 1.3617 -0.45475 0.45298 0.22309
0.75896 -1.4516 -1.2117 0.35238 0.92226 -0.89919 -0.0062062 2.5332 0.90372 -1.0814 -0.52297 -2.412 1.1115 0.11171 0.0040217 -1.4903 0.39271 2.1073 0.20161 -1.9008 0.71296 1.0977 -0.15454 -1.2395 -0.41031 0.14959 0.33345 0.5504 0.98254 -0.55901 -0.060271 0.82425 0.029281 -2.8716 0.977 2.4388 0.52882 0.17032 0.15835
0.99343 -1.3478 -1.6944 0.18846 0.58079 -0.28417 -1.272 2.292 0.22129 -0.31033 -1.316 -1.9393 0.91341 0.16353 0.12361 -1.1798 0.27002 2.1387 0.75631 -0.97677 -0.90613 1.4348 0.94213 -0.61481 -0.44453 0.27201 0.48469 0.53601 1.0413 -0.51775 -1.1325 0.59959 0.98393 -2.842 -0.27159 2.4851 0.89695 0.35206 -0.023296
1.1889 -1.2515 -1.9427 0.22388 0.45082 -0.27603 -1.4485 2.1273 0.8368 0.50476 -0.86206 -1.4129 0.95489 0.36071 0.40995 -0.47638 0.097125 1.4183 0.74509 -0.23022 -2.3785 0.97959 2.2808 -0.11298 -0.64773 0.12365 0.47771 0.4255 0.9638 -0.36704 -1.6903 0.27785 1.4088 -2.1823 -1.2565 1.382 1.2407 0.4447 -0.23843
1.3646 -0.94812 -2.1352 0.26397 1.0196 -0.66775 -1.1066 1.3451 0.43121 0.76541 -0.85797 -1.2849 1.0181 0.69255 0.54733 -0.38842 -0.29117 0.22826 0.72052 -0.08919 -2.4881 -0.10961 2.5141 0.13002 0.2766 -0.06254 0.45851 0.45845 0.73396 -0.18211 -1.878 0.14285 0.95527 -0.82245 -1.9441 -0.49483 1.389 0.66515 -0.4973
1.1037 -0.9251 -1.9892 0.10029 1.3361 0.097771 -0.27157 1.0707 1.5504 1.7633 0.067704 -1.4761 1.0919 0.71304 0.59336 -0.15007 -0.097599 -0.0053192 0.80304 0.50749 -2.7902 -0.51131 1.7399 0.90523 0.11275 -0.13023 0.13963 0.70911 0.79894 0.13888 -1.4992 0.39448 0.40953 0.49384 -1.9845 -2.1523 0.96217 0.77258 -0.91721
1.552 -1.0552 -1.6108 0.017244 1.2989 -0.036282 -0.30704 0.1227 1.0173 2.0593 -1.0629 -2.0037 1.0092 0.818 0.89507 -0.022295 -0.019467 -0.55862 1.0261 0.58398 -2.2983 -1.4977 0.2441 1.6964 0.52115 -0.53304 -0.80649 1.0851 1.57 0.87039 -0.8723 0.20631 0.0092394 1.062 -1.428 -2.8595 0.27839 0.85968 -1.5464
1.7862 -0.86532 -1.958 0.023393 0.66484 0.14479 -1.2238 -0.17504 -0.14369 1.9608 -0.74098 -1.688 0.89662 0.54408 1.5707 0.77865 0.24101 -0.90857 1.4219 0.25289 -1.4616 -2.0805 -0.77508 1.0514 0.80119 -1.3596 -1.962 1.242 1.9945 1.116 -0.66553 0.14215 -0.18006 1.6692 -0.32216 -2.2074 -0.14391 1.1544 -1.9122
1.944 -0.60351 -2.1438 0.25179 0.3815 0.70839 -0.60193 -0.82585 -0.46458 1.7618 0.37807 -1.2291 0.73357 -0.71127 2.1003 1.9785 1.3384 -0.90062 0.84371 0.04368 -1.0141 -2.0296 -1.7941 0.60633 1.6862 -2.345 -2.6408 0.91485 2.2139 1.0171 -0.25476 -0.067873 0.12512 1.7668 1.1164 -1.114 -0.52447 0.83447 -1.5634
2.1915 -0.037316 -2.0063 0.23897 -0.00035024 0.67925 -0.21857 -0.16904 -1.2701 0.22075 1.7656 -0.16302 0.29583 -2.1289 2.3276 2.4479 1.5324 -1.0389 1.1915 0.39822 -0.090097 -0.86438 -1.5391 1.1362 1.902 -2.8066 -2.4172 -0.018676 1.4308 0.49467 0.26717 -0.38953 0.34503 1.5249 1.8047 0.079083 -0.69741 -0.062949 -0.64267
1.5896 0.88796 -0.58936 0.52111 0.39703 1.3031 -0.49847 -0.13792 -1.7188 0.27586 -0.49106 -0.56483 -0.6936 -2.6963 2.2382 3.1378 1.4384 -0.95113 0.9955 0.75256 0.55151 -0.011837 -1.5461 0.5618 1.6717 -2.7385 -1.2681 -1.5354 0.3776 -0.23576 0.63876 -0.75281 0.17561 1.118 1.7714 0.96976 -1.4704 -1.0204 0.82339
-0.42977 0.95586 0.82346 2.0012 0.35613 0.58412 -0.37854 -0.56318 -0.66483 -0.14766 3.1282e-06 0.92372 -1.6001 -2.9044 1.4676 2.7789 1.2096 -0.39197 0.52166 0.58695 0.81171 0.30263 -0.75177 -0.3722 0.62754 -2.3672 0.36244 -2.9843 -0.81386 -0.81584 0.87767 -1.8976 -0.24992 0.2774 1.1444 0.76599 -1.3913 -1.1221 2.4591
-0.9973 1.0608 0.32395 1.25 -0.5874 1.6612 -0.050894 0.03968 -0.12196 0.79658 0.87007 0.3921 -1.6712 -2.658 -0.35641 2.4898 1.0015 -0.057076 -0.41208 0.29326 0.78438 0.71609 -0.30879 -1.6659 0.13486 -1.0228 1.9227 -3.4053 -2.0965 -1.3483 1.0087 -2.4708 -0.47079 0.027561 0.5113 0.37471 -1.1564 -0.61095 3.4146
-0.63322 1.3738 0.98021 1.2505 -0.7148 1.3742 0.069536 0.44257 -0.64214 -0.45075 0.5855 0.70329 -1.5718 -1.4935 -1.9869 1.2959 0.047865 0.1155 -2.1104 0.10635 0.37612 0.91838 -0.6749 -0.61466 0.26842 0.94129 2.9479 -2.8096 -2.5635 -1.5183 0.44041 -2.2348 -0.42512 -0.16443 -0.051997 0.059373 -0.16583 0.13157 3.3567
-0.9713 0.80655 0.45293 1.4224 0.42804 1.0987 0.31212 0.24726 -0.80641 0.466 0.035066 -0.66706 -1.7611 0.113 -2.4381 0.085644 -0.78936 0.63479 -2.9034 0.022137 0.8566 0.63305 -0.86241 -1.7015 0.5212 2.0029 3.0967 -1.2913 -2.7413 -1.4515 -0.58225 -1.0385 -0.41446 -0.43257 -0.5165 0.42513 1.1728 0.090937 2.2536
-1.2125 -0.72323 1.6279 1.6195 0.26613 -0.16948 -0.27732 0.7289 -0.3862 -0.47814 -1.8693 0.31611 -0.75738 1.1043 -2.7748 -0.65663 -1.0566 0.068429 -2.9497 -0.15533 0.48224 0.23459 -0.36596 -0.71337 0.66136 2.407 2.5072 0.50745 -1.8709 -0.95503 -1.6228 0.77823 -0.25391 -0.59209 -0.67395 1.1083 1.6958 -0.42099 0.73252
-0.79979 -1.1988 1.1023 0.81483 0.40329 -1.8109 -0.45326 -0.32664 0.25911 -0.80793 -0.094782 0.83471 0.39424 1.71 -2.3901 -1.4926 -1.4692 -1.0867 -2.1857 -0.43206 -0.093672 0.072417 0.35683 0.76163 0.080175 2.4651 1.4837 1.9882 -1.0093 -0.27493 -2.0511 2.1044 0.026207 -1.0823 -0.54739 1.7279 2.0977 -1.2941 -0.62683
-0.13019 -0.87412 0.22049 0.83008 0.72036 -1.8295 0.060007 1.2079 0.31666 -0.86275 -1.6937 1.9743 0.19547 2.2941 -1.0556 -1.301 -1.6042 -1.9689 -0.83016 -0.19618 -0.29002 -0.083808 0.86374 1.6014 -0.44279 2.0819 0.37281 2.8611 0.20138 0.40152 -1.2132 2.5722 0.29949 -0.74634 -0.46701 1.4429 0.30928 -1.4372 -1.7431
0.78624 -1.3629 -0.5662 -0.06339 -1.3479 -0.56018 -0.11196 0.65707 -0.6538 0.707 1.1205 0.57967 0.57056 2.2281 0.44248 -1.4214 -1.0952 -2.0704 0.47364 0.082638 -0.87045 -0.25156 1.8756 1.4107 -1.6893 0.9909 -0.8145 2.6769 1.2337 0.95165 0.171 1.8484 0.33222 -0.67336 -0.33898 0.58064 -1.2775 -0.45757 -2.238
1.1946 -1.0856 -0.52908 0.0007558 -1.8675 -0.90706 -0.67099 -0.10932 -0.86496 0.19108 1.242 -0.46749 0.7943 1.5188 1.1908 -0.33387 -0.41845 -1.64 1.1443 0.1832 -0.57648 -0.49564 1.6734 -0.4253 -1.5166 -0.12134 -1.7855 1.861 1.5101 1.1272 1.5006 0.54998 0.18245 -0.2774 -0.063246 -0.5095 -2.4939 1.0644 -2.1876
1.3975 -0.65159 0.12788 0.059574 -1.5636 -0.30694 0.051417 -0.00064399 -0.40624 1.2153 0.56076 -1.0365 0.72531 0.59472 1.5222 0.24737 -0.094453 -0.93463 0.72383 0.040707 -1.2529 -0.37245 1.0744 -0.857 -0.39135 -0.62596 -1.9306 0.84166 1.3513 0.63306 1.7742 -0.44223 0.18876 0.41522 -0.0098945 -1.321 -2.0176 2.3224 -1.5952
1.2542 -0.30035 -0.0046202 0.53709 -1.7664 -0.59384 -0.18682 -0.59176 -0.13342 1.5705 -0.63572 -1.4355 0.52723 -0.17205 1.9054 0.58767 0.22767 0.19726 0.20233 0.18263 -0.61615 -0.15413 0.26733 -2.3841 1.0914 -1.208 -1.5022 0.16215 0.42223 0.1184 1.2536 -0.89882 0.23923 0.74271 0.039543 -1.5244 -0.28756 1.7329 -0.89542
1.0599 0.13332 0.41135 0.26668 -1.189 -0.61626 0.053872 0.088638 -0.63379 0.74002 -1.3886 0.22653 -0.084878 -0.4755 1.669 0.55392 -0.11222 0.24246 0.0091045 0.4536 0.0052874 -0.45247 0.003966 -1.7554 1.8279 -1.4543 -1.1923 -0.33167 -0.10035 -0.16701 0.83471 -0.66938 0.40925 1.1648 0.47245 -1.3293 1.4296 0.33289 -0.30894
0.84739 0.36521 -0.18835 0.28408 -1.2921 -0.55671 -0.11778 -0.49548 -0.78559 0.78241 -0.97528 1.6726 -0.35205 -0.70984 1.4233 0.27027 -0.17236 0.05648 -0.39706 0.45007 0.29965 -0.39255 -0.76145 -0.58396 0.95883 -1.3849 -1.2334 -0.60497 -0.52917 -0.10263 0.56795 -0.17 0.49985 0.53215 1.2666 -0.91749 3.0877 -1.1873 0.31515
0.81113 0.53906 0.13134 0.083607 -1.4036 -0.29724 -0.085734 -0.19168 -1.0057 0.96434 -1.18 1.246 -0.46874 -1.332 1.1405 0.21923 -0.24995 0.65904 -0.39116 0.72609 0.63127 0.62628 -1.002 1.1462 0.32413 -1.1167 -1.3755 -0.61077 -0.68296 0.21487 1.2857 0.43272 0.42676 -0.015933 1.5958 -0.6241 2.3899 -1.6786 0.61458
0.80878 0.63955 0.48938 -0.10856 -1.5866 -0.88317 0.36928 0.048269 -1.2654 0.58107 -0.74001 1.1646 -0.61348 -2.0147 1.0329 -0.20665 0.074731 1.0272 0.041235 1.0498 0.15858 1.6837 -1.0199 2.4589 -0.69527 -0.78694 -1.1747 -0.60422 -0.54057 0.32646 1.6217 1.127 0.46889 -0.45225 1.3656 -0.051633 1.1063 -0.90296 0.65533
0.40691 0.92188 0.35004 0.27034 -1.4484 -0.91479 0.69155 0.26784 -0.416 0.21065 -0.51022 -0.89735 -0.76396 -2.3545 0.71648 -0.44717 0.20179 2.1005 0.70019 1.0085 0.076882 1.5075 -1.0866 1.5901 -0.91398 -0.60256 -0.4066 -0.64924 -0.29349 0.29404 1.0263 1.236 0.14797 -0.78195 0.18879 0.20994 -0.36678 -0.233 0.63162
-0.88431 0.95124 0.17829 0.25185 -0.093766 -0.96969 0.77678 0.31693 1.1876 -0.08595 0.85625 0.25127 -0.84961 -2.3618 0.49983 -0.3788 0.27108 2.29 1.4322 1.2493 -0.28717 1.7307 -0.82596 1.4364 -0.36453 -0.41493 0.53455 -0.9069 0.15818 -0.04121 0.085655 0.78993 0.093758 -0.47858 -0.91976 0.045741 -2.1786 0.25716 0.67154
-1.5724 1.3063 -0.29079 0.36872 0.185 -0.034052 1.4375 -0.26292 1.4382 -0.54247 1.7714 0.33722 -1.0049 -1.9137 0.18691 -0.23051 0.25386 1.8992 1.5182 0.91405 -0.66356 0.9473 -0.69722 0.88765 -0.37874 -0.12003 1.3852 -1.031 0.20361 -0.36112 -1.3355 -0.25103 0.11144 -0.24856 -1.2401 0.085384 -2.7803 -0.0724 0.77746
-1.585 0.91907 -0.61318 0.33443 1.5142 0.59362 0.88225 -0.34402 -0.027903 -0.23845 -0.49108 0.53395 -0.9492 -1.2651 -0.40699 -0.034676 -0.045551 1.2891 1.296 1.2744 -0.38742 0.21772 -1.132 -1.6645 -0.47253 0.22921 1.6995 -0.85008 0.5062 -0.55382 -2.0535 -1.0761 -0.074428 0.29079 -1.319 0.37348 -2.3163 -0.54504 0.66835
-1.5332 1.0364 0.3909 0.23479 0.73717 1.05 1.9868 -0.22681 1.2366 0.041633 0.59076 0.45613 -0.87547 -0.37344 -0.76821 -0.25685 -0.39851 0.17812 0.23613 1.2093 -0.33316 -0.086109 -0.77399 -2.5644 -1.0607 0.53117 1.3876 -0.31225 0.83587 -0.23517 -2.0764 -1.0583 -0.26088 0.57505 -0.52496 0.78263 -0.46276 -0.46181 0.27802
-1.3882 0.86948 0.29897 0.3374 0.36984 0.067394 1.4212 -0.56495 0.03583 -0.71491 0.6488 -0.66306 -0.71004 -0.026291 -0.62042 0.54352 -0.56153 -0.57769 -0.19943 0.93704 0.15682 -0.2516 -0.067894 -1.5938 -1.2154 0.5109 1.1474 -0.03723 0.35127 0.18265 -1.4688 -0.78556 -1.2123 0.51851 0.0021969 1.5637 1.4544 0.27199 0.039434
-1.7262 0.38205 -0.038485 0.19458 0.75457 0.4107 2.7955 0.18643 0.84525 -1.9045 -3.0645 -1.3719 -0.5041 0.00066696 -0.29267 0.98521 0.01479 -0.93722 0.030898 0.53895 0.23711 0.18045 0.28583 -0.11375 -1.0246 0.25941 1.2426 -0.1837 -0.054485 0.2775 -0.85218 -0.30393 -1.939 0.31219 0.27306 1.8937 1.7942 1.2226 0.10339
-1.5602 0.30366 -0.76751 -0.30135 0.32139 -0.63605 2.2701 -0.46684 1.3334 -0.63402 -1.0644 -0.59306 -0.34824 0.64132 -0.71383 -0.0265 0.11845 -0.81824 -0.26117 -0.86917 0.38814 0.077093 1.3718 0.064398 0.030887 0.43848 1.7206 -0.49841 -0.53803 0.096977 -0.66533 -0.39297 -2.3758 -0.12308 0.10829 1.7212 1.2021 1.5694 0.42223
-1.5587 0.89824 0.89636 -0.14174 -0.16503 0.6631 2.2422 0.021216 0.076357 0.18444 0.41758 -1.0368 -0.64919 1.5607 -1.066 -0.075796 -0.17087 -1.2455 -0.37675 -1.8444 0.20281 0.25301 2.1815 0.25545 0.83108 0.76056 1.8693 -0.59837 -0.47224 -0.15399 -0.59789 -0.53357 -1.9139 -0.17084 -0.14459 0.68629 -0.36819 1.0574 0.63689
-1.4921 0.70406 1.1272 0.83843 0.25371 1.1683 1.5823 -0.05496 0.65897 0.16994 0.0014395 -0.79473 -0.77271 2.338 -1.1702 0.096358 -0.27598 -1.6277 -0.8272 -2.7165 -0.03742 -0.095142 2.3241 0.65972 1.0989 1.0507 1.188 -0.088918 -0.34713 -0.20448 -0.28668 -0.39206 -0.70116 -0.087925 -0.33843 -0.89697 -1.6152 0.4224 0.31609
-0.24872 -0.21597 -0.53925 0.2306 -0.51258 -0.21584 0.22393 0.25215 1.2007 1.4843 -0.00010356 0.53315 -0.029681 2.5692 -1.1889 0.064993 -0.11646 -1.614 -0.81429 -2.4432 0.14382 -0.017604 1.1375 -1.1841 0.60993 1.1458 0.12311 0.76311 -0.64155 -0.2262 0.4539 0.2158 0.45454 0.27148 -1.0465 -2.1089 -1.4118 0.17619 -0.44176
0.67256 -0.63696 -0.15227 -0.34469 -1.2744 -0.77392 -0.54814 -0.32178 0.52587 1.1259 -1.2548 0.055735 0.42429 2.305 -0.81867 -0.72963 -0.34208 -1.1497 -0.87207 -2.009 0.27596 -0.43733 0.14349 -2.5383 0.97832 0.83746 -1.0907 1.6938 -0.33942 0.017946 1.1298 1.2512 1.7074 0.24724 -1.4074 -2.371 0.1531 0.001226 -1.4207
0.93659 -0.56289 0.18066 -0.35893 -1.3626 -0.67944 -0.41979 -0.0031898 0.76106 1.1457 -1.5497 0.20312 0.58214 1.793 0.19436 -0.82753 -0.61624 -0.65367 0.098309 -1.2869 0.61704 -1.5611 -0.83472 -1.0521 1.2119 0.03924 -1.9406 2.1979 -0.086333 0.33248 1.4677 1.6123 2.0248 0.051203 -1.1525 -1.4634 2.0307 -0.025962 -2.0421
1.0947 -0.24962 0.23143 0.052919 -1.6396 -0.5452 -0.43087 -0.045446 0.84056 0.66114 -1.5244 -0.28475 0.40296 0.71681 1.3247 -0.076194 0.0025093 -0.048089 1.3534 0.16455 0.24881 -1.9891 -1.3058 0.88696 0.75153 -1.0577 -2.3441 1.7427 0.45015 0.99303 1.5063 1.2621 1.5817 -0.1497 -0.4306 -0.6791 2.4675 -0.46392 -1.9539
0.84508 0.28614 -0.055647 0.0068579 -0.93418 0.40352 -0.46405 0.6583 -0.88297 0.21225 -2.7646 0.98981 -0.19565 -0.204 1.874 -0.42323 0.39305 0.50936 1.4716 0.57486 0.29157 -1.4267 -0.98928 1.2358 0.61998 -1.7323 -2.286 0.56556 0.92034 1.355 1.3601 0.34045 0.90071 -0.15429 0.74438 0.30913 0.75633 -0.37807 -1.1808
1.1605 0.54804 -0.80536 -0.18641 -0.63907 0.8838 -0.72611 0.76548 -1.4622 -0.56491 -0.0098677 1.8025 -0.58536 -1.0035 1.62 -0.12391 1.2069 1.0132 1.1011 0.26368 0.17454 -1.3281 -1.1059 1.3434 0.25255 -1.9372 -1.5541 -0.66288 1.0335 1.2123 0.91443 -0.46769 0.14932 0.26638 1.5776 0.92748 -0.4791 -0.38156 -0.039937
0.87507 0.88378 -0.17932 0.022163 -1.1303 0.80048 0.71474 -0.18462 -1.2534 0.23127 1.2473 0.84705 -0.91277 -1.5473 1.1113 0.85379 1.5869 1.2942 0.94005 0.48215 0.3809 -0.49927 -0.34007 0.24633 0.6197 -1.7332 -0.83095 -1.8698 0.92398 0.49811 0.67035 -0.89051 -0.13809 -0.0057399 1.9758 0.60644 -0.74208 -0.62669 1.3078
0.31007 1.2116 -0.33431 0.16939 -0.66881 0.46015 0.02351 0.11577 -0.47965 0.093509 -1.3014 0.37201 -1.2243 -1.4704 0.46032 1.1472 1.9144 1.2277 0.63001 0.50138 0.76494 0.51087 0.16636 0.38219 -0.097374 -1.1325 0.078506 -2.3188 -0.026075 -0.75819 0.35865 -0.98007 -0.28039 -0.59772 2.1774 0.16326 -0.55074 -0.62513 2.334
-0.49479 0.92371 0.36048 1.6415 0.18472 0.54259 -0.54751 0.54278 -1.1389 -0.76909 -0.51194 0.41816 -1.4208 -1.5037 -1.0618 0.60526 1.065 1.6265 -0.17396 0.16194 0.017635 1.3685 -0.45283 0.17914 -0.56814 0.31469 0.75171 -2.0347 -1.0065 -1.8476 -0.18782 -0.73758 -0.010466 -1.4555 1.6508 -0.14953 0.2009 -0.41736 2.5973
-0.73628 0.92477 1.2865 1.5791 0.33092 1.2355 0.40743 0.99876 -0.43462 0.35942 -2.1181 2.0138 -1.5436 -0.89122 -1.6534 -0.052267 -0.1154 1.5047 -0.41197 -0.15969 -0.79626 1.8329 -0.73858 0.23103 -0.51333 1.4103 0.82341 -1.0534 -1.1271 -2.4317 -0.85356 -0.58676 0.53379 -1.842 0.91371 0.28766 -0.041527 0.14273 1.9275
-0.29106 0.76828 0.37794 1.5859 0.55066 1.4246 0.2744 1.7147 -0.54857 0.2182 -0.041805 0.80097 -1.3315 -0.46875 -1.6575 -0.37069 -1.2438 0.81978 -0.09752 0.77818 -1.6916 1.9415 -0.18474 0.71287 -0.096428 1.8599 0.57425 0.42434 -0.34826 -1.7838 -1.4869 -0.24651 0.92946 -1.1008 -0.31853 0.62823 0.048389 0.17962 0.48874
-0.63567 -1.044 -0.66689 0.14122 1.2963 -0.080225 -0.20865 -0.71008 0.95789 -1.6096 1.474 0.023889 0.34316 -0.48827 -1.2221 -0.40683 -1.9898 0.084643 -0.6486 1.2657 -1.9998 1.936 0.58515 0.010575 -0.082828 1.7048 0.055563 1.3442 0.69252 -0.51959 -1.5139 0.16191 0.95287 0.12681 -1.2984 0.95971 -0.53752 0.28931 -0.95955
-0.28743 -0.30138 -0.07536 -0.12362 0.57664 0.14529 0.26372 -1.4311 1.4968 -0.50564 -0.31066 -0.1858 0.43813 -0.66234 -0.47847 0.14777 -1.711 -0.36149 -0.57827 1.3264 -1.5306 0.70468 0.10027 0.36849 -0.45564 1.0824 0.48992 1.5895 0.90477 0.8354 -1.4689 0.279 -0.014639 1.4799 -2.1328 1.1197 -0.87249 0.11162 -1.7925
-0.76085 -0.062793 -0.067373 -0.2917 0.47987 1.0128 1.3498 -1.0458 1.4384 0.15217 -1.2852 1.2492 0.10577 -0.70244 0.28608 0.93431 -0.96953 -0.65178 0.16735 1.4909 -0.5927 -0.0089637 0.97832 -0.71573 0.22405 0.0011491 1.3597 0.54667 0.11062 1.4099 -1.2774 0.26336 -1.0628 1.9885 -2.273 0.96446 -0.053306 -0.11292 -1.3012
-1.4169 -0.090455 0.67555 0.062942 0.29812 -0.033411 1.5258 -0.65746 1.0582 0.74683 -0.93965 1.099 -0.17851 0.52657 0.5788 0.58806 -0.027742 -1.4772 0.080453 0.62254 0.57173 -1.1198 1.7892 -0.72786 -0.0647 -0.6464 2.1647 -0.73879 -1.05 1.0949 -1.0508 -0.42264 -1.537 1.1934 -1.4845 1.0705 0.22036 -0.62204 0.01746
-1.2216 0.36794 1.1299 -0.17897 0.076179 0.81991 1.8808 -0.059976 -0.19085 -0.42533 0.10567 0.40065 -0.37089 1.4 -0.72164 -0.43261 0.087825 -1.6746 -0.42501 -0.55718 0.92434 -1.45 1.6093 0.42992 -0.56399 0.13147 2.2406 -1.5239 -1.8385 0.35549 -0.51449 -0.9801 -1.2301 0.011378 -0.57783 0.49627 0.38182 -1.0644 1.3369
-0.87997 0.2158 0.56164 0.090211 0.16524 1.214 1.6376 -0.010085 0.30137 0.94362 -0.23664 0.66197 -0.64579 2.2448 -1.3631 -1.0716 0.025497 -1.7552 -1.1763 -0.78873 0.10971 -1.3859 1.8595 0.22642 -1.4149 1.0495 1.1602 -1.4013 -1.3502 -0.20272 0.32882 -1.0091 -0.17942 -0.7063 0.41431 0.14198 -0.24707 -0.71172 1.7637
0.95962 -0.5903 -0.47079 -0.07175 -1.2824 -0.55615 0.029382 -0.88577 -0.15703 1.1907 -0.37832 -0.37498 0.11605 2.536 -1.608 -1.5634 -0.26657 -1.4427 -1.2744 -0.3184 -0.30648 -0.97717 1.9016 -0.43197 -1.3819 1.6569 -0.17969 -0.25214 -0.05503 -0.28159 0.83946 -0.33577 0.8267 -0.3155 0.67077 -0.47719 -0.39884 -0.33844 1.0799
1.1408 -1.2552 -0.55265 -0.11411 -1.5973 0.030361 -0.070008 -0.0071873 -0.35335 1.9462 -0.32963 -0.2099 0.81512 2.0754 -1.6126 -1.2916 -0.28021 -0.9897 -1.6261 0.12503 -0.18059 -0.58637 1.9127 -0.82197 -1.1971 1.8941 -1.6019 0.69242 0.92664 -0.15321 1.3199 0.60379 1.3075 0.45449 0.89142 -1.3742 0.54331 0.18059 -0.026072
1.2127 -1.2286 -0.62858 -0.151 -1.3623 -0.67955 1.3619 -0.95038 -0.65987 2.5302 -1.0901 -0.80836 1.0867 1.1454 -1.0702 -0.42752 -0.35277 -0.52539 -0.91101 0.65407 0.4766 -0.59619 0.64856 0.11874 -1.4315 1.7316 -1.9938 1.2568 1.2959 0.06855 1.2517 0.93873 0.77995 0.46982 1.0432 -1.8781 1.0154 0.45911 -0.96243
1.2617 -1.2016 -0.56368 -0.32976 -1.0721 -0.92595 1.7718 -0.5738 -0.55851 2.2437 -0.89894 -0.91781 1.2123 -0.0062911 -0.32886 0.029307 -0.25824 0.19166 -0.086891 1.371 0.65192 0.093275 -0.19216 1.0422 -1.0603 0.96285 -1.5322 1.3223 1.1203 0.075491 0.79352 1.1799 -0.45307 0.41774 1.2204 -1.8349 0.69254 0.93391 -1.4705
1.3409 -1.1477 -0.36984 -0.33812 -1.0583 -0.63729 1.6206 0.05909 -0.75585 2.0854 -0.73039 -1.0949 1.3238 -0.088014 0.1148 0.11211 -0.14386 0.24808 -0.066385 0.63165 0.24142 0.63899 -0.70369 0.69238 -0.53641 0.31929 -0.79736 1.0147 0.75658 -0.049854 0.19847 0.83779 -1.6493 -0.058388 1.157 -0.97812 -0.53112 1.5524 -1.5164
1.082 -1.209 -0.27719 -0.25023 -1.1913 -0.04032 1.3609 0.47485 -0.55804 1.5129 0.42746 -1.8486 1.3944 -0.12647 0.2827 0.45727 -0.23656 0.071936 0.43803 -0.79844 0.7979 1.0862 -0.9849 0.28747 0.2648 -0.15475 -0.20962 0.76364 0.76742 -0.22791 -0.3384 0.4271 -2.0838 -0.36392 0.7029 -0.38151 -1.1974 1.8014 -1.1902
0.96103 -1.2035 -0.70843 -0.34651 -1.2132 -0.65461 1.9112 -0.29638 0.16956 1.1908 0.95895 -1.5689 1.3075 -0.26607 0.53335 0.72005 -0.47581 -0.099094 0.59127 -1.6288 0.32049 1.0778 -0.86312 -0.60977 1.1123 -0.55062 -0.10835 0.73283 0.85398 -0.35632 -0.47857 0.20276 -1.617 -0.49736 0.082422 0.071129 -1.0094 1.7872 -0.91032
1.2137 -1.0929 -0.4163 -0.24214 -1.0998 -0.37575 1.0511 -0.29771 0.42718 1.6101 -0.82832 -0.58245 1.158 -0.31141 0.899 1.1065 -0.57425 -0.24448 0.48267 -1.75 -0.076511 1.188 -0.86059 -0.77504 1.844 -0.83202 -0.12452 0.83366 0.77068 -0.3039 -0.36209 -0.023521 -0.89883 -0.66326 -0.58235 0.30284 -0.29105 1.1002 -0.66351
1.1414 -0.82887 0.17472 -0.59735 -1.097 -0.21941 0.055871 0.49878 0.67148 1.2089 -1.146 -0.24077 0.86451 -0.20404 1.1859 1.325 -0.72367 -0.45831 0.33643 -2.1945 -0.27483 0.73204 -0.63399 -0.86026 2.3729 -1.0477 -0.22635 0.77143 -0.11955 -0.20606 0.097505 -0.33054 -0.31343 -0.76044 -0.93027 0.10542 1.0168 0.17393 -0.37846
0.84792 -0.5857 0.37283 -0.96043 -1.2329 0.0065329 -0.53652 0.030514 0.44035 1.0003 -1.3224 0.65227 0.65324 -0.39561 1.5253 1.5418 -0.7524 -0.40127 0.51323 -2.3569 -0.18682 0.14931 -0.51712 -0.20224 1.8926 -1.1495 -0.47383 0.47678 -1.0139 -0.037179 0.68471 -0.65813 0.49355 -1.0947 -1.3274 -0.037529 1.6976 -0.50557 -0.059775
0.84528 -0.2177 0.83863 -0.75054 -1.5241 0.088573 -0.20837 0.0026996 0.92749 0.63087 -0.28954 1.0215 0.53801 -0.64879 1.672 0.28087 -0.82333 0.16215 -0.12391 -1.976 -1.0994 -0.16878 -0.83633 1.1632 1.4038 -1.1012 -0.6306 0.18587 -1.4255 0.25001 1.2327 -0.83366 1.2366 -1.2301 -1.0755 -0.25732 1.5416 -0.83886 0.12859
0.89945 -0.091651 0.75091 -0.96705 -1.8338 -0.026426 -1.354 -0.28492 0.46637 0.75796 -0.16183 1.4426 0.27744 -0.96751 1.5536 -0.209 -0.61029 0.69582 -0.67812 -0.86866 -1.802 -0.87653 -0.83881 1.6647 1.2195 -0.9177 -0.60187 -0.013557 -1.1957 0.47185 1.497 -0.57644 1.4902 -1.0251 -0.7537 -0.39485 0.74852 -0.76298 0.079169
0.51306 0.42885 0.99776 -1.087 -1.3585 -0.032522 -1.3998 -0.42925 0.33695 0.85669 -0.12991 0.99725 0.030202 -1.0839 1.5222 -0.38076 -0.2842 1.2401 -0.82913 -0.4368 -1.8735 -0.79492 -0.97984 1.3386 0.9015 -0.92325 -0.61986 -0.13913 -0.18068 0.874 1.2694 0.16419 1.7616 0.21693 0.067085 -0.6644 -0.21895 -1.0834 -0.04733
0.36429 0.64958 -0.61412 -1.3099 -0.34457 -0.68804 -1.8989 -1.5359 0.23517 0.1846 0.29512 1.5536 -0.050749 -1.2912 1.5756 -0.29339 -0.050739 1.7872 -0.35278 -0.10904 -1.7996 -0.97052 -1.2195 1.2208 0.49494 -1.0907 -0.51153 -0.42282 0.20035 1.2785 0.62483 0.58731 1.6715 1.1935 1.0177 -1.026 -0.62013 -1.6955 -0.062469
-0.29964 0.6824 0.39067 -1.2835 -0.26735 -0.92048 -0.47764 -1.5625 -0.92578 -0.0687 0.84542 1.9717 -0.071712 -1.6331 1.4003 -0.0089144 0.70327 1.9301 0.057171 1.2136 -0.63789 -0.0067619 -1.9441 0.91764 -0.55473 -1.1039 -0.20117 -0.8155 0.28547 1.3142 -0.44488 0.44323 1.6852 1.7476 1.4846 -0.69562 -0.64633 -2.2588 0.20315
-0.31226 1.0658 0.43393 -0.96322 0.028128 -0.57877 -1.0963 -1.8896 -0.0021707 -0.37385 0.28342 2.0636 -0.41524 -1.6405 0.82031 -0.038422 1.5423 1.4925 0.11506 1.6924 -0.02096 0.63728 -2.3579 0.58733 -1.6569 -0.94489 0.37545 -1.0529 -0.22806 0.70994 -1.0501 0.082924 0.78811 1.4255 1.5011 -0.18167 -0.3728 -1.9081 0.56278
-0.58307 1.5129 0.71419 -0.75985 0.59019 0.13875 -0.91172 -1.7948 -0.4726 -0.8228 1.3836 1.4395 -0.83838 -1.288 0.36711 0.0020686 1.6398 0.5841 -0.13066 2.0766 0.7347 1.1895 -1.7695 0.31389 -2.8082 -0.61613 0.72125 -1.0492 -0.75004 -0.37416 -1.0625 -0.30937 -0.21801 0.22938 0.66837 0.83224 -0.20959 -0.9061 0.76084
-1.3197 1.3443 0.5553 -0.080665 0.75581 -0.047068 0.6406 -0.37292 1.0278 -1.9199 0.56269 -0.25371 -0.91675 -0.78541 0.11296 -0.71646 0.94668 0.55646 -0.08654 1.0491 0.37313 1.2509 -1.6664 0.74055 -2.4286 -0.2809 0.75842 -0.80091 -0.87827 -1.2822 -0.57708 -0.46512 -0.97637 -0.5908 -0.054554 1.4324 -0.60084 0.61751 0.73995
-1.4597 1.0294 0.022844 0.57703 0.73595 -0.57788 0.657 -1.1129 0.98742 -2.3102 0.62589 -1.3597 -0.75844 -0.74836 -0.2183 -1.0307 0.21539 0.47183 -0.49726 1.0786 -0.34751 0.93545 -0.6783 0.39261 -2.1179 -0.011194 0.65077 -0.5966 -0.2746 -1.4701 0.15377 -0.095113 -1.7163 -1.4243 -0.71922 1.711 -0.71049 2.1806 0.60017
-1.0272 0.91822 -0.42526 -0.019273 -0.008463 -1.3046 1.1876 -0.94221 1.1358 -1.4358 0.95197 -1.8119 -0.48235 -0.52988 -0.39231 -1.1145 -0.41696 0.5049 -0.68544 0.19235 -0.61859 0.64992 -0.12515 -0.70045 -0.75601 0.1382 0.49604 -0.3098 0.82213 -1.1433 0.16072 0.017902 -1.291 -0.97798 -0.81171 1.7434 -0.84065 2.7024 0.41829
-1.049 1.1154 -0.092021 -0.72119 0.8992 -0.32857 -0.28543 -1.685 0.48055 -2.2864 2.0516 -0.0066126 -0.53415 -0.23262 -0.50134 -0.30059 -0.74005 0.89503 -0.034462 -0.99895 -1.5608 0.12206 0.77991 -0.43824 0.87932 0.29805 0.37716 -0.093393 1.456 -0.4097 0.070098 0.19192 -0.96837 -0.068551 -0.40063 1.2899 -0.55353 2.413 0.16813
-1.5449 1.0997 -0.54301 -0.62559 1.0938 -0.72429 0.60436 -2.3572 1.2986 -0.98066 0.45872 -1.241 -0.77993 -0.14382 -0.32723 0.39851 -0.95854 0.64264 -0.28278 -0.55096 -0.92663 0.11525 0.98753 -0.58281 1.6908 0.34751 0.20086 0.071148 1.5442 0.53255 -0.31326 0.35622 -0.049542 1.3175 -0.17555 1.2089 -0.15583 1.0335 -0.14063
-1.5885 0.98713 -0.50481 -0.66375 1.3953 -0.71063 -0.15691 -1.3621 0.87301 -1.7583 -0.31058 -0.042801 -0.76471 -0.25987 -0.42554 0.83814 -0.37332 0.53598 -0.29633 -0.53241 -0.29676 0.43574 1.2667 -0.8179 1.6699 0.19859 0.33684 0.29975 1.08 1.0611 -0.80182 0.53405 0.46903 2.6841 -0.45884 0.5608 0.22312 -0.069964 -0.372
-1.4988 0.47203 0.39546 -0.30504 1.8352 -0.18834 -0.7382 -2.5424 1.27 -0.90879 0.55223 0.7095 -0.29905 -0.15791 -0.29545 1.1008 0.49696 0.1204 0.19436 -0.1549 1.3943 0.15051 1.9753 -0.84911 0.96714 -0.075971 0.59776 0.19461 0.516 0.55442 -1.1673 0.51779 0.18089 2.3773 -1.072 0.37419 0.63338 -1.1036 -0.1592
-1.2294 0.81693 0.29812 -0.87974 0.70928 -1.6817 0.73452 -1.799 0.97263 -0.88652 0.61095 0.8493 -0.20446 0.38203 0.047464 1.2943 0.72717 -0.2962 0.85095 -0.25629 2.6331 -0.7724 1.3699 0.1313 1.0455 -0.1875 0.802 0.092975 0.13256 -0.60705 -1.3319 -0.11847 -0.23041 1.4759 -1.6349 -0.31927 0.6839 -1.6007 0.29404
-1.4131 0.61153 0.46371 -0.64556 1.0197 -1.0927 -0.16891 -1.2956 1.7131 0.12312 0.37397 0.79754 -0.51902 0.62115 -0.19677 1.0973 -0.36608 -1.0581 0.23328 -0.33435 2.3545 -1.3138 1.657 0.21788 -0.36015 0.24188 0.70701 -0.22613 0.10864 -1.4102 -0.91707 -0.74219 -0.91137 -0.2647 -1.5238 -1.1256 0.51565 -1.4766 0.83547
-1.5481 0.99735 0.89531 0.23057 1.4721 0.61969 -0.3887 0.3606 0.45245 0.63783 0.23547 0.56818 -1.0232 0.81093 -0.29907 1.0739 -1.2111 -1.2908 -0.56831 -0.92452 2.182 -1.9268 0.79871 0.027211 -1.072 0.58995 0.43514 -0.36182 0.21646 -1.5309 -0.52305 -1.2953 -0.84676 -1.4233 -0.99253 -1.4454 0.15451 -1.0059 1.1578
-0.83634 1.1119 0.769 0.15271 0.7533 0.26085 0.031961 0.95633 -0.2753 -0.197 0.41716 0.73189 -0.8543 0.91384 -0.54652 1.4018 -1.4712 -1.0442 -0.6643 -1.6876 1.1277 -2.1576 0.066103 0.2375 -1.1195 1.0998 0.19716 -0.14737 0.37138 -0.96145 -0.045694 -1.1242 -0.43361 -1.7915 -0.139 -1.8002 0.46095 0.13446 0.96012
-0.69232 0.16292 0.96705 -1.9517 -0.26426 -1.3276 -0.99903 -0.047377 -0.79632 0.5653 0.32915 -0.7528 0.29619 1.0235 -0.4572 1.5277 -1.9082 -1.2486 -1.4354 -1.3151 0.45716 -2.2339 -0.6512 0.41761 -0.73304 1.5519 -0.21775 0.14841 0.24511 -0.10118 0.35801 -0.22878 0.29586 -1.5006 0.70374 -1.2423 0.61453 0.77155 0.33885
-0.44652 0.23498 1.7264 -1.9176 -0.03167 -1.8808 -1.6071 -0.40984 -1.0812 -0.20115 0.79461 -0.60904 0.49489 0.86642 -0.39392 1.5359 -2.0229 -1.1567 -1.7073 -1.0342 -0.30246 -1.434 -1.1244 0.94539 -0.29658 1.5589 -0.54013 0.60882 -0.21956 0.86936 0.52981 0.81751 1.096 -0.35869 1.0609 -0.86483 0.44338 1.1995 -0.62864
-0.35522 0.4316 1.8906 -1.8111 -0.10898 -1.6866 -1.6829 -0.13441 -1.4385 -0.5604 0.76041 -0.28912 0.57182 0.4256 -0.095294 1.4442 -1.1541 -0.57805 -0.53201 -0.66272 -0.045556 -0.97291 -1.0278 0.91001 0.085589 0.99464 -0.66135 0.59117 -0.62349 1.3034 0.64244 1.5978 1.2684 0.37755 0.97185 -0.31679 0.050892 1.1934 -1.1966
-0.32013 0.51386 2.1618 -1.8501 -0.18264 -1.4202 -1.5476 0.38018 -1.6123 -0.443 0.69522 0.17883 0.63683 0.21277 0.4185 1.0413 -0.051495 -0.41058 0.60595 0.20217 0.70056 -0.79874 -1.4334 0.87809 0.9376 0.20038 -0.57475 0.39038 -0.89377 1.1341 0.4272 1.3748 1.15 0.35129 0.50706 0.29283 -0.41478 0.76233 -1.1772
-0.29348 0.64373 2.3543 -1.9335 -0.28492 -1.2123 -1.2985 0.27211 -1.5738 -1.1472 1.6877 0.13818 0.57176 0.12808 0.24936 0.64291 -0.19586 -0.44805 0.77584 0.63333 0.73686 -0.73015 -1.119 0.53549 1.1035 -0.010781 -0.36433 0.086649 -0.99386 0.543 0.036486 0.32493 0.58803 -0.44225 0.37748 0.76068 -0.7628 0.15091 -0.77673
-0.29508 0.52834 2.2322 -1.8452 -0.32283 -0.90888 -1.1894 0.44915 -1.7185 -1.1034 1.26 0.10069 0.62604 -0.048292 0.1689 0.31613 -0.15555 -0.43944 0.53635 0.64351 0.035475 -0.61057 -0.51591 0.26468 0.74419 -0.14392 -0.23727 -0.10779 -0.945 0.19562 0.10545 -0.4872 -0.25205 -1.1343 0.67839 1.3994 -1.3116 -0.4254 -0.42151
-0.38066 0.57425 2.2962 -2.0327 -0.80763 -1.0078 -0.96825 0.58082 -2.0897 -1.5874 1.3657 0.7956 0.55527 -0.12161 0.19342 0.005454 0.016935 -0.49172 0.18564 0.29932 -0.55722 -0.36659 -0.01407 -0.36288 0.44986 -0.28862 -0.15791 0.12447 -0.88711 0.43256 0.61898 -0.51602 -0.59134 -1.3117 1.2248 1.324 -1.2693 -0.60575 -0.41508
-0.17028 0.53362 2.5493 -2.0924 -0.39228 -1.0695 -0.84899 0.49324 -2.2272 -1.6097 1.2197 1.2352 0.49316 -0.1072 0.2447 -0.35302 0.23969 -0.19146 -0.12932 -0.15668 -0.86876 0.28736 0.72829 -1.3744 0.32343 -0.45074 -0.069369 0.39852 -0.95802 0.70179 1.3266 0.029166 -0.45351 -1.08 1.7305 0.75922 -0.9035 -0.80884 -0.49852
-0.50323 0.7074 2.1908 -1.8684 -0.6504 -0.98899 -0.8831 -0.19504 -2.2146 -0.72831 1.0299 0.51138 0.42794 -0.14181 0.44651 -0.63094 0.49616 0.55898 0.017496 -0.18247 -1.379 1.1192 0.82647 -1.2603 -0.0053278 -0.63537 -0.25508 0.48215 -1.0215 1.2469 1.5276 0.44356 0.17657 -0.16263 1.8584 0.0044273 -0.090181 -1.0854 -0.67138
-0.4424 0.77593 2.1551 -1.7674 -0.87867 -1.1524 -1.294 -0.29151 -1.8479 -0.63003 0.48855 0.60606 0.2832 -0.17523 0.79281 -1.1022 1.0536 1.4529 0.67934 -0.05117 -1.6623 1.8986 0.53345 -1.1539 -0.77326 -0.90483 -0.52719 0.33855 -0.85366 1.7606 1.2985 0.93 1.2404 0.71101 1.5104 -0.86639 0.61221 -0.86814 -0.78942
-0.34674 0.82516 1.7972 -1.6146 -0.31268 -1.2647 -1.5825 -0.5148 -0.86966 -0.32289 -0.23129 0.66258 0.070364 -0.56508 0.82709 -1.4712 2.1908 1.4692 0.71442 0.59244 -0.45022 2.3211 0.085532 -0.67736 -1.3268 -1.3197 -0.85818 0.11364 -0.68498 1.5616 0.50591 1.0491 1.8364 1.2079 0.83358 -0.89439 0.7922 -0.38849 -0.64346
-0.48698 1.0041 1.5614 -1.3672 0.70525 -0.65204 -1.0118 -1.0332 -0.29018 -0.64796 0.23598 0.41764 -0.070362 -0.87187 0.69208 -1.4809 3.04 1.72 1.4815 1.9654 0.10921 2.5235 -0.59208 -0.43386 -0.88523 -1.5878 -0.89419 -0.30321 -0.33765 0.43416 -0.67754 0.16066 1.863 1.2136 -0.044049 0.0047778 1.096 0.43369 -0.028763
-0.547 1.5165 1.1182 -0.78028 1.3807 0.064878 -0.72774 -1.2885 0.21758 -1.3319 0.3079 -0.43847 -0.50257 -1.3765 0.71155 -1.6848 2.7373 1.3509 1.8268 2.5308 0.1628 2.3673 -0.35604 -0.020264 -0.81291 -1.4997 -0.28198 -0.61247 0.13617 -1.2729 -1.4159 -1.051 1.0736 0.24801 -0.76327 1.0263 0.86971 0.87847 0.95803
-1.2137 1.2699 0.84222 0.81828 0.79181 -0.61615 0.22032 0.69705 0.58917 -1.0763 0.54009 -1.0569 -1.0342 -1.4186 0.28127 -1.611 1.6733 0.28568 0.45944 2.7553 0.47 1.7809 0.7571 0.73884 -0.16965 -0.86919 0.50022 -0.8366 0.43709 -2.7358 -1.7344 -2.3039 -0.48836 -0.85298 -1.3495 1.4211 0.77013 1.0769 1.8094
-1.6095 1.2766 0.65537 1.3547 1.2527 0.92516 2.0079 -0.34344 1.1913 -1.3411 0.024767 0.0035214 -1.2291 -0.81851 -0.11844 -1.1656 0.22192 -0.38262 -0.99426 2.3678 -0.10623 1.2414 1.3999 0.49483 0.10867 0.11511 1.2516 -0.89665 0.44413 -3.3432 -1.1939 -2.6292 -1.616 -1.8589 -1.4871 0.95153 0.85242 1.1366 2.1812
-2.0322 1.5475 0.15857 0.23081 0.87181 0.71737 1.2891 -0.63154 1.5416 -0.57726 0.19684 -0.28202 -1.1041 -0.24377 -0.46539 -0.95621 -1.3924 -0.56133 -1.9708 1.0404 -1.4148 0.52982 1.2864 0.86351 0.86333 0.99362 1.5047 -0.60196 0.24833 -2.7859 -0.28265 -1.7185 -2.1439 -1.371 -1.4994 -0.3694 0.59109 0.72019 1.8106
-1.7184 0.99411 0.019624 -0.5091 0.25332 -1.6044 1.8363 -0.18368 1.378 1.1176 1.2853 0.62636 -0.48975 0.32063 -0.60051 -1.2152 -2.6814 -0.39085 -2.5069 0.088465 -2.5478 0.17688 1.2228 1.6406 1.0051 1.6541 1.183 -0.11842 0.10285 -1.1655 0.30227 -0.044281 -1.4867 0.020228 -1.1595 -1.1558 0.61331 0.15369 0.74621
-1.0161 1.0516 0.44191 -0.95712 0.69147 -1.7619 1.9635 -1.4689 1.2501 0.33843 0.63982 -0.27262 0.14436 0.76032 -0.60885 -1.143 -2.6692 -0.21856 -2.412 -0.47861 -0.99493 -0.52608 0.12103 1.3548 0.84347 1.7524 0.51268 0.52067 0.364 0.95357 0.34943 1.7434 -0.39181 1.3006 -0.53912 -1.9736 -0.19137 -0.55357 -0.58286
-1.1017 0.97554 -0.11273 -1.3471 0.67483 -1.8787 0.38658 -2.4377 0.81321 -0.53847 1.4499 0.82606 0.17488 0.83814 -0.26847 -0.89186 -1.5688 0.0011688 -0.86968 0.090455 -0.24342 -0.42877 -0.27095 1.4834 0.39198 1.133 -0.26592 0.84892 0.7387 2.5187 0.10239 2.533 0.26907 1.8755 0.11612 -1.9312 -1.0482 -0.96026 -1.7139
-1.2468 0.63231 -0.9077 -1.5655 0.48162 -2.444 1.272 -2.2437 1.2766 0.51073 2.5203 0.70923 0.45817 0.42744 0.34879 -0.4657 0.022908 -0.11643 0.88578 0.22934 0.044364 -0.19558 -1.8102 0.53093 -0.039853 0.16187 -0.74847 1.0489 1.1868 3.0453 -0.0020946 2.2525 0.30987 0.81278 0.79307 -0.75292 -1.2863 -1.1434 -2.0741
-0.83498 0.87557 -0.62954 -1.7285 0.97075 -1.2271 1.4927 -0.28786 0.38023 -1.3175 0.96586 1.2259 0.52126 -0.010279 0.5182 -0.22465 1.1945 -0.25019 1.1851 0.2685 0.68382 0.21914 -1.5725 -0.11075 -0.61578 -0.76156 -0.7742 0.86749 1.3699 2.5015 -0.015841 1.0599 -0.70338 -0.13301 0.79057 -0.16782 -1.4236 -1.0146 -1.7355
-0.88845 1.3105 -0.55473 -1.4275 0.51332 -0.85894 1.9485 -0.69724 1.2316 0.39214 2.5679 -0.086484 0.066437 -0.19741 0.97142 0.66231 2.2647 -0.091134 1.3097 0.049365 0.18559 0.63413 -0.69841 -0.49821 -1.0993 -1.1859 -0.61504 0.25841 1.0702 1.3552 0.19063 -0.1003 -1.0371 -0.8472 0.33908 0.5474 -0.7765 -0.76298 -0.91334
-1.0396 1.4175 0.013613 -0.014453 0.081666 -0.78979 1.9727 -1.2808 1.0706 -2.371 1.1697 0.30897 -0.27293 -0.27854 1.0527 1.0139 2.4966 -0.034723 1.1517 -1.2633 -0.5451 0.63582 -1.1595 -0.93283 -1.2549 -1.4444 -0.37851 -0.33515 0.55014 -0.27899 0.45139 -0.91334 -0.80885 -0.71041 -0.33178 0.34713 -0.95934 0.13707 0.18651
-1.1798 1.373 -0.17661 0.17029 0.60975 -0.83918 1.259 -1.4499 1.5227 -1.6317 0.62238 -1.0331 -0.73303 -0.57577 0.5685 0.84323 2.1775 0.128 0.68829 -1.1272 -0.98826 0.22406 -0.95888 -0.66565 -1.3692 -1.208 -0.023855 -0.91613 -0.44726 -2.2679 0.52917 -1.7543 -0.17401 0.12251 -0.84787 0.4519 -0.75026 0.91588 1.2521
-1.4469 1.8909 0.3366 0.82041 0.74597 -0.6911 0.34786 -2.2432 1.7422 -0.22086 1.7362 -0.17733 -0.802 -0.52485 0.090287 0.67343 0.64996 0.46655 -0.43348 -0.80151 -0.10513 -0.21303 -0.77383 -2.0085 -0.24232 -0.40163 0.26618 -1.2101 -0.77269 -3.2573 0.57076 -1.8788 0.89181 0.51787 -1.1304 1.0156 -0.37795 1.4868 2.1083
-1.2691 1.6584 0.09474 0.49626 0.57543 -0.6915 -0.41268 -1.6355 1.5984 -1.9411 0.93361 -0.86436 -0.87304 -0.12786 -0.26942 0.018886 -1.5305 0.62596 -1.6011 -0.54867 0.24116 -0.55193 -0.019115 -1.5143 0.26611 0.63765 0.43981 -1.224 -0.56512 -3.0801 0.58488 -1.4037 0.87767 0.25231 -0.84664 0.8577 -0.93979 1.1348 2.2766
-1.5539 1.4109 0.30071 0.45755 1.0183 -0.096253 1.2201 -1.0999 0.35166 -2.4679 0.64321 -1.178 -0.74976 -0.024419 -0.80331 0.024407 -2.4225 0.75965 -1.6697 0.24798 -0.10039 -1.1196 0.33864 -1.3012 0.99627 1.5815 0.38354 -1.0232 -0.061285 -1.5186 0.37123 -0.43163 0.65037 -0.78964 -0.47758 0.85342 -0.52261 0.21723 1.7267
-1.5247 1.3559 0.33418 -0.72211 0.90631 -2.131 1.3114 -0.89603 1.184 -1.0548 -0.91273 0.3279 -0.25701 -0.029617 -1.2858 0.14113 -2.6913 1.0505 -1.6574 0.11987 -0.45772 -0.93085 0.14597 -2.9608 0.34232 2.0643 0.27974 -0.68609 0.28606 0.40567 -0.13845 0.55595 0.14814 -0.94199 0.10895 0.34547 0.031613 -0.35166 0.61427
-1.0067 1.1316 -0.30112 -1.907 1.1267 -3.0064 0.48836 -1.5366 0.52826 -2.0934 -0.24875 0.37135 0.49022 0.11925 -1.3248 0.49606 -1.9319 0.93484 -1.3185 0.17372 -1.2887 -0.93575 0.79639 -2.3737 0.1262 2.1189 0.22793 -0.25373 0.33991 1.9671 -0.78657 1.5502 -0.49884 0.15294 0.60007 0.17849 1.6585 -0.8236 -0.85353
-1.4185 0.64196 0.19231 -1.7425 1.8538 -1.8198 1.1254 -2.2988 0.01578 -0.041306 0.15252 0.50119 0.92001 0.30324 -1.298 0.29443 -0.94201 0.29219 -0.60654 -0.22347 -0.99973 -0.44985 0.41724 -0.93324 -0.085199 1.5191 0.41276 -0.19088 0.17053 2.4571 -1.626 2.2278 -0.60543 1.5276 0.92156 0.2991 2.6281 -0.25717 -1.7016
-1.5702 0.52743 0.70205 -1.4969 2.0633 -1.9507 -0.17118 -2.4415 0.69054 -1.3648 -2.9498 -0.79461 1.1388 0.21711 -1.2735 0.55642 0.77929 -0.28584 1.0725 -0.60812 0.5065 -0.23987 0.5436 1.0564 -0.56596 0.25484 0.71065 -0.30882 -0.41628 1.5978 -2.1162 2.0358 -0.70866 2.5476 1.3251 0.002062 2.1006 0.47682 -1.6753
-1.0432 0.28676 0.73173 -1.1571 1.5311 -1.9256 0.95374 -2.5822 -0.29651 -1.4502 -1.4351 -0.85992 1.1189 0.66823 -1.6696 0.41356 1.0472 -1.2902 1.8441 -0.73376 1.7061 0.4477 0.84744 0.67818 0.1002 -0.19158 0.91373 -0.34955 -0.77817 0.24336 -1.8413 1.3764 -0.37065 2.1683 1.3754 0.37643 1.5128 1.2404 -0.85317
-1.077 0.17058 0.20216 -0.989 0.9374 -1.6597 1.2109 -1.4534 0.27278 -1.6505 0.16942 -0.16068 0.72938 1.2296 -1.7189 -0.32118 0.38297 -2.1162 1.7482 -1.0256 2.4422 1.1029 0.57887 1.096 0.98449 -0.16433 0.73519 -0.062145 -0.94571 -1.0129 -0.93971 0.33643 -0.22504 0.85386 1.4421 0.15201 0.41101 1.2872 0.25438
-1.1613 0.0010957 0.7828 -0.17893 0.60026 -1.0209 -0.39819 0.12376 0.89894 0.17197 1.3261 -0.12078 -0.042669 1.4621 -1.7318 -0.67834 -0.24713 -2.1351 1.9566 -0.78178 2.3641 1.4611 1.125 2.1205 1.6917 0.13009 0.072191 0.61576 -0.47648 -1.1636 0.45906 -0.26149 0.12821 -0.43558 0.82039 -0.37587 -0.03031 0.39824 0.83013
-0.019035 -1.0896 0.18328 -1.3093 -0.26559 -0.26302 -0.50874 -0.30209 1.0003 -0.47291 -0.78787 0.83334 0.94143 1.158 -1.3583 -0.61193 -0.68565 -1.5664 1.7234 -1.055 1.9031 1.9617 0.69393 1.1559 1.2887 0.57002 -0.67382 1.155 0.11192 -0.78674 1.5599 -0.7594 0.80044 -1.119 0.0093616 -0.93817 -0.38101 -0.57799 0.85929
0.0078447 -1.0336 -0.066124 -1.5225 -0.58381 -0.047463 -0.37148 -0.099241 1.7437 -0.052819 -0.1469 1.4402 1.1585 0.8265 -0.69087 -0.30752 -0.84368 -0.72482 1.3023 -0.47154 1.1446 1.554 0.052729 0.56644 0.7343 0.99571 -1.1325 1.6212 0.60636 -0.03089 1.9981 -1.3511 0.84398 -0.79702 -0.82957 -1.2247 -0.16337 -1.3784 0.19741
0.25214 -1.0423 0.021697 -1.5554 -0.465 -0.091139 -0.36865 -0.095876 2.1924 -0.45954 0.48351 1.2204 1.2674 0.30236 -0.066141 -0.30987 -0.96126 0.020555 0.47079 0.43396 0.8659 1.0626 -0.71537 1.0741 0.20224 1.0119 -1.0288 1.4176 0.73947 0.44244 1.7351 -1.5509 0.66039 -0.24596 -1.605 -0.82421 0.35101 -1.5548 -0.48159
-0.037789 -0.81357 0.033853 -1.4921 -0.31023 -0.14194 -0.23712 0.12696 2.325 -0.81257 1.0204 0.66184 1.3415 -0.19599 0.67215 0.26075 -0.18215 0.70995 -0.26984 0.17701 1.3351 0.33465 -0.55775 1.8075 -0.70439 0.27843 -0.67003 0.8038 0.58433 0.52153 1.0055 -1.3009 -0.024188 0.094484 -1.727 -0.14061 0.13767 -1.2984 -0.89492
-0.28332 -0.45476 0.19221 -1.4628 0.16911 0.086699 0.062155 0.62585 2.2294 -0.93995 1.0241 0.88996 1.4111 -0.2265 0.62731 0.43457 -0.10625 0.8766 -0.7648 -0.049407 1.3528 -0.46702 -0.60965 1.2333 -1.3012 0.026078 0.046916 -0.02622 0.37378 0.40842 -0.035091 -0.46427 -0.76198 -0.22911 -1.6437 0.49249 -0.69294 -0.65449 -0.90696
-0.36156 -0.61743 0.17627 -1.7195 0.30895 -0.34196 0.10651 1.0691 2.132 -0.75964 1.7505 0.59175 1.3243 -0.14721 0.47508 0.37058 -0.19678 0.68089 -0.82674 -0.29227 1.1212 -0.94966 -0.27993 0.74854 -1.2857 -0.18816 0.73667 -0.84599 -0.12826 0.35595 -1.1131 0.37516 -0.76696 -0.92101 -1.3821 0.90108 -1.2124 0.12623 -0.63537
0.039821 -0.46676 0.40618 -1.5063 0.43398 -0.58948 -0.58712 1.1775 1.4072 -1.0187 1.1562 -0.062927 1.2636 0.3541 -0.015966 0.30509 -0.11443 -0.023153 -0.23276 -0.89436 0.55126 -1.4065 0.096781 0.16681 -0.92848 -0.45412 0.95438 -0.78836 -0.43154 0.82009 -1.6461 0.89131 -0.54834 -1.2154 -1.0459 1.3558 -0.96868 0.67691 -0.68658
-0.16823 -0.46054 0.37865 -1.6468 0.45898 -1.0104 -0.43778 1.2694 1.2827 -0.97991 1.4795 -0.61087 1.2137 0.85428 -0.59633 0.088221 0.55247 -0.85842 0.25295 -0.97359 -0.057551 -1.8136 0.83445 -0.15831 -0.67496 -0.67209 0.81729 -0.18878 -0.6029 1.2706 -1.4553 1.1014 -0.12554 -1.1771 -0.70016 1.285 -0.42023 0.89713 -0.83607
-0.039152 -0.50265 0.35596 -1.7603 0.38028 -0.761 -0.63211 1.0657 1.0729 -0.93647 1.5476 -0.50815 1.0806 1.0124 -0.31873 -0.2095 1.2135 -1.3412 0.57301 -0.83719 -0.43497 -2.0191 1.4627 -0.3139 -0.23602 -1.0185 0.41329 0.68537 -0.65215 1.3064 -0.71489 0.80313 0.15765 -0.93916 -0.27591 0.72051 0.086337 0.95359 -0.90584
0.4445 -0.87312 0.37693 -1.4994 -0.50115 0.24977 -1.4864 0.82976 0.30663 -0.59361 1.091 -0.087126 0.82056 1.012 0.27237 -0.46701 1.7693 -1.3007 1.0912 -0.5894 -0.68688 -1.9753 1.529 0.10977 0.20044 -1.4725 -0.14502 1.5833 -0.65634 0.76978 0.34877 0.22018 0.15484 -0.80513 0.56848 0.093006 -0.087868 0.90505 -0.86881
0.89297 -1.269 0.21156 -0.56327 -0.98918 0.23465 -0.92285 0.76987 -0.3916 0.56311 1.0562 -0.014116 0.65521 1.023 0.83963 -0.60117 1.9815 -1.0963 1.0397 -0.77905 -0.96348 -1.8575 1.1439 0.18948 0.5846 -1.7511 -0.75324 1.859 -0.33619 -0.030377 1.0057 -0.64894 0.35952 -0.4065 1.2771 -0.67973 -0.50014 0.81349 -0.60846
0.86195 -0.48375 -0.083256 -0.3027 -1.1304 -0.2453 -1.0921 0.743 -0.73547 0.96993 1.3794 -0.12172 0.11289 0.57328 1.8031 -0.90739 1.7585 -0.34114 0.48146 -0.70096 -1.357 -0.83377 1.1682 -0.6095 0.76372 -1.9337 -1.1819 1.4675 0.17872 -0.56994 1.1773 -1.1818 0.61921 0.049459 1.6987 -1.2323 -1.3424 0.72377 -0.17993
1.038 0.24069 -0.082754 0.24576 -0.67482 0.57523 -1.2992 0.42106 -1.0569 0.22879 1.6097 -0.066987 -0.38895 -0.1589 2.4131 -0.60228 1.1472 0.013294 -0.49367 -0.063445 -0.87324 -0.19286 0.31511 -0.99679 1.1393 -1.9282 -1.3763 0.38745 0.77585 -0.63236 0.86761 -1.0889 1.0651 0.36201 1.6854 -1.1312 -1.3303 0.57716 0.28758
0.99171 0.28653 -0.25762 0.027671 -0.83292 0.17699 -1.7728 0.015195 -0.99399 -0.010414 1.7135 0.46735 -0.57771 -0.57364 2.2464 -0.14903 0.99414 0.2908 -0.63771 0.29893 -0.60129 0.38455 -0.45885 -2.0619 1.3919 -1.7215 -1.1635 -1.1608 1.4865 -0.094335 0.25633 -0.26997 0.88332 0.67889 0.95983 -0.85655 -0.56767 0.096508 0.81066
0.6857 1.1831 -0.7463 -0.019469 -0.15678 0.073969 -1.7981 -0.70889 0.32292 1.1031 -0.17054 0.90818 -0.95987 -0.93647 1.3476 0.41602 1.0417 0.17078 -0.70034 0.87398 -0.59091 0.7004 -0.24826 -1.8243 1.4319 -1.319 -0.88201 -2.3626 1.8175 0.62096 0.0056438 0.72432 0.3588 0.99137 0.58269 -0.3965 0.3863 -0.89972 1.2216
0.24603 1.2039 -0.010487 0.0088425 -1.0805 -0.6536 -0.80321 0.51068 -0.54175 -0.036972 -0.043507 1.7246 -1.1837 -1.1807 0.15373 1.264 1.6066 0.051748 0.012679 0.61361 -0.11945 0.51827 -0.22177 -1.3763 0.77091 -0.72025 -0.2038 -2.5515 1.0595 0.54793 -0.23022 1.0223 -0.13225 1.1068 0.1983 -0.22703 1.6963 -1.232 1.404
0.31681 0.98523 0.10126 1.036 -0.55021 -0.4572 -0.30611 0.2522 -0.1951 -0.033986 -1.2293 1.6276 -1.2462 -1.4821 -0.98296 1.9698 2.1219 0.14864 0.7065 0.49573 0.88406 0.8277 -0.58072 -0.56952 -0.48579 -0.14103 0.83502 -1.8736 -0.57617 -0.19166 -0.25575 0.70517 -0.65789 0.54747 0.21815 0.0030162 2.0979 -0.92268 1.3904
-0.22223 0.92462 0.42747 0.97684 -0.73261 -0.52496 -0.21197 -0.33976 0.0051989 0.60333 0.47338 1.6181 -1.378 -0.68429 -1.3859 0.98299 1.5833 -0.11117 0.81281 0.20586 0.88823 0.68339 -0.74042 0.75945 -0.28164 0.31891 1.519 -0.57291 -1.9972 -1.2883 -0.54706 -0.21276 -0.4806 -0.10461 -0.25852 0.4865 2.1772 -0.12389 0.97918
-0.32073 0.12202 1.3926 2.0295 -0.45679 1.2695 -1.5252 0.17109 -0.47673 -0.29836 0.24054 0.71075 -0.99548 0.3362 -1.4053 -0.49008 0.64669 -0.20722 0.38456 -0.27339 0.023353 1.0178 0.010502 1.3778 -0.025601 0.76528 1.8048 0.76641 -2.3606 -1.8782 -0.73581 -1.0513 -0.086356 -0.61817 -0.99322 0.81228 0.99109 0.50887 0.41698
-1.0615 -0.54761 1.6326 1.9904 -0.39603 0.64551 -1.0905 1.3846 1.0969 -0.51321 0.22315 -0.44016 -0.72938 0.68482 -0.71165 -1.1202 -0.33984 -0.75945 -0.27777 0.0075027 0.13614 -0.075803 0.42203 2.0821 0.23212 0.66026 1.0772 1.5742 -1.3688 -1.5992 -0.78934 -1.6188 0.71151 -0.62387 -1.4988 1.1077 -0.38263 0.143 -0.23923
0.44937 0.33912 -0.55423 1.0567 -0.82519 0.13367 -0.755 0.41578 0.75362 -0.038263 0.59635 2.0468 -0.79616 1.132 0.12227 -1.2494 -0.82566 -0.85955 -0.96866 0.40605 0.067118 -0.67733 0.41083 0.7759 0.27553 0.46888 0.052544 1.6198 0.38143 -0.53919 -0.64661 -1.3021 1.0764 0.03958 -1.776 1.0934 -1.2302 -0.57251 -0.73874
1.1119 -0.20602 -0.86099 0.7803 -1.3877 -0.71354 -0.78463 -0.07774 0.61138 0.31126 1.4106 2.1036 -0.38274 0.88256 0.81184 -1.1162 -1.0103 -1.2147 -1.9282 1.3 -0.33794 -1.3071 1.2065 0.25816 -0.18123 0.018512 -0.9951 0.68883 1.8905 0.68407 0.016922 -0.21128 0.78891 0.32192 -0.83197 0.87803 -1.8317 -1.4774 -0.78042
0.52673 0.47967 -0.39046 0.92357 -1.5036 -0.43079 -0.15747 0.29806 -1.2154 0.88031 1.9287 1.4174 -0.83942 0.32377 0.88032 0.19158 -0.14648 -1.1498 -1.5396 1.2562 0.37152 -1.7275 1.7376 -0.24549 -1.0684 -0.29811 -1.6903 -0.16525 2.1734 1.2272 0.80882 1.1461 0.30171 0.66648 0.23625 0.32937 -1.5997 -1.7201 -0.69905
0.71857 0.76121 0.21946 0.71708 -1.4227 -0.6702 -0.35492 0.23867 -0.8423 0.32633 0.41735 0.95664 -0.7897 -0.74514 0.20578 1.5697 0.73252 -0.57802 -0.44059 1.1737 0.65486 -1.1312 1.4593 -1.1725 -2.2429 -0.41857 -1.5602 -0.74976 1.4705 0.93271 1.3966 2.1952 -0.33619 0.37592 1.1652 -0.71037 -1.3349 -0.85905 -0.33093
0.20939 0.52919 0.28766 1.2058 -1.9943 -1.1384 0.55634 0.40768 -1.386 1.23 0.1666 -0.39233 -0.90687 -1.1627 0.11547 1.3293 0.84269 0.29833 0.70271 1.0696 0.92478 -0.33124 0.91837 -1.7996 -2.3496 -0.62249 -1.0632 -0.65971 -0.00047521 0.079165 1.2636 2.2611 -0.55093 -0.62836 1.3039 -1.0925 -0.13022 0.551 -0.081697
-0.12018 0.44282 1.0303 1.6757 -1.9197 -1.2889 0.5701 2.018 -0.75607 2.1057 0.40104 -0.83193 -1.03 -1.2441 -0.21487 0.96642 0.42337 0.60621 1.5789 0.69634 0.16341 0.1807 0.2286 -1.7143 -1.391 -0.43966 -0.1882 -0.12123 -0.90172 -0.41042 0.87246 1.759 -0.75084 -1.4461 0.68158 -1.2576 0.7555 1.7406 0.076426
-0.062933 0.21672 0.71378 1.6358 -1.4471 -0.02031 0.60639 0.23471 -0.7574 1.5548 -0.31192 -0.46549 -1.0593 -1.3856 -0.14914 0.48684 0.16383 0.56121 2.218 0.3612 -0.59595 0.064017 0.22254 -0.26074 -0.38782 -0.44108 0.31443 0.21519 -0.92883 -0.33137 0.57606 0.80409 -0.84035 -1.4948 0.35953 -1.2102 0.78242 1.8628 0.14712
-0.47112 0.25308 0.46259 1.4449 -0.59932 0.52053 0.67908 1.1186 -0.47899 1.0795 -0.42836 -1.3603 -1.2236 -0.98855 0.11104 0.35606 0.21096 0.88244 2.5099 -0.012412 -1.4192 -0.054953 -0.6442 -0.41697 0.37737 -0.36661 0.6009 0.54676 -0.55141 -0.21458 0.42484 -0.10965 -0.81081 -0.22214 0.47903 -0.73863 0.33473 1.0528 0.014293
-1.0044 0.55525 0.99404 1.0354 -0.94205 1.2943 0.62433 0.12116 -1.3207 0.68466 -0.52699 -0.14784 -1.2527 -0.72392 0.35818 -0.04935 0.25206 1.2132 1.9308 -0.29835 -1.2149 0.45314 -1.0045 -0.86819 0.62372 -0.38392 0.95465 0.47864 -0.299 -0.13403 0.35916 -0.89534 -0.39007 1.0503 0.75248 -0.59181 0.033484 0.43817 0.0079345
-1.0468 0.54818 0.77873 1.2032 -1.3639 1.1564 0.33884 -0.30994 -0.88308 1.4345 0.68807 0.11802 -1.2504 -0.48331 0.56072 0.23267 -0.075028 1.0582 1.4885 -0.63615 0.065124 0.87805 -0.60032 -0.74591 0.26199 -0.44195 0.90598 0.22947 -0.34081 -0.18238 0.21835 -1.5667 -0.11628 1.87 0.64841 0.28349 0.4732 0.060215 -0.032204
-0.77436 0.51646 0.97175 2.0973 -0.67272 1.3745 0.68578 -0.55054 -1.2747 0.61548 -0.7126 -0.24222 -1.3233 0.10194 0.52716 0.0027749 0.019811 1.1319 0.83735 -0.13348 0.77701 1.0051 -0.9564 -0.047639 0.53982 -0.38903 0.72127 0.11368 -0.19771 -0.36535 0.074561 -1.5388 0.26893 1.5312 0.015916 0.36145 0.56961 0.25581 0.015916
-0.85199 0.72272 0.64614 1.8954 0.35897 1.0997 0.0040095 0.844 0.65682 0.53218 -1.3051 -0.023715 -1.5026 0.24945 0.45908 -0.29132 -0.060332 1.3257 -0.25103 -0.34456 1.3251 0.88041 -0.12352 0.12052 0.49669 -0.42486 0.35827 0.061324 -0.18527 -0.40932 -0.2395 -1.2789 0.27478 0.4282 -0.90398 0.029578 0.48973 0.55238 0.12173
-0.81329 0.82881 0.99054 0.86766 0.046019 2.2945 -0.30868 0.81367 0.31867 0.67942 -1.0386 -0.69829 -1.607 0.22204 0.62375 -0.15011 -0.52269 1.2206 -0.44823 0.089583 1.2237 0.47048 -0.54658 -0.15651 0.9939 -0.36314 -0.026136 -0.11207 -0.018382 -0.2645 -0.61852 -0.6701 0.095301 -0.3034 -1.6371 -0.081804 0.33548 0.34214 0.23187
-0.44691 0.86942 0.49447 1.3746 0.54071 1.4185 1.1366 1.7488 0.037134 -0.60043 0.5064 0.31286 -1.5697 0.10354 0.62871 -0.031159 -0.66249 0.58399 -0.56922 -0.20206 0.72342 -0.57094 -0.75416 0.29009 1.1444 -0.22737 -0.12962 -0.37266 -0.070461 0.19652 -0.64034 -0.091318 0.062475 -0.44864 -1.4912 -0.39504 0.22887 0.059115 0.32498
-0.88641 0.98154 0.64282 1.2422 0.31977 0.38351 -0.30081 0.77472 -0.61162 1.7218 -0.05427 1.0351 -1.6732 0.11712 0.23252 -0.16603 -0.23707 0.38368 -0.41977 -0.024132 0.50895 -1.3682 -0.80655 0.53373 0.88453 -0.053922 -0.13918 -0.64097 -0.20726 0.44143 -0.40784 0.39963 -0.28957 -0.15888 -0.70508 0.023533 0.0053073 -0.63196 0.28608
-0.65582 1.2055 0.76369 1.0657 0.46916 0.92354 0.8171 0.79997 -0.14792 -0.080118 -0.62838 1.4464 -1.6166 0.054431 -0.045228 -0.41618 0.19631 0.5854 -0.46051 -0.17387 0.8256 -1.024 -0.76799 0.22357 0.62643 0.028788 -0.017876 -0.67131 -0.30356 0.38696 0.007248 0.7698 -0.031908 0.42087 0.3702 -0.0028943 -0.08571 -0.98613 0.19157
-0.66111 1.1681 0.93466 1.4049 0.40987 1.1221 -0.2808 0.87005 -1.7008 -0.89854 -0.93263 0.8344 -1.6138 -0.018414 -0.24381 -0.33761 -0.044027 0.48392 0.33784 -0.52667 0.89025 -0.64422 -0.50034 -0.13223 -0.12126 0.044176 0.03193 -0.42692 -0.20446 0.097021 0.080832 0.78811 0.039789 0.57771 0.80719 -0.093616 0.0079645 -0.88371 0.08697
-0.63761 0.75526 0.28064 1.2486 0.97599 1.3107 0.048247 2.1079 -0.92519 -0.27009 0.016151 0.6199 -1.573 0.12866 -0.39471 -0.49937 0.035934 0.55261 0.67329 -0.028911 1.3999 -0.24626 -0.91932 0.42798 -0.46953 0.08193 0.085994 -0.22645 -0.087756 -0.0538 -0.0022071 0.6182 0.20015 0.4017 0.52398 -0.18229 0.24665 -0.58235 0.038706
