39 268
-1.0856 1.4429 0.57384 1.6689 0.7753 0.52239 -0.72164 0.21396 0.91772 1.5861 0.079547 -1.1053 -1.4492 -0.038106 -0.70009 0.24021 -0.47159 -0.32646 -0.030543 0.96222 0.43525 -0.32029 -1.6965 0.30119 1.3325 -0.04679 -0.15519 -0.13699 -0.031213 0.13914 0.14692 -0.28988 0.0026648 0.19201 -0.10135 0.80327 -0.07618 -0.10052 0.14798
-1.1239 1.17 0.50002 1.1947 0.75645 1.6935 0.39916 -0.008536 -0.06431 -0.54289 -0.00012291 -0.3092 -1.4671 -0.22378 -0.83483 0.44577 -0.43464 -0.24176 -0.3538 1.0394 0.2695 -0.16528 -1.2621 0.15946 1.638 0.11245 -0.12608 0.079025 -0.23221 0.26215 0.20743 -0.48393 -0.15862 0.41507 -0.10529 1.5813 -0.36047 -0.87678 0.058294
-1.1752 0.88275 0.46303 1.0102 0.44528 0.68071 0.15916 0.78843 -0.87638 -0.73091 0.88972 0.38695 -1.4933 -0.22592 -0.83448 0.066196 -0.20454 -0.074065 -0.4548 0.91612 0.87688 -0.60414 -0.39145 0.22138 0.94386 0.12344 -0.18581 0.44011 -0.33641 0.43075 0.49162 -0.35603 -0.5061 0.46194 0.30573 1.8605 -0.76876 -1.8413 -0.1021
-1.0895 0.80706 1.0452 1.2626 0.36974 -0.036098 0.19226 0.78778 1.7476 0.46377 0.18102 0.4687 -1.4844 -0.17342 -0.49029 -0.071556 -0.070399 -0.040926 -0.8105 0.67637 1.0127 -0.39322 0.61814 -0.33926 -0.42867 -0.032629 -0.064725 0.87568 -0.53982 0.27564 0.48499 0.25925 -0.65072 -0.02421 0.45428 0.99144 -0.66183 -1.7663 -0.15421
-1.4422 0.7442 0.99435 1.2332 0.68298 0.13897 0.39891 0.18402 0.58698 0.58897 0.074905 0.82167 -1.233 -0.39804 -0.15412 -0.0697 0.22257 0.5343 -0.52654 0.18548 0.95422 0.46538 0.84903 -0.89051 -1.7264 -0.14425 0.094129 0.73116 -0.20848 -0.066027 0.086346 0.67391 -0.46981 -0.51319 0.44312 -0.11875 -0.012165 -0.6929 -0.086884
-1.252 0.72089 0.2096 1.4926 0.80819 0.45147 0.38619 1.7532 -0.74163 1.1191 0.47851 -0.62889 -1.3923 -0.25853 0.23761 -0.38633 -0.086141 0.40241 0.24567 0.17622 0.1636 0.29208 -0.010565 -0.52644 -0.9529 -0.011194 0.33782 0.26899 0.2042 -0.21613 -0.37283 0.87939 -0.25814 -0.68367 0.22761 -0.73365 0.73725 0.85857 0.027128
-1.2155 1.0138 0.47043 1.2328 0.56629 -0.07677 0.53121 1.303 0.03831 1.2381 -0.62702 -1.8907 -1.6342 -0.023506 -0.01622 -0.13652 -0.32676 -0.1181 0.4487 0.27574 0.27082 0.021272 -0.26715 0.28355 -0.34223 -0.031737 0.56885 -0.011033 0.36735 -0.24066 -0.75614 0.61683 -0.068474 -0.76043 -0.10226 -0.5504 1.1845 2.0815 0.11802
-1.7255 0.85826 0.65664 1.4201 1.5153 0.99078 0.46512 1.2693 1.0739 -0.41749 -0.84384 -1.9958 -1.6265 0.22973 -0.11379 0.27425 -0.2299 -0.42486 0.56359 0.13635 -0.012108 0.33204 -0.1558 0.43856 0.76788 -0.041933 0.34345 -0.2201 0.32072 0.079272 -0.36159 0.30791 -0.10415 -0.3246 -0.36615 0.031645 0.97457 1.6644 0.082639
-1.2745 1.1135 0.27924 0.70924 0.4583 0.55269 0.29395 0.42223 0.31837 -0.40287 0.7755 0.9828 -1.2797 0.35644 0.020616 0.17826 -0.1894 -0.50327 0.62661 0.06498 -0.47562 0.23709 -0.070044 0.8251 2.011 0.070661 0.11236 -0.49237 -0.11286 0.052057 0.29699 0.12599 -0.42457 -0.21218 -0.43814 0.36688 0.20252 0.98816 0.37679
-1.0954 0.47596 1.1503 0.93596 0.04351 0.39522 0.78841 1.337 1.3286 1.0868 0.73468 0.14433 -1.4222 0.15186 -0.11506 -0.041444 0.0094359 -0.093413 0.82218 0.074486 -0.12221 -0.59335 -0.019855 1.0098 1.5442 0.077755 -0.18436 -1.0196 -0.6041 -0.29344 0.91233 -0.019946 -0.68993 -0.14636 -0.19823 -0.1727 -0.86456 -0.2744 0.70684
-1.1524 0.68373 0.85764 1.2815 0.41199 1.0812 0.49386 0.7239 -0.24184 0.82726 0.32492 1.0002 -1.3942 0.20749 -0.78389 -0.18296 -0.33731 0.30105 0.60406 -0.49922 -0.11169 -0.44883 0.37674 0.3665 1.4453 0.54241 0.22537 -1.3298 -1.0281 -0.91478 0.26864 -0.33034 -0.71164 -0.39277 0.17632 -0.44496 -1.5307 -0.87317 1.0972
-0.91613 1.0864 0.061875 1.209 0.43754 1.1174 0.44986 1.1388 -0.18984 0.73089 0.97501 0.98522 -1.5076 -0.027977 -1.3203 -0.54993 -0.74674 0.94754 0.55403 -0.88335 -0.50195 0.25967 -0.66942 -0.9517 0.42957 0.91029 1.3534 -1.3254 -1.1486 -1.4285 -1.1436 -1.1052 -0.25739 -0.74799 0.51161 -0.25929 -1.495 -0.93283 1.5222
-1.5523 0.81246 0.60183 1.1868 1.1063 1.2895 0.63959 1.0334 -0.1862 0.0010739 0.33532 -0.60636 -1.5514 0.8381 -1.4801 -1.2632 -1.6608 -0.49368 0.090115 -0.79848 -1.0791 0.20315 -0.54113 -1.0548 0.62077 1.4979 2.1468 -0.93412 -1.4046 -1.0789 -2.1101 -1.6763 0.53091 -0.78984 -0.45062 0.25313 -0.85526 -0.94774 1.5651
-1.2629 -0.37477 0.5084 0.28849 1.4993 1.4535 -0.59264 0.69341 0.9592 0.15456 0.11445 1.8536 -0.56756 2.2214 -1.8632 -1.3935 -2.2189 -1.8964 -1.2134 -0.26937 -1.1317 0.19645 -0.011966 -1.0737 -0.1232 2.1569 2.3174 -0.53307 -1.691 -0.026446 -1.9801 -1.8439 1.1159 0.0084467 -1.2751 1.0163 0.56892 -0.26281 1.2709
-1.0889 -0.42479 -0.083624 -0.40729 1.0186 0.87327 -0.51397 -0.28348 1.0424 -0.85178 -0.69193 1.3223 -0.37339 2.8695 -1.9849 -2.0705 -1.7831 -2.3458 -2.0003 0.17347 -1.3725 -1.3769 0.5486 -1.1747 -0.39105 2.5481 1.0618 -0.25714 -1.1951 1.4738 0.070041 -1.0212 1.4779 1.0504 -1.1616 0.3678 1.1927 -0.27788 0.32707
0.37707 -0.6085 -0.3746 -1.1256 -1.6609 0.59824 0.29121 -0.053351 0.4698 1.3061 -0.38321 0.98396 -0.074957 3.0443 -1.901 -2.9223 -0.73547 -1.9439 -2.2396 0.70365 -0.35816 -1.6884 0.70356 0.15946 0.34002 2.5202 -0.73468 -0.10487 -0.34532 2.4247 2.4083 0.61338 1.1515 1.9313 -0.037123 -0.47983 1.4936 0.12014 -0.53744
1.5599 -0.67887 -0.83238 -1.294 -1.742 -0.83992 0.48668 -0.36024 -0.72455 0.68221 -0.54734 0.14419 0.62804 2.2963 -1.8545 -2.4666 0.58683 -0.32382 -1.5135 1.4644 0.58398 -1.3478 -0.18533 0.54199 -0.2397 1.8668 -2.2828 -0.038013 0.83443 2.4447 3.9482 1.9793 0.14143 2.1135 2.0701 -1.3939 1.1865 -0.1369 -1.1401
1.2827 -0.93534 -1.9674 -0.41634 -1.0368 -1.1429 0.61268 -0.49284 -2.5291 0.95547 -0.59178 -0.00010733 0.85597 1.2034 -2.079 -1.7785 1.5118 1.7594 -0.15186 1.2245 1.6756 0.11406 -0.50563 0.84196 0.053986 1.5967 -2.8585 0.19333 1.6181 1.5422 3.4008 2.6727 -1.1598 0.97786 3.0467 -1.0518 0.42255 -0.57602 -1.4965
0.98246 -1.6928 -2.1242 0.39602 0.045838 -0.84758 0.87918 1.1119 -0.77202 0.32471 1.091 1.7781 1.103 -0.2499 -1.9399 -1.303 2.0494 3.4466 1.12 0.16488 1.755 2.1993 -1.405 0.68588 -0.56459 1.0972 -1.9592 1.0666 1.5554 0.010035 1.3323 2.3319 -1.9195 -0.58905 2.6743 0.4469 0.22333 -0.47832 -1.4389
0.90936 -2.3119 -1.5062 0.72989 1.3129 0.18054 1.2134 1.0961 0.36692 -0.90149 0.089408 1.4198 1.0549 -0.73952 -1.5335 -0.88767 1.661 2.7565 2.0592 -0.82638 0.96332 3.122 -0.60941 0.86604 -0.78683 0.39396 -0.45683 2.3177 1.0919 -1.3358 -0.94453 1.2573 -1.3351 -1.9572 0.545 1.5897 0.22611 -0.35209 -1.4249
0.76321 -2.1909 -1.7168 0.94302 1.728 0.85137 1.1203 1.8755 1.3243 -0.2828 0.13769 0.6441 1.2105 -0.20034 -0.41027 -0.39782 0.53621 1.7641 2.2831 -1.1097 -0.23995 2.9289 0.72702 0.9373 -0.89216 0.053911 0.52995 2.7193 0.41548 -2.1467 -2.6289 -0.045259 0.10834 -2.0396 -1.9443 2.1792 0.91101 0.72734 -1.1078
0.5995 -2.1656 -2.0053 1.2777 1.7011 1.2464 0.0075179 1.5048 2.614 -0.23163 0.31336 -0.96081 1.186 0.36508 0.86763 -0.4721 -0.43411 0.78518 1.9194 -0.64571 -1.2025 0.93706 1.4112 1.1288 -0.57547 -0.27248 0.71858 2.093 0.10145 -1.982 -2.6795 -0.93447 1.1869 -1.2298 -3.4391 1.1587 1.1909 1.3381 -0.67664
0.83074 -2.086 -2.3529 0.85753 1.0337 1.0785 -0.76058 0.014712 1.5163 0.44898 0.90574 -0.44089 0.9898 0.1277 1.2112 -0.8541 -1.2482 -0.63971 1.1161 0.26453 -1.2 -0.88971 1.6623 2.2431 0.92765 -0.4281 0.24036 0.79636 0.094633 -1.0732 -1.8899 -1.1622 1.4565 -0.11639 -3.1023 -0.24442 0.67043 1.2144 -0.27712
1.1375 -1.3725 -2.2842 0.20074 1.472 1.7389 -0.0081692 -0.39407 1.1686 2.0646 1.3376 0.44865 0.97442 0.35963 1.0091 -0.51458 -1.4581 -1.2114 0.70756 0.69218 -0.99898 -2.3746 1.1054 2.4231 1.2542 -0.49963 -0.19158 -0.42824 0.52594 0.19034 -0.63502 -1.0767 0.7724 0.74024 -1.0843 -1.2264 -0.65641 -0.44567 0.1646
1.4104 -1.0217 -2.1465 -0.14771 1.6283 1.8385 1.0982 0.26318 0.51546 0.87152 2.2643 1.6262 0.80729 0.2206 0.80518 -0.24273 -1.1222 -0.88082 0.47721 0.93088 -0.59053 -2.0945 0.45652 1.5305 0.8699 -0.29635 -0.38395 -1.064 1.0778 1.3999 0.59883 -1.1796 -0.54627 1.0032 1.0834 -1.6075 -2.1748 -2.4969 0.4237
0.50134 -1.4903 -2.4836 -0.81417 0.23516 1.5674 1.7643 0.34643 -0.47378 0.82811 2.8085 2.2816 0.72828 -0.026317 0.40459 0.058908 -0.10787 -0.31131 0.0059948 0.45209 -0.068367 -0.78708 -0.23309 0.25334 -1.5471 -0.060611 -0.61017 -1.1179 1.5277 2.0063 0.97161 -1.6331 -1.4768 0.68957 2.6042 -0.68334 -2.6263 -2.7013 0.53138
1.2288 -1.4441 -2.2869 -0.39712 0.21213 1.7838 0.6841 0.5181 -1.1915 1.0332 2.8578 0.46347 0.79888 -0.36416 -0.16613 0.5952 0.91616 0.078666 -0.98141 -0.64876 0.2915 0.6656 -0.62332 -0.73275 -3.2163 0.065137 -0.47083 -0.94541 1.6399 1.868 0.70512 -1.9935 -1.8106 0.3241 2.6509 -0.31686 -1.8545 -0.90479 0.45598
0.9054 -1.3188 -2.3733 0.086134 0.98748 1.7768 0.26793 -0.29021 0.63316 0.67149 1.5823 -0.30927 0.93512 -0.43252 -0.27076 1.5356 1.5908 0.19799 -1.9608 -1.2902 -0.10098 1.8749 0.4067 -1.3472 -2.6999 0.21316 -0.47585 -0.69136 1.3137 0.96393 -0.11112 -1.9396 -0.82967 -0.0078241 1.2918 -0.37335 -0.23251 2.1409 0.35639
0.98938 -1.3671 -2.1604 0.7754 1.2254 1.0813 0.085535 -0.28551 0.79107 0.84079 1.0646 -2.7435 0.92668 -0.41463 -0.34766 1.6709 1.8163 0.23848 -2.6915 -1.594 0.044767 2.3047 -0.42135 -1.1332 -0.57129 0.3337 -0.33223 -0.34594 0.56309 -0.28021 -1.1286 -1.1626 0.66991 -0.42128 -0.71023 -0.87036 1.109 3.6143 0.31101
0.65789 -1.4711 -1.3776 1.1884 1.6193 0.22749 -0.062485 0.77296 1.9449 0.88271 1.1042 -2.465 0.93008 -0.84829 -0.59016 1.6415 1.3984 -0.59535 -3.1781 -0.63823 0.020052 1.192 -0.99695 0.011609 1.8596 0.40485 -0.4267 -0.094331 -0.54727 -1.4869 -1.4414 0.35178 1.5232 -0.85826 -1.9283 -1.29 1.4268 3.3827 0.28249
0.64515 -1.4943 -0.50537 1.4425 0.72151 -0.92083 0.051841 0.034083 2.052 1.6812 1.3339 0.2503 0.96545 -0.74973 -0.54129 1.4395 0.44835 -1.6961 -2.7854 0.26469 -0.61853 -0.51268 -1.5074 0.64536 2.4972 0.49285 -0.33202 0.43296 -1.2486 -2.1847 -0.83459 1.9983 1.5367 -1.5582 -2.0989 -0.51846 0.44605 1.6572 0.28112
0.26236 -1.9595 -1.3687 1.3805 0.11473 -1.4474 -0.75295 0.39978 1.6183 -0.52958 1.7453 1.9901 1.1424 -1.0253 -0.3077 0.73912 -0.73367 -1.6108 -1.1566 0.61454 -1.4798 -0.86351 -1.4155 0.41313 3.2459 0.60926 -0.091063 1.0875 -1.4344 -2.1864 0.87794 3.0962 0.73183 -1.5598 -0.99611 0.011943 -1.044 -0.37756 0.24451
0.33132 -1.9043 -0.92036 1.4308 -0.17524 -1.6978 0.168 -0.013847 0.14049 -0.43957 2.6983 1.8703 1.2823 -0.91918 0.21795 0.06698 -1.5396 -0.85669 0.50164 0.63883 -2.2948 -1.1825 -1.1444 -0.51163 2.3933 0.70486 -0.0017703 1.3173 -0.83774 -1.6126 2.1718 2.7556 0.11432 -0.95798 0.27546 0.64316 -1.8161 -1.2056 0.061148
0.20101 -1.6518 -0.9343 0.50844 -0.78287 -1.3326 0.97431 -1.6167 0.087504 -1.0068 1.5792 0.40266 1.3992 -0.93091 0.78057 -0.030174 -2.0331 0.69304 1.6804 0.52986 -2.2343 -0.6094 -1.1258 -1.3638 1.0619 0.71075 0.15092 0.99304 -0.22464 -0.69135 2.1449 1.2559 -0.60457 0.06315 0.64776 0.30239 -1.7219 -1.305 -0.19635
-0.34053 -1.6014 -1.1561 -0.31985 0.080334 0.086933 0.56066 -1.7053 0.85854 -0.01355 1.1309 1.6453 1.462 -0.80652 1.0311 0.43862 -2.1652 1.3617 1.5852 0.50819 -2.1482 -0.033323 -0.42734 -1.8587 0.90522 0.54617 0.17653 0.23683 0.21272 0.1842 1.2856 -0.51558 -1.0183 1.1131 0.32789 -0.4062 -0.80226 -0.53435 -0.40021
-0.22487 -1.1781 -0.98957 -0.5865 0.71773 0.50917 0.27437 -2.0889 0.78852 -0.11337 0.29296 2.1894 1.6164 -0.82147 0.88542 0.16687 -1.8177 1.4377 0.95154 -0.46244 -1.4482 -0.028609 -1.182 -2.1302 1.0858 0.36036 0.34596 -0.35584 0.28772 0.81828 -0.14076 -1.8461 -0.82489 1.4739 -0.51519 -1.1902 0.004137 -0.38795 -0.44815
-0.38616 -0.91896 -0.73407 -0.93656 1.5183 0.50706 0.27801 -2.3129 1.0792 -0.98632 0.1273 2.4599 1.7017 -0.66846 0.5597 0.29473 -1.2704 1.2672 -0.19224 -0.78045 -0.51432 -0.75334 -1.8402 -1.6319 1.1843 0.20956 0.31946 -0.61973 -0.0024066 0.97377 -0.96925 -1.9662 -0.4746 1.6495 -0.99277 -1.5178 0.43728 -1.0068 -0.37786
-0.48795 -1.1883 -0.78796 -1.2269 1.026 -0.39265 0.40722 -2.3041 0.65403 -1.33 0.20628 2.9409 1.6456 -0.39513 0.46565 0.49027 -0.81909 0.47879 -1.2743 -0.37983 -0.16703 -1.3484 -2.5992 -1.4782 0.049651 0.12807 0.45934 -0.35365 0.0045395 0.86353 -1.1927 -1.1478 0.18964 1.3961 -0.65918 -0.45052 0.47267 -1.4774 -0.2501
-0.58992 -1.0808 -0.90162 -1.0297 0.82282 -0.58138 -0.22907 -2.3173 -0.4059 -2.2591 -0.27392 2.2242 1.6033 -0.4617 0.26968 0.25263 -0.68818 -0.022149 -1.3966 -0.43251 0.44149 -1.5026 -2.5071 -1.3787 -0.82016 0.029345 0.58074 0.09628 0.012206 0.63922 -0.6069 0.23801 0.6466 0.97815 0.4453 0.87164 0.32855 -1.3038 -0.074767
-0.68311 -1.1409 -0.71206 -1.4815 0.98244 -0.96941 -0.025349 -2.1938 -0.60666 -2.765 -0.68595 2.29 1.625 -0.11972 0.48328 0.17495 -0.35589 -0.21281 -0.8279 -0.29449 0.80483 -1.0636 -1.6547 -1.3849 -1.198 0.031991 0.69481 0.22433 0.066261 0.4451 0.16675 1.2404 0.9539 0.5916 1.4897 2.0873 0.4182 -0.49377 0.088914
-0.64486 -0.86365 -0.51706 -1.4234 1.0171 -1.0912 0.21929 -1.9814 -0.51904 -2.9829 -1.0077 1.8047 1.6916 0.21345 0.721 0.45192 -0.20347 0.45038 0.1037 0.37276 0.90732 0.077009 -0.66317 -1.0751 -1.0934 0.13348 0.77421 0.081407 0.035887 0.40918 0.2819 1.4548 1.1932 -0.10341 1.8346 2.4376 0.5323 0.15168 0.1821
-0.77722 -0.82623 -0.767 -1.6342 1.0064 -1.0021 -0.35398 -1.4513 -0.8448 -3.2834 -1.3799 1.1698 1.6784 0.48847 0.61423 0.47824 -0.15611 0.5756 0.59295 0.9877 0.74606 1.0874 0.38578 -0.85958 -0.92081 0.22669 0.46021 -0.5573 -0.31539 0.2584 -0.10968 1.0614 1.1252 -0.67181 1.6007 2.1743 0.65587 0.38656 0.11713
-0.38893 -0.49682 -0.60649 -1.2949 1.0483 -0.55896 0.090189 -1.3559 -0.10231 -2.7367 -1.31 1.3159 1.7029 0.59566 0.35061 0.1391 0.044506 0.13935 0.95913 1.1438 0.24761 1.3915 1.0302 -0.65836 -0.63605 0.23912 0.19351 -1.1041 -0.77836 0.179 -1.0535 0.2926 0.60696 -0.9329 0.82638 1.6418 0.6651 0.12012 -0.18388
-0.24338 -0.57777 -0.25884 -1.4411 1.6956 -0.19331 1.0433 -1.3457 0.65254 -2.1722 -0.99472 1.6743 1.7723 0.49584 -0.20333 -0.20297 0.047259 -0.25866 0.98719 1.4103 -0.20841 1.7441 1.5671 -0.38011 -0.58371 0.17723 -0.091982 -0.45182 -0.41989 0.28102 -1.3896 -0.47093 -0.11648 -0.66383 -0.11197 1.0963 0.60479 -0.18596 -0.9385
-0.15802 -0.63943 -0.4248 -1.4422 1.4003 -0.10352 1.0253 -1.5737 0.81008 -1.9957 -1.6615 0.91349 1.8577 0.54522 -0.61363 -0.49624 0.061121 -1.1585 0.53999 1.2833 -0.47293 1.5434 1.8258 -0.084447 -1.0092 -0.1491 -0.14481 1.0009 0.32065 0.67211 -1.3892 -0.82811 -0.88666 0.040732 -0.9677 0.67188 0.59749 -0.49752 -1.9551
-0.19471 -0.84314 -0.72987 -1.4559 0.74074 0.00068276 1.1959 -2.0014 0.8264 -1.7787 -1.6724 1.4281 1.8587 0.34472 0.3927 0.091293 0.40854 -1.4513 -0.16235 0.68779 -0.22104 0.78218 2.0544 -0.028475 -1.1595 -1.1534 -0.34897 2.4816 1.402 1.0425 -0.781 -0.93098 -1.5219 0.80355 -1.5941 0.19504 0.71608 -0.30007 -2.7433
-0.28738 -1.1343 -0.93002 -1.4099 0.57241 0.042189 1.6121 -1.9741 1.6043 -1.1567 -1.4359 0.58841 1.7989 0.40892 1.6648 0.49413 1.2291 -1.9394 -0.17863 -0.16443 0.31464 -0.20258 2.0649 0.27028 -1.4636 -2.3764 -0.96844 2.9434 2.076 1.1591 0.44472 -0.43225 -1.4625 1.2876 -1.5556 -0.20589 0.73391 0.12961 -2.6546
0.044798 -1.2789 -1.1855 -1.4403 -0.55355 -0.39981 1.0736 -1.7929 1.0894 -0.88011 -1.2222 -0.33225 1.3553 -0.059034 2.6301 1.5662 1.5788 -1.3675 -0.58139 -0.7225 0.96139 -0.80907 1.8403 0.76794 -1.0345 -3.3134 -1.5481 1.8847 1.2326 0.71056 1.5092 0.17173 -0.90743 1.0485 -1.0451 -0.93824 0.97634 0.52945 -1.5313
0.030338 0.73092 0.31721 -0.4663 0.078004 -0.79356 1.2205 -1.3821 0.90991 0.16207 -1.2744 0.37814 0.20223 -0.97044 2.9766 2.1289 1.8277 -0.32995 -0.1344 -0.75721 1.453 -1.0041 1.581 0.87597 -0.79783 -3.5244 -1.983 0.22104 -0.038803 -0.010972 2.0794 0.38671 -0.09942 0.4552 -0.16176 -1.2725 1.4151 0.83321 0.19442
0.2276 1.2231 0.17265 0.46164 -0.65436 0.044263 0.65859 -0.90662 0.046255 0.15026 -0.84932 -0.40254 -0.66395 -1.7073 2.7579 1.2621 1.5523 0.67247 0.19593 -0.72409 1.2559 -1.059 0.58439 1.479 -0.33278 -3.1489 -1.5247 -1.5426 -1.667 -0.6624 1.3972 0.27777 0.014899 -0.47646 0.67925 -1.0655 1.4169 0.77724 1.9117
-0.65718 1.4283 1.0267 0.25596 -0.093044 -1.0079 0.14385 -0.54365 -0.13466 -0.10475 -0.72045 0.081866 -1.0988 -2.2771 1.9699 0.56257 1.2238 1.0716 0.26311 -0.3619 1.0446 -0.41429 0.36009 2.5426 0.018014 -2.1308 -0.41371 -2.2977 -2.191 -0.96707 0.55509 -0.32677 0.1482 -1.1355 1.3627 -0.55441 0.98256 0.58138 2.7479
-1.6558 1.2191 0.87134 0.61178 0.57957 0.28437 0.876 -0.28901 0.23691 0.28035 -0.51513 0.16266 -1.0363 -2.1061 0.69097 -0.38754 0.54257 0.64371 -0.17779 -0.90478 0.20736 0.3734 0.50245 2.5658 0.26604 -0.79936 0.87531 -2.0347 -1.4704 -0.68047 -0.26633 -0.63056 0.44271 -1.0318 1.5908 0.19093 0.018188 0.23388 2.5998
-1.8121 1.2333 -0.54948 0.21683 1.1194 0.04362 0.72941 -0.69737 0.31185 -0.70807 0.8662 -0.29558 -1.0868 -1.5084 0.36377 -0.63707 0.37716 0.76832 -0.61063 -0.40238 -0.2793 1.2312 0.6228 2.1545 0.17737 -0.084469 1.7507 -1.2805 -0.43206 -0.60433 -0.33001 -0.65065 0.50396 -0.4784 0.81895 0.32981 -1.4041 0.12825 1.6646
-1.9465 1.4302 0.041843 0.60166 0.33635 -0.51876 0.65288 -0.32801 0.53813 0.34641 2.3133 0.010208 -0.98557 -0.55153 0.33402 -0.55448 0.60083 0.31991 -0.66621 0.111 -0.13439 1.5618 0.83811 1.6982 0.092364 0.19407 1.7453 -0.59275 0.92865 -0.32615 0.060961 -0.0221 0.59302 0.26451 -0.53315 -0.04461 -2.2263 -0.087898 0.5158
-1.6947 1.7161 0.31042 0.57406 0.2047 -1.123 -0.6922 -1.2995 1.1627 1.2037 1.2085 0.82984 -0.83288 0.032345 0.1237 -0.078405 -0.025924 0.6062 -0.83374 0.059517 0.25346 0.77024 0.83525 0.35158 0.37568 0.16857 1.1981 -0.76882 1.1404 0.011281 0.25633 0.70568 0.11733 0.70003 -1.7447 -0.71401 -2.401 -0.41089 -0.27142
-1.5365 1.5114 -0.087152 1.0271 0.65368 -0.82309 0.53669 -0.96656 1.5704 0.46518 1.2238 -0.435 -0.98756 0.20075 -0.11732 0.82606 0.087073 0.85333 -0.091573 -0.039977 0.44258 -0.53385 0.34387 -0.6895 -0.041113 -0.058512 0.4187 -0.9328 0.84408 0.18899 0.13986 1.179 -0.13403 0.71612 -2.1023 -1.1487 -1.4121 -0.61848 -0.66037
-1.717 1.5768 0.4958 1.1026 0.74525 -1.2026 1.0791 -0.17211 1.8603 0.76974 1.4003 0.34255 -0.9105 0.22586 -0.61956 0.51059 0.66055 1.0079 0.60015 -0.12009 0.79185 -1.472 -0.42561 -1.1339 -0.67938 -0.41244 -0.0099934 -0.72565 0.12777 0.43169 -0.58554 1.2138 -0.82294 0.40968 -1.0555 -0.87637 0.032634 -0.34732 -0.6606
-1.8136 1.141 0.086748 -0.19064 1.844 -0.4372 0.81762 0.084976 0.40424 0.88486 0.20724 0.71625 -0.88752 0.085047 -0.76476 0.50615 0.6441 0.40016 1.1057 -0.062148 0.98774 -1.8395 -0.63427 -0.19881 -0.76345 -0.62268 0.048021 -0.30311 -0.75014 0.14648 -1.0719 0.72432 -1.0399 0.17166 0.32591 -0.30827 0.58912 0.18896 -0.42133
-1.5674 1.2765 0.65777 0.73545 1.5193 -0.16769 -0.026479 -0.45089 -0.96308 -0.26466 0.85049 -0.64595 -1.2151 0.066088 -0.69277 0.26939 0.57373 -0.28859 1.1293 -1.4798 0.76847 -0.84128 -0.27276 0.15829 -0.04582 -0.65699 0.51345 0.22373 -0.77457 -0.37538 -1.4445 0.017988 -0.83026 0.14448 1.3013 0.49042 0.78186 0.45789 0.2055
-1.5709 0.87141 0.55261 2.2678 0.93883 -0.097316 -0.094516 0.36673 -0.71224 0.3217 0.65096 -0.76825 -1.4055 0.35903 -0.5473 -0.29613 0.43088 -0.56014 1.181 -1.316 0.77293 -0.13395 -0.27458 -0.24673 0.047405 -0.64218 1.1472 0.32977 -0.73259 -1.0005 -0.97405 -0.79685 -0.50238 0.1252 1.0122 0.67933 -0.1586 0.41276 1.0098
-1.5907 1.0423 0.6232 1.2027 0.49021 0.23661 -0.0012054 -0.084333 -0.18469 0.36787 1.394 -0.17308 -1.4224 0.9896 -0.35501 -0.37086 0.010396 -1.2941 0.62106 -1.0572 1.1644 0.49437 0.33582 0.33804 -0.083765 -0.056281 1.5167 0.35319 0.0083239 -1.4824 -0.45835 -1.3497 0.21369 -0.16008 -0.31991 0.092097 -0.70301 0.076715 1.5684
-1.6026 0.86875 0.091657 1.3269 0.56473 0.33935 -1.2679 0.44424 1.5435 0.35934 1.4108 0.35164 -1.4969 1.6438 -0.39131 -0.3879 -1.0973 -0.96958 -0.28734 -1.2247 1.0169 -0.3118 0.35356 -0.59294 0.1566 0.77363 1.2486 -0.039321 0.73996 -1.3635 0.071502 -1.5128 0.095441 -0.69694 -1.1881 -0.49152 -0.98553 -0.15373 1.7525
-1.2575 0.97322 0.029147 0.82193 0.87013 0.48257 -0.052299 1.0385 0.53006 0.34416 -0.058241 0.57126 -1.4353 2.0971 -0.19109 0.30848 -1.6614 -0.95935 -0.941 -1.1385 0.31157 -1.4301 -0.38529 -0.98717 0.056237 1.2696 0.39235 -0.30825 1.3 -0.70854 0.4802 -1.0274 0.10138 -1.543 -1.3057 -1.0596 -0.93962 -0.23255 1.3658
-0.35529 0.77928 0.066446 0.071349 -0.04884 0.21211 -0.78904 1.4381 -0.36534 1.1082 1.2481 -0.59992 -0.79565 2.0049 -0.67532 0.54965 -1.4916 -0.57859 -1.1837 -1.1094 -0.19328 -1.7223 -0.79635 -1.4291 -0.37644 1.6385 -0.6566 -0.32246 1.3869 0.17815 0.53593 -0.38403 0.029915 -1.8044 -0.17527 -0.77975 0.0069151 -0.41942 0.6554
0.26722 0.73983 0.55992 0.012527 0.21068 -1.0273 -1.884 0.53126 -2.1087 -0.10424 -0.22725 -0.63439 -0.40705 1.4958 -0.68779 1.2584 -1.2241 -0.55051 -1.0604 -0.9379 -1.2899 -1.6045 -1.0267 -1.0033 -0.34568 1.8058 -1.5687 0.047557 0.83809 0.60473 0.94556 0.23162 0.21689 -1.4494 1.0275 -0.055622 0.18461 -0.238 -0.11128
0.29431 0.79242 1.084 -0.015891 -0.49148 -1.0786 -1.1705 0.25508 -1.7637 -0.39719 -0.16197 0.018217 -0.33147 0.77784 -0.64039 1.3768 -0.95142 -0.12716 -1.0106 -1.2816 -1.7568 -0.59041 -0.74339 -0.58074 -0.58483 1.6073 -1.6671 0.92103 0.18575 0.65173 0.67978 0.78697 0.43565 -0.71746 1.5551 0.63404 0.56919 -0.20852 -0.86442
0.00068275 0.10918 0.64676 -0.77227 0.30851 -0.66201 -1.5711 -0.19029 -0.67005 -0.57507 -0.32823 -0.29314 0.01851 -0.067499 -0.11612 1.2403 -0.70283 0.65375 -0.5218 -0.65959 -1.7816 0.23258 -0.48457 -1.0761 -0.38007 1.0998 -0.9117 1.4417 -0.4851 0.70852 0.033616 0.85009 0.59176 0.25916 1.284 0.82809 0.48645 0.010466 -1.3799
-0.15105 0.35927 1.3232 -0.16092 0.033798 -0.5702 -1.9133 -0.98325 -0.51853 -0.57815 0.080753 0.042036 0.20096 -0.16547 0.52375 0.84105 -0.42837 0.14423 0.21523 -0.44694 -1.3805 0.72567 0.14061 -0.34092 -0.83443 0.54163 0.13018 1.7206 -0.63365 0.84166 -0.94005 0.56286 0.87472 0.89288 0.28665 0.63366 0.37571 0.40059 -1.6809
-0.0071026 0.45585 1.3319 -0.77012 0.5251 -1.1219 -1.8542 -0.7014 -1.0951 0.13333 -0.38582 -1.151 0.27033 0.35016 1.0451 0.71543 -0.046704 -0.61053 0.12708 -0.26184 -0.98704 0.51915 0.099733 -0.22564 -0.21098 0.023326 0.63392 1.3134 -0.43143 0.8343 -1.4426 0.042978 0.81276 1.2556 -0.27286 0.27111 0.55927 0.73295 -1.6576
-0.14992 0.91886 1.4258 -0.84636 0.7766 -0.93011 -1.8104 -0.97274 -1.0155 0.029893 -0.85212 -1.0153 0.29479 0.79257 1.5386 0.58626 0.4292 -1.3018 -0.13592 0.14171 -0.41454 -0.10314 0.17176 -0.31473 0.20474 -0.67508 0.25323 0.63306 -0.31218 0.94376 -0.92414 -0.32871 0.72004 1.0503 -0.078118 0.072539 0.44467 1.0748 -1.3328
0.27502 1.3387 1.4264 -0.34752 -0.45424 -0.54866 -2.2025 -1.3058 -1.0136 -0.36925 -0.41033 -1.3627 -0.060371 0.56707 1.4869 0.64426 0.56216 -1.4016 -0.23535 0.55249 0.18965 0.07069 0.033844 -0.055987 0.7107 -1.0734 -0.36231 -0.24866 -0.43821 0.57797 -0.21429 -0.12883 0.6233 0.98605 0.16666 0.2075 0.73457 0.95896 -0.69071
0.68849 1.3939 1.6542 -0.18415 -1.3963 -0.78452 -1.2668 -1.0272 -0.34044 -0.56207 -0.22933 0.68588 -0.27124 0.16704 1.3287 0.34755 1.1827 -1.2362 -0.27071 0.47902 0.080988 0.79366 0.33877 0.39399 1.0724 -1.1462 -0.69079 -1.0898 -0.49522 -0.22674 0.61254 0.32537 0.20236 0.95971 0.21449 0.17288 0.9294 0.66692 0.29644
0.66947 1.4984 1.3145 -0.014457 -0.87638 -0.98153 -1.5917 -0.81261 -1.064 -0.10084 -0.72362 -0.17916 -0.60792 0.016326 0.77029 0.10032 0.75106 -1.0469 -0.05427 0.72185 0.68832 0.44249 0.43208 0.77985 1.4662 -0.89932 -0.57139 -1.4138 -0.16125 -1.0794 1.062 0.62114 -0.69344 0.72201 -0.17838 0.16676 0.84414 -0.38475 1.0651
0.06118 1.799 2.2702 0.27625 -0.95993 -1.1806 -1.184 -0.50999 -0.65572 -0.17998 0.0028214 0.35918 -0.69822 -0.15904 0.17609 0.030864 -0.12091 -0.28419 0.47555 0.42273 1.2074 0.18588 0.32419 0.9902 1.2911 -0.26303 -0.17298 -1.1115 0.14261 -1.6659 1.1312 0.70238 -1.411 0.42552 -0.36687 -0.26464 0.54187 -1.1201 1.2951
-0.01029 1.8635 1.3488 0.83186 -0.51798 -1.349 -1.5314 -1.0153 0.27362 0.83141 -0.051709 -0.1724 -0.67217 -0.2859 -0.17407 0.51947 -0.96904 0.18632 0.71264 -0.72773 1.0294 0.0020772 0.38132 1.2099 -0.26422 0.27458 0.32922 -0.62992 -0.29129 -1.013 0.81332 0.28788 -1.6694 -0.27946 -0.29764 -0.6036 -0.11277 -1.6164 0.83918
0.26459 1.6152 1.4239 -0.22876 -1.3121 -0.3741 -0.87366 0.060697 -0.89722 -0.065764 0.39869 1.4142 -0.55659 0.0060699 0.045636 0.35 -1.3283 0.34495 0.83702 -1.4454 0.72927 0.2348 -0.096831 1.1798 -0.55705 0.44261 0.17717 -0.31259 -0.76153 0.29874 0.71471 -0.19462 -0.51804 -0.60194 -0.39224 -0.96996 -0.61522 -1.4763 -0.14789
0.50407 1.3288 1.6104 -0.86888 -1.1823 0.24031 -1.6491 0.49618 -0.74341 -0.39206 0.93276 0.89689 -0.25688 0.50899 -0.15205 -0.5543 -0.69365 0.22167 0.38853 -1.4763 0.35726 -0.21172 -0.44789 0.46619 -1.2036 0.15814 -0.66736 -0.38466 -1.445 1.6502 0.88191 -0.48418 1.3371 -0.71403 -0.071064 -0.79024 -1.0021 -0.55312 -1.0991
0.23717 1.2843 2.5534 -1.4916 -0.7432 -0.45812 -2.7123 0.0062338 -0.50587 0.32578 0.95729 -0.89242 -0.12128 -0.2499 -0.31662 -0.69358 0.35025 1.0906 0.25113 -0.18356 0.33798 -0.54102 -1.0321 0.20707 -1.5227 -0.45169 -1.7192 -0.63496 -1.5544 2.2223 0.92039 -0.47513 2.7362 -0.31724 0.3702 0.087632 -1.0786 0.14119 -1.5422
0.37862 2.0767 1.585 -1.0669 -0.16959 -0.33676 -3.2963 -0.17741 -0.37965 -0.24384 0.67482 -0.82361 -0.43745 -1.3435 -0.58953 -1.3339 1.5383 1.5292 0.01299 1.1276 -0.20125 0.24896 -0.58817 -0.1796 -1.0199 -1.1221 -2.1343 -0.60476 -0.95125 1.6406 0.56094 0.14448 3.1598 0.4752 0.95523 0.71689 -0.74784 1.1367 -1.2901
0.65597 1.5173 0.85328 0.49441 -0.98363 -1.0597 -2.2167 -0.32706 -0.82148 -0.50143 0.27555 -0.91404 -0.7504 -2.1117 -0.73123 -1.8136 2.0613 1.4813 0.05113 2.3536 0.36397 0.81522 0.16655 -0.5157 -0.34941 -1.5051 -1.5471 -0.73775 -0.26397 0.09178 0.11783 0.21354 2.2327 0.9954 1.1852 1.5547 -0.40017 1.5234 -0.061752
-0.66256 1.1742 0.63454 1.1336 0.95663 -0.20407 -0.41916 0.15174 -1.0445 -0.99039 0.54416 -1.1912 -1.1855 -2.3375 -0.89221 -1.5648 1.7779 1.1215 0.81189 3.1475 1.261 1.1828 0.31466 -0.57451 0.71439 -1.4796 -0.21102 -0.44579 0.48067 -1.8481 -0.18161 -0.5973 0.40883 0.7468 0.71183 1.2744 -0.052103 0.9303 1.7322
-1.3722 0.71183 0.52589 0.98055 0.19754 0.14637 0.33441 -0.016002 -0.11698 -0.57626 0.54355 0.7218 -1.4772 -2.4928 -1.3247 -1.0286 0.42004 1.533 0.3196 2.9665 1.5484 1.5608 1.4343 -0.34979 0.97145 -0.3752 1.6742 0.41995 0.80515 -2.5784 -0.48758 -1.5225 -1.6325 -0.69377 -0.11851 0.63381 0.089581 0.042195 2.6764
-1.6448 0.86269 0.40527 1.0512 0.5805 -0.10768 -0.084657 1.1383 0.85494 0.76527 0.24205 -0.74436 -1.4509 -1.5322 -0.98682 -0.96344 -1.3812 1.163 -1.3506 1.5727 0.65829 1.4238 1.1753 -0.36838 0.36715 1.2226 2.5305 1.2352 0.72591 -1.8407 -0.34771 -1.6784 -2.6594 -1.8691 -0.9752 0.00069869 0.25634 -0.55058 2.223
-1.6868 0.96382 0.96867 0.64248 0.45223 0.59356 0.38017 1.5945 0.82636 0.27797 0.029388 0.049309 -1.5109 0.43718 0.0021774 -0.82259 -1.5786 0.5286 -2.0336 0.077755 -0.72106 0.45137 0.94381 -0.46061 -0.095605 1.6386 2.2844 1.588 0.52227 -0.081131 -0.56168 -0.5956 -2.1447 -2.0425 -1.467 -0.91024 0.41827 -0.14264 0.47306
-1.9427 0.48013 -0.048296 -0.2741 1.861 -0.83997 0.59614 1.369 1.0543 1.465 0.25961 0.4633 -0.42525 0.66201 0.43006 -0.50527 -0.94789 0.96216 -1.5039 -0.39043 -1.3062 -0.35367 0.59168 -0.050258 0.01498 1.247 0.86328 1.2633 0.80427 1.3992 -0.83618 0.91443 -0.72299 -0.90631 -0.78057 -1.0627 0.50707 0.29783 -1.3904
-0.97856 0.35097 -0.36882 -1.3632 0.4957 -3.4627 0.1417 -0.3372 0.34939 -0.12151 -0.080368 -0.98012 0.66527 0.4398 0.51491 -0.42702 0.042678 0.55815 -0.82963 -0.072447 -1.5128 -0.70246 0.066088 0.26169 0.81826 0.40819 -0.57322 0.57571 1.1209 1.7837 -1.2084 2.1941 0.29969 0.77104 0.14805 -1.1845 0.32906 0.34 -2.4538
-0.10168 1.5318 0.0751 -0.18439 1.306 -1.5849 -0.34649 -1.1902 -0.53235 0.31714 0.053764 -0.61533 -0.39497 -0.014739 0.78741 0.12903 0.64625 -0.45775 -0.01758 0.28419 -0.75094 0.3293 -0.329 0.20647 0.55668 -0.49515 -1.0233 0.063509 1.212 1.4457 -0.84809 2.9687 0.36327 1.6889 0.78819 -0.56497 0.041072 0.094415 -2.4236
-1.5343 1.1234 0.38634 0.47171 1.4891 -0.49813 -0.14218 -0.4941 0.20483 1.0034 0.62153 1.0543 -0.95711 -0.24368 0.75791 0.6665 1.2414 -1.0871 1.837 0.28802 0.50084 0.44148 -0.76521 0.015358 0.37343 -1.6086 -0.44073 -0.90909 0.9193 -0.024442 -0.91059 2.0939 -0.21272 2.0655 0.92672 -0.0076425 0.16856 -0.48524 -0.66897
-1.6317 1.1908 0.070552 1.2087 1.1048 -0.77726 0.45962 0.28756 0.32059 0.7728 0.45236 0.70253 -1.1904 -0.81071 0.42643 0.90272 1.3851 0.15582 3.3979 0.095741 0.99477 0.78674 -0.011412 0.14068 0.43326 -1.8121 1.1281 -1.626 0.35571 -1.4992 -1.1012 0.12952 -1.126 1.1234 0.20748 0.32601 0.15011 -0.9922 1.5652
-1.746 1.4404 0.83488 0.3801 -0.25333 -0.47334 1.1346 0.8276 2.0028 -0.30818 0.09351 0.4213 -1.2306 0.052629 -0.73722 0.66383 -0.37262 -1.4984 1.8667 -0.38822 1.6641 1.08 -0.076405 0.5999 -0.20823 -0.055061 2.3715 -1.8496 0.024977 -2.4238 -1.4228 -1.8068 -1.7405 -0.23311 -0.22666 0.23302 -0.0059406 -1.0668 3.196
-1.3438 1.0296 0.1975 0.68364 0.36608 0.53525 0.24167 1.1165 0.53695 -0.097581 0.057222 -0.084367 -1.4051 1.8238 -1.0406 0.68965 -1.5802 -2.3704 0.25963 -1.4943 0.86122 0.46982 -0.037454 0.18513 -1.3637 1.3573 2.7711 -1.687 -0.13839 -2.0173 -1.5222 -2.5263 -1.7812 -0.98241 -0.50285 -0.23926 -0.2311 -0.77116 3.2674
-1.4576 1.2278 0.82022 0.97408 1.9776 1.8453 -0.4702 -0.29007 0.61475 0.54741 0.38905 -0.17193 -1.3968 2.6226 -1.4406 0.79337 -2.1824 -2.5642 -0.35505 -2.182 0.088836 0.1233 -0.28895 -0.026683 -1.1045 2.1738 1.5582 -1.09 -0.17192 -0.71239 -0.62652 -1.7027 -0.97618 -1.2549 -0.27081 -0.4783 -0.71331 -0.0052619 1.8699
-0.17246 0.35806 0.78607 -1.1405 -1.6077 0.11144 -0.78154 1.7902 1.3014 0.73798 1.5497 0.072415 -0.11377 2.794 -1.8946 0.59208 -1.7929 -2.2436 -0.75847 -2.3486 -0.17259 0.1927 -0.319 0.014644 -0.84017 2.5605 -0.0024178 -0.76748 -0.62483 0.45044 -0.084764 -0.57794 0.4193 -0.6753 0.28377 -0.54738 -0.93646 0.69082 0.38144
0.45593 0.12083 0.99756 -1.4856 -1.9192 -1.3512 -1.6367 0.62939 0.94098 0.64514 0.17557 -1.1393 0.5022 2.3142 -2.0313 0.41209 -1.7057 -2.7625 -1.1675 -1.7979 -0.31074 0.6467 -0.79343 -0.65262 -0.49494 2.4841 -1.1521 -0.078835 -1.1112 1.482 0.94491 0.75056 1.5338 -0.77388 0.47469 -0.11879 -1.2721 0.5438 -1.0676
0.91451 0.045115 1.0132 -1.5261 -1.9638 -0.75622 -1.5332 0.37021 0.9901 -0.73477 -0.13709 -0.57807 0.62032 1.9673 -1.9521 -0.15828 -0.90236 -2.4245 -0.52302 -0.91532 -0.28896 0.83246 -0.77129 -1.2554 -0.15147 1.844 -1.592 0.53273 -1.3231 1.804 1.3784 1.6911 2.3347 -0.78537 0.6158 0.57877 -0.92232 0.56257 -1.8673
0.80391 -0.48791 1.1611 -1.0978 -1.6357 -0.051558 -1.7956 0.65972 1.9508 -0.56888 0.33919 -0.64232 0.78629 0.99401 -1.5209 -0.66261 0.37827 -0.6362 1.1193 -0.044808 -1.3972 0.83958 -0.25293 -1.7704 -0.25753 0.74114 -1.3815 0.81687 -1.2359 1.7264 1.5257 1.6046 2.337 -0.66787 0.17098 1.5511 -0.19006 0.24484 -1.8249
0.67135 -0.88801 0.53915 -1.395 -2.316 -0.22589 -2.0657 0.31554 1.0403 -0.45344 -0.62972 -0.5463 0.77568 0.6349 -1.2839 -1.047 0.8232 -0.63116 1.6589 1.1255 -1.1962 1.4368 0.51613 -1.1536 0.27406 0.29848 -0.85919 1.0715 -0.61456 0.98632 1.021 0.53683 2.0087 -0.38621 -0.33831 1.5377 0.38943 -0.012566 -1.1765
1.1647 -0.78144 0.67332 -0.89124 -2.2192 0.59877 -1.3028 0.086318 2.1236 0.19916 -0.69419 -0.19831 0.79701 0.53293 -1.0465 -1.1779 0.93243 -0.6987 1.1213 1.5366 -1.1925 0.7256 1.4741 -1.0664 -0.17861 0.19442 -0.27205 1.0467 0.12908 0.22414 0.35961 -0.56182 1.2525 0.31071 -0.71027 0.8691 0.95174 -0.16801 -0.38188
1.0978 -1.1031 0.10603 -0.80389 -2.5042 0.85008 -0.8916 -0.68969 2.1823 0.41924 -1.2125 -1.0608 0.79752 0.67329 -0.46448 -0.9225 0.82229 -0.40865 0.62059 2.0353 -1.1718 0.17199 1.2514 -0.89064 -0.23206 0.14352 -0.35309 0.87002 0.66222 -0.25858 0.48273 -0.83045 -0.1376 0.63154 -1.3217 -0.19665 0.89723 -0.44935 -0.06745
1.2704 -1.0219 0.10304 -0.32751 -2.5689 0.64575 -0.039521 -0.92252 2.9997 0.6181 -1.0422 -0.3477 0.849 0.48769 -0.24529 -0.53491 0.83645 -0.041492 0.48331 1.8285 -0.81679 -0.047796 1.024 -0.13746 -0.38994 0.17891 -0.47751 0.62306 1.0802 -0.58906 0.6926 -0.49753 -1.1031 1.1466 -1.0936 -0.85713 0.98337 -0.023716 0.028662
1.3466 -1.1649 -0.0057331 -0.29946 -2.6103 0.63975 -0.11422 -0.68186 1.3623 1.0754 -1.1275 -0.93299 0.87728 0.027196 -0.28092 -0.30974 0.35104 -0.015776 0.26053 0.70994 -0.15934 -1.015 0.40646 0.04485 -0.62897 0.19441 -0.63465 0.21678 1.1196 -0.9539 0.70126 -0.26069 -1.7862 1.1917 -0.74868 -0.87966 0.62061 0.087812 -0.019617
1.4402 -0.9578 0.2494 -0.30951 -2.1092 0.58313 0.42401 -0.73876 1.7605 0.72443 -0.96894 -0.77664 0.9278 0.005842 -0.12841 0.25559 -0.021574 0.45462 0.28082 0.12539 0.54081 -1.0276 0.33522 0.28928 -0.045978 0.2185 -0.57291 0.3252 0.96931 -0.98867 0.49879 -0.19688 -1.6829 0.85795 0.060689 -0.87165 0.08125 0.37875 -0.15568
1.2139 -1.1444 0.0066724 -0.21476 -2.4503 0.81011 0.067208 -0.81171 1.4212 0.98011 -0.73248 -0.97584 0.94373 -0.21357 -0.1607 0.48636 -0.67741 0.70979 0.19707 -0.4636 0.47764 -0.94075 -0.0073633 0.043521 -0.2228 0.09219 -0.45507 0.60484 0.72599 -0.66261 0.25675 -0.28351 -1.2783 0.33621 0.84946 -0.83733 0.052734 0.31973 -0.27078
1.0643 -1.2251 0.19436 -0.5705 -2.4564 1.1604 -0.70769 -0.22543 0.92521 0.57129 -0.93353 -1.3849 0.97931 -0.41063 0.22966 0.62624 -0.64849 0.57077 0.12382 -0.74224 0.53548 0.058219 -0.35742 0.0058387 0.2327 -0.029939 -0.37117 0.91066 0.43452 -0.39462 0.17119 -0.5423 -1.0293 0.020309 0.89294 -1.1399 0.1846 0.31848 -0.34816
1.277 -1.1877 0.43823 -0.73106 -1.7966 1.0045 -0.24373 -0.012892 1.4011 1.1229 -0.82526 -0.40728 1.0321 -0.57506 0.5209 0.66762 -0.67414 0.43323 -0.23351 -1.2576 0.48618 0.28659 -0.77178 0.27607 -0.073315 -0.13456 -0.11765 1.1067 0.33831 -0.046806 0.32314 -0.63072 -0.66294 0.077356 0.56495 -1.1021 0.52061 0.54333 -0.31726
1.0701 -1.1809 0.58742 -1.3874 -1.6802 0.59853 -0.4475 -0.5704 1.2858 0.60079 -1.1531 -0.91793 0.87502 -0.47566 0.99915 0.85267 -0.81896 0.93456 -0.61814 -1.4136 0.55702 0.29708 -1.3691 0.50818 0.5715 -0.25124 0.020421 0.87502 0.2024 -0.00039702 0.38278 -0.41872 -0.46851 0.19953 -0.30697 -1.0375 0.67941 0.23205 -0.26039
0.86839 -0.65937 0.60818 -0.78279 -2.06 0.80794 -0.83781 0.026976 1.7684 0.38139 -0.94638 -0.49708 0.83875 -0.39538 1.2354 0.90408 -0.68333 1.1633 -0.7313 -1.3793 0.59974 0.17067 -1.5178 0.75357 0.79812 -0.32839 0.24696 0.30476 0.01197 0.17991 0.36262 0.033997 0.093355 0.5384 -0.76987 -0.72992 0.82602 0.046813 -0.10983
0.68777 -0.50159 0.7659 -1.0863 -1.8324 0.30717 -1.4602 -0.19624 1.9603 -0.43443 -0.18811 -1.361 0.82496 -0.47084 1.2839 0.81747 -0.64103 0.95648 -0.48285 -1.5694 0.85227 -0.53369 -1.8807 1.0242 0.29773 -0.36878 0.32017 -0.45729 -0.36275 0.12932 0.099529 0.27964 0.78802 0.48361 -1.045 -0.2582 0.63752 -0.31695 0.054184
0.78773 -0.26648 0.91004 -1.5847 -1.0406 0.21774 -1.9344 0.2869 1.1817 -0.83152 -0.16224 0.27877 0.72134 -0.14758 0.88097 0.68436 -0.39498 1.134 -0.20907 -1.0177 1.3798 -0.94636 -1.8411 1.5483 0.15398 -0.25876 0.28319 -0.87672 -0.63509 0.12511 -0.071951 0.41554 1.5444 0.30299 -0.8941 0.33796 0.039644 -0.28682 0.17305
0.83978 -0.16272 1.2426 -1.5487 -0.74188 0.33112 -1.8783 0.66859 1.1603 -0.804 -0.18221 0.02054 0.69299 -0.040333 0.46401 0.35103 -0.69749 1.1523 -0.27298 -0.13421 1.1003 -1.3862 -1.6565 1.2899 0.17817 -0.19368 0.065893 -0.89806 -0.62041 0.23789 -0.30001 0.19573 1.9891 -0.14134 -0.40645 0.79968 -0.71312 -0.2676 0.22078
0.65221 -0.019181 1.1862 -1.7146 -0.98287 0.42084 -1.9258 0.80886 0.54898 -1.2771 0.31945 -0.62415 0.61938 -0.11674 0.26439 0.082015 -0.39799 0.93699 0.05452 0.77681 1.0531 -1.3194 -0.9718 0.68584 0.20925 -0.12401 -0.22625 -0.56489 -0.43287 0.29377 -0.49512 -0.02391 1.6443 -0.56876 0.049618 0.90748 -1.3969 -0.097966 0.13374
0.90273 -0.36767 1.1181 -1.4551 -0.64907 0.43235 -1.5216 1.4319 0.38748 -1.8327 1.0971 -0.92733 0.66376 -0.37629 0.17721 0.087272 -0.15396 0.48565 -0.18403 1.238 0.71757 -1.2116 -0.79974 0.11801 -0.33597 -0.064089 -0.31631 -0.20351 -0.16182 0.53127 -0.44299 -0.030506 0.89233 -0.62096 0.47735 0.87102 -1.6454 0.13249 0.047132
0.69004 -0.12507 0.82939 -1.9703 -0.72103 0.11393 -1.0369 1.0085 0.14753 -1.8354 0.61812 -0.068182 0.68032 -0.38581 0.14047 0.090482 -0.067978 0.52082 -0.28268 1.3565 0.43103 -0.91436 -0.55362 -0.47714 0.18075 -0.097612 -0.21408 0.033873 -0.19197 0.49904 -0.41292 -0.040917 -0.093409 -0.90426 0.70679 0.77902 -1.9163 0.29805 -0.12466
0.52303 -0.13127 0.98401 -1.7098 -0.33393 0.4486 -0.65987 1.2129 0.16414 -1.3659 0.24545 -0.33163 0.67094 -0.47113 0.21817 0.062735 0.21741 0.51464 -0.14732 1.231 0.16842 -0.54682 -0.2175 -1.203 0.47262 -0.12634 -0.033273 0.094188 -0.45984 0.6219 -0.3059 0.34487 -0.43829 -1.246 0.75478 0.86328 -1.5487 0.12535 -0.28572
0.34027 0.0088649 1.3326 -1.7303 -0.50559 -0.12491 -0.63709 1.3167 -0.54253 -1.8743 -0.29631 -0.33128 0.61817 -0.45401 0.31453 -0.23891 0.43094 0.13487 -0.028568 0.59326 -0.47334 -0.11498 0.21435 -2.2328 0.45192 -0.30077 -0.11001 0.22573 -0.75732 0.71698 -0.46281 0.53919 -0.018759 -1.7541 0.36699 0.83454 -0.53916 -0.44169 -0.39243
0.51227 -0.05621 1.326 -1.6114 -0.20476 0.12746 -0.39056 1.277 0.050125 -1.6783 -0.42118 0.049188 0.5415 -0.40743 0.25696 -0.51774 0.86008 0.097906 0.43174 0.78808 -1.3046 0.028997 0.45003 -1.8984 -0.20716 -0.44079 -0.13567 0.39623 -0.63721 0.62714 -0.37995 0.13507 0.52963 -1.7525 -0.2585 1.0586 0.95366 -0.77269 -0.52157
0.22338 0.053111 0.97227 -1.2507 -0.40215 0.4098 -0.42064 1.147 -0.15438 -1.8194 -0.74102 -0.15387 0.52685 -0.61848 0.49755 -0.87376 1.0668 -0.15491 0.57737 1.5304 -2.3078 -0.39841 0.693 -1.1428 -0.47108 -0.59782 -0.26183 0.68014 0.12615 0.65124 0.046957 -0.72612 0.61151 -0.85052 -0.82802 1.2525 2.3075 -0.78729 -0.64174
0.44051 -0.037382 0.52443 -1.0807 -0.66964 0.2835 -0.85815 0.34501 0.3544 -1.3376 -2.2006 -0.0068824 0.34215 -0.63506 0.77495 -0.67859 1.1736 -0.064367 -0.14662 1.7397 -2.3865 -0.95042 1.5397 0.019994 -0.79083 -0.85206 -0.28469 0.56367 0.82576 0.50685 0.49767 -1.5427 -0.088849 0.6701 -0.75005 1.0649 2.4279 -0.50925 -0.64472
0.085554 0.18235 0.43066 -0.76387 -0.3661 0.89904 0.56245 -1.0272 -0.08567 -1.0049 -1.3636 -0.7336 0.24428 -0.80926 1.1564 0.026725 1.5971 0.31748 -1.2384 1.2477 -1.6275 -1.399 2.0261 1.0986 -1.0135 -1.1711 -0.23816 -0.10468 1.2622 0.45304 0.82645 -1.6203 -0.84551 2.2209 -0.14193 0.070756 1.7912 0.12417 -0.26993
-0.33715 0.50486 0.46448 -0.31236 -0.58145 0.85576 1.6655 -1.6339 -1.0957 -0.71102 -0.70742 -0.98713 0.055799 -0.8215 0.84274 0.35728 1.6253 0.83458 -1.8686 0.75092 -0.34403 -1.0763 1.7917 1.4958 -1.0773 -1.2351 0.27706 -1.1342 0.73593 0.17181 0.50219 -1.0394 -1.474 2.7665 0.50821 -1.3989 0.32022 1.1056 0.39673
-0.12933 0.78023 1.008 -0.31631 -0.40581 -1.0661 1.0368 -0.89881 -1.7879 0.23156 0.15767 -1.0591 -0.29162 -0.9525 0.3134 0.64485 1.7623 1.0041 -1.9324 0.4323 1.0269 -0.62936 0.72889 1.4478 -0.066069 -0.85805 1.096 -2.1487 -0.64986 -0.36318 0.18664 0.077328 -1.7916 2.1554 0.92531 -2.3738 -0.73827 1.5884 1.173
-0.36858 1.0587 1.3576 0.83893 0.34653 -1.535 0.22121 -0.030125 -1.2841 0.72936 0.68327 -1.0988 -0.64331 -0.080362 -0.59508 0.19123 1.4427 0.57391 -1.9545 -0.61956 1.7171 -0.2268 -0.37919 0.43324 1.1712 -0.34112 1.6422 -2.2032 -2.0423 -0.71319 0.048699 1.4101 -1.553 0.58705 1.0742 -2.2527 -1.4103 1.405 1.5998
-0.56142 0.41677 0.78233 0.70885 0.48362 -1.427 0.16939 0.64523 -0.73914 -0.089064 -0.17914 -1.5292 -0.56342 0.7502 -1.5334 -0.96961 0.95637 0.81935 -1.0127 -1.4277 1.5688 0.18435 -1.2664 0.2456 1.3675 0.35255 1.8566 -1.793 -3.0858 -1.1571 0.096518 2.0229 -1.0292 -1.1029 0.91779 -0.96769 -1.3104 0.46725 1.4944
-0.73414 0.094067 1.0048 1.2292 0.32318 -1.1994 0.73935 0.78659 -0.47475 -1.0093 -0.55778 0.46638 -0.2235 1.2221 -1.7295 -2.1839 0.58723 1.0318 0.64424 -1.2337 0.52207 0.84616 -1.3638 -0.53934 1.305 0.84688 1.5133 -0.36196 -2.5484 -1.0403 0.27492 2.1957 -0.098587 -1.8706 0.39641 0.91784 -0.25319 -0.78174 0.82203
0.34661 -0.35992 0.44114 0.87271 -0.20554 -1.4848 0.29704 0.34524 -1.351 -1.4711 -0.47339 0.95049 -0.0089994 1.6701 -1.9611 -3.2165 -0.15035 0.97249 1.0236 -1.1964 -0.56796 0.82608 -0.54547 -0.5162 0.8888 1.0583 0.72399 1.0346 -1.3432 -0.89846 -0.032821 1.6085 0.63272 -1.5659 0.049332 2.0797 0.4818 -1.7985 -0.19692
0.71856 -0.80667 -0.57952 0.75224 0.81417 -0.98531 -0.74258 0.46247 -1.315 -1.5226 0.63141 0.058889 0.28037 2.1271 -0.94162 -2.8585 -0.1077 1.0396 1.6444 -0.93191 -0.91944 0.31963 0.9954 0.33365 -0.33441 0.68747 -0.2337 1.796 -0.020276 -0.67188 -0.62434 0.69312 1.1454 -0.49605 -0.22006 2.0018 1.1488 -1.9043 -0.88979
0.88922 -0.41474 -1.0458 0.90105 1.4328 -0.13893 -0.71808 -0.067252 0.13612 -0.52521 -0.76679 0.11916 0.23248 1.5705 -0.26127 -2.8415 -0.51257 0.76272 1.8751 -0.40865 -0.81498 0.56628 1.4467 0.69801 -1.8101 0.10306 -0.84517 1.9629 1.2655 -0.40245 -1.2433 0.043328 1.6293 0.61632 -0.33167 0.92801 0.9606 -0.77388 -1.0209
0.98043 -1.1436 -1.9866 0.53911 1.3592 -0.43911 -0.97624 -0.61354 0.070695 0.090499 -0.33243 -0.15686 0.31297 0.85259 0.30039 -2.4248 -0.58908 -0.059683 1.6903 0.50039 -0.35125 0.51365 1.3883 0.98525 -1.5772 -0.16792 -0.95583 1.0319 1.7285 -0.43662 -1.6085 -0.83424 1.4429 1.0036 -0.60489 -0.61711 0.37976 0.40613 -0.53058
1.6847 -0.21486 -1.2531 0.91811 1.182 0.87337 -0.12211 -0.16821 -0.97919 0.80837 0.44804 -1.4928 0.074273 0.80757 0.5637 -1.3914 -0.72127 -0.87088 1.1123 1.1197 0.34266 0.025925 1.0121 0.93899 -0.21739 -0.2265 -0.40632 0.4199 2.1624 -0.1124 -1.1436 -1.1994 0.76458 0.89696 -0.7612 -1.1785 -0.42647 1.325 0.12674
0.9191 -0.30969 -1.8951 0.18062 0.63139 0.75927 0.33093 -0.18342 -0.059216 -0.2284 0.55366 -1.5789 -0.12648 0.81326 0.30758 -0.78712 -0.88418 -1.2428 0.30046 0.9879 0.45946 -0.70267 0.097142 0.91196 -0.24437 -0.037113 0.040478 -0.36816 1.7324 0.081272 -0.030279 -1.1191 -0.40929 0.29377 -0.20841 -0.97576 -1.307 1.2079 0.62374
1.3714 -0.30571 -2.4525 -0.0014615 -0.13062 0.36138 0.36789 0.085672 -0.79909 -0.055655 1.1494 -0.67881 0.055305 0.86575 0.42115 -0.15691 -0.58904 -0.84608 0.080317 0.76395 0.52727 -0.4552 -0.065834 -0.068674 0.44532 0.25185 0.1274 -0.715 1.095 0.38502 0.92853 -0.52581 -1.2872 -0.46064 0.53764 -0.40721 -1.7944 0.41122 0.84845
1.7654 -0.2966 -1.8785 -0.05303 0.44412 0.48328 0.2757 0.91066 -0.63151 0.24955 0.94245 0.65367 0.19384 0.88857 -0.19861 -0.23942 -0.48689 -0.11993 -0.11542 -0.0991 0.11568 0.31693 0.14556 -0.95488 0.75386 0.64149 -0.058582 -0.51632 0.7884 0.56933 1.3579 0.045057 -1.2965 -0.63926 1.3041 -0.077582 -1.6829 -0.11821 0.68069
1.8278 -0.48579 -1.9691 -0.26532 0.12657 0.010013 0.20812 -0.23592 -0.93378 -0.17335 -0.020399 -1.1602 0.26278 0.98856 -0.30641 0.098804 -0.13628 0.37358 0.2405 -0.7549 -0.41251 0.68807 0.26208 -1.4796 0.18114 0.86004 -0.23617 -0.49795 0.46779 0.49818 0.86395 0.096008 -0.9168 -0.37983 1.154 -0.16643 -0.81033 -0.91897 0.38596
2.0488 -0.32776 -1.7696 0.15646 0.51694 0.38552 0.31485 0.1375 -0.73914 0.43331 -0.27051 -0.14634 0.47623 0.6419 -0.13512 0.34941 0.046447 0.78337 0.33561 -0.68802 -0.34962 1.5509 -0.18041 -1.5268 -0.38743 0.80299 -0.51333 -0.49779 0.54834 0.43906 0.11333 -0.11779 -0.40154 0.4995 0.77699 -0.4987 -0.049543 -0.91652 0.191
2.2637 -0.4649 -1.8831 -0.013347 0.92883 1.0089 -0.22763 -0.04506 0.13271 0.67208 -0.49637 -0.6649 0.60735 0.56535 -0.38779 0.2906 0.15715 0.3833 0.076692 -0.66736 -0.0079313 1.4293 -0.18145 -1.3012 -1.033 0.82049 -0.94507 -0.97888 0.50164 0.24219 -0.42682 -0.72078 -0.064079 1.2727 0.2538 -1.1537 0.34303 -0.5644 0.15576
1.8824 -0.68255 -2.1616 -0.18247 0.58447 0.83455 -0.71774 -0.68747 0.73059 -0.27879 -0.87242 -0.89823 0.75661 0.18675 -0.93485 0.53787 0.25951 0.10501 -0.25915 -0.90573 0.87794 1.6346 -0.52835 -1.1451 -0.68263 0.98334 -1.0663 -1.1277 0.59017 0.38595 -0.48576 -0.86572 0.44934 1.7093 -0.81229 -1.45 0.45914 0.056412 0.10424
2.2168 -0.27898 -1.7469 0.082374 0.96212 0.45706 -0.12838 0.36699 1.0826 -0.36412 -0.50364 -0.57656 0.82144 -0.46011 -1.4504 0.80167 0.25147 -0.10175 -0.94999 -0.77827 1.4615 1.2059 -1.6761 -1.0401 -0.93482 1.0328 -1.2802 -0.83942 0.58435 0.5043 -0.071629 -0.50888 1.343 1.6583 -1.4083 -1.3256 0.97515 0.41761 -0.11602
2.5013 -0.93186 -1.4434 0.14154 0.5665 0.18546 -0.41979 0.76113 0.43 0.23315 -1.1075 -1.6039 1.0114 -0.73579 -1.3849 1.0352 0.7848 0.09743 -0.94232 0.19468 2.2636 -0.077282 -2.0955 -0.8107 -0.32486 0.87326 -1.4093 -0.24397 0.079959 0.28051 0.014026 0.047248 2.0218 0.87925 -1.7163 -1.003 1.6384 0.28436 -0.47506
1.8439 -1.6095 -1.3886 0.2405 0.2614 -0.18813 -1.0584 0.9978 1.287 -0.76135 -1.7222 -1.6033 1.3723 -1.2418 -1.4843 0.97378 0.91978 0.25929 -0.62604 1.2797 2.5467 -0.74016 -1.8294 0.33968 -0.3001 0.68216 -1.2452 0.59652 -0.38174 -0.25017 -0.015286 0.37346 2.1866 -0.020813 -1.4772 -0.22446 2.0087 0.45635 -0.76961
1.3351 -1.746 -1.0783 0.39016 0.7583 -0.48421 -0.7083 1.9382 1.0291 -2.1179 -1.4282 -1.1989 1.4962 -1.9189 -1.2902 0.56175 0.49726 -0.0377 -0.30131 1.831 2.0481 -1.0823 -2.2839 1.2088 -0.38336 0.36249 -0.66292 1.2459 -0.69309 -1.0664 -0.56701 -0.19004 1.4566 -1.113 -0.98129 0.52869 1.4971 0.4609 -0.98308
1.5013 -1.4752 -1.0951 1.1802 1.2112 0.23425 0.47241 2.6113 -0.32943 -2.1348 -1.3167 -0.75842 1.2965 -2.075 -0.53019 0.39598 -0.10789 -0.053047 -0.46783 2.4774 1.5088 -1.4655 -1.9682 1.6839 0.092054 -0.0025051 0.35591 2.1793 -0.58451 -1.2714 -1.0489 -1.0411 0.03652 -2.0737 0.00030032 1.6715 0.23801 0.89959 -1.0398
0.64445 -1.9307 -1.1854 0.9135 0.82336 -0.036021 1.4642 2.6192 -0.082658 -1.9539 0.46806 -1.4964 1.3458 -1.4969 0.14084 0.17433 -0.858 -0.83195 -1.3983 2.3055 0.57025 -1.819 -1.0137 1.2977 0.48676 -0.43346 1.2129 2.5484 -0.2625 -0.92112 -1.1704 -1.7947 -1.4946 -2.7361 1.1389 2.5527 -0.8995 1.2483 -0.88176
0.32488 -1.6737 -1.1356 0.28026 0.38505 -0.13507 1.6534 2.7673 -0.29353 -2.9863 0.73138 -1.6886 1.1922 -0.8304 1.2909 0.19463 -0.97457 -1.3609 -2.2359 1.0983 -0.8195 -0.35888 0.67024 0.72992 1.2443 -0.66411 1.5609 2.287 0.35811 -0.20486 -0.89181 -1.7464 -2.5259 -2.772 1.576 2.5901 -1.5193 1.2949 -0.5792
0.23721 -1.6641 -0.95726 -0.30115 0.34432 -0.9282 1.8413 2.4298 -1.1887 -2.252 -0.0094622 -1.2112 1.1802 -0.40469 1.8784 0.21428 -0.93171 -1.636 -3.1531 -0.28499 -2.1979 0.83325 1.1681 0.0011392 1.7926 -0.78565 1.3933 1.2974 0.85419 0.45069 -0.40577 -0.46442 -2.2376 -1.9742 1.2046 1.9703 -0.9277 0.62291 -0.059087
0.43468 -1.3934 -1.187 -0.81148 -0.76899 -2.5413 1.3103 1.7765 -1.0146 -2.4146 -0.75319 -0.22191 0.94353 0.13027 2.2636 0.93919 -0.48237 -1.3645 -3.2251 -0.96015 -2.588 0.62 1.7817 -0.50721 2.2943 -0.79741 1.1421 -0.17669 0.97923 0.59356 0.023165 1.3417 -1.1825 -0.71348 0.38981 0.95953 -0.37345 -0.89974 0.32107
0.77115 0.099654 -0.79223 0.065832 -0.33765 -2.7682 0.74417 0.87771 1.0818 -0.52897 -0.17668 0.99781 0.75241 0.47798 1.7395 1.1736 -0.18743 -1.6039 -1.8549 -0.85935 -2.4546 0.30205 2.1202 0.17907 1.3284 -0.4646 0.70056 -1.4086 0.69755 0.36295 0.39403 2.778 -0.24708 0.34358 -0.181 0.4391 -0.13387 -2.342 0.55594
0.68643 -0.021639 -1.0082 0.14201 -0.72282 -3.391 0.53928 -0.39302 0.80758 -0.98794 -0.37386 0.8873 0.55094 0.73975 1.0954 1.2903 -0.14062 -1.3215 -0.055642 -0.83689 -2.1163 0.75978 2.0067 -0.063583 -0.52997 -0.28419 0.032229 -2.0499 0.21465 -0.21912 0.45801 3.0016 -0.095698 0.95453 -0.31144 -0.4677 -0.25626 -2.5702 0.5494
0.43254 -0.12176 0.15248 -0.14271 -0.79335 -3.6436 0.7447 -0.048866 -0.33808 -0.35977 0.26744 0.89801 0.67351 0.5219 0.23351 1.1551 -0.36365 -0.88504 1.0981 -0.82084 -1.7763 0.38521 1.9016 -0.47885 -1.9967 -0.1075 -0.3914 -1.3373 0.10649 -0.53902 0.71467 2.0704 -0.56865 1.0297 -0.2794 -0.89298 -0.28782 -1.2569 0.21293
0.90344 -0.47417 -0.086615 -0.5515 -1.9044 -1.7185 1.0077 0.12297 -0.88481 -0.55339 0.79241 -0.63898 0.93805 0.1588 -0.23469 1.2779 -0.83447 -0.82778 1.6023 -1.1707 -1.0661 -0.081094 1.0529 -0.66445 -1.75 -0.052178 -0.63826 -0.099217 -0.035316 -0.381 0.88064 0.69674 -1.0635 0.76072 -0.20339 -1.1608 0.5801 0.44221 -0.16604
1.2711 -0.51747 0.027082 -0.71523 -1.2485 -1.2972 0.45227 -0.48807 0.72033 0.39635 -1.2986 -1.9656 0.76899 0.070454 0.28917 1.333 -0.92877 -0.45835 1.671 -1.7676 -0.97053 0.13209 0.96916 -0.0655 -0.85912 -0.22171 -0.78584 1.0947 0.38498 0.041165 0.97096 -0.33907 -1.1784 0.61444 0.0545 -1.3064 1.5575 1.6259 -0.4372
0.89569 -0.48275 -0.22135 -0.837 -1.4494 -1.9059 -0.21088 -1.1196 0.54433 0.56137 -1.3308 -1.8745 0.6381 -0.16869 0.92598 1.1234 -0.62622 0.1785 1.1373 -2.3634 -1.0401 0.45988 0.34763 0.80181 -0.13248 -0.50444 -0.7687 1.507 0.63669 0.43314 0.44014 -0.49702 -0.7819 0.78076 -0.27453 -1.4446 2.1568 1.5835 -0.46463
0.60727 0.16087 0.73825 -0.8542 -1.2755 -1.368 -0.89182 -0.67532 0.70166 0.24582 -0.32273 0.17323 0.58351 -0.70926 1.4149 1.8393 -0.38072 0.49974 0.64179 -2.4392 -0.59833 0.24453 -0.14156 1.6812 0.78292 -0.61396 -0.34066 0.7315 0.48774 0.68194 -0.047643 -0.27777 0.26944 1.1192 -0.70086 -1.2952 1.5344 0.73967 -0.27851
0.6789 0.22754 0.74655 -1.2495 -1.4328 -1.5371 -1.3467 -1.5499 -0.12744 0.13083 0.61287 0.02741 0.36728 -0.81597 1.6215 2.0419 -0.22739 -0.44519 1.0975 -2.3086 0.26652 -0.71721 -1.044 2.4719 0.9234 -0.63471 0.37638 -0.42331 -0.66541 0.94598 -0.49124 -0.12205 1.1611 1.2219 -1.0417 -0.52615 0.22308 -0.42498 -0.089357
0.50714 0.60716 1.129 -0.95839 -0.7817 -1.4898 -1.7684 -1.0019 0.070225 -0.10058 1.6728 -0.49258 0.3308 -0.21426 1.1242 1.6482 0.25693 -0.22793 1.1304 -1.3039 0.56157 -0.77885 -0.70984 1.9494 0.23819 -0.62275 0.98316 -1.2061 -2.1423 1.2185 -0.21126 -0.31796 1.4613 1.1064 -0.72803 0.13929 -1.0719 -0.60195 -0.075679
0.27824 0.72071 1.7567 -1.065 -1.3004 -0.44361 -1.8101 -0.61949 0.23771 -0.38067 1.524 -0.57158 0.36442 0.24237 0.41313 0.11426 0.97496 -0.39672 0.65845 -0.77354 0.76774 -1.2631 -0.31488 1.0746 -0.81481 -0.64866 0.91015 -1.4363 -2.9978 1.1507 0.51735 -1.0231 1.3961 0.50072 -0.096675 0.66507 -2.0252 -0.033791 -0.20252
0.32964 1.0334 1.7991 -1.0205 -2.3674 -0.059318 -2.6146 -0.17461 -0.37262 -0.94661 1.0665 -0.63473 0.047242 0.4922 0.11289 -0.70829 1.4901 0.07776 0.21663 -0.48842 1.3114 -1.0406 -0.21696 0.37411 0.3053 -0.73263 0.27351 -0.95446 -2.9805 0.62925 0.95463 -1.5078 0.86621 0.10435 0.5298 0.61088 -1.7916 0.43562 -0.31444
0.84119 0.50151 1.3333 -0.26526 -1.2123 -0.90543 -1.398 -0.62288 -0.4955 0.10111 1.3334 -0.59344 0.026799 0.43243 -0.14595 -1.6854 1.4907 0.41289 -0.56627 -0.11979 0.85856 -0.78259 -0.024826 -0.52234 0.80171 -0.91837 -0.36956 -0.62878 -1.7768 -0.18601 1.2917 -1.2387 0.86712 -0.11888 1.5978 0.54785 -1.143 0.77683 -0.057946
0.95414 0.4632 0.29758 0.53659 -1.6578 -0.96353 -2.0441 -0.0073557 -1.5331 -0.09714 1.5526 -1.0276 -0.10521 0.1675 -0.10122 -2.3293 1.2774 1.2236 -1.3925 -0.024517 0.70222 0.13593 0.31012 -0.59885 0.38165 -1.0144 -0.68371 -0.67492 -0.28468 -0.901 0.56238 -0.48007 0.78127 -0.24422 1.9199 0.42951 -0.6236 0.38969 0.4292
1.0099 0.55779 0.31558 0.59249 -0.75034 -1.3069 -2.2197 0.46034 -0.98552 -0.48322 1.5166 1.0746 -0.37084 -0.25469 -0.46557 -1.991 0.70817 1.5383 -1.1091 0.6025 0.81859 1.6073 0.46953 -0.57735 0.85458 -0.60365 -0.38138 -0.86208 1.0061 -1.0346 -0.38974 0.38404 0.87874 -0.11657 1.699 0.44294 -0.22935 0.25004 1.0354
0.52719 0.66545 -0.080614 0.52415 -0.62743 -1.7368 -1.8949 -0.030298 -0.36945 -0.38664 0.49241 0.26357 -0.55952 -0.3787 -0.78662 -1.0398 0.059861 0.61304 -0.49596 0.59798 0.83068 1.9178 0.36404 -0.76899 1.1288 -0.16801 0.2924 -1.1579 1.2174 -0.80875 -1.588 1.0258 1.0578 -0.24219 0.53086 0.1465 -0.056954 -0.069435 1.4879
0.36011 0.77627 -0.33971 0.27906 -0.33329 -1.9523 -2.0419 0.35116 0.64134 0.031789 0.67017 -0.88337 -0.67975 0.025237 -1.1609 -0.71104 0.0072858 -0.02463 -0.18973 1.1987 0.54514 2.0034 0.80132 -0.87333 0.96873 0.39817 0.96309 -1.006 0.92304 -0.45784 -2.0289 1.1097 0.9271 -0.40842 -0.81838 -0.41002 0.27126 -0.51879 1.5179
0.35145 0.04652 -0.1136 0.08828 -0.42445 -1.3029 -1.0533 0.84929 1.7426 0.10229 0.72931 0.96153 -0.27025 0.53772 -1.5828 -1.0058 -0.0068296 -1.0545 0.31601 1.6417 0.34227 1.0952 0.44679 -0.56572 0.15747 0.98406 0.95046 -0.51493 0.60782 -0.20698 -1.56 0.98169 0.82565 -0.51568 -1.6426 -1.0648 0.45958 -0.75339 1.2057
0.80949 -0.52802 0.17545 0.24771 -1.0399 -1.4487 -0.94464 0.53272 0.67635 0.49409 0.65043 1.1407 -0.020011 0.98227 -1.6546 -0.52421 -0.18231 -1.54 0.82882 1.8007 0.23862 0.26564 -0.30283 -0.18234 0.17773 1.3702 0.28176 0.35251 0.70248 -0.21454 -0.65756 0.74374 0.31513 -0.46376 -2.0282 -1.494 0.46864 -1.0879 0.55188
1.1765 -0.42188 -0.72877 0.91124 -1.5971 -1.3916 -0.84452 0.75828 0.7286 0.65055 0.32959 0.76806 0.18863 0.81564 -1.344 -0.16305 -0.26097 -1.6346 1.0706 1.8274 -0.051556 -0.74411 -1.0309 -0.26697 -0.15788 1.3715 -0.57939 0.92438 0.94079 -0.29627 0.72956 0.55727 -0.0059641 -0.3762 -1.5451 -1.0211 0.32795 -1.1426 -0.078734
1.3205 -0.75245 -1.0207 0.31483 -1.8683 -1.0809 -0.10219 0.56681 0.48114 -0.46755 0.52219 0.43732 0.44936 0.37764 -0.70173 -0.0080154 -0.29658 -0.9952 1.0107 1.6822 -0.19114 -1.4394 -1.204 -0.1583 -1.2968 1.1324 -1.2649 0.73926 0.85265 -0.40031 1.856 0.25262 -0.26952 -0.40829 -1.138 0.14509 0.075955 -1.3268 -0.44037
1.2539 -0.74061 -0.25702 -0.1716 -2.1255 -0.64822 0.23216 0.33728 0.58384 -0.85745 0.3774 -0.13627 0.67645 -0.19012 -0.56904 0.24886 -0.54619 0.09435 1.4125 1.6773 -0.20354 -1.3727 -0.9685 0.024534 -1.6497 0.97218 -1.3395 0.39765 0.49163 -0.29081 2.3555 -0.029674 -0.40172 -0.42626 -0.81353 1.3809 -0.23565 -0.96576 -0.51359
0.94951 -0.72352 -0.10993 -0.1324 -2.0132 -0.39238 0.36153 0.56946 -0.084118 -1.0683 0.43226 -0.20361 0.6765 -0.75613 -0.84699 0.63893 -0.84696 1.1945 1.2076 1.3596 -0.50931 -1.8625 -0.034092 -0.19533 -2.0289 0.83192 -0.86637 0.077845 -0.052455 -0.067898 2.2852 -0.20595 -0.4242 -0.50261 -0.31049 2.2471 -0.51659 -0.041683 -0.45875
0.85602 -0.81967 -0.10007 0.065705 -1.488 -0.25454 0.97858 0.56834 -0.69165 -0.75609 0.55974 -0.51219 0.87323 -0.99059 -0.62083 0.29426 -0.57123 1.8354 0.93098 1.2255 -0.75179 -2.2751 0.97918 -0.69626 -1.9445 0.66094 -0.23435 0.25086 -0.43726 0.15933 1.5622 -0.4469 -0.68598 -0.79777 0.48089 2.1843 -0.74839 0.50385 -0.3839
0.81436 -1.1694 -0.16068 -0.19926 -0.90536 0.36007 0.93747 0.23634 -1.0411 -0.30501 0.59162 -1.2023 0.96819 -0.75933 -0.53511 -0.13656 -0.41794 2.5631 0.84129 1.1029 -0.92677 -1.6457 2.0259 -0.76914 -1.255 0.51922 0.38802 0.6455 -0.60878 0.34686 0.35987 -0.28913 -0.96671 -0.70841 1.5088 1.0232 -0.54945 1.0169 -0.46331
0.36087 -1.4458 -0.35123 -0.61483 -0.22514 -0.093075 0.85375 -0.14508 -1.6888 0.41881 -0.15023 -2.2178 1.0785 -0.60903 -0.30844 -0.096303 -0.43427 2.4412 0.68108 0.51125 -1.5861 -0.43159 2.0885 -1.0917 -0.93375 0.48542 0.62671 0.84234 -0.29623 0.36084 -0.8298 -0.23009 -1.0267 -0.40941 2.0391 -0.28493 -0.24942 1.3153 -0.55393
0.28034 -1.111 -0.4826 -0.57959 -0.073804 0.14051 1.6733 -0.5425 -2.3886 0.34105 -0.54846 -1.8696 1.1185 -0.2678 0.042467 -0.1782 -0.20911 1.5981 0.74826 -0.10227 -1.5074 0.48249 1.342 -1.0301 -0.29491 0.14325 0.62721 0.7843 -0.077582 0.39018 -1.7083 -0.27198 -0.84695 -0.011796 1.6292 -1.2508 -0.048273 1.1441 -0.65262
0.57396 -1.1178 -0.14752 -0.53776 0.95889 0.60738 1.5449 -0.58293 -0.96007 1.7947 -0.24639 -1.0409 1.1265 -0.1355 0.44985 -0.18801 0.059004 0.72427 0.51678 -0.103 -1.2876 1.0714 0.82243 -1.0392 0.47587 -0.079655 0.37851 0.43666 0.11212 0.28066 -1.5651 -0.2344 -0.28047 0.48415 0.89586 -1.1223 0.27961 0.8688 -0.55093
0.27758 -1.0367 -0.13002 -0.52865 0.64744 0.45346 0.74478 -1.6494 -0.37786 1.1231 -0.80622 -1.5399 1.2179 0.10563 0.35267 -0.2375 0.1295 0.12944 0.37505 -0.18521 -1.1188 1.1293 0.3664 -0.89404 0.56126 -0.2925 0.0027918 0.049899 0.23526 0.054057 -0.94839 -0.21501 0.26377 0.60463 0.03635 -0.62752 0.42063 0.38597 -0.18368
0.67954 -0.96544 -0.47691 -0.19412 0.066926 0.93009 0.70103 -1.1138 -0.42332 0.4645 -0.50968 -1.253 0.9169 -0.13342 0.24918 0.095688 -0.031352 0.1602 0.39795 0.016118 -0.84605 1.1896 0.52246 -0.64749 0.54945 -0.22023 -0.064669 -0.18132 0.32834 -0.055141 -0.11754 -0.054797 0.59007 0.85735 -0.47981 -0.079328 0.70568 0.15577 0.066458
0.36235 -0.83026 -0.49842 -0.38889 0.0021926 0.5954 1.1718 -1.3853 -0.39336 1.0078 -1.1344 -0.91506 0.92092 -0.27036 0.23897 0.04296 -0.050756 0.057247 0.37852 0.31862 -0.55648 0.51406 0.3571 -0.451 0.51003 -0.09343 -0.26634 -0.114 0.47641 -0.16464 0.5852 -0.08943 0.41112 0.70127 -0.68398 0.13647 0.70533 0.11373 0.3159
0.43661 -1.1504 -0.61312 -0.60104 0.2464 0.23707 1.1341 -1.6978 -0.91771 1.12 -1.4346 -1.5643 0.82591 -0.068218 0.23427 0.18645 0.041095 0.54381 0.42125 0.73532 0.10081 0.35637 0.71025 0.045272 0.83327 -0.066209 -0.010687 -0.047932 0.22519 -0.23527 0.46773 -0.26381 -0.25617 0.29694 -0.85262 -0.31133 0.47329 0.06675 0.25717
0.10665 -0.78538 0.095052 -0.66541 0.89894 1.1264 1.8573 -1.6217 -0.0076086 1.8401 -0.9192 -0.53454 1.0766 -0.404 0.19502 0.4731 -0.23659 1.0797 0.19711 0.21101 -0.23013 0.082813 0.55644 0.064959 0.658 0.16225 0.31466 -0.11009 -0.11874 -0.093354 -0.073388 -0.25504 -1.0386 0.058491 -0.78803 -0.6049 0.20657 0.0029551 0.095195
0.30127 -0.86689 -0.19106 -0.433 0.8206 1.1376 1.294 -1.5497 -0.023966 1.7821 -0.74416 -0.49547 1.1077 -0.091937 0.21138 0.22722 -0.41138 0.56395 -0.042662 -0.42128 -0.44375 -0.42157 -0.1249 -0.032416 0.61005 0.085094 0.60051 -0.10661 -0.44239 0.003127 -0.95775 -0.29339 -1.3088 0.046529 -0.94939 -1.1597 -0.26637 -0.13534 -0.21104
0.48781 -0.76783 -0.23049 -0.2069 0.84962 0.97062 1.5587 -1.0804 -0.078047 1.3494 -0.61574 -0.38295 0.93797 0.29101 0.091544 -0.19128 -0.0099674 -0.084016 0.097531 -1.0564 -0.1885 -0.78449 -0.31823 -0.036042 0.6149 -0.0078542 0.70677 0.020514 -0.40965 0.057212 -1.2341 -0.066735 -0.68325 0.61598 -0.74638 -1.2386 -0.29706 -0.13308 -0.48378
-0.051676 -0.81293 -0.055173 -0.88275 1.3213 0.76821 0.8176 -1.8428 -0.79802 1.0941 -0.94054 -0.54224 1.0674 0.63883 0.13268 -0.22264 -0.062216 -0.71531 -0.12219 -1.0893 0.15214 -1.2455 -0.97573 -0.40926 0.54172 -0.33406 0.11407 0.17213 -0.23489 -0.082174 -0.8268 -0.037403 -0.019535 0.83064 -0.19283 -1.2303 -0.342 -0.13097 -0.44764
0.3937 -0.74708 -0.4095 -1.2313 0.34346 0.20667 0.69223 -2.3818 -1.351 0.91951 -1.6136 -0.32561 0.94147 0.47291 0.28369 0.010113 -0.29161 -0.65589 0.1181 -0.74433 0.66597 -1.1029 -1.2879 -0.30884 0.38407 -0.43897 -0.51561 0.41849 0.038179 -0.24298 -0.32177 -0.2398 0.57415 1.0858 0.78803 -1.3246 -0.30115 0.27959 -0.31823
0.84072 -1.0659 -0.63121 -0.11049 0.27358 1.1645 0.056234 -1.4847 -1.41 1.3117 -0.96203 -0.35648 0.91964 0.012194 0.40633 -0.27662 -0.43336 -0.73794 -0.11032 -0.62629 0.74596 -0.66604 -1.8944 -0.54197 0.42205 -0.44947 -1.0648 0.47742 0.27456 -0.2249 0.21331 -0.43052 0.45383 0.97195 1.4521 -1.1489 0.09297 0.59147 -0.058035
0.84199 -0.46773 0.089424 -0.68501 0.069756 1.119 0.89464 -0.92686 -1.251 0.34563 -1.2397 0.53197 0.68173 -0.31313 0.63849 -0.12244 -0.31296 -0.68411 -0.38944 -0.22738 1.6343 0.63779 -2.2884 -0.53953 1.2808 -0.483 -1.0095 0.52823 0.3954 -0.37267 0.27973 -1.0568 0.056715 0.46232 1.1986 -0.76688 0.26038 0.66032 -0.0066663
0.55186 -0.55641 -0.20314 -0.99819 0.43881 1.1385 0.57815 -0.4175 -1.3371 -0.18985 -0.91959 -0.31915 0.64493 -0.85597 0.733 0.27069 -0.50346 -0.27809 -0.7487 -0.5121 1.5633 1.0286 -2.5786 -0.12945 1.3903 -0.40807 -0.48675 0.4853 0.6097 -0.31323 0.19396 -1.2086 -0.27888 0.12547 0.54752 0.53812 0.94214 0.051875 -0.077381
-0.05573 -0.41543 -0.74222 -1.2354 0.12403 0.19903 0.46589 -0.9983 -1.1549 -1.3712 -1.8167 0.11018 0.60696 -0.88312 0.97907 0.36042 -1.0078 -0.33429 -1.754 -0.70791 1.1486 0.64746 -2.3395 -0.038718 1.3494 -0.46946 0.24628 0.46111 0.92458 -0.16086 -0.33358 -1.0604 -0.54261 -0.18373 -0.11415 1.9833 1.1724 -1.0744 -0.23219
-0.19542 -0.22709 -0.1764 -1.2553 0.1085 0.0083755 0.37793 0.21088 0.3189 -1.4253 -1.8768 1.8806 0.6304 -0.56928 1.0263 0.45514 -0.71679 -0.52716 -1.9369 -0.91967 1.2165 0.52237 -0.83899 0.95422 0.48937 -0.58475 1.0053 0.48262 0.96042 0.30852 -0.66557 -0.27936 -0.61401 -0.088341 -0.26045 3.0895 1.3276 -1.8465 -0.45315
-0.070174 -0.2003 -0.014413 -1.3548 -0.10555 -0.20125 -0.3443 -0.30169 -0.46183 -1.8042 -1.0531 1.2787 0.52462 -0.027784 1.2435 1.2716 -0.5285 -1.1938 -1.9941 -1.0501 1.4262 0.65696 0.55563 1.0943 -0.66213 -0.78308 0.76574 0.25472 1.0587 0.9782 -0.5892 0.60141 -0.5791 -0.5028 -0.043843 2.8123 1.3307 -1.9496 -0.49237
0.19833 0.15128 -0.0079707 -1.7049 -0.14603 -1.0557 -0.39321 0.22867 -1.1963 -1.4912 -0.82854 1.2819 0.29877 0.48612 1.3868 1.3598 -0.11448 -1.1244 -1.1925 -1.5009 1.2309 0.47435 1.7421 1.7688 -1.7075 -1.0106 -0.05853 0.058265 0.73556 1.4291 -0.026387 1.0888 -0.3936 -1.138 0.12586 1.3921 0.63909 -0.83581 -0.54619
0.11144 0.56727 0.42936 -1.6912 -0.47285 -1.1243 0.062259 0.88846 -0.5407 -0.32352 0.35924 0.14375 0.029502 -0.064326 1.2215 1.613 0.67629 -1.1641 -0.84641 -1.512 0.13127 0.58916 1.6233 2.0246 -1.8841 -1.0817 -0.96811 -0.25524 -0.23544 1.8971 0.61831 1.318 0.31412 -1.3969 0.19988 0.0028347 0.040989 0.59664 -0.62122
0.25008 0.57789 0.96299 -1.6672 -1.3402 -1.5773 -0.89691 1.2254 0.06984 0.21011 -0.52674 -1.4844 -0.079639 -0.66088 1.1468 1.4627 1.5796 -0.58234 -0.21074 -1.4368 -0.39765 0.84 1.2429 1.6711 -0.7644 -1.351 -1.5099 -0.61523 -0.94211 1.8482 1.0587 1.0587 1.2211 -1.166 0.20563 -0.99934 -0.9004 1.9813 -0.60669
0.39314 0.92986 0.49291 -1.1043 -0.91913 -0.80084 -1.6893 0.43641 -0.025879 0.46744 0.34723 -0.79957 -0.32999 -1.1712 0.97324 0.81614 2.4713 -0.25875 0.29476 -0.50762 -0.53115 0.91753 0.84098 1.2108 0.17471 -1.6544 -1.2864 -0.64864 -1.4706 1.1902 1.303 1.0231 1.7212 -0.52948 -0.23242 -1.02 -1.2534 2.1002 -0.53865
-0.64217 0.75869 1.7047 -0.034203 -1.157 -1.097 -1.4483 -0.35169 0.77845 -0.31925 1.1326 0.28706 -0.36011 -1.6346 0.54676 0.20263 2.7357 0.48046 0.47392 0.26644 -0.75452 0.76596 0.30787 0.48935 1.6388 -1.7414 -0.67377 -0.74228 -1.1883 0.086457 0.84447 0.75414 1.5597 0.38054 -0.61738 -0.53189 -1.3944 0.66372 -0.077612
-0.72905 1.0394 1.128 0.62848 -0.3955 -0.70109 -1.803 -0.58268 -0.26309 -0.41377 0.98373 0.69981 -1.023 -1.8568 0.50415 -0.17378 2.513 0.8343 0.97371 0.84059 -0.75297 0.13712 0.22704 0.27132 1.5533 -1.7894 0.4675 -1.0593 -1.1677 -1.348 0.35636 0.41621 0.68767 1.3782 -0.57718 0.050202 -1.2526 -0.68197 0.92177
-0.92876 1.2724 0.56232 1.3647 -0.76327 -0.91595 0.077756 0.64388 0.22834 0.38608 0.62669 0.73055 -1.4866 -1.515 0.21468 0.0009625 1.7376 0.5145 1.0493 0.79148 0.44345 -0.089206 0.59259 -0.46591 0.0032727 -1.4124 1.7744 -1.6403 -1.2234 -2.3772 -0.26502 -0.26186 0.012812 1.8943 -0.0042473 0.14493 -1.0257 -1.4852 2.2298
-1.4938 0.90216 0.79827 1.424 -0.14751 -0.66154 -0.015048 0.068362 0.96763 0.43944 0.36748 1.6428 -1.5179 -0.41149 -0.53281 -1.0062 0.24325 0.4239 0.89923 0.5025 1.5657 0.11241 0.82234 -0.65413 -0.53149 -0.27002 2.916 -2.1429 -1.6752 -2.6625 -0.51049 -1.0541 -0.73129 1.3511 0.57707 -0.56427 -1.0542 -1.0739 3.1497
-1.5357 1.1934 0.85871 1.4286 -0.43643 0.19655 -0.88134 -0.4054 -0.16429 0.42039 0.18398 0.035993 -1.7035 0.77146 -1.5331 -1.3952 -0.94157 0.18396 -0.016065 0.44696 1.7987 0.78141 0.30987 -0.96777 -0.62217 1.2438 3.2308 -2.003 -2.0703 -2.0271 -0.50062 -1.3975 -0.60044 0.06701 0.65909 -1.2844 -0.82321 -0.22849 3.041
-1.32 1.0049 1.1615 1.279 -0.5337 0.40044 -1.1175 1.1546 -0.027098 0.83945 0.274 -0.8957 -1.472 2.1457 -2.0214 -2.226 -1.5375 0.023289 -0.67918 -0.36625 1.2117 0.9588 -0.64905 -1.4506 -0.52625 2.1719 2.448 -1.3473 -1.4511 -0.71428 -0.075301 -1.1403 0.017023 -1.0889 0.287 -1.6414 -0.70166 0.6094 1.9874
-0.75116 -0.032677 -0.013825 0.004572 -0.39561 -0.42269 -0.59643 2.0314 0.94614 0.43762 0.46783 0.51334 -0.40753 2.9082 -2.2176 -2.7832 -1.4747 -0.24238 -1.066 0.091289 0.7329 0.92149 -1.0265 -1.6102 -0.51879 2.4735 0.83956 -0.51154 -0.95321 0.42903 0.44401 -0.2479 0.59436 -1.8011 -0.69652 -1.4731 -0.44676 1.3372 0.52417
0.38158 -0.51756 -0.82115 -0.40428 -0.18454 -1.4178 -0.10383 1.7978 1.1566 0.0090384 -0.78862 0.43203 0.18669 2.8389 -2.3218 -2.6972 -0.93348 0.50218 -0.94196 0.69967 -0.066241 0.67367 -1.5273 -1.649 0.75349 2.4531 -0.90443 0.3705 0.36948 1.3775 0.98272 0.80394 1.1469 -1.5339 -1.6087 -0.67526 0.29527 1.3647 -0.75783
1.1608 -0.52286 -1.5927 -0.17778 -0.7268 -1.553 -0.6421 1.1473 1.6628 -0.63823 -1.5671 0.32073 0.33843 1.9018 -2.1818 -2.7332 -0.3708 0.81364 -0.38267 1.0123 -1.1302 -0.56615 -1.9564 -1.7097 1.6869 1.9846 -2.1167 1.0452 1.6441 1.6164 1.4261 1.5194 1.0349 -0.64222 -1.9037 0.10031 1.5631 0.993 -1.4438
1.0268 -0.90094 -1.3129 -0.048549 -0.54417 -1.003 -0.31521 0.30945 1.209 -0.62977 -1.2984 -0.031853 0.43225 1.0444 -1.4321 -1.6692 0.70475 1.4059 0.68295 1.304 -0.89823 -1.7551 -1.4077 -0.85945 1.3808 1.1455 -2.2906 1.3636 2.3302 1.2542 1.0766 1.4135 0.84173 0.48193 -1.5522 0.96967 2.4971 0.021002 -1.5543
1.0312 -0.98909 -1.2358 0.40346 0.60627 -0.35928 -0.031938 0.31107 0.11834 -1.2835 -1.354 1.146 0.6108 0.059027 -0.97956 -0.63842 0.98438 2.0736 1.3229 1.7106 -0.1359 -1.9582 -0.86951 0.89866 1.354 0.70486 -1.4167 1.3583 2.3547 0.66511 0.38202 0.54522 0.48761 1.0705 -0.41716 1.5739 2.446 -1.0862 -1.2291
0.46724 -1.6289 -2.1872 0.10209 0.42887 -0.54028 0.54776 0.48284 -0.69066 -1.6906 -1.7269 2.4134 0.86814 -0.29338 -0.73243 0.032225 0.93325 1.9643 1.185 1.911 0.36657 -1.9661 -0.2394 1.6906 0.9532 0.48488 -0.55493 1.025 1.5524 -0.2534 -0.81337 -0.57655 -0.25588 0.27235 0.62698 1.8558 1.1034 -2.0186 -0.80247
0.98161 -1.3723 -1.8675 0.93359 1.3748 -0.05463 1.2989 1.3458 -0.94457 -1.0197 -0.67159 1.8525 0.83826 0.061059 -0.34968 0.23286 0.86597 1.2838 0.52849 1.6075 0.32702 -1.3482 0.41305 1.5639 -0.51866 0.25269 0.10704 1.0869 1.1395 -0.65517 -1.7394 -0.7632 -0.94469 -0.88226 0.9017 2.1443 -0.60989 -2.7207 -0.71691
0.77467 -1.2424 -1.3625 0.85061 1.9684 0.047924 1.6308 1.3237 -0.52583 -1.1245 0.56084 1.4749 0.81115 0.056474 -0.096416 0.4045 0.25429 0.23901 -0.1058 0.86494 -0.61264 -0.69544 1.4281 0.85501 -2.1679 0.02573 -0.029585 1.1873 0.86838 -1.081 -2.3402 -0.35185 -1.4113 -1.459 0.87749 1.6315 -1.5409 -2.1598 -0.69699
0.83901 -1.3179 -1.3049 0.985 1.0149 -0.0094748 1.3191 0.86853 -0.89631 -0.89191 0.345 1.1206 0.76954 0.066768 0.4517 1.012 0.00030207 -0.41597 0.39168 0.45577 -1.404 -0.63636 2.3096 0.17138 -3.1256 -0.26776 -0.238 1.491 0.94093 -1.4124 -2.3614 0.44253 -1.5639 -0.93154 0.58046 0.50807 -1.607 -0.57933 -0.79328
1.143 -1.3671 -1.1804 1.1123 1.0643 -0.3873 1.5407 0.31909 -0.97179 -0.28504 -0.066675 -0.74413 0.74244 -0.35496 0.77622 1.0374 -0.82008 -1.6997 0.53784 -0.16296 -1.6618 -0.41703 1.8729 -0.49288 -2.541 -0.42365 -0.65079 2.1276 1.4087 -1.487 -1.6171 0.98272 -1.6335 0.47431 0.51736 -0.70507 -0.72738 0.9156 -0.98406
0.71101 -1.3453 -1.4619 0.22972 0.7334 -0.68797 0.98667 -0.67839 -1.1735 0.53843 -1.0829 -1.0003 0.76019 -0.16019 1.6075 1.4294 -1.4543 -2.3016 1.1539 -0.81357 -1.0032 -0.22308 1.1647 -0.76501 -1.6287 -0.85303 -1.2243 2.1785 1.692 -0.70821 -0.34964 0.46658 -1.7634 1.5685 0.7008 -1.5727 0.44419 2.148 -1.3069
0.62502 -0.91843 -0.92541 0.469 0.35777 0.80094 1.6852 -0.70693 -1.7314 1.5352 -0.88676 -1.4458 0.52756 -0.98635 2.734 2.4711 -2.0271 -1.9339 1.5911 -1.5655 0.10188 0.2261 0.72161 -0.040765 -0.90136 -1.3323 -1.486 1.5117 1.3387 0.76878 1.1323 -0.41458 -1.137 1.9277 0.72853 -1.5974 1.2301 2.4949 -1.5435
0.51395 -0.38873 -0.47352 -0.29364 -0.67011 0.73301 1.0809 -0.18544 -0.94049 0.41141 -0.19523 -0.77008 0.37151 -1.7872 2.9623 3.032 -0.8272 -0.96416 0.86265 -2.1509 0.78482 0.56595 -0.0050917 0.76415 0.79941 -2.0061 -1.4296 0.091446 -0.18745 2.0482 1.885 -1.5877 -0.14324 1.0445 0.72552 -1.204 1.1458 2.1058 -1.2436
0.88197 0.46896 0.25091 -1.1443 -1.0163 1.4409 0.19578 0.31293 -0.7373 -0.31935 -0.31169 -0.39703 -0.18118 -2.1734 2.5253 2.3972 0.42742 -0.16865 -0.16344 -1.6316 1.2226 0.77215 -0.47833 1.0257 1.7585 -2.4371 -0.54739 -1.3146 -1.8656 2.825 2.0283 -2.0442 0.83088 -0.22488 0.62438 -0.46547 0.048716 0.86816 -0.566
-0.59472 1.3675 1.3107 -1.5976 -0.78281 1.4482 -0.80952 0.91003 -0.70292 0.57791 0.14719 -1.0309 -0.56276 -2.0991 1.8743 1.1405 1.4714 0.47083 -1.2714 -1.0607 0.47475 1.0811 -0.44086 0.82786 1.6929 -2.3871 0.40613 -2.1428 -2.5697 2.2652 1.58 -1.2672 1.6594 -0.79831 0.34052 0.25043 -0.8015 -0.74107 0.55259
-1.0943 0.94433 1.3651 1.1199 0.70288 -0.31773 -0.88692 0.51682 -0.49227 0.27457 0.4576 0.64452 -1.2689 -1.804 1.1989 0.35643 2.5502 1.2806 -1.6 -0.57034 -0.20566 1.3276 0.10553 0.0093964 0.56177 -2.0907 1.3836 -2.2541 -2.2315 0.89013 0.80672 0.13091 1.8874 -0.76202 0.14529 0.41804 -0.98716 -1.5502 1.4185
-1.4459 0.73186 0.19888 1.1099 0.20559 -0.50643 0.21026 0.63142 -0.53114 0.3554 -0.036991 1.4191 -1.5332 -1.2608 0.22619 -0.15549 2.7039 1.3767 -1.0507 0.40707 -0.093368 1.035 0.19856 -0.22976 -0.25716 -1.2502 1.6827 -1.6192 -1.364 -1.017 -0.081044 1.6811 1.2425 0.10838 0.19478 0.65 -0.59733 -1.7386 1.8102
-0.95707 1.0703 0.050955 1.8446 0.067308 -0.30745 0.60496 -0.35616 0.095484 0.48069 0.41409 0.3363 -1.5644 -0.1544 -0.22741 -0.61168 1.618 0.94879 0.021168 1.1492 -0.014161 1.1208 0.0088251 -0.29349 -0.71371 -0.62263 1.1706 -1.0034 -0.23819 -2.1609 -0.73611 1.8257 0.053527 0.69156 0.0027894 0.57838 0.14617 -0.91718 1.6456
-1.0269 1.2685 0.58703 2.1369 0.66622 -0.62185 -0.60893 -0.072948 1.1341 0.13869 -0.58315 -0.85535 -1.6444 0.042721 0.022792 -0.61855 -0.11902 0.49076 1.4579 0.38903 0.573 1.6168 0.84514 -0.14237 -1.534 -0.080681 0.19452 -0.46289 0.65464 -2.4272 -0.93831 0.99741 -0.82264 0.58072 -0.48973 0.41022 0.50321 0.46586 0.99003
-1.0113 0.82993 0.91884 1.772 0.79826 0.7338 0.37018 1.0622 -0.071051 0.27517 -0.25153 -0.90578 -1.311 -0.39392 -0.28238 0.17944 -0.41208 0.31113 0.98816 -0.47376 0.80409 1.0549 0.88688 0.22929 -0.84484 0.088702 -0.568 -0.21843 0.79559 -1.4726 -0.74141 -0.24202 -0.68608 -0.060596 -1.1856 0.048781 0.83791 1.7181 0.46124
-1.062 0.89803 0.50514 0.99852 0.76466 0.82552 0.86039 0.74596 0.72416 0.64502 0.23397 -0.68963 -1.4673 -0.8038 -0.46762 0.49537 -1.1943 -0.10788 0.57455 -0.33125 0.62208 0.023886 0.55187 0.43766 0.82711 0.057673 -0.52905 -0.085981 0.74958 -0.095553 -0.4391 -1.1215 -0.025719 -0.92064 -1.5861 -0.57752 0.64819 1.912 0.026482
-1.2725 0.9351 -0.11298 0.95333 0.99038 1.3335 -0.47139 1.1317 2.0069 1.7989 0.23145 -0.70372 -1.5208 -0.74116 -0.31379 0.10746 -0.82378 -0.17463 -0.022855 0.21476 -0.17762 -0.62774 0.27655 0.9689 1.8984 0.083951 0.18244 0.23637 0.42024 0.70378 -0.13992 -0.77997 0.50367 -0.92017 -1.338 -0.43863 0.2689 0.83621 -0.054684
-1.8996 0.49342 0.61231 1.2046 0.12369 -0.12722 -0.45309 1.0025 0.45893 1.0392 0.28438 0.33217 -1.4804 -0.72486 -0.081942 0.61857 -0.10308 -0.10462 -0.36335 -0.01577 -0.76947 -0.95065 0.10825 0.68676 1.3165 -0.032438 1.1971 -0.15618 0.027829 0.76242 -0.13769 -0.28793 0.74057 -0.1366 -0.64298 0.034232 -0.57594 -0.80589 0.4297
-1.6542 0.81249 1.1543 0.22168 0.14386 0.2991 0.16495 0.16791 -0.13452 0.44142 0.56126 1.2531 -1.5113 -0.11751 -0.081775 0.78229 0.47164 0.049669 -0.15465 0.29728 -0.33253 -1.3317 0.32458 0.59699 0.74956 0.043357 2.0927 -0.92422 -0.84305 -0.29177 -0.61027 0.36737 0.49974 0.68271 0.22484 0.48481 -1.3653 -1.7955 1.2133
-1.5796 0.9142 0.55741 1.3606 0.96961 -0.061812 0.40075 0.06854 -0.059462 0.42106 0.80155 1.3838 -1.3729 0.99307 -0.81597 0.18294 -0.29389 -0.47554 0.058645 0.99898 0.41088 -0.99876 0.62192 -0.45819 -0.39699 0.80078 2.5023 -1.3335 -1.7507 -1.2803 -1.195 0.49298 0.37897 0.96102 0.6183 0.5048 -1.6782 -1.7562 1.8386
-1.7721 0.71893 1.4326 1.5429 0.72882 0.94824 0.4555 0.257 -0.82157 1.0688 0.64223 -0.13975 -1.4252 2.091 -1.4035 -1.0689 -1.3158 -1.1584 0.55607 0.62881 0.55772 -0.10645 0.95059 -1.0111 -1.2356 1.7058 1.9524 -0.95148 -1.4613 -2.0708 -1.4374 0.33981 -0.012195 0.045099 0.41699 -0.11521 -1.6218 -1.259 1.7744
-1.0458 0.76105 0.72287 1.5256 0.73203 0.75212 0.55182 0.95485 0.014126 1.9574 0.99123 0.19735 -1.4966 2.5857 -1.5302 -1.329 -1.7994 -1.8004 0.33414 0.5142 0.65922 -0.21736 0.76325 -1.6447 -1.5946 2.2246 0.80306 0.19782 -0.67637 -1.7078 -0.72556 0.10388 -0.33944 -1.0986 -0.11335 -1.008 -0.85822 -0.084343 0.97471
-0.14217 -0.49217 0.0029223 -0.33235 -0.52217 0.64504 0.70733 1.9666 0.44702 2.1851 -1.1624 -0.9368 -0.28594 2.5293 -1.2248 -0.86335 -2.9669 -2.0562 0.43984 0.50441 -0.38738 -0.81069 0.070442 -1.8402 -1.4539 2.3119 -0.54652 1.0922 0.5378 -0.64587 0.35446 0.14498 -0.29465 -1.7217 -0.70117 -1.5715 -0.15366 0.85921 -0.16622
0.42365 -0.77743 -0.37171 -1.2526 -1.5482 0.47045 0.3675 0.64073 -0.20814 1.222 -0.62543 -0.35567 0.40967 2.1863 -0.57332 -1.0424 -2.9243 -1.4187 0.35512 0.41436 -1.3006 -0.87888 -0.77947 -1.6514 -0.48797 2.1356 -1.4927 1.6709 1.0189 0.767 1.6103 0.54987 -0.37042 -1.5355 -0.34722 -1.2782 0.9668 1.4942 -1.3308
0.80939 -0.044355 0.14257 -1.1957 -1.1622 0.70527 1.1149 0.55667 -0.94065 1.0223 -1.1419 -0.61657 0.39623 1.3186 -0.12419 -0.3562 -2.058 -0.65318 0.86997 0.11563 -1.8738 -1.2758 -1.1662 -1.3028 0.10109 1.4726 -1.9461 1.4968 0.94942 1.8949 2.2291 0.58981 -0.49587 -0.24985 0.56262 -0.46051 1.1991 1.3305 -1.8938
0.45697 0.021448 0.41075 -2.1175 -0.89198 1.0634 1.0155 -0.82413 -1.6056 0.8143 -1.1152 -1.1143 0.38937 0.54727 0.59982 0.057441 -0.69638 0.62224 1.291 0.0038697 -1.6423 -0.72148 -0.96183 -0.12084 0.92446 0.41133 -1.8754 0.4413 0.76828 1.8433 1.8123 0.24821 -0.61685 0.80588 1.2974 0.10174 0.89761 0.80665 -1.6407
0.57869 0.1592 -0.060459 -1.8813 -0.65961 1.4221 0.82999 -0.74983 -1.1187 0.65509 -1.2298 -0.34981 0.42673 -0.096174 0.59141 0.11351 -0.23843 1.2438 1.2274 -0.2295 -0.7283 0.33641 -0.66313 -0.38024 0.77394 -0.0040468 -1.0971 -0.34506 0.22707 1.32 0.91126 -0.45724 -0.40603 1.5244 1.6546 0.057829 0.42075 0.42559 -0.90384
0.6709 -0.14612 -0.065562 -1.4798 -0.64093 1.7579 0.49814 -0.57961 -1.1301 0.7853 -1.3766 0.31456 0.33669 -0.42621 -0.21099 -0.045649 -0.096228 1.1474 0.71687 -0.57831 -0.30518 1.1258 -0.81156 -0.44908 0.94924 0.1207 -0.47593 -0.95902 0.056169 0.64354 -0.044128 -1.0402 -0.0034855 1.3204 1.1597 -0.15029 -0.22536 -0.019755 -0.14403
0.6793 -0.064143 -0.049505 -1.4267 -0.14363 2.1034 0.74405 -0.14502 -0.39557 0.67472 -0.85691 0.50715 0.39724 -0.1395 -0.25223 0.044998 0.31958 0.85675 0.22085 -0.36454 0.44134 1.3818 -1.1034 -0.36354 1.0182 0.10193 -0.24563 -0.76033 0.020516 0.42925 -0.3288 -1.112 0.61587 0.76594 0.23801 -0.03942 -0.14196 -0.15087 0.083909
0.26481 0.19532 0.087736 -1.8263 0.0079289 1.7365 0.36653 -0.46692 -0.076345 0.13002 -1.4689 0.083396 0.42274 -0.27841 -0.49058 0.16286 0.33196 0.74112 -0.36211 0.052399 0.35479 1.2696 -0.9903 -0.55781 0.74528 0.11794 -0.10823 -0.30246 -0.016154 0.47326 -0.3643 -0.64929 0.97736 0.46576 -0.654 0.44965 -0.12584 -0.44759 0.0058461
0.17388 -0.42715 0.2753 -1.7586 0.20371 1.4476 0.48371 -0.51277 0.071981 -0.15489 -1.908 0.33086 0.57477 -0.61051 -0.46427 0.02232 0.42071 0.8219 -0.53994 0.59359 0.43119 0.79016 -0.61648 -0.59912 0.52841 0.13962 -0.061836 -0.47329 -0.36957 0.48179 -0.26209 -0.1514 0.84773 -0.036591 -1.2424 0.70968 -0.060129 -0.36761 0.010656
0.61498 -0.10678 0.20014 -1.4302 -0.092176 1.489 0.60943 -0.12467 0.04762 -0.6312 -1.3397 0.68493 0.42364 -0.38838 -0.57052 -0.081001 0.81559 0.47118 -0.24094 0.75663 0.59798 0.023223 -0.18947 -0.57449 0.18934 0.11309 0.11783 -0.23199 -0.70646 0.57393 -0.076976 0.27478 0.49683 -0.49017 -1.4232 0.55474 0.02055 -0.14412 -0.020547
0.30328 -0.52117 -0.095221 -1.1242 0.23312 1.1005 0.96488 -0.21224 0.5085 -0.10426 -1.9979 1.0666 0.49622 -0.20023 -0.95014 -0.45568 1.0574 0.49569 -0.13574 0.85509 0.22812 -0.6625 -0.15535 -0.47598 0.46854 0.12366 0.37826 -0.19868 -0.67666 0.45926 0.029501 0.4121 0.11342 -1.2033 -1.2855 0.28509 0.09326 -0.30106 -0.043412
-0.23562 -0.47506 -0.044072 -0.94805 0.66741 1.4372 1.4346 0.22545 -0.18959 0.31726 -1.8351 0.89152 0.49088 -0.28182 -0.60084 -0.76973 1.1799 0.76609 0.03189 0.83764 -0.52892 -1.0616 -0.16012 -0.58984 0.44267 0.09283 0.47164 0.30234 -0.31681 0.03191 -0.054292 0.37086 -0.26432 -1.7867 -1.1215 0.12935 0.62898 -0.62379 -0.1376
0.30341 -0.48506 0.027031 -0.53117 0.27399 1.9392 1.3503 0.50821 -0.45441 0.13622 -1.7098 0.16361 0.55705 -0.0019127 -0.7492 -0.75635 1.1726 0.74217 0.20719 0.75256 -1.3955 -1.4279 -0.071197 -0.42644 -0.27847 0.078269 0.5544 0.82533 0.16816 -0.34405 -0.5644 0.037856 -0.82105 -1.7344 -0.28699 0.22767 1.0876 -0.8007 -0.29082
0.11248 -1.1315 -0.39245 -0.60627 0.621 1.155 1.1821 -0.80472 -1.042 -0.70956 -2.3669 1.1511 0.6077 0.33932 -0.17238 -0.4673 0.82634 0.25367 0.38481 0.30147 -2.1298 -2.0008 0.039181 0.56387 -0.83227 -0.093825 0.47649 1.0809 0.39257 -0.61983 -1.0172 -0.3155 -1.038 -0.78389 0.29663 0.64076 1.6416 -0.43348 -0.46695
0.021917 -0.70225 -0.59393 -0.04997 1.1359 1.4518 1.6082 -1.3863 -1.0951 -0.52159 -2.4767 1.292 0.57922 0.46229 0.16797 -0.35324 0.54092 -0.3286 -0.21204 -0.42366 -2.4079 -0.79969 0.19831 0.96472 -0.68099 -0.26986 0.13488 1.5898 0.33218 -0.76407 -1.1475 -0.38034 -0.9359 0.82011 0.55399 0.79626 2.0643 -0.0035035 -0.69908
0.67101 -0.94366 -0.55365 0.17993 0.69775 1.7573 1.7356 -1.8554 -1.5651 -0.17367 -1.6757 -0.09095 0.45407 0.32151 0.68033 -0.35194 0.24378 -0.65438 -0.398 -0.5265 -1.5867 -0.72367 0.92562 1.7644 -0.3296 -0.51565 -0.3362 1.2424 -0.073916 -0.80859 -1.0554 -0.49289 -0.52412 2.091 0.55733 0.38736 1.8065 0.42551 -0.79331
0.35186 -0.41779 -0.29399 -0.32159 0.38391 1.8099 1.2803 -2.5501 -2.5021 0.49758 -0.71095 -0.35326 0.36939 0.23885 1.3754 -0.29309 -0.080328 -1.0117 -0.17665 -0.59493 -0.070925 -0.85928 0.99485 2.8107 -0.55085 -0.88308 -0.76074 0.86929 -0.38765 -0.48633 -0.601 -0.49514 0.086672 2.596 0.28098 -0.3544 0.94371 0.88283 -0.78571
0.31218 -0.33586 -0.3415 -0.23264 -0.067333 0.90054 0.50217 -2.3099 -0.32715 0.26764 -0.79635 0.26819 0.24837 -0.14943 1.2211 -0.63819 -0.4974 -1.4346 -0.64372 -0.60483 0.80171 -0.75659 0.39079 2.9978 0.031969 -1.1177 -0.85857 0.28079 -0.14128 0.16593 0.057216 -0.55939 0.33279 2.1482 0.78506 -0.7656 -0.10987 0.9264 -0.59656
0.58947 -0.068665 -0.67004 -0.19489 -0.26454 1.199 0.92017 -1.3475 -1.983 0.95301 0.18035 0.65446 0.063987 -0.65281 1.3 -0.86218 -0.070016 -1.0898 -1.1047 -0.235 1.4929 -0.1649 -0.16197 2.0975 1.0806 -1.2865 -1.0248 0.036762 0.79113 0.80369 0.77914 -0.38894 0.060004 0.98665 1.0783 -0.20381 -0.85954 0.74377 -0.45141
0.24369 0.36366 -0.88252 -0.55613 -0.10992 1.2572 0.92741 -0.83028 -2.662 0.10514 1.176 0.34696 -0.35646 -0.75608 1.1823 -0.31799 0.57843 -0.49404 -1.084 -0.097034 1.8442 0.63476 0.11267 1.9075 0.89357 -1.314 -0.80003 0.2081 2.0442 1.1941 1.3238 0.011701 -0.33334 -0.066467 1.5193 0.18556 -0.99109 -0.015384 -0.26563
-0.036357 0.19057 -1.2649 -0.65905 -0.82379 0.71156 1.1235 -0.83941 -2.1255 -0.10877 1.3047 0.77504 -0.5211 -1.275 1.4701 0.81565 1.0135 0.035068 -0.74974 -0.74917 1.3321 0.78327 0.7859 1.7457 0.65267 -1.5413 -0.42464 -0.1057 2.6852 1.0137 1.0322 0.51076 -0.70511 -0.61639 1.6612 0.5407 -1.0153 -0.77324 0.023641
-0.15907 0.42076 -1.0957 0.35034 -0.54917 0.18001 1.2672 -0.44627 -1.4126 -0.057689 0.5117 1.4372 -0.75679 -1.2583 1.4844 1.8337 1.3834 0.57305 -0.7758 -0.98317 0.73159 2.0586 0.29196 1.3184 0.19856 -1.4348 -0.40255 -0.30739 1.892 0.52228 0.85487 0.70692 -0.78166 -0.49533 1.2266 0.47839 -1.227 -0.94852 0.29981
-0.411 0.81191 -0.10237 0.64023 -0.055219 0.30314 0.53703 -0.20148 -0.46519 1.269 1.8528 0.7422 -0.81454 -1.1584 0.99705 2.4174 1.5848 0.38298 -0.16875 -1.1221 0.81526 2.7185 0.78305 0.49163 -0.2981 -1.1851 -0.044484 -0.71749 0.40227 -0.20882 0.51489 0.66989 -0.23525 -0.16771 0.17885 0.3827 -1.5452 -0.83834 0.64259
-1.0462 1.3251 0.63362 1.0155 -0.012932 0.36942 -0.77726 -0.48741 -0.18505 1.643 1.7988 1.2569 -1.4364 -1.5321 0.94538 1.944 1.3545 0.99548 0.12621 -1.3838 1.1072 2.3251 1.033 0.23968 -0.7455 -0.98745 0.1615 -0.9323 -1.0402 -0.8223 -0.025776 0.47278 0.56352 0.057294 -1.4509 -0.007824 -1.9458 -0.36583 0.70259
-0.5572 1.3726 0.8235 1.206 0.47312 0.38792 0.37978 -0.30082 -0.00084112 0.023615 2.2212 0.51854 -1.3558 -1.2232 0.61241 1.3957 0.60861 0.83003 0.22244 -1.001 0.79437 1.0481 1.1566 -0.60272 -0.74568 -0.6848 0.64153 -0.90535 -1.939 -0.98028 -0.15685 0.10617 1.0115 -0.162 -2.0073 -0.69549 -1.4812 0.29098 0.7863
-1.0766 0.80728 0.96322 1.2822 -0.45195 1.0734 -0.03526 0.48318 1.053 0.97608 1.1298 -0.0021297 -1.4211 -0.94704 0.20714 0.62915 0.20934 0.31038 0.039191 -0.0031231 0.83538 -0.22341 0.12115 -1.7684 -0.40132 -0.50398 1.0169 -0.83585 -1.7782 -0.65535 -0.36925 -0.16333 0.87313 -0.55722 -1.6134 -0.8382 -0.71553 0.91318 0.766
-1.9685 1.1989 0.11998 1.3523 0.78762 0.33567 -0.59981 0.82924 0.80957 1.6376 1.2624 0.29215 -1.4369 -0.32391 -0.060482 -0.10533 0.17518 0.43297 0.11792 0.065375 0.61249 -0.32465 -0.022154 -1.2727 0.16112 -0.10528 1.169 -0.45424 -1.0298 -0.27663 -0.18444 -0.44028 0.39772 -0.83512 -0.99803 -0.99273 0.78094 0.88511 0.63079
-1.183 1.2717 0.84561 1.0457 0.5767 0.36228 -0.12883 0.15919 -0.56152 2.1836 -0.054949 0.63954 -1.4136 -0.19139 -0.034027 -0.22366 0.2473 0.49081 -0.14251 -0.29773 0.080836 -0.45635 0.096241 -0.76722 0.81071 0.010217 1.169 -0.28462 -0.15621 -0.20143 -0.26386 -0.30438 0.073286 -1.0461 -0.28247 -0.67526 1.9274 0.20077 0.43395
-1.4567 1.2129 0.97853 0.99406 0.011763 0.4009 0.44664 0.69067 -0.97914 0.588 -0.093996 0.4329 -1.5871 0.45803 0.025499 0.12352 0.032907 0.39391 -0.58743 -0.12288 -0.4932 -0.97595 -0.64414 0.34295 0.59573 0.11852 0.53713 -0.23171 0.026824 -0.27699 -0.42199 -0.35296 -0.019194 -0.57475 0.38524 -0.77438 1.7559 -0.80275 0.15208
-0.96892 1.169 0.39616 1.5868 0.74702 0.82938 -0.64334 0.20424 0.30284 0.79826 1.2211 1.4814 -1.4466 0.72093 -0.27296 0.23981 -0.12392 -0.16954 -0.22437 0.21548 -0.69226 -0.49478 -0.79143 1.006 -0.18716 0.11407 0.12054 -0.062108 -0.066549 -0.28905 -0.32353 -0.26676 -0.065595 -0.0079691 0.71704 -0.50351 0.76205 -1.1703 0.10588
-1.1342 1.0601 0.55501 1.6246 0.83639 0.24449 -0.11574 0.09006 0.12284 0.66013 1.102 1.2241 -1.2703 0.1625 -0.29378 -0.31372 -0.19666 -0.042021 -0.55908 -0.23958 -0.15283 0.53779 -0.98599 1.1035 -1.1315 0.09952 -0.5834 0.11721 -0.08402 -0.1721 -0.17738 0.040815 0.2108 0.74645 0.51298 -0.25781 -0.66336 -0.82206 -0.057469
-0.94501 0.95968 1.0115 0.9735 0.18063 -0.18733 -0.40177 -0.0528 -0.81592 0.79369 1.5095 0.38731 -1.3336 0.16289 0.043227 -0.13385 -0.21981 0.093968 -0.69416 -0.37444 -0.12458 0.34569 -0.63744 0.26358 -0.93139 0.19888 -0.79515 0.33239 0.2251 0.038097 0.25275 0.34381 0.3434 0.99251 0.086751 0.16277 -1.2328 -0.26963 -0.19938
-1.0327 1.0204 0.52285 0.91494 0.43981 0.30765 0.20602 -0.24956 -0.43969 0.95309 1.838 -0.15134 -1.4153 -0.30019 0.070894 0.15306 -0.26413 -0.0701 -0.24618 0.55355 0.67404 -0.27744 -1.1694 -0.53052 -0.86649 -0.018959 -0.45665 0.22588 0.27234 0.12172 0.17495 0.86701 0.79172 0.73885 -0.097131 0.36942 -1.2657 0.43012 -0.27575
-1.2122 1 0.44159 0.87518 0.38279 -0.34632 -0.48903 0.55317 0.51859 -0.030017 0.77197 -0.93147 -1.4079 -0.45909 0.091216 0.35286 -0.009346 0.34386 0.35978 0.44818 0.83017 0.11221 -0.36692 -0.4827 -0.93024 -0.16003 -0.10217 -0.042613 -0.1132 0.18756 -0.16712 0.68076 0.44249 0.32426 0.10221 0.71376 -0.81384 0.57801 -0.2396
-1.0663 1.3919 0.74058 1.2289 0.54499 -0.21364 -0.46333 0.31042 -0.26274 -0.24002 0.50035 0.59376 -1.2516 -0.3398 0.058944 -0.13364 -0.051645 0.18197 0.74975 0.81618 0.8059 0.45728 -0.40468 -0.89029 -0.19254 -0.18256 0.44664 -0.13731 -0.2346 0.077162 -0.53692 0.12498 -0.29432 -0.36117 0.22392 1.4514 -0.16455 0.55428 0.0041806
-1.443 1.0304 0.69755 1.3144 0.7238 0.69804 0.70505 1.2257 -0.49059 -0.66151 0.82856 0.57092 -1.4615 -0.0042833 -0.0021022 -0.19534 0.057571 -0.34449 0.25381 0.30868 0.42879 0.21105 0.33624 -1.0816 -0.0012328 -0.12018 0.60212 -0.35608 0.0059349 -0.046118 -0.81861 -0.35833 -0.52387 -0.63136 -0.16875 0.90617 0.27854 0.1515 0.11263
-1.5765 1.0167 1.2427 1.2573 1.067 0.53874 0.25412 0.74033 0.040699 1.2803 1.0575 -1.0505 -1.487 0.25509 -0.084708 0.024491 -0.13761 -0.75331 0.08935 0.060808 0.14363 0.16839 1.205 -0.54641 -0.11642 -0.030457 0.41287 -0.25383 0.27555 0.03232 -0.55207 -0.77823 -0.94752 -0.7584 -0.59308 0.25387 0.58214 -0.15781 0.20221
-1.0901 1.0295 0.22819 0.4749 -0.027588 0.79381 0.76157 0.70278 0.10186 -0.036271 0.25573 0.12679 -1.5505 0.30086 -0.38798 0.2631 -0.056123 -0.76049 -0.039175 -0.16561 -0.10209 -0.095086 0.54162 -0.14443 -0.64599 -0.045585 0.068049 -0.1816 0.090029 0.15194 -0.082764 -0.65278 -0.58241 -0.41584 -0.60745 -0.64205 0.76573 0.25073 0.16364
-0.96352 1.1086 0.18216 1.2772 -0.12634 -0.20244 -0.25093 0.37682 0.1335 1.0931 -0.13938 -0.26735 -1.4269 0.23065 -0.13614 0.065804 0.074343 -0.66668 -0.71188 -0.72985 -0.44236 -0.65666 -0.0053923 -0.283 -0.23303 0.12103 -0.42416 -0.032772 -0.058394 0.29694 0.57669 -0.1641 -0.14874 -0.27573 -0.49693 -0.89588 0.68006 0.54459 0.10473
-0.981 1.0438 1.0022 0.8189 -0.35318 -0.21075 -0.51098 0.9702 0.36594 1.2333 0.31823 -0.40913 -1.3064 0.12172 -0.24927 -0.089655 0.26306 -0.53712 -0.69109 -0.39686 -0.11702 -0.67443 -0.22044 0.20462 0.59921 0.080212 -0.66842 0.14816 -0.38436 0.032835 0.8421 0.6567 0.53491 -0.22697 -0.13547 -0.62472 0.52798 0.81537 0.019667
-1.0842 0.7364 1.3001 1.4194 0.21328 0.55961 0.21809 0.38703 -1.0962 -0.3921 0.96805 -0.32256 -1.4436 -0.41121 -0.18968 0.085344 0.308 0.26065 0.09272 -0.114 -0.41166 -0.60154 -0.047228 0.53737 0.45409 0.083886 -0.62152 0.15318 -0.68738 -0.17074 0.81161 1.2456 0.91998 -0.30479 0.3215 -0.29684 0.21004 0.5337 -0.096388
-1.4314 0.98729 0.49851 1.2317 0.1303 -0.39341 -0.23114 0.4622 -1.2043 -0.0026033 0.32019 -0.17968 -1.3803 -0.56566 -0.10839 -0.39338 -0.10277 0.41464 0.95409 0.51363 -0.58413 -0.40259 -0.56718 0.42034 0.80338 0.0074142 -0.32188 0.34265 -0.72185 -0.38333 0.43185 1.0413 0.52598 -0.3405 0.64946 0.08417 -0.38207 0.11169 -0.028993
-1.116 0.76818 0.54132 1.2406 -0.17917 -0.29501 0.016557 0.65193 -0.098704 1.2949 1.0683 0.47087 -1.4672 -0.53024 0.054246 -0.92285 -0.084965 0.43728 1.0938 0.52167 -0.82882 -0.086846 -0.35281 -0.0082729 0.83385 -0.0029843 0.062023 0.32288 -0.63921 -0.3605 -0.076754 0.44091 0.13555 -0.0888 0.70127 0.25796 -0.59229 0.055383 0.01523
-1.5431 0.96704 0.28477 0.991 0.3179 1.0981 0.29177 -0.15849 -0.49047 0.12561 0.53485 0.55296 -1.3656 -0.39394 0.19165 -0.78223 -0.31334 0.22018 1.0091 0.25577 -0.5988 0.48136 0.11917 -0.24316 0.64345 0.07638 0.13942 0.22087 -0.18298 -0.16212 -0.16226 -0.0039537 -0.20245 0.060841 0.53584 0.48022 -0.41445 -0.10917 0.063877
