39 260
-0.93961 0.72209 0.7672 1.4493 0.56179 1.1719 -0.23525 0.73045 -0.69184 0.12604 0.41968 -1.1587 -1.6065 0.17068 0.25029 -0.12237 0.023532 -0.20168 0.061709 0.55621 0.35195 0.20101 0.37024 0.20204 0.65536 0.13361 0.094596 -0.097801 0.0018924 0.067003 -0.1261 0.1434 -0.117 -0.47942 0.14357 0.028305 -0.22398 0.55717 -0.0075084
-0.83251 0.47217 0.11557 1.6767 0.52337 1.5907 -0.020079 1.1515 0.00055737 1.3708 0.23041 -1.0328 -1.4894 0.26446 0.20066 -0.17113 -0.037725 -0.36649 0.039332 0.57322 -0.26013 -0.060273 0.32322 0.060929 1.7026 0.1731 0.052254 -0.15642 -0.17667 0.051234 -0.17799 0.16114 -0.10069 -0.47295 0.4786 0.0079485 -0.45715 0.39509 -0.055636
-1.0385 1.0143 0.9218 1.618 0.15762 0.99253 0.12945 0.6983 -0.88771 0.22368 1.2026 -0.40532 -1.5123 0.28398 0.097491 -0.094867 0.16986 -0.36593 0.34908 0.29846 -0.26732 0.64646 0.47578 -0.20195 1.3166 0.098731 -0.1106 -0.13726 -0.12338 -0.061091 0.11058 0.034277 -0.40313 -0.28129 0.6158 -0.2077 -0.49637 -0.22798 -0.11885
-0.55468 1.0277 0.61346 1.3016 0.40124 1.3011 0.68023 1.2426 -0.35685 0.42211 0.4295 -0.22478 -1.4422 0.20113 0.051774 -0.48641 0.037508 -0.46624 0.226 0.46814 -0.2512 0.9877 0.35556 -0.56054 1.1593 0.053006 -0.22052 -0.20738 -0.10964 -0.027048 0.35059 -0.038666 -0.85468 0.33409 0.6435 -0.18145 -0.37156 -1.1403 -0.13617
-0.61651 0.75315 0.44501 1.4056 0.011835 1.2506 0.30062 -0.038766 -0.93951 0.57585 0.30703 1.7677 -1.404 0.0083478 0.08162 -0.20955 -0.13036 0.057824 0.048885 -0.20735 -0.19441 0.97091 -0.073336 -0.53423 0.41519 -0.013291 -0.28926 -0.15204 0.036499 -0.029414 0.419 -0.4056 -0.97258 0.3741 -0.039364 -0.4736 -0.022774 -1.0789 -0.071937
-0.6609 0.67193 0.60751 1.9462 0.17859 1.9331 -0.16255 0.76184 0.92243 1.1348 -0.0012844 -0.43477 -1.5594 0.01856 -0.1509 -0.33141 0.057757 0.093954 0.13915 -0.88451 0.35234 1.1288 0.22704 -0.55763 -0.32993 -0.0076774 -0.19878 -0.026724 0.39923 0.16576 0.45516 -0.54187 -0.66774 0.45809 -0.76626 -0.61484 0.32353 -0.8764 0.0057065
-0.77763 0.75347 -0.4556 1.4099 -0.16267 1.3315 0.83929 0.81305 0.72634 0.912 -0.35444 0.31387 -1.4876 -0.12709 -0.068816 -0.10076 0.10082 0.15817 -0.31571 -0.96943 0.15724 0.51144 -0.46133 -0.25508 -0.28936 0.0029429 -0.080729 0.082294 0.51554 0.13571 0.28119 -0.52811 0.001231 0.071534 -1.5103 -0.5576 0.58513 0.1403 0.070366
-0.94881 0.89318 0.57972 1.3235 0.91772 1.278 -0.66158 0.91163 0.47984 0.54138 0.24343 -0.49663 -1.4882 -0.077343 0.067356 0.24874 0.21646 0.35749 -0.54426 -0.49112 0.46185 -0.35408 -0.75671 -0.023974 -0.40135 0.052516 -0.12009 0.028848 0.642 0.063107 0.29231 -0.31833 0.2798 -0.4518 -1.4918 -0.33548 0.52113 0.58148 0.075639
-0.67892 0.83466 0.52535 1.7134 0.054568 1.2833 -1.0943 1.2668 0.29818 0.51472 0.3265 -0.44602 -1.4642 -0.08613 0.093806 0.52013 0.03041 0.46458 -0.53729 -0.41908 -0.10833 -1.4017 -0.76417 0.42488 0.73489 0.075628 -0.049262 -0.089044 0.15307 -0.11366 0.45998 0.1203 0.44757 -0.31999 -0.59478 0.3852 0.10056 0.68689 0.069333
-0.67226 0.7708 0.34794 1.5043 0.44543 0.90113 -0.349 0.61316 0.024353 -0.2675 -0.21289 0.65507 -1.4155 -0.21229 -0.19961 0.62818 0.2016 0.50072 -0.3018 -0.62285 -0.38674 -0.99039 -0.32479 0.19382 0.39526 0.08408 -0.11267 -0.066819 -0.41491 -0.29555 0.55666 0.30963 0.57841 -0.030846 0.16664 0.84358 -0.10708 0.019784 0.020269
-0.7951 0.76432 0.82433 2.0382 0.50258 0.90643 -0.0039531 0.73224 -0.87789 0.10962 0.18719 0.42955 -1.4003 -0.14773 -0.09841 0.011861 -0.10323 0.96976 -0.20218 -0.03436 -0.035263 -0.38638 0.17514 -0.15645 0.77743 0.1044 -0.15068 -0.027148 -0.63292 -0.12294 0.30456 0.21756 0.63429 0.53308 0.54845 0.7631 -0.23665 -1.1311 -0.01898
-0.9127 0.85489 0.95061 1.522 0.86028 1.3077 -0.6195 0.74196 -0.64053 0.39055 0.75392 0.75872 -1.4891 -0.2441 0.037277 -0.31896 -0.25759 1.1745 -0.13758 0.44493 0.36804 -0.4991 0.61554 0.037826 -0.39905 0.070846 0.12551 0.031963 -0.72087 -0.21339 -0.10603 0.061804 0.82338 0.71242 0.28676 0.15428 0.001182 -1.1009 -0.0080205
-1.1926 0.44995 0.54988 1.5777 0.77056 0.86828 -0.91534 0.44459 -0.092748 0.49927 -0.19794 0.086538 -1.339 -0.3334 -0.084977 -0.25961 0.031733 0.71129 -0.21024 0.28614 0.54826 -0.49312 0.43386 0.0017072 -1.3312 0.047346 0.44882 -0.061999 -0.34539 -0.62196 -0.94097 -0.23921 0.42951 0.31554 0.25164 -0.23486 0.38751 -0.75481 0.30789
-0.82363 0.94224 0.38438 1.1869 2.3394 1.047 -0.75938 1.3713 0.21737 0.70857 -0.057721 0.86259 -1.3381 0.094087 -0.16855 -0.66347 -0.25797 0.422 -0.1679 0.83059 0.70252 -0.32532 -0.10019 0.11342 -0.94849 0.096585 0.91266 -0.10179 -0.28287 -1.4294 -1.4794 -0.66427 -0.20088 -0.45058 0.45568 -0.58018 0.61509 0.28381 0.92615
-0.9403 0.87787 -0.099738 1.5386 1.1733 0.9543 0.46868 1.5165 -1.0634 1.0129 0.45494 -1.3299 -1.3929 0.45477 -0.11368 -0.50012 -1.235 -0.47156 -0.59689 0.60622 0.41051 0.0656 0.046966 0.61635 -0.59807 0.61973 1.1018 -0.23499 -0.56212 -1.9663 -1.6352 -1.083 -0.94966 -1.3561 0.50802 -0.7319 0.65253 0.78534 1.4747
-1.2829 0.50958 0.58857 2.0066 0.9953 0.56804 0.018834 0.8547 -1.0971 -0.069255 -0.097655 -1.1334 -1.3734 0.93402 -0.1326 -0.75921 -2.2184 -1.0897 -1.1163 -0.13053 -0.43259 0.18346 -0.42248 1.0194 -0.17154 1.3779 0.976 -0.28824 -0.641 -1.7603 -1.0504 -1.1866 -1.7749 -1.9631 0.54068 -0.85769 0.1037 0.72797 1.5497
-0.43462 0.55252 -0.15377 1.1874 1.1559 1.0665 0.94304 1.5435 -0.87204 0.056915 0.80887 0.084983 -1.2658 1.1454 -0.50827 -1.3249 -2.5545 -1.6887 -1.6589 -1.1321 -1.506 0.32292 -0.96396 0.91631 -0.041873 1.945 0.64823 -0.17106 -0.56557 -0.76632 -0.021805 -0.71986 -1.3274 -1.6833 0.11985 -0.81985 -0.48722 0.32291 0.96753
-0.32844 0.72522 0.26829 -1.0494 0.037245 0.18307 -0.77747 0.91497 0.48036 1.0583 1.486 0.12396 -0.30842 1.4303 -0.46496 -1.5204 -2.7918 -0.99801 -1.7456 -1.8339 -2.1356 0.68415 -1.4252 0.17757 0.32727 2.1014 -0.15357 -0.088763 0.31553 0.65058 0.91615 -0.090626 -0.49897 -0.9347 -0.40798 -0.50374 -1.0581 -0.13087 0.0012307
0.22674 0.46521 -0.99738 -1.4035 -0.011782 -0.77178 -1.3416 -8.4854e-05 0.068111 -0.26373 0.94119 -0.24802 0.63405 1.3224 -0.24671 -1.2396 -2.3418 -0.56301 -1.5539 -1.1892 -1.9929 0.080899 -1.2005 0.0094915 -0.16889 1.9225 -0.72032 -0.021325 1.2809 1.7624 1.6135 0.76629 0.57468 0.4753 -1.1888 0.063525 -1.2088 0.015565 -1.029
0.43115 0.26499 -1.7744 -1.1161 -0.14224 -0.92489 -1.7704 -0.25348 -0.38267 -0.77443 1.1472 -0.34561 0.76743 0.57736 -0.42599 -0.17801 -1.1523 0.11003 -1.3122 -1.108 -1.9955 -0.52423 -1.3707 -0.75487 -0.41 1.3891 -0.91495 -0.0076878 2.0655 2.1669 1.1533 1.5751 0.96708 1.7553 -1.576 1.0578 -0.77115 0.25743 -1.7174
0.63106 0.26365 -1.5291 -1.2889 0.19219 -0.8599 -1.604 -0.9461 -0.4473 -1.3137 -0.0048249 -0.9934 0.66471 0.32547 -0.57843 0.53843 -0.18823 0.86421 -0.48252 -0.37407 -0.65393 -1.5204 -0.83317 -1.1618 0.34122 0.52625 -0.63168 0.49334 2.0065 2.0177 0.20818 1.9861 0.70423 2.2066 -0.81496 1.4179 -0.36551 0.7514 -2.1464
0.46699 0.4225 -0.49329 -1.164 0.48983 -0.82191 -0.561 -0.56245 -0.89865 -0.98759 0.59823 -0.60746 0.74888 0.34644 -0.32714 1.6781 0.050089 0.50822 0.56207 -0.3431 0.59398 -1.7655 0.6954 -0.86128 0.60932 -0.16113 -0.44591 1.0324 1.0389 2.0857 -0.55212 2.1387 1.0994 2.3248 0.21906 1.469 0.2734 0.69547 -2.2208
0.087919 0.081789 0.1432 -1.1617 1.0033 -0.79996 -1.544 -0.62724 -0.80253 -1.021 0.056829 -0.063066 0.74279 0.34447 0.50744 1.8031 0.70545 -0.36432 1.0893 -0.19393 0.98485 -0.97097 0.84804 -0.70929 0.92594 -1.0022 -0.61597 1.0277 -0.23883 2.1928 -0.87135 1.7704 1.3908 1.485 1.3335 0.86716 0.52572 0.036314 -1.9547
0.42387 -0.072164 0.2395 -1.5913 0.96364 -0.75865 -1.8616 0.30942 -1.7899 -0.056026 -0.30565 0.86953 0.66002 -0.20489 0.72947 1.2453 2.1724 -0.34364 1.7558 0.96256 1.6862 -0.32763 0.98059 -0.41036 0.78127 -1.6747 -0.88647 0.59772 -1.3669 2.1303 -0.45088 1.1136 1.6728 0.39749 1.9368 -0.091722 0.6386 -0.67684 -1.4571
1.1273 0.17995 0.72147 -1.0336 0.04074 0.23554 -2.0486 0.57239 -2.3903 0.60225 -0.0066438 0.0078209 0.36886 -0.46515 0.58379 0.28148 2.7161 -0.3932 2.114 1.7108 1.6759 0.54265 0.91703 -0.28622 0.31453 -2.0865 -1.1267 -0.21929 -1.6417 1.2033 0.25498 0.32536 1.1777 -0.32109 1.8375 -0.25084 0.7468 -1.1556 -0.57023
0.82532 1.3426 0.36984 0.30492 -0.98632 0.50366 -1.4601 0.18061 -0.70926 -0.60691 -0.10816 0.5727 -0.96277 -0.78193 0.61152 -0.2671 2.8971 -0.3501 2.0655 2.001 1.02 1.5105 0.48384 0.26549 -0.5667 -2.1313 -0.98161 -0.75209 -1.1198 -0.44133 0.7154 -0.71944 0.17037 -0.94553 1.4107 -0.17897 0.53877 -0.74065 0.46777
-0.36879 0.85424 0.38734 2.1671 0.75381 1.4084 1.2878 1.1213 -0.67099 -0.08157 -0.40587 -0.046462 -1.3431 -1.3148 0.18716 -0.69054 2.5166 0.12691 1.5368 1.6026 0.69901 1.9368 0.57589 0.5185 -0.91637 -1.7584 -0.41709 -0.92539 -0.11969 -1.7557 0.79728 -1.253 -0.92347 -0.90272 0.20176 0.1901 0.30767 -0.12986 1.374
-0.30988 0.42348 -0.095557 1.5855 0.45788 1.4902 1.1874 1.2595 -0.22507 0.46645 0.2238 0.20284 -1.3992 -1.4774 -0.33583 -0.48569 1.4672 0.77191 0.77348 1.3367 0.34739 1.9173 0.78578 0.31579 -0.22289 -1.0351 0.30313 -0.56578 0.61913 -2.5859 0.22914 -1.3726 -1.5403 -0.65041 -0.64128 0.04656 -0.21441 0.57764 1.6715
-0.52052 0.56156 -0.10237 1.6281 0.34579 1.4191 -0.28054 0.35493 0.64671 -0.13247 0.4467 -0.83208 -1.4811 -0.8404 -0.49379 0.15326 0.24591 0.57925 0.53241 0.19603 0.26783 0.77466 1.1974 0.33145 -0.15716 -0.26987 0.82814 -0.13552 0.98289 -2.3484 -0.33667 -1.04 -1.1833 -0.35899 -1.1645 -0.45497 -0.45292 0.72695 1.5291
-0.78688 0.28889 -0.55057 1.3964 0.53174 1.1879 -0.39081 1.3323 -0.054061 1.2735 0.45384 -0.45414 -1.3986 -0.49901 -0.0023768 0.53577 -0.65625 -0.13808 0.12561 -0.36468 -0.020573 0.77909 0.29454 -0.095416 0.28272 0.0016855 0.70103 -0.14711 0.94066 -1.5516 -0.68603 -0.67952 -0.39316 0.18603 -1.0665 -0.97796 -0.43341 0.39363 1.1731
-0.76807 0.39449 0.44611 1.4403 0.78313 1.3317 0.70853 0.68315 0.61658 0.99329 0.056112 0.48503 -1.3162 -0.37771 -0.21977 0.74347 -0.68018 -0.070676 0.015032 0.091672 0.19072 0.10876 -0.13967 -0.2316 0.38249 0.35511 0.29772 -0.63034 0.65578 -0.40183 -0.46215 -0.60138 0.044922 0.3966 -0.39183 -1.3691 -0.19682 -0.1567 0.82499
-0.46556 0.83827 0.80946 1.3524 0.18005 1.7351 -0.10979 0.93251 -0.037106 0.87871 0.26359 0.11389 -1.5045 -0.50186 -0.73229 1.0804 -0.8853 -0.2292 -0.1672 0.59259 0.74835 0.056257 -0.63582 -0.31739 0.33869 0.67112 0.25016 -1.2016 -0.12652 0.50858 -0.20958 -0.72462 -0.27276 0.75101 -0.23839 -0.78011 0.3739 -0.66976 0.56528
-1.1993 0.61828 0.75407 1.022 0.4851 1.5499 1.0276 1.21 0.81018 -0.1107 -0.495 0.22568 -1.3199 -0.32818 -1.1904 1.1783 -0.37291 -0.26968 -0.38044 -0.21108 0.65324 0.34086 -1.2718 0.024969 -0.54292 0.81442 0.40743 -0.99402 -1.0305 0.95853 -0.17873 -0.52989 -0.61145 0.34308 0.073443 0.072138 0.56856 -0.61669 0.08539
-0.73288 -0.18445 0.48141 0.59169 0.31679 1.2777 0.43015 1.1721 -0.089794 0.31462 0.41939 0.18144 -0.77158 -0.095071 -1.5268 0.067322 0.10551 -0.44616 -0.95689 -0.77113 1.2039 0.18595 -0.8024 0.55831 -0.721 0.74363 1.0091 -0.4234 -2.1878 0.99081 -0.11308 0.067626 -0.60215 -0.22729 -0.13508 0.98248 0.45522 0.10534 -0.3286
-1.4355 -0.46116 1.4355 0.46788 0.087365 0.98347 0.37615 1.6099 0.75044 -0.41095 -0.033015 -0.39337 -0.57955 0.11904 -1.4877 -0.79014 0.55465 -0.3103 -0.52119 -0.45526 0.62928 0.21334 0.12028 0.52166 -0.43941 0.46375 1.6186 -0.30603 -2.8843 0.30635 -0.17083 0.37208 0.24434 -0.59521 -0.19103 1.3112 -0.14163 0.77562 -0.078104
-0.91984 -0.84699 1.4391 1.5202 0.36323 0.84807 -0.80661 1.7922 0.59041 -0.1915 0.53623 -1.0699 -0.53518 1.0131 -1.3017 -2.2663 0.4396 -0.43045 0.04348 -0.49569 0.32292 -0.14288 0.80986 0.38718 0.49538 0.27818 2.1435 -0.52423 -2.3732 -0.55867 -0.036226 0.40905 0.78131 -1.0127 -0.030174 0.84435 -0.61184 0.78707 0.76757
-0.57609 -0.74497 -0.05919 1.7231 -0.16679 0.24824 -0.29906 2.0965 0.62311 0.17968 0.98126 -0.093117 -0.749 1.9084 -1.8262 -3.3642 0.0091973 -0.61042 -0.1944 0.11779 -0.055675 0.12637 0.77344 -0.19093 0.50571 0.9104 1.7998 -0.82565 -1.0357 -1.3378 0.10881 -0.23703 0.83656 -0.8224 -0.080132 -0.022218 -0.72324 0.30009 1.6587
-0.5698 -0.58782 -0.67705 1.713 -0.073595 1.7434 0.19241 1.2505 0.32086 1.1176 0.41987 -0.20579 -1.0515 2.707 -2.243 -3.3433 -0.63915 -0.36948 -0.36779 0.47271 -0.411 0.18403 0.71458 -0.37509 0.48801 1.8404 0.49454 -0.95544 1.1233 -1.4722 0.4014 -0.59903 0.4213 -0.59611 -0.16129 -0.83175 -0.44887 -0.25273 1.9908
0.48555 -1.2558 -2.8715 0.75598 -0.097042 1.5978 0.32775 1.5759 0.32329 0.83414 0.046933 1.5072 -0.52765 2.3756 -2.4027 -2.3022 -1.3343 -0.13457 -0.72152 0.70035 -0.59278 -0.099093 0.1409 -0.62102 0.19356 2.5379 -0.90667 -0.3263 2.7137 -1.0831 0.42725 -0.67087 -0.15453 -0.15628 -0.37877 -1.3739 0.18296 -0.41327 1.3061
1.7834 -2.8758 -3.208 0.34644 -0.72281 0.2129 0.3954 1.2941 0.57011 0.6506 -0.00031684 -0.22729 1.1526 1.6301 -2.6145 -0.57466 -1.5604 0.1019 -0.74802 0.030181 -0.55965 -0.34739 -0.64836 -0.34496 0.086181 2.8918 -2.045 0.78657 2.9769 -0.25489 0.18534 -0.1689 -0.17475 0.1637 -0.40228 -1.233 0.72409 -0.79568 -0.10271
1.9577 -2.7861 -1.7502 0.24496 -0.0099171 0.25763 0.41255 1.4134 1.265 0.29129 -0.17858 -0.38147 1.8286 0.87884 -2.1973 0.62183 -1.4972 -0.026009 -1.1882 0.015459 -0.28135 -0.37607 -1.4898 0.1747 -0.20558 2.6326 -2.2969 1.8474 1.7315 0.36232 -0.057651 0.72196 0.18339 0.19027 -0.30771 -0.42173 0.84154 -0.29571 -1.6077
1.477 -2.8446 -1.5634 0.19773 0.17433 -0.046491 0.19872 1.2133 -0.088232 0.19584 0.087945 -0.41633 1.9841 -0.077503 -1.0554 1.0861 -1.0249 -0.070024 -0.41827 0.45149 -0.24752 -0.49437 -1.1108 0.74504 -1.051 1.6139 -1.7524 2.2608 -0.11971 0.47712 -0.57161 1.1045 0.82871 -0.091546 -0.022947 0.49063 0.36505 0.21799 -2.3957
0.91223 -3.2137 -1.0863 -0.32673 -0.16119 0.43738 -0.25824 1.2136 -0.084461 -0.3363 0.53001 0.89287 2.1071 -0.73835 -0.1312 0.29394 -0.95159 -0.1633 0.42718 0.83554 -0.37824 -0.64641 -0.51732 0.59881 0.10395 0.40495 -0.77154 2.1787 -1.0157 0.35195 -1.0138 1.1727 0.95377 -0.31378 0.44255 0.93812 -0.2799 0.80829 -2.2457
1.0529 -3.0626 -1.0767 -0.61546 -0.40076 0.28284 0.68954 1.0434 0.088144 -0.98646 0.47628 -0.16408 2.0726 -0.58912 0.089674 -0.64828 -0.97485 -0.93496 0.44381 1.2444 -0.68594 -0.24264 -0.054597 0.20639 0.38328 -0.12358 0.28192 1.7487 -0.62098 0.13376 -0.94769 0.20716 0.52905 -0.31589 0.76817 0.75536 -0.84822 0.99604 -1.3904
1.1674 -2.8053 -2.1728 -0.53667 -0.42539 0.69202 1.3553 1.3931 0.13278 -0.12445 1.1691 -1.2651 1.93 -0.20016 0.8312 -0.52186 -0.89057 -1.5516 0.50264 1.491 -0.66693 0.43275 0.028069 -0.14804 0.80473 -0.36951 0.8971 1.414 0.3364 0.23162 -0.34025 -0.61503 -0.35829 0.0023728 0.84831 0.56524 -0.76414 0.73728 -0.52018
0.94457 -3.0259 -2.4577 -0.8344 -0.61567 0.68508 1.4481 0.71933 -0.00091077 0.27896 0.32272 0.53319 1.8529 0.13693 1.3507 0.26427 -0.81886 -1.2064 -0.065508 1.1544 -0.71205 0.57584 0.268 -0.66803 0.73179 -0.39635 0.84316 1.2705 1.0582 0.30425 0.67354 -0.99395 -1.4489 0.41127 0.68639 0.25413 -0.1561 0.56583 -0.066216
1.0262 -2.6591 -2.195 -1.018 -1.3904 0.58945 1.7859 0.50022 0.67842 0.070665 -0.069814 0.57969 1.7379 0.44397 1.57 0.50286 -0.61578 -0.68707 -0.40189 0.15328 -0.35818 0.7203 0.56247 -0.57376 1.5037 -0.35698 0.43715 0.73376 1.2027 0.21043 1.4247 -1.3188 -2.1894 0.58137 0.24562 0.058584 0.82648 -0.26145 0.14951
1.0323 -1.8158 -1.4942 -1.1154 -2.2353 0.73873 1.8696 0.6475 0.3336 -0.42245 0.22919 1.3694 1.5848 0.54105 1.8138 0.93317 -0.56689 -0.072314 -0.86709 -0.97456 -0.042052 1.0538 0.2477 0.08736 1.2373 -0.24612 -0.28658 0.22743 0.90849 -0.019003 1.6141 -1.0032 -2.2929 0.23277 -0.22435 -0.026107 1.6101 -0.93509 0.19293
1.2586 -1.7943 -0.23377 -1.5319 -1.1864 0.065554 1.3576 0.54694 0.75819 -0.2108 -0.35841 0.90325 1.7251 0.34922 1.8023 1.5234 -0.64112 0.62436 -1.4422 -1.7993 0.12549 0.72017 0.18561 1.2074 -0.032173 -0.18926 -0.97501 -0.24268 0.59153 -0.33662 1.3413 -0.53345 -1.7816 -0.45872 -0.76118 0.075236 1.3827 -1.3614 0.097665
1.8773 -1.4654 -1.6087 -1.1378 -0.82397 -0.084241 0.89154 1.0216 1.038 0.47495 0.26934 1.4708 1.6044 -0.31344 1.5968 1.5515 -0.84625 1.246 -1.325 -2.4293 -0.50104 0.12794 0.421 1.8214 -0.54005 -0.15004 -1.2898 -0.52264 0.26594 -0.37614 0.77543 -0.097517 -0.79967 -0.96445 -1.2973 0.20561 0.53532 -0.73995 -0.043326
1.5814 -1.0423 -1.3818 -1.3417 -0.52344 -0.30663 -0.26769 1.1186 1.5619 0.36366 1.5146 0.77051 1.6227 -0.81478 1.2605 1.3638 -1.0913 1.236 -1.1104 -2.6664 -1.0139 -0.37774 0.65916 1.4614 -0.56869 -0.23897 -1.105 -0.59015 0.35632 -0.15179 0.056607 0.21063 0.07974 -1.0748 -1.389 -0.062344 -0.71481 0.090604 -0.13159
1.0131 -1.1488 0.32326 -1.943 -0.35805 -1.266 -0.80758 0.41772 0.65337 0.1822 1.9575 0.32583 1.5573 -1.1063 1.202 1.5387 -1.0286 1.1132 -1.1888 -2.1427 -1.3362 -1.0698 0.47569 1.0816 -0.11254 -0.2981 -0.30324 -0.45203 0.34247 0.45889 -0.55559 0.55271 0.90761 -0.55359 -1.2324 -0.4329 -1.528 0.61815 -0.22743
0.29459 -0.63414 0.32157 -2.2851 -0.24082 -0.5411 -1.224 -0.39662 0.48576 0.3562 2.2233 0.14716 1.5013 -1.1648 1.0048 2.2344 -0.83047 0.79632 -1.1136 -1.802 -1.5344 -1.5436 0.044628 0.071211 -0.069324 -0.34412 0.59603 0.075468 -0.19237 1.1976 -0.74249 1.1422 1.2108 0.08672 -0.45036 -0.67488 -1.4716 0.80583 -0.46387
0.29948 -0.54977 0.43207 -2.6065 -0.42011 -0.62989 -1.701 -0.27791 -0.083906 0.66533 1.2145 1.0191 1.2866 -0.66493 0.95902 1.7934 -0.15128 0.39118 -0.31331 -1.0808 -1.3096 -1.8272 -0.18527 -0.69874 0.52682 -0.49146 0.94275 0.35604 -0.77189 1.6987 -0.67456 1.5667 1.2109 0.5502 0.66913 -0.61816 -1.0878 0.49299 -0.83053
0.47882 -0.49578 1.1559 -2.3703 0.79117 -1.8145 -1.3015 -0.40054 -0.25268 0.65697 1.1998 1.1876 1.3986 -0.009768 1.4919 0.85511 0.63322 0.16205 0.51894 -0.81606 -0.85701 -0.91561 -0.44624 -0.74512 0.83373 -0.9436 0.47034 0.64204 -1.4844 1.9367 -0.32051 1.6981 1.676 0.94227 1.4813 -0.56975 -0.28265 0.2315 -1.1428
0.46981 -0.32161 1.4831 -1.9538 -0.0095978 -1.4643 -2.0784 -0.39899 -0.57576 0.22714 0.90455 0.83291 1.1751 -0.059658 1.5341 0.69997 1.3102 0.12639 0.82317 -0.25425 -0.60781 0.020669 -0.59231 -0.80018 0.48204 -1.4313 -0.52956 0.69597 -1.4306 1.6755 -0.12588 1.2047 2.0007 1.2497 1.6211 -0.53426 0.19422 -0.37504 -1.1642
0.52552 -0.010436 1.4347 -1.6264 -0.28737 -0.34171 -1.7652 -0.60806 -1.0114 -0.12894 1.0233 1.2788 0.95439 -0.6587 1.7677 -0.15737 1.9404 0.30728 1.382 1.0874 -0.059529 0.62083 -0.9608 -0.47591 0.43413 -1.845 -1.3331 0.12367 -1.2993 1.0084 0.45156 0.62423 2.5604 1.3583 1.1844 -0.22219 0.39953 -0.95816 -0.68943
0.78753 0.90031 1.0731 -1.3 -0.13659 -0.067837 -2.1091 -0.88249 0.007638 -0.24554 1.2233 1.5072 0.11663 -1.2576 1.961 -0.53242 2.2238 0.07235 1.4342 1.9135 0.71234 0.78269 -1.0603 -0.42896 -0.10297 -2.0485 -1.4781 -0.56869 -1.0083 0.38367 0.89343 0.019397 2.2828 1.3632 0.72914 0.21825 0.61483 -1.1453 0.016518
-0.1634 0.85047 1.3086 -0.70636 0.18144 0.24738 -1.3497 -0.97046 0.75061 0.028832 0.51633 0.88526 -0.36777 -1.7149 1.4684 -1.101 1.997 1.056 1.3517 3.1548 1.1138 1.176 -0.67094 -0.094849 -0.96339 -1.8249 -0.97339 -1.4178 -0.11322 -0.15627 0.76691 -0.5011 0.94407 0.887 0.16173 0.58078 0.43314 -1.0673 0.78755
-0.7222 1.1581 0.12346 0.065239 0.66345 0.28848 0.74017 0.17524 0.33131 -0.71013 0.52506 1.9835 -0.78992 -2.086 0.72454 -0.82454 1.9711 1.4708 0.89213 3.217 1.4458 1.2719 -0.24519 0.29765 -1.3132 -1.4151 -0.052604 -1.7414 0.41705 -0.61143 0.31821 -0.81025 -0.62753 -0.13851 -0.1855 0.92704 0.09788 -0.48401 1.2265
-1.0674 1.5742 0.95125 0.56131 0.32356 -0.3177 0.89692 0.59828 0.15893 -0.9265 0.68731 0.34837 -0.85602 -1.9277 0.017317 -0.23602 1.7781 1.083 0.77359 2.2885 1.2926 0.72867 -0.093735 0.067291 -1.2861 -0.80721 0.91582 -1.4707 0.85429 -1.0791 -0.79035 -0.60414 -1.9768 -1.2533 -0.45376 1.2517 -0.32039 0.16051 1.2683
-1.4721 1.0368 -0.25856 0.24846 1.5364 1.0995 2.1434 0.40655 0.9299 -0.44403 1.1697 -0.81678 -0.88329 -1.2451 -0.21914 -0.1401 1.2204 0.6688 0.28953 1.0861 0.35733 0.63892 0.67315 -0.30813 -1.0066 -0.44672 1.9935 -1.0232 0.34057 -1.7727 -1.7247 -0.64437 -2.2985 -2.0108 -0.61363 1.1802 -0.78284 1.1257 1.2518
-1.9338 0.88562 0.65786 0.98108 1.648 0.85879 1.7338 0.55228 1.1574 -0.16337 1.6832 0.12028 -0.98169 -0.55769 -0.51601 0.24698 0.41242 -0.070135 0.58882 0.28658 -0.76484 0.56893 1.5928 -0.46912 -0.789 -0.12642 2.7522 -0.4932 -0.17698 -2.1719 -2.0817 -1.3873 -1.8072 -2.0673 -0.94631 0.69063 -1.2863 1.3806 1.3043
-1.7252 0.93585 1.1211 1.1778 0.87165 0.81032 0.4081 0.30003 1.0321 -0.38091 0.39946 0.12379 -1.0184 0.66687 -0.72239 -0.3926 -0.56202 -1.281 -0.15183 -0.35304 -1.4141 0.096728 1.48 -1.0832 0.85162 0.39875 2.8691 -0.29133 -0.33942 -2.0538 -1.6691 -1.4137 -0.72644 -1.3968 -1.2972 -0.21432 -1.3475 0.75544 1.4352
-1.7508 0.84223 0.43518 0.92413 1.0013 0.10685 0.98849 -0.39784 1.2655 0.95185 -0.3977 -0.0059476 -1.0434 1.8637 -0.56496 -0.46069 -1.2695 -1.9588 -1.4743 -0.58971 -1.8198 -0.94505 1.0146 -2.2525 0.74883 1.0148 2.1262 -0.16593 -0.16214 -1.4389 -0.50307 -1.2625 -0.066791 -0.64314 -1.2553 -0.84898 -0.86055 -0.24688 1.3157
-1.3193 0.78597 0.53709 0.3573 0.26892 1.2928 1.8948 -0.44563 0.73381 1.2983 0.48136 0.18175 -0.86281 2.4933 -0.69349 -0.45868 -1.6637 -1.6082 -1.1947 0.067611 -1.8157 -1.2764 0.52057 -2.2523 -0.16235 1.4529 0.6595 -0.032109 0.4872 -0.44381 0.56171 -0.44637 0.0068794 -0.064732 -0.89127 -1.1129 0.086413 -1.3864 0.83467
0.14067 0.50914 -0.35621 -0.66078 -1.3437 -0.46859 0.54143 -0.97192 0.47936 0.59074 -0.54953 1.6381 -0.063958 2.1959 -0.82116 -0.041521 -1.6483 -0.87991 -1.1344 -0.073525 -1.8062 -1.33 0.26087 -1.697 -0.83466 1.6109 -0.82237 0.079243 0.82142 0.64389 1.2152 0.0013867 -0.31257 0.25027 -0.081305 -0.87633 0.92661 -1.3219 0.054979
0.83168 0.36034 -0.38609 -1.013 -0.43097 -1.0625 1.1525 -1.4927 -0.3856 0.59009 -2.3585 -0.16256 0.44414 1.636 -0.66286 0.36147 -1.182 -0.74109 -1.1031 -0.61497 -1.5438 -1.5415 -0.52443 -1.1832 -1.3715 1.5364 -1.7851 0.48452 1.1427 1.5124 1.0643 0.17874 -0.36481 0.57984 0.48941 -0.34548 1.1678 -0.65095 -0.83388
0.84277 0.18302 0.93253 -0.47352 -0.12244 -0.034532 1.5422 -1.2179 -0.1681 0.39384 -1.4166 -0.5718 0.56545 0.86981 -0.46402 0.7544 -0.34993 -0.053118 -1.4986 -0.8851 -1.469 -0.96393 -0.33367 -0.8434 -1.5221 1.0656 -1.8001 0.76211 0.56612 1.6447 0.3636 0.62656 -0.081728 0.7607 0.98896 -0.059008 1.1337 0.47308 -1.3709
0.33128 0.10152 1.0039 -0.84534 -0.024603 -0.52476 0.13158 -1.9444 -0.2792 0.77911 -1.7289 -1.2099 0.6312 0.072136 -0.083127 1.4044 0.42047 0.026669 -0.67311 -0.26677 -0.85978 -0.42763 0.093008 -0.22859 -1.2444 0.28681 -1.1858 0.77807 -0.46724 1.0216 -0.08234 0.93347 0.32584 0.709 1.2067 0.35487 0.77975 1.1568 -1.3781
0.27054 0.26232 0.47102 -0.78533 -0.79493 -0.97859 0.48461 -1.9982 -0.90846 0.30614 -1.2468 -1.3577 0.76292 -0.13226 0.13866 0.55686 0.52334 -0.56638 -0.20688 -0.427 -0.67372 0.18065 -0.15428 0.2046 0.10485 -0.12825 -0.31765 0.43294 -1.2592 0.11723 -0.32985 1.4227 0.57603 0.78605 1.0256 0.26773 0.65317 1.4651 -0.84152
0.54749 0.232 1.1471 -0.34611 -0.36065 -1.4805 0.33306 -2.1618 -0.28131 0.75851 -1.1197 -0.82199 0.61406 0.087285 0.31197 -0.46517 0.22578 -0.64675 -0.056086 -0.21598 -0.56701 0.40513 0.17286 -0.072188 0.29544 -0.24294 0.19527 0.070851 -1.6167 -0.55129 0.015568 1.2701 0.21055 0.65933 0.70707 0.25446 0.55825 1.092 -0.2698
0.67374 0.41502 1.8036 -0.14109 -1.1258 -1.178 0.86037 -1.7521 -0.17096 0.71562 -1.9209 -0.39459 0.32298 0.31086 0.041745 -0.80374 -0.045938 -0.35585 0.7629 0.2132 -0.091893 0.7633 0.22527 0.44735 0.85476 -0.12144 -0.12125 0.1057 -1.0779 -0.64222 0.43219 0.96413 0.32604 0.94164 0.12065 0.23536 0.74784 0.48134 -0.19467
0.60655 0.38831 0.18388 -0.32826 -0.86498 -0.36301 0.60758 -2.2253 0.011328 0.083557 -1.751 -0.15254 0.36508 0.18453 0.067652 -1.1157 -0.2989 -0.052135 1.1385 -0.18724 0.1276 0.76416 0.47344 0.81948 0.72108 -0.18359 -0.83233 0.4134 -0.26067 -0.1271 0.83351 0.29953 0.10757 1.2711 -0.1199 -0.1211 1.211 -0.30858 -0.38571
0.70875 0.4635 0.027092 -0.57469 -0.83697 -0.15935 0.6314 -2.0874 0.23762 1.0926 -1.3183 -0.91766 0.41858 -0.39325 0.42098 -1.252 -0.38301 -0.034063 0.94364 0.18707 0.80356 0.26844 0.22442 1.3267 0.91297 -0.49549 -1.5409 0.69276 0.52342 0.49433 1.1487 -0.48608 0.026333 1.4741 -0.25057 -0.46973 1.0999 -1.0608 -0.70633
0.66125 -0.024356 -0.11789 -1.0945 -0.59765 0.091578 0.41806 -2.0083 0.42393 0.95876 -0.45661 0.19388 0.71067 -1.0004 0.79323 -0.7576 0.1585 0.79566 0.40966 -0.007292 1.4474 0.42112 -0.067197 2.0294 -0.41963 -0.72258 -1.8056 0.3604 1.1908 1.1676 1.3404 -0.78139 0.30224 1.3489 0.13428 -1.031 0.70708 -0.95952 -0.74225
0.56609 0.52172 -0.50568 -0.76703 -0.85939 -0.089043 0.099313 -1.7498 0.051622 1.0346 -0.048057 -0.23668 0.3119 -1.7594 0.81354 0.05255 0.61493 1.4311 0.27478 0.15793 2.1033 0.43248 -0.49746 2.1502 -0.88637 -1.0709 -1.3125 -0.1382 1.0687 1.2252 0.8768 -0.72403 0.44196 0.79322 0.75843 -1.1229 0.012536 -0.56036 -0.3443
-0.19925 1.0075 0.080745 -0.47226 -0.71528 -0.46584 1.322 -0.81547 0.0034346 0.73137 0.16977 1.0066 -0.45902 -2.252 0.45429 0.58827 1.311 1.7958 0.090856 0.40863 2.0905 0.9777 -1.3702 1.8899 -0.47181 -1.1767 -0.41625 -0.66322 0.073452 0.33234 -0.056806 -0.255 0.70755 0.066771 0.94119 -0.74655 -0.84615 0.46449 0.34979
-0.78523 1.3286 0.41073 0.33839 0.4506 -0.296 0.55232 -0.25928 0.77366 0.18268 0.90731 -2.2998 -0.50185 -2.036 0.34579 0.18974 1.2539 1.1526 -0.17613 0.83719 2.0194 1.5797 -1.527 1.4189 -0.29097 -0.86375 0.93383 -0.65844 -0.66793 -0.39917 -0.673 0.17726 0.20363 -0.74645 0.46784 -0.20399 -1.5132 0.94243 0.81112
-1.7089 0.84814 -0.02836 0.11752 1.3299 0.48427 0.71326 -0.15028 0.6943 -0.23622 1.3573 -1.4424 -0.72311 -1.5836 -0.089002 -0.68144 0.43522 0.82187 0.19694 1.0373 1.6209 1.816 -1.143 0.61288 0.26719 -0.2258 1.9424 -0.39583 -0.71894 -0.82387 -1.1328 0.82962 -0.56549 -0.90856 -0.71794 0.80988 -1.5485 1.5242 0.59058
-1.8678 0.37888 0.92816 0.94811 1.2275 -0.14524 1.1893 -0.15381 1.8121 -0.61768 1.376 -0.16028 -0.65311 -0.48484 -0.022993 -0.6352 0.3243 0.61717 0.55863 0.22953 0.896 1.0005 -1.0305 -0.39521 0.7614 -0.15129 2.1921 -0.028678 0.12975 -0.35624 -0.99039 1.2119 -1.4255 -0.60447 -1.7745 1.43 -1.3219 1.1958 0.0010941
-1.3777 0.70441 -0.63152 0.14693 -0.24626 -0.50836 1.7427 0.25084 2.2247 -0.72929 1.3728 0.3391 -0.24409 0.32203 -0.033606 -0.42284 0.27817 -0.12372 1.2301 -0.42527 0.89643 -0.204 0.15067 -0.46113 2.2764 -0.51777 1.7815 0.24262 0.85608 0.13191 -0.82685 1.055 -1.9539 -0.13135 -2.3146 1.4068 -0.51492 0.10433 -0.51066
-1.5257 0.87705 -1.6781 -0.49227 0.29314 0.3056 1.8951 0.35276 1.9039 -0.050144 0.37593 0.11259 -0.21834 0.7918 0.25521 0.31661 0.68167 -0.28742 1.4994 -1.273 1.2143 -1.0721 0.93392 -0.82599 1.2692 -0.71808 1.0418 -0.1349 1.249 0.31867 -0.53979 0.2151 -1.8345 -0.036737 -1.9486 0.9424 0.44974 -1.2243 -0.29531
-0.80387 1.306 0.29939 0.73346 1.2059 0.59528 0.59544 0.22458 0.78087 -1.0436 -0.34059 0.51778 -1.0992 0.84996 0.15931 0.5364 0.48978 -0.32339 1.6372 -2.0997 1.21 -1.9294 0.93245 -0.25773 0.21954 -0.82432 0.71572 -0.53588 1.1235 0.16626 -0.50044 -1.0435 -1.1659 -0.61562 -1.0651 -0.33783 0.74057 -2.5727 0.52288
-0.83794 0.78877 0.14447 0.97438 0.56701 1.9379 -0.53291 0.9045 0.30699 0.85787 1.3666 1.3751 -1.4049 1.0462 -0.35864 1.3567 0.78995 -0.32715 0.75981 -2.5851 0.67054 -2.1596 0.63387 0.44448 -0.87479 -0.50896 0.45445 -0.89607 0.20772 -0.58246 -0.75842 -1.9146 0.0055241 -1.2871 -0.10142 -1.1631 0.58723 -2.4072 1.3379
-0.95993 0.79983 0.86357 1.3042 0.6619 1.7181 -0.54931 1.291 0.056798 0.81617 0.11739 0.31374 -1.3378 1.4271 -0.63142 1.2802 0.51948 -1.0722 -0.25208 -2.0964 -0.020539 -1.8514 -0.40761 0.45625 -2.2301 0.27624 0.32171 -0.85781 -0.37049 -0.93518 -0.61503 -2.1249 1.2141 -1.6687 0.61306 -1.5313 -0.45397 -1.7815 1.7419
-0.62966 0.60615 0.47816 0.69116 -0.1697 1.0891 -1.0849 1.0993 -0.054484 -0.022347 1.329 -0.052404 -1.1374 1.2846 -0.85202 0.35522 -0.39363 -1.3787 -0.96992 -1.2811 -0.65872 -1.3042 -0.88583 0.047366 -2.7267 1.0342 -0.046966 -0.91578 -1.0392 -1.2653 -0.15139 -1.274 1.9395 -1.802 0.78823 -1.1603 -1.2362 -0.32348 1.6554
0.22488 0.42922 0.66793 0.79106 -0.4648 0.1239 -1.5684 0.58544 -0.53498 -0.051377 1.5926 -1.3976 -0.5435 1.283 -1.0331 0.30322 -0.61766 -0.98683 -1.289 -0.36393 -1.3521 -1.0689 -1.5923 -1.0171 -2.7232 1.4027 -0.73451 -0.82115 -0.81627 -0.94509 0.98974 -0.14292 2.1011 -1.8139 0.60824 -0.25365 -1.6271 1.7112 1.1341
0.64697 0.43135 0.72488 0.62854 -0.6332 0.432 -1.0829 0.027409 -0.78596 -1.2363 0.13363 -3.0545 -0.13265 1.0341 -1.6931 -0.21234 -0.93848 -0.66521 -0.98703 0.37342 -2.1482 -0.8995 -1.2576 -1.4208 -1.3464 1.7774 -1.2604 -0.49355 -0.36112 -0.5631 1.6115 0.66501 1.6935 -1.3574 0.50148 0.065053 -1.2473 3.0645 0.4987
0.44722 0.19939 0.74078 0.31429 -0.55303 0.24127 -1.5093 -0.09053 -0.88163 -1.1565 0.11435 -1.9797 -0.1832 0.28142 -1.5891 -0.05225 -0.92527 0.47558 -0.48075 1.2212 -2.7835 -0.77556 -0.74834 -2.2331 0.75834 1.8561 -1.5226 0.060591 -0.47508 -0.57648 1.6014 0.51136 0.86073 -0.40105 0.53785 -0.069871 -0.27862 3.2986 -0.013447
0.43119 -0.53085 0.79495 0.37178 -0.5736 0.62155 -0.68723 -0.16384 -0.93922 -0.66842 -0.47527 -2.1086 0.24082 -0.39319 -1.4085 -0.18242 -1.2652 0.99318 -0.16261 1.2638 -2.5674 -0.39398 -1.1465 -1.9698 2.1353 1.6644 -1.1214 0.9255 -0.43297 -0.46407 1.3254 -0.077361 0.077929 0.88259 0.46879 -0.7666 0.51946 2.0065 -0.46979
0.38179 -1.2728 0.16598 -0.26985 -0.46356 0.067518 -0.0058415 -1.3794 -1.0133 -0.94472 -1.3271 -1.0818 1.1071 -0.63448 -1.0901 -0.65266 -1.5039 1.2677 -0.76529 0.87856 -1.9162 -0.18936 -1.7778 -1.332 2.6444 1.4339 -0.29374 1.4039 -0.51791 -0.24684 0.64599 -0.54729 -0.69442 1.999 0.33597 -1.0696 1.5309 0.43154 -0.85469
-0.080855 -0.66774 0.67293 -0.43462 0.80066 0.14084 0.43462 -2.375 -1.211 -1.1324 -1.4679 1.1283 1.2757 -0.44655 -0.42175 -0.7697 -1.4952 1.4903 -0.96442 0.68166 -0.87157 -0.20352 -2.3767 -0.78345 2.0271 1.177 0.43539 1.6567 -0.40543 0.37948 0.12526 -0.39432 -0.91743 2.5163 0.11608 -0.32208 2.0003 -0.75333 -1.1883
-0.068236 -0.76766 0.49666 -0.92611 0.63635 0.081942 -0.29438 -1.8536 -0.9677 -2.5235 -1.2201 0.27432 1.3501 -0.202 0.23246 -0.7843 -1.2629 1.4688 -1.0421 0.11913 0.23925 -0.15708 -2.4211 0.38738 1.7258 0.62522 0.75275 1.2014 -0.15493 0.83644 -0.56806 0.16275 -0.64004 2.1938 0.078124 0.74379 1.874 -1.2228 -1.2545
-0.13304 -0.75404 -0.48435 -1.3893 0.78379 -0.78653 -0.32734 -1.3926 -0.98692 -3.7963 -1.5883 0.25243 1.3116 0.13898 0.66473 -0.91966 -0.70413 1.1305 -0.71219 -0.19144 1.2265 -0.15231 -1.4991 1.3707 0.94763 0.019415 0.61453 0.57461 0.29883 1.2285 -1.182 0.59595 -0.28783 0.821 0.027148 1.9588 1.199 -0.58837 -1.1295
0.063964 -0.55267 -0.1819 -1.3885 1.3147 -0.70332 -0.14672 -0.62029 -1.2424 -3.3985 -0.90204 0.51391 1.3306 0.36895 0.3454 -0.88496 -0.39033 0.34888 -0.58054 0.029691 1.2824 -0.035835 -0.59005 1.5256 0.52277 -0.1506 0.41662 0.35084 0.91504 1.5706 -1.4517 1.0997 -0.11157 -0.83698 0.14507 2.7553 -0.020441 -0.15763 -0.96839
0.25189 -0.59559 -0.2842 -1.1802 1.3404 -0.58747 -0.070383 -0.56329 -1.1453 -3.089 0.16228 0.97115 1.3084 0.3256 0.46024 -0.12855 0.28757 -0.23202 -0.10759 0.1387 0.19801 -0.1907 0.95713 1.1635 1.338 -0.38305 0.064832 0.51191 1.3797 1.5008 -1.3843 1.1036 -0.46412 -1.4217 0.17283 2.6217 -1.1524 -0.31213 -1.0377
0.40567 -0.26655 -0.95879 -1.0807 1.3281 -0.56524 -0.13259 -0.83895 -1.2401 -2.4037 0.54736 1.0693 1.1345 0.4207 0.90175 0.6306 1.0799 -0.65196 0.64651 -0.28444 -0.86372 0.18005 2.3193 0.44419 1.1708 -0.84401 -0.18548 0.90982 1.4555 1.1 -0.9856 0.92546 -1.0037 -0.65908 0.15298 1.911 -1.699 -0.78296 -1.197
0.23566 -0.47487 -0.33762 -1.2153 0.87673 -0.61394 0.31332 -1.0709 -1.0172 -2.64 0.18207 1.5428 1.1303 0.22192 1.221 1.0527 1.2731 -1.0413 0.67217 -0.97129 -0.44905 0.11522 2.7263 -0.51432 -0.070029 -1.4237 -0.45003 0.66359 1.0702 0.24453 -0.45496 0.35448 -1.119 0.69402 0.32019 0.54992 -1.3586 -1.2499 -0.94836
0.24404 -0.27295 0.37659 -0.55882 0.062873 -0.2644 -0.4142 -1.6331 -1.2999 -1.6471 -0.27691 2.2207 0.79112 0.097565 1.4599 1.4046 1.1034 -1.1501 0.70803 -1.4212 0.33291 0.14553 2.6714 -1.2099 -0.48426 -1.6946 -0.7215 0.038617 0.31176 -0.7597 0.1819 -0.45702 -0.75564 1.5605 0.45966 -0.8343 -0.46254 -1.0684 -0.12349
0.61907 0.55067 0.51873 0.29134 0.37678 0.23467 -0.89569 -2.0414 -0.59814 -0.34305 -1.0045 1.5451 0.083102 -0.2927 1.2673 1.6021 0.71301 -0.86358 0.51631 -1.5271 0.94512 0.50756 1.9891 -0.86867 -0.55441 -1.5937 -0.7012 -0.50827 -0.63815 -1.3884 1.0701 -1.0408 0.045194 1.1222 0.33617 -1.7191 0.75006 -0.30912 0.88705
0.33269 0.76272 1.1065 0.077543 0.15854 0.0039973 -1.6322 -0.13879 -1.3243 0.12336 -0.9737 -0.38279 -0.52029 -0.57042 0.92739 0.97233 -0.021524 -0.39368 -0.075963 -1.521 1.4613 0.95405 0.90793 -0.35454 -0.91492 -0.97392 -0.56915 -0.94923 -1.424 -1.5694 1.5339 -1.4628 0.73019 -0.13077 -0.3488 -2.1899 1.3397 0.20577 1.6281
0.37769 0.86254 1.0819 -0.18387 -0.16387 0.17673 -1.7869 -0.10875 -0.90502 -0.047326 -1.0993 0.8897 -0.55182 -0.65748 0.6283 0.0051488 -0.68446 0.63991 -0.78297 -0.84936 1.1607 0.42508 -0.081945 0.63055 -0.54184 -0.25807 -0.051196 -0.75727 -1.8019 -1.0393 1.364 -1.2639 1.1338 -1.6319 -0.93006 -1.8386 1.112 0.50024 1.7416
-0.3129 0.65337 1.3064 -0.51596 0.14585 -0.13414 -1.6786 -0.31089 -0.25574 -0.62842 -0.2784 1.1682 -0.42196 -0.70551 0.18858 -0.61593 -1.0457 1.0517 -1.2462 -0.33103 -0.025537 -0.51923 -0.9993 0.85223 -0.065088 0.44018 0.43318 -0.24633 -1.3487 0.050042 0.83677 -0.75338 1.2425 -2.2499 -1.2658 -0.72366 0.58532 0.40558 1.1026
-0.4757 0.37891 0.95014 -1.1378 0.15234 -0.80422 -1.8853 -0.02697 0.33684 -1.5397 -0.55436 0.45926 0.24891 -0.31661 0.36452 -1.1708 -0.66264 1.0397 -1.1457 0.10656 -1.467 -0.66692 -1.0051 0.86129 0.082445 0.69725 0.76922 0.21708 -0.76915 1.0517 0.048562 -0.30861 1.0814 -1.9975 -0.94389 0.52134 -0.32373 -0.08347 0.24756
-0.15235 0.94169 0.029764 -0.82957 1.5557 -1.0457 -1.6004 -0.87427 -1.3941 -0.74939 0.61275 1.2511 0.14728 0.0037415 0.63513 -1.1096 0.052548 1.016 -1.2264 0.44511 -1.5762 -1.1072 -0.17168 0.75643 -0.36984 0.4457 0.85091 0.39057 -0.20229 1.5237 -0.22656 0.092613 0.93218 -0.92537 -0.43133 1.2034 -0.69798 -0.095256 -0.53198
-0.21289 0.90408 -0.052886 -0.95324 1.5507 -1.1739 -1.6054 -1.6069 -1.9772 -1.2944 -0.32934 0.47995 0.2374 0.31251 0.75005 -1.2709 0.66534 0.74782 -1.3272 0.88748 -1.9269 -1.2207 0.65057 -0.0057365 -0.589 0.16344 0.44553 0.0015215 0.40056 1.1516 -0.28378 0.21202 0.68624 0.29178 0.22592 1.0212 -0.9885 0.30485 -0.66453
0.029598 1.2514 -0.24272 -0.68132 0.73084 -1.0285 -1.5381 -1.4996 -1.5384 -1.0474 0.15056 0.070545 0.13328 0.44555 0.6288 -0.96687 1.044 0.75733 -0.97037 1.1078 -1.5839 -1.1195 0.79156 -0.185 0.045624 -0.21156 0.13855 -0.33625 0.55189 0.40399 0.010907 0.42148 0.42683 0.80424 0.84519 0.30413 -0.75986 1.0708 -0.37498
0.07455 1.3642 0.049817 -0.03459 1.1152 -1.5 -0.98797 -1.5279 -1.4713 -0.18428 0.24117 0.81954 -0.041084 0.22841 0.35493 -0.45003 0.92154 0.61839 -0.87453 1.1173 -0.89611 -0.17527 0.73856 -0.74931 0.51427 -0.12112 -0.13337 -0.60407 0.73455 -0.39226 0.2253 0.61425 0.02989 1.144 0.86323 -0.41257 -0.28509 1.0887 0.012148
-0.095204 1.1652 -0.75 0.065133 1.3463 -2.2714 -0.33861 -2.4529 -1.4229 -0.082084 -0.64806 0.040564 0.10059 0.28185 0.25931 -0.42839 0.65042 1.0982 -0.67792 1.1583 -0.53285 0.13953 0.46175 -0.47256 1.3733 -0.060212 -0.27164 -0.63702 0.49496 -1.1103 0.1535 0.94517 -0.39748 1.0174 0.53872 -0.927 0.16651 0.1747 0.40125
0.30803 1.1411 -0.65522 0.10746 2.0247 -1.7686 -0.48877 -1.7526 -2.0299 -0.71505 -0.29599 1.2793 -0.036632 0.16108 -0.083135 -0.086981 0.14613 1.0082 -0.35297 0.90394 -0.23628 -0.043329 -0.054173 -0.46493 1.0806 0.10649 -0.16929 -0.46027 0.28749 -1.4419 -0.16318 1.4066 -0.68621 1.0093 0.070027 -1.0739 0.66321 -0.93067 0.46286
0.0149 1.4085 -0.37482 0.10954 2.328 -1.9358 -0.28015 -2.0092 -1.7181 0.073503 -0.79013 1.8936 0.10842 0.0072585 -0.22477 -0.16938 -0.5847 0.85482 0.48265 0.40952 0.057375 -0.051342 -0.79219 0.018943 0.12077 0.36367 -0.25832 -0.51656 0.18876 -1.4667 -0.77982 1.4258 -0.65328 0.82564 0.19659 -0.88867 0.56738 -2.4444 0.53732
0.30145 1.3062 -0.65831 -0.19265 2.4921 -1.7919 -0.055589 -2.1073 -1.3595 -0.90116 -0.55461 2.1813 0.13926 0.070411 -0.18227 -0.011158 -1.0777 0.42196 1.0864 0.11478 0.76434 0.08251 -0.93171 0.39498 -0.88969 0.46211 -0.16229 -0.71487 -0.010582 -1.0742 -1.1777 1.1202 -0.46594 0.65393 0.40769 -0.88518 0.33458 -2.7889 0.42361
0.17665 1.0557 -0.087183 -0.29693 1.6043 -1.616 -0.18392 -1.658 -1.5702 -0.71508 -0.28604 0.96613 0.22351 -0.12178 -0.56381 -0.093322 -1.3995 -0.11559 1.178 0.24126 0.56696 0.50136 -0.99684 0.28612 -2.9427 0.68543 -0.11033 -0.9751 0.22688 -0.22497 -1.5159 0.58061 -0.24368 0.39315 0.68684 -0.64222 -0.35263 -1.9337 0.21528
-0.084499 0.98662 -0.76041 -0.90854 2.5814 -0.94801 -0.32781 -1.8232 -1.6683 -1.3065 0.14754 0.19459 0.53484 -0.057606 -1.1154 -0.14658 -1.3974 -0.78055 1.3271 0.047536 0.77677 0.54274 -1.8417 0.10085 -3.4333 0.67316 0.062766 -0.99212 0.44527 0.73613 -1.614 0.33684 0.017567 -0.34413 0.79784 -0.27354 -1.1048 0.0407 -0.14484
0.2619 1.063 -0.80355 -1.3555 2.0939 -0.75077 -0.21862 -1.1712 -1.516 -1.3171 -0.21408 -0.87492 0.59043 -0.12226 -1.3919 0.34676 -0.83792 -1.4698 1.4224 -0.057075 0.81436 1.1597 -1.7026 -0.57891 -2.805 0.62681 0.44562 -0.13284 0.95792 1.8292 -1.5532 0.23031 -0.11413 -0.36211 0.45439 1.1179 -1.1292 1.8171 -0.92573
0.027729 0.50247 -0.54054 -1.5751 1.8904 -0.48461 0.098549 -1.3993 -1.0231 -1.6785 -0.25845 -2.7127 0.85649 0.1759 -1.4302 0.64946 -0.031017 -2.0159 1.5872 0.28128 -0.022873 1.4246 -1.1484 -1.4982 -0.88976 0.2397 0.41826 0.89268 1.2035 2.2968 -0.97192 -0.079842 -0.13789 -0.41887 -0.35758 2.4871 -0.52932 2.5929 -1.5078
0.056118 0.022806 -0.5347 -1.5096 0.89756 -0.44577 -0.25988 -1.2701 -0.83873 -2.9647 -0.76791 -1.8178 0.83028 0.52753 -0.64219 1.404 1.2244 -2.4956 1.48 -0.11918 0.26847 1.0196 1.0905 -1.2915 -0.30703 -0.69481 0.33923 1.7476 0.95158 2.0096 -0.017283 -0.42577 -0.41014 0.17717 -1.3438 2.7233 0.27859 2.5151 -1.7378
0.099141 -0.23586 0.3116 -0.90029 0.065945 0.11188 -0.26572 -1.0681 0.29886 -2.7494 -1.366 -1.1883 0.85913 0.33635 -0.023926 1.7061 1.7253 -2.1449 1.1742 -0.21206 0.24157 -0.11143 2.1516 -0.65914 0.90154 -1.2658 -0.03341 2.2394 0.44347 1.1074 0.90555 -0.88789 -0.74044 1.1831 -1.5475 2.0977 0.70087 1.0696 -1.3339
0.4882 -0.24013 0.50685 -0.32306 -0.60376 0.73975 0.41405 -2.1523 -0.21418 -1.5401 -2.4046 0.25442 0.4012 0.37996 0.79036 1.7012 1.9176 -1.4422 0.88455 -0.64039 1.0274 -0.84112 2.5469 -0.41674 1.7149 -1.6164 -0.33102 1.8207 -0.47908 -0.023599 1.5287 -1.1044 -0.63482 1.4745 -1.182 0.20912 0.54716 -0.33786 -0.49966
0.82638 0.9919 1.1091 0.69863 -0.31141 0.8115 -0.88343 -0.79428 -0.89723 1.4513 -0.87537 -1.7223 -0.69532 0.18893 1.5552 1.3779 1.6223 -0.80045 0.31193 -0.94244 1.8896 -0.83614 2.6724 -0.46637 0.39145 -1.5997 -0.4103 0.57566 -1.0262 -0.66704 1.7332 -0.87248 -0.37119 1.2107 -0.20366 -1.5166 0.3743 -1.4523 0.45328
0.27944 0.77233 1.429 0.28812 -0.49454 0.3378 -0.24816 -0.84224 -2.0005 0.54827 -0.70357 -0.20195 -0.70506 0.026809 1.5749 0.61923 1.2275 -0.22441 -0.050129 -1.0291 2.3003 -1.0514 1.3024 -0.24171 -0.80124 -1.3908 -0.68758 -1.5084 -1.5972 -1.3634 1.3383 -0.73911 0.65883 -0.3332 0.95035 -2.5826 0.49894 -1.108 1.7197
0.41974 0.93441 1.5533 0.64531 -0.12488 0.5352 -1.1051 0.035602 -1.508 -0.18378 -1.3722 0.21549 -0.76121 -0.19836 0.524 0.21535 0.85672 0.58387 0.096184 -0.77053 1.9504 -0.41138 -0.47896 0.036204 -0.99771 -0.59988 -0.34259 -2.8716 -1.8099 -1.7435 0.57116 -0.66938 1.1747 -1.6756 1.5384 -1.8492 0.77596 0.05786 2.4618
0.30405 1.5544 1.3011 0.59842 -0.7221 0.049809 -1.5457 0.87541 -0.68686 0.12304 -2.3484 -1.7085 -0.84742 -0.61628 -1.213 -0.87938 -0.17436 0.44212 -0.31379 0.56138 0.35466 0.934 -1.4315 0.37677 -0.0040449 0.8441 0.39904 -3.0443 -1.5036 -1.8909 -0.48957 -0.73305 1.3807 -2.426 1.3884 0.15569 0.69542 0.82613 2.4582
0.4175 1.2698 0.9671 1.03 -0.40825 0.59224 -1.142 0.67244 -1.2629 -0.62675 -1.7559 -2.2772 -1.0043 -0.083931 -1.8324 -1.4556 -0.83991 -0.036178 -0.73742 0.57202 -0.37772 1.3779 0.068662 0.85139 0.098702 1.5216 1.3112 -2.0383 -0.87839 -1.48 -1.2418 -0.63149 0.92018 -2.122 0.28786 1.7537 0.5806 1.1954 1.5074
0.35147 0.19917 1.1053 1.1138 0.75697 1.1994 -0.66901 -0.27842 -1.2032 -0.9773 -1.1694 -1.0607 -0.51495 0.65526 -2.3151 -1.5219 -1.3541 -0.86174 -0.92869 1.0174 -1.2279 0.9497 1.3856 0.80843 0.41653 1.781 1.7091 -0.16635 0.25172 -0.51141 -1.3582 -0.25629 -0.44254 -0.73369 -0.8693 2.1102 0.21619 0.78427 -0.095406
-0.47793 -0.82382 -0.38185 -0.34805 -0.13109 -0.37463 0.65118 -0.74662 0.39714 -0.30035 0.42029 -0.30284 0.91589 1.4259 -2.3233 -1.2025 -1.2393 -1.1618 -0.70962 0.80695 -1.3622 0.19473 1.9191 1.0368 1.356 1.5262 1.0332 1.6615 0.98557 0.56558 -0.82064 0.33917 -1.2699 0.4875 -1.5012 0.90801 0.027403 0.41288 -1.5545
0.69532 -0.74931 -0.36163 -0.9638 -1.0758 -0.86874 -0.4461 -0.58013 -0.29921 1.1508 -0.37895 0.17151 1.0492 1.5756 -1.259 -0.50831 -0.90647 -1.6169 -0.76818 -0.45026 -0.57043 -0.25958 2.2194 0.73463 1.0428 0.67522 -0.042894 3.1659 1.3811 1.73 0.23305 1.1146 -1.7296 1.2918 -1.3313 -0.68432 -0.081569 0.018146 -2.6713
1.8045 -0.80312 -0.17774 -0.65804 -1.8217 -0.33802 -0.19113 -0.6507 -0.38066 1.8792 -1.5935 -0.7474 0.82511 1.2361 0.3819 -0.012319 -0.045126 -1.2442 -0.19047 -1.2273 0.23932 -1.1128 1.6328 0.94207 0.65856 -0.60558 -1.4869 3.3213 1.1269 1.8537 1.1355 1.1397 -1.0331 1.4045 -0.53141 -2.2128 -0.090267 -0.47639 -2.6376
2.1903 -0.73272 -0.046467 -0.15071 -1.6443 -0.015616 -0.47204 -0.50633 -1.1538 1.6935 -0.39526 -0.10744 0.40376 0.67308 1.5718 0.61593 1.1761 -0.37482 0.82931 -1.4095 0.47346 -1.1395 0.07252 0.68055 0.78527 -1.7572 -2.2063 2.1686 0.26803 1.1083 1.7143 0.86125 0.15455 0.82813 0.41861 -2.7415 -0.10716 -0.11474 -1.5631
1.6629 -0.28041 0.56587 0.096546 -1.6828 -0.10067 -1.9761 -0.18833 -1.5266 1.4319 0.052259 -0.42721 -0.26019 -0.69226 1.7587 0.46507 1.0708 0.40265 0.55418 -0.77747 0.836 -0.4499 -1.7632 0.87032 0.43618 -1.8036 -1.8814 0.54039 -0.68201 -0.062686 1.4402 0.28116 1.0851 0.30812 1.3187 -1.8354 -0.52474 -0.0035847 -0.011053
0.96255 0.47356 0.33813 0.44523 -0.66891 0.38331 -1.6016 -0.24095 -1.8397 1.0505 1.1957 0.60044 -0.69651 -1.2714 1.6368 -0.21714 0.53704 0.86096 0.42282 -0.38649 0.73617 0.29406 -1.9795 0.54147 0.8869 -1.4207 -0.7474 -0.77152 -1.3296 -0.85854 0.60808 -0.21578 1.5521 0.1069 1.3722 -0.3252 -0.60822 -0.11793 1.1876
0.77473 0.86426 0.2297 0.88188 -1.258 0.37778 -1.0769 -0.28344 -0.45151 0.081538 0.35468 1.0707 -0.99356 -1.0421 1.2311 -0.94627 0.15525 0.9109 0.53597 0.39341 0.70662 0.92157 -1.2821 -0.095035 0.58082 -0.79509 0.62975 -1.5813 -1.0504 -0.69879 -0.47138 -0.29619 1.1896 0.056144 0.60408 0.99092 -0.64596 -0.39777 1.473
0.37843 0.7343 0.2388 0.014252 -0.94011 -0.3564 -1.1823 0.56352 -0.89567 -1.0326 -0.25333 -0.28436 -0.89746 -0.44512 0.53976 -1.3106 0.073474 0.53976 0.47056 1.0625 0.74742 1.037 -0.84905 -0.11885 0.43895 -0.21783 1.1822 -1.926 -0.28684 -0.28896 -0.8783 -0.54793 0.78216 -0.044737 -0.34979 1.6286 0.036019 -0.70093 1.3494
0.70964 0.6261 -0.72833 0.071274 -0.62582 0.59262 -0.86058 -0.029731 -0.28897 0.10712 -0.56548 0.86279 -0.8392 -0.021523 -0.33272 -1.0679 0.03147 -0.34902 0.018272 0.83721 0.94143 0.44824 -0.16845 -0.16093 -0.21854 0.13041 1.0805 -2.1441 0.42127 -0.0722 -1.0177 -0.76242 -0.054453 -0.50498 -0.79788 1.7664 0.57321 -0.72102 1.2759
0.89134 0.67074 -1.1971 0.32246 -0.34596 0.85529 -0.48323 0.37064 -0.41088 0.66069 0.30762 0.64036 -0.69498 0.25574 -0.79331 -0.72468 0.069992 -0.20581 -0.28176 0.92367 0.53461 -0.17733 1 0.6463 -0.24721 0.43898 0.73455 -2.1394 0.95682 -0.39583 -0.80991 -1.0703 -0.63196 -0.82604 -0.70896 1.4376 0.29653 -1.0221 1.3999
0.82561 0.57975 -0.92435 0.59238 -0.98195 0.47033 -0.44988 0.64152 -0.41889 -0.039477 0.7061 0.61376 -0.73442 0.46928 -1.6765 -0.40607 0.020599 -0.6818 -0.43589 0.33747 -0.16175 -0.10836 1.6274 0.72328 -0.6533 1.0722 0.51898 -1.7028 1.0997 -0.84958 -0.25876 -0.87166 -0.60071 -1.0026 -0.045863 0.86285 -0.76626 -0.62901 1.4966
0.71872 0.10423 -0.7229 0.59254 -1.8057 -0.018806 -0.40424 0.86787 -1.0912 0.2388 0.43593 0.13724 -0.67686 0.57425 -2.3546 0.25162 -0.64358 -0.85876 -1.2025 0.042901 -0.29705 -0.13746 1.3772 0.058451 -1.5715 1.7207 0.31752 -0.95988 0.9081 -1.1771 0.12325 -0.39667 -0.41785 -0.82015 0.59156 0.12578 -1.861 -0.15686 1.2822
1.0381 -0.068284 -0.63197 0.45925 -1.0138 -0.33595 0.30609 0.24017 -0.60265 1.3495 0.92787 0.34949 -0.31164 0.71191 -2.3936 0.61995 -1.1559 -0.52494 -1.0653 0.070086 -0.58045 0.35037 1.5264 -1.4812 -0.93479 2.0656 0.04122 0.36934 0.44517 -1.0404 0.71256 0.085934 0.010961 -0.42098 0.91376 -0.55088 -1.8616 0.61621 0.55161
1.1832 -1.4928 -0.86383 -0.29983 -1.6542 -0.28001 -1.2372 -0.048753 -0.64603 1.6322 0.33607 -1.198 0.84827 0.67939 -2.0433 0.55901 -1.479 -0.050187 -0.65928 0.2121 -0.84071 0.83692 1.3429 -2.1666 -0.46459 2.149 -0.29042 1.6173 -0.018339 -0.36382 0.8686 0.5848 0.077745 0.080175 1.0201 -1.1855 -0.90405 1.2559 -0.40914
1.6255 -1.7542 -0.50847 -0.80644 -1.577 -0.73067 -0.50867 -0.11937 -0.31565 1.8363 -0.50901 -1.283 1.3638 0.48477 -1.2344 0.3207 -1.4515 0.28405 -0.53434 0.25712 -0.70215 1.3161 0.47629 -2.0805 0.10563 1.8061 -0.65227 2.4232 -0.25571 0.2923 0.70577 0.34588 0.004309 0.56377 0.75999 -1.7318 0.66618 1.424 -1.2873
1.6664 -1.3464 -0.092713 -0.84254 -1.127 -0.33475 -0.0053281 0.1852 0.10716 2.0914 -2.1234 0.3022 1.4458 0.18346 -0.26501 0.36432 -1.1603 0.4077 -0.40029 0.085938 -0.078635 1.5117 -0.63584 -1.5457 0.60295 1.1433 -0.81828 2.338 -0.2386 0.70811 0.5106 0.099368 -0.33878 0.72116 0.30127 -1.5033 2.0587 1.2578 -1.6342
1.3946 -1.3973 -0.18257 -1.0911 -1.3688 -0.46295 0.029196 -0.23656 0.39917 1.3327 -1.9071 0.042792 1.5032 -0.16905 0.72397 0.21056 -0.7916 0.60315 -0.55552 0.12424 0.13189 1.6058 -1.2017 -0.39537 1.5892 0.34857 -0.73746 1.4559 0.034591 0.70121 0.26296 -0.013902 -0.67244 0.12094 -0.28735 -0.56458 2.8978 0.43079 -1.3868
1.318 -1.1812 -0.59094 -1.1984 -1.1592 -0.94448 -0.05781 -0.10321 0.66503 1.0904 -1.4613 0.10085 1.4541 -0.40918 0.84285 0.14121 -0.53226 0.77106 -0.45147 -0.41007 0.14022 1.3338 -1.0423 1.3137 1.4924 0.060248 -0.59044 0.7204 0.38634 0.51334 0.15225 0.046689 -0.72119 -0.66772 -0.91243 0.22993 2.5093 0.012464 -0.91488
1.4061 -0.85937 -0.13974 -1.2508 -0.56579 -0.74588 -0.46352 0.19419 1.3531 0.59277 -0.82565 0.40358 1.4807 -0.49489 0.61281 0.50009 -0.50133 0.60576 -0.51463 -0.8445 -0.57513 0.82643 -0.51824 2.5762 0.57262 -0.043636 -0.42973 0.38729 0.78187 0.45936 -0.13642 0.39998 -0.53105 -1.2329 -1.5767 0.42359 1.0075 -0.26701 -0.64913
1.1045 -0.91712 -0.49272 -1.5276 -1.0564 -1.1371 -0.96962 0.084877 1.3127 0.34941 -0.53334 1.2936 1.4545 -0.67584 0.97102 0.98359 -0.38142 0.69636 -0.31796 -0.87588 -1.0148 0.026824 -0.4603 2.2385 1.119 -0.23883 -0.2464 0.78101 0.7967 0.75403 -0.40844 0.86489 0.039664 -1.0658 -1.8762 0.20238 -0.97947 -0.06982 -0.97776
1.1633 -0.78905 0.045042 -1.4036 -0.27508 -0.96631 -0.59668 0.065019 1.2735 1.1253 1.011 1.2699 1.488 -0.78056 1.2874 1.3362 -0.040782 0.37397 0.11397 -0.71238 -1.674 -0.99246 -0.55739 1.2559 1.1798 -0.62236 -0.2594 1.2 0.1965 1.3162 -0.27165 1.3505 0.58459 0.17371 -1.458 -0.30638 -2.5399 -0.12875 -1.4771
0.88333 -0.80274 0.79868 -1.5677 -0.62372 -0.92462 -1.1348 -1.0675 0.99995 1.4318 1.3699 0.3812 1.375 -0.69474 1.7866 1.2994 0.59735 0.096017 0.80408 -0.41502 -1.3704 -1.6295 -0.56497 -0.088495 1.0188 -1.337 -0.22693 0.92223 -0.68872 1.7586 0.031472 1.4454 0.71593 1.5237 -0.54826 -0.66553 -2.9286 -0.79068 -1.7036
0.38624 -0.023133 0.94906 -1.5896 -0.36423 -1.0037 -1.1281 -1.3079 0.28775 0.0015314 0.5902 2.0733 1.0906 -0.93627 2.1815 0.7305 1.3872 0.37868 1.3649 0.065716 -0.058786 -1.3511 -1.1063 -1.6021 0.32535 -2.0413 -0.2664 0.25967 -1.3231 1.7864 0.73632 1.2336 0.67602 2.6304 0.49347 -0.59427 -1.8716 -0.83582 -1.3612
0.47812 0.41438 1.1336 -1.0513 -0.66189 -0.59082 -1.1197 -1.6269 -0.48269 -0.0012939 -0.22757 1.9328 0.52703 -0.99276 2.0394 -0.077296 2.0837 0.75112 1.6672 0.1359 1.1285 -0.91341 -1.6015 -2.4913 -0.18149 -2.4664 -0.47095 -1.0018 -1.3215 1.2934 1.1143 0.76451 0.70405 2.2424 1.2767 0.127 0.13615 -1.0742 -0.46954
0.66499 1.0426 1.276 -0.28071 -0.61162 0.51881 -1.0923 -0.58556 -0.36333 0.06062 -1.0666 1.9936 -0.38102 -1.0944 1.5767 -0.59483 2.4454 1.4624 1.9133 0.33394 2.1689 -0.31027 -1.301 -1.4801 -0.045362 -2.4049 -0.59182 -1.7601 -0.73472 0.17531 1.0002 -0.18921 0.77812 1.0095 1.3616 0.97408 1.9814 -1.0372 0.68506
-0.34061 1.1766 0.14826 0.40835 -0.033423 0.48627 -0.4928 0.61841 0.21553 -0.71313 -2.1589 1.0404 -1.008 -1.4316 0.41095 -0.65413 2.4049 1.6988 1.9198 0.82817 1.8575 0.51421 -0.17255 0.13282 -1.1363 -1.9663 -0.60352 -1.8667 -0.27412 -1.3088 0.37094 -1.2648 0.87385 -0.46106 1.0472 1.2325 2.5465 -0.74383 1.8127
-0.14172 1.0136 0.19909 1.1378 0.98826 0.9077 -0.73081 0.68845 0.21004 -0.72931 -1.6046 0.47965 -1.256 -1.7414 0.059027 -0.43588 1.5384 1.8296 0.91842 1.2436 1.5326 0.77534 0.30279 1.2462 -1.4576 -1.1134 -0.28913 -1.7167 0.23484 -2.5057 -0.75418 -1.7847 0.45485 -1.4151 0.74077 0.82927 1.8238 -0.024829 2.4891
-0.72814 0.93805 0.33929 1.1695 1.3453 1.2504 -0.86724 0.65933 0.22718 -0.49265 0.20509 1.6655 -1.2517 -1.7141 -0.31532 -0.69994 0.16145 1.2791 -0.084095 1.3947 0.55692 0.73211 0.27801 1.4937 -1.1019 0.0084566 0.16539 -1.3146 0.69772 -2.9028 -1.563 -1.3537 0.0064901 -1.0691 0.36323 0.16812 0.44798 0.7593 2.4106
-1.4676 0.32932 0.42175 1.4153 1.3451 1.4604 0.4116 0.005199 0.68773 0.2561 0.79582 0.26145 -1.2762 -1.4554 -0.92478 -0.10775 -0.97621 0.21476 -0.26588 0.93427 0.083286 1.1338 0.28475 1.6687 -0.13544 0.89348 0.61259 -0.95728 1.3423 -1.963 -1.9291 -0.1709 -0.62299 -0.50613 -0.07881 0.023752 -0.77327 1.0031 1.4317
-1.5324 1.0593 0.69477 0.73328 1.4316 0.36911 0.74487 0.65984 0.40162 0.43274 0.53341 -0.32793 -0.96979 -1.2923 -1.2944 0.56211 -1.6003 -0.51059 0.10378 0.97824 0.51579 1.1052 0.22032 0.85926 -0.17588 1.1809 1.2542 -0.31439 1.5509 -0.59098 -1.8225 0.73179 -1.1407 0.26413 -0.42824 0.35237 -1.295 0.77839 0.16565
-1.6039 0.79847 -0.67728 -0.26441 0.98488 0.27389 0.77661 0.60383 0.85544 -0.4447 -0.32072 0.56034 -0.37857 -0.89805 -1.0556 1.5891 -1.1412 -0.99801 0.5371 0.20023 0.57617 0.44254 0.40384 -0.065527 0.22772 0.76449 2.0308 -0.028281 0.7252 0.51432 -1.4855 0.33782 -1.2418 0.070719 -1.0658 0.81723 -1.0075 -0.054323 -0.5383
-2.0733 -0.31338 0.3777 -0.53531 0.37891 0.70453 0.026809 0.83626 2.036 -0.61045 0.60586 1.3757 0.066653 0.16895 -0.78702 1.5207 -0.83194 -1.6316 0.84561 -0.51545 0.82402 0.20701 1 -0.36473 0.37939 0.35612 2.854 0.17977 -0.45618 1.1774 -1.0146 -0.83712 -1.1937 -0.54795 -1.653 1.095 -0.067468 -0.76157 -0.54496
-1.841 -0.53373 1.7496 -0.47848 0.6558 1.8996 0.71014 1.2883 1.1998 0.051658 0.43051 0.20822 -0.11801 1.3161 -1.2407 0.84769 -0.43463 -2.092 -0.012023 -0.7965 0.068433 -0.60969 1.6799 0.15941 -0.54963 0.37631 3.0618 0.28207 -1.9573 1.0812 -0.51911 -2.188 -0.566 -1.0288 -1.7775 0.7432 0.52275 -1.3048 -0.031837
-2.133 0.1543 2.9866 0.49028 0.027016 1.9346 -0.37958 0.76799 0.26138 0.83633 0.29816 1.663 -0.86821 2.5238 -0.91877 0.029331 0.17294 -1.9232 -1.1036 -0.90566 -0.28827 -1.7787 1.9669 0.60119 -1.452 0.43395 2.238 0.44319 -2.6178 0.92887 -0.018055 -2.9869 -0.13414 -0.83702 -0.914 -0.46872 0.3424 -0.94473 0.37216
-0.63698 0.019451 1.3639 -0.077208 -1.0789 1.5733 0.056505 1.1609 1.1137 1.8884 -0.089416 -0.082264 -0.72909 3.2062 -0.53681 -1.5398 0.30873 -1.8565 -2.3924 -0.74342 -0.8562 -2.2326 1.5457 0.54635 -1.6952 0.66852 0.84644 0.53751 -2.4174 0.42531 0.70756 -2.3065 0.23539 -0.099404 0.40739 -1.579 -0.47494 -0.047691 0.43835
0.54349 -0.71057 0.29059 -0.63885 -1.52 -0.90355 -0.3847 0.44684 -0.37229 1.8552 0.85564 -1.189 0.31675 3.0838 -0.41863 -2.4676 0.4729 -1.7877 -3.3009 -0.82519 -0.33097 -0.85935 0.076313 0.1576 -1.1084 0.84893 -0.97229 0.41737 -1.2676 0.094393 1.3396 -0.75549 0.35143 0.29949 1.4694 -1.9708 -1.1156 0.87143 0.077063
1.4242 -0.70378 -0.43104 0.02006 -1.2584 -0.69885 -0.71637 0.41824 -1.0519 1.3475 1.0423 -0.82762 0.51245 2.494 -0.6139 -2.6891 0.17997 -0.79923 -3.0301 -0.38788 -0.10016 -0.20757 -0.7623 -0.62077 -0.84367 0.92176 -2.1725 0.5641 -0.033968 0.078471 1.8219 1.2144 0.50928 0.43857 1.8949 -1.3388 -1.3895 1.1188 -0.6636
1.4294 -0.841 -0.59757 0.13831 -1.7755 -1.3176 -0.64881 0.043281 -0.70496 1.371 1.2465 -0.71691 0.5646 1.1986 -0.20275 -1.9055 0.40262 0.1271 -2.1204 -0.40469 -0.08433 0.27235 -1.1124 -1.1637 -0.013956 0.43788 -2.3833 0.80079 0.49398 -0.15754 1.7718 2.051 0.47279 0.033008 1.2915 -0.20826 -0.98721 0.57658 -1.1357
1.4178 -0.35626 -0.59323 0.69235 -1.8833 -1.6707 -0.66095 1.4568 0.87109 0.0492 -0.20911 -0.38941 0.17931 0.39591 0.27627 -1.8887 0.48034 0.69476 -0.78612 0.037783 -0.12842 1.1474 -0.72894 -1.7171 0.15601 -0.27134 -1.8591 1.0234 0.52026 -0.22236 0.98399 1.9893 0.1411 -0.21154 0.86463 0.55909 -0.081262 0.21259 -1.227
1.3148 -0.61291 -1.2214 0.081894 -1.0595 -1.7254 -0.65952 0.54634 0.14848 0.67891 -1.1133 -0.13528 0.25251 0.015956 0.45016 -1.8907 0.031771 0.87738 -0.7262 -0.11886 -0.25055 1.1579 -0.36898 -1.3728 -0.38151 -0.51321 -0.87565 0.74007 0.30944 -0.43572 0.32468 1.6657 -0.23402 -0.48374 0.26558 0.96374 0.88383 -0.10397 -0.72065
1.3108 -0.51937 -1.6913 0.04169 -0.92438 -1.7178 -0.66201 0.61714 0.70404 0.84286 -0.92803 -0.93678 0.28654 -0.12665 0.74304 -1.6674 -0.042933 0.71903 -0.14115 -0.26873 -0.42399 1.1594 0.093782 -0.69082 -0.21969 -0.71861 -0.25546 0.52772 0.72095 -0.19333 -0.11259 1.1741 -0.40379 -0.31233 -0.082431 0.54272 1.3803 0.20104 -0.10235
1.4733 -0.44803 -2.7422 0.34951 -0.52629 -1.6145 -0.32737 -0.061788 0.50891 0.94578 -0.84322 -0.9392 0.044874 -0.054644 0.77696 -1.4043 -0.13046 0.73733 0.56289 -0.7325 -0.87022 0.83412 0.57749 0.17683 -0.069948 -0.58216 -0.0086255 0.40257 1.2786 0.085969 -0.11384 0.97254 -0.11536 -0.011957 -0.13382 -0.10424 1.017 0.67367 0.25634
1.4684 -0.15244 -2.7206 0.15382 -0.56915 -1.893 -1.1849 0.34639 0.552 0.62758 -0.35827 -1.3179 -0.17676 -0.01281 0.97352 -0.70555 0.2057 0.54419 0.6936 -0.4728 -0.42055 1.1556 -0.0097214 0.40514 0.41546 -0.41539 -0.10681 0.07801 1.5826 0.21412 -0.042937 0.17363 0.28031 0.29867 -0.27459 -0.654 0.60329 0.61426 0.53842
1.0886 0.2281 -2.2756 0.31153 -1.3228 -1.4579 -0.99446 0.26139 1.748 1.106 -0.26093 -0.29207 -0.53082 -0.05894 0.98783 0.15846 0.057497 0.74178 0.61929 -0.26282 -0.27299 0.89956 -0.5213 0.21283 0.73744 -0.22542 -0.42663 -0.36927 1.512 0.32507 -0.082206 -0.7399 0.73846 0.19718 -0.60149 -0.75877 0.1994 0.49301 0.589
1.4093 0.27872 -2.5826 0.22453 -0.28087 -0.65084 -1.8677 0.23237 1.5624 1.0371 -0.55471 -0.28794 -0.27894 -0.31195 0.75181 0.68287 0.24521 0.63048 0.16103 0.034281 -0.14223 0.57454 -0.74763 0.55527 0.68476 0.028352 -0.69537 -0.77386 1.1385 0.16316 -0.24596 -1.1754 0.87546 0.035405 -1.1523 -0.34753 0.35943 0.29961 0.4975
1.3563 0.28384 -2.3096 0.38951 -0.086644 -1.0908 -0.66645 -0.023704 1.5159 0.49341 -0.63603 0.16266 0.012923 -0.64455 0.25962 0.89338 0.43283 0.53216 -0.47846 0.45944 -0.62541 -0.10527 -0.67051 0.51703 0.84154 0.20844 -1.0139 -0.89789 0.62253 0.012218 -0.73781 -1.0172 1.1214 0.10554 -1.0311 0.31708 0.93652 0.42354 0.1894
1.2929 0.52767 -1.6873 0.10225 0.24106 -1.2298 -0.77956 0.16878 1.5344 -0.043115 -0.50801 -0.35453 -0.094713 -0.92334 0.037877 1.1797 0.30788 0.17129 -0.84598 0.88295 -0.17342 -0.71394 -0.66436 1.0046 0.99164 0.22252 -1.0956 -0.52969 0.36328 -0.23287 -0.94717 -0.33372 0.97884 0.11605 -0.84008 0.81312 1.1597 0.45021 -0.19454
0.86731 0.35493 -1.9493 0.85633 -0.15951 -1.8334 -0.62461 -0.080831 1.1169 0.082196 0.63578 -0.18971 -0.13094 -1.5064 -0.16082 1.1415 0.042648 -0.45454 -0.68205 1.5168 -0.050754 -0.57688 0.14245 1.9526 1.48 0.0015759 -0.8385 0.032668 0.24665 -0.48632 -0.72062 0.50133 0.87233 0.12046 -0.44956 0.92192 0.8807 0.078915 -0.29094
0.33983 0.11306 -1.3116 0.71726 -0.40783 -2.3678 -0.77666 -0.48106 0.80205 0.31331 0.19746 0.52702 -0.092115 -1.7751 0.067556 1.2772 0.012937 -0.70567 -0.31651 1.4273 -0.20259 -0.91422 0.62205 2.271 1.3192 -0.20555 -0.20924 0.50502 0.14416 -0.60031 -0.16255 0.98737 0.55766 -0.2268 -0.1835 0.54464 -0.072846 -0.48306 -0.22342
0.078662 0.36858 -0.7 0.45527 -0.86707 -1.7102 0.21329 0.46908 0.98522 0.38131 1.0671 1.5059 -0.1672 -1.669 0.28373 1.3322 -0.30606 -0.42212 0.17477 1.898 -0.37531 -0.92004 0.69729 1.731 0.82912 -0.080938 0.51498 0.9298 0.050959 -0.38902 0.59827 1.4515 0.00040823 -0.48999 0.028312 -0.28677 -1.1204 -1.3486 -0.10792
-0.50131 0.074286 -1.3202 0.055809 -0.52242 -1.1791 0.88823 0.047839 1.0329 1.3023 2.4361 1.8294 -0.15201 -1.2063 0.63856 1.3691 -0.61056 -0.16184 0.51508 1.7797 -0.44761 -0.90565 0.25483 0.95854 0.25409 -0.1233 0.87605 0.83674 -0.18878 -0.024228 1.0267 1.583 -0.6612 -0.51362 0.52145 -0.96844 -1.9939 -1.6143 -0.15818
-0.81515 0.68604 -0.21731 0.57293 -0.85162 -1.7638 1.0887 -0.46432 0.089095 0.78894 2.3269 1.0916 -0.33452 -0.90503 1.0817 1.1958 -0.35576 0.42335 1.5238 1.324 -0.874 -0.50531 -0.27204 0.25023 -0.9207 -0.22766 0.83624 0.46633 -0.2779 0.57441 1.1859 1.2428 -1.6637 0.13834 0.80734 -1.0789 -2.2923 -1.2768 -0.46717
-0.71822 0.79411 0.033041 -0.1283 -0.16884 -1.2997 1.705 -0.39164 0.32594 0.60242 1.4869 0.22058 -0.092833 -0.64811 1.0421 0.9711 -0.011735 0.84733 1.8665 0.3869 -0.94474 -0.023317 -0.96285 -1.1828 -1.3133 -0.40689 0.76351 -0.21739 -0.56218 0.86215 1.1958 1.1046 -1.7635 1.1086 0.76995 -0.36877 -1.8497 -0.24664 -0.68159
-0.59476 0.8763 -0.054802 0.11205 -0.68243 -1.4824 1.3507 -0.59543 -0.054747 0.29314 1.5071 0.74107 -0.31142 -0.50781 0.84068 0.98053 0.42911 1.356 1.7466 -0.71905 0.14336 0.32979 -1.0019 -2.0199 -1.1654 -0.74615 0.6227 -0.84246 -0.82871 0.8939 0.78914 0.92519 -1.3171 1.7984 0.13708 0.28211 -0.75238 0.71547 -0.74419
-0.98735 1.3739 0.38494 0.26486 0.23168 0.55922 1.112 -1.1361 0.7474 0.065157 0.79634 -0.44334 -0.4567 -0.090115 0.38297 0.36342 0.5527 1.6737 2.4034 -0.70981 1.1914 0.29029 -0.15533 -1.7977 -0.17571 -1.0404 0.53112 -1.0057 -0.63716 0.63083 0.23908 0.69692 -0.49403 1.8834 -0.62283 0.76611 0.43442 0.47621 -0.46162
-0.99302 1.2103 0.20171 0.43736 0.3519 0.75314 0.83472 -0.33274 1.2081 -0.58466 -0.17739 0.25086 -0.7636 -0.11232 -0.0023246 -0.14118 0.97522 1.5279 2.9333 -0.75439 1.5405 -0.36074 -0.04589 -1.0274 0.037361 -1.1951 0.33854 -0.87053 -0.36515 0.30595 -0.48679 -0.11444 0.05546 1.1053 -1.038 0.8262 1.0231 0.013748 0.015218
-1.3279 0.95849 0.39614 0.89333 1.3966 0.0022559 -0.31952 0.47485 0.84031 0.36103 -0.13637 0.05215 -1.2006 0.067783 -0.22094 0.27024 0.85199 1.2187 2.5418 -0.5916 2.0038 -0.95219 0.23381 -0.76989 -0.90482 -0.97985 -0.22312 -0.69367 0.27297 -0.25036 -0.71492 -1.5252 0.1079 -0.29029 -0.4656 0.33088 1.2024 -0.64584 0.71693
-0.45537 1.1092 0.23595 0.9168 1.2875 1.4001 1.0559 0.96846 -0.060213 0.94145 -0.0076494 1.0026 -1.4773 -0.0055109 -0.31756 0.30378 0.82788 0.64145 1.4912 -0.68575 1.8785 -1.1838 0.6079 -0.38732 -0.7903 -0.75244 -0.4747 -0.40967 0.47939 -0.98937 -0.64886 -2.4204 0.53695 -1.4616 0.80247 -0.15883 0.81152 -0.27273 1.282
-0.92253 0.76231 -0.47302 1.1316 1.3486 2.7885 0.72616 0.7368 -0.3946 -0.005149 0.54242 -0.011117 -1.4024 -0.53173 -0.62606 0.68058 0.16732 0.73513 0.40881 -0.54783 0.46307 -0.24633 0.25296 0.40546 -1.1766 -0.02891 -0.89961 -0.38133 -0.062246 -1.596 -0.65365 -3.1143 0.88349 -2.2158 1.8017 -0.64884 0.62502 0.6407 1.6032
-0.67324 0.92873 1.0854 1.1258 0.82539 1.8662 0.23978 1.2398 -0.75193 0.32779 -0.072817 -1.7789 -1.3565 -0.63501 -0.49503 0.60185 -0.47981 0.5153 -0.3211 0.26999 -0.5151 0.96723 -0.37738 0.086657 -0.43524 0.53579 -0.5679 -0.19249 -0.51618 -1.9495 -0.81319 -3.3499 1.1476 -2.0686 1.9942 -0.65007 0.24536 1.0914 1.6812
-1.3418 1.0727 0.73758 1.4281 1.2743 1.8627 -0.34144 1.0269 0.11908 0.84208 -0.34155 -0.79641 -1.4624 -1.1733 -0.78042 -0.0026182 -1.3901 0.018097 -2.1171 0.66332 -1.0848 1.7249 -0.65321 0.3029 0.28293 1.1357 -0.067749 -0.15365 -1.1812 -1.6073 -0.81642 -2.2886 1.1042 -0.8189 1.0329 -0.28201 0.14942 1.2611 1.2032
-1.995 0.11234 1.1564 0.34875 2.1281 0.1927 -0.076732 0.034056 1.4561 -0.16508 0.90212 -0.8402 -0.68127 -0.66802 -0.57516 -0.37688 -1.9296 -0.57125 -3.2333 0.96464 -1.348 1.9821 -0.32133 0.17582 0.81901 1.5593 0.57524 -0.17564 -0.74923 -0.81087 -0.70005 -0.39021 0.53431 0.5307 -0.46852 0.12246 0.092761 0.48546 0.41748
-1.4571 0.66173 0.67449 0.17445 1.9362 0.50858 1.3922 0.11705 1.6326 0.060191 -0.23614 0.6024 -0.65782 -0.63525 -0.8563 -1.1685 -2.0242 -0.29905 -2.2196 1.2749 -0.70273 1.4049 -0.36288 0.67111 0.90213 1.5299 1.4435 0.12016 0.21963 0.2751 -0.76784 1.5639 -0.61858 1.3546 -1.4175 0.51453 -0.26403 -0.48036 -0.31081
-2.0563 0.10232 -0.56209 -1.0645 0.48405 -0.67845 2.1833 -0.096086 1.3488 -0.25921 0.87935 0.93305 0.028988 0.085743 -0.76389 -0.29876 -1.6368 -0.67925 -0.95046 1.0052 0.32322 0.17301 -0.23726 0.093694 0.28499 1.0557 1.6058 -0.0090945 1.2568 0.68755 -0.8132 1.9014 -2.036 0.96204 -1.9167 0.24272 -0.36249 -1.3655 -0.52811
-1.3251 0.45535 -0.17096 -0.98296 0.13029 -1.4259 0.98131 -0.40884 1.7135 0.0055833 0.28287 -0.44438 0.46263 0.93827 -0.50189 0.39239 -1.0439 -1.4117 -0.43522 -0.59988 0.70329 -0.29215 0.43637 -0.21476 -0.50723 0.84985 1.7507 0.24236 1.9143 0.68368 -0.90462 1.221 -2.7275 -0.34942 -1.7559 0.080552 -0.52176 -1.3832 -0.39833
-1.9599 -0.13215 -0.26218 -0.98363 1.4871 -0.0099244 1.4158 1.0284 1.0745 0.19045 1.0302 -0.57941 0.12272 1.3137 -0.78274 1.3296 -1.1803 -1.5862 -0.69716 -2.1489 -0.18695 -1.126 -0.17607 -0.1469 -1.4461 0.98731 1.1681 0.099578 1.0746 0.32856 -0.6338 0.35296 -2.0101 -1.4993 -1.2658 -0.15836 -0.095927 -0.44264 0.0015459
-1.2285 -0.013228 1.3165 -0.68589 0.84966 0.79174 1.0186 1.1202 0.72544 0.15431 -0.37222 0.035579 -0.30083 1.7694 -0.45988 1.8056 -1.02 -1.5931 -0.13785 -2.569 -1.1214 -1.5688 -0.19866 -0.30897 -1.2403 0.87567 0.67442 0.026678 -0.033152 0.25514 -0.31012 -0.27436 -0.45287 -1.7978 -0.51052 -0.20073 0.071083 0.57828 0.30968
-0.25278 -0.22908 1.4718 -1.2683 -0.48651 -1.0516 -0.88437 0.23552 1.5968 0.5339 0.48438 -1.0579 0.71766 1.6833 -0.6349 1.1209 -1.0594 -1.814 -0.44722 -2.0099 -1.6634 -1.7958 -0.24067 -0.064619 -0.32411 1.0432 0.0078451 -0.17536 -1.5129 0.43845 0.17234 -0.41028 1.0271 -0.9015 0.42946 -0.066976 -0.12981 1.2142 0.29407
0.0040708 -0.3111 1.6892 -2.234 -1.0305 -1.3322 -1.2949 -0.92431 -0.43394 -0.86167 -0.061741 -1.4118 1.0748 1.9145 -0.54681 0.43047 -0.64792 -1.8992 -1.0331 -1.584 -2.035 -0.99854 0.056294 -0.11031 0.16216 1.3532 -0.64893 -0.5719 -2.2552 0.80105 1.207 0.16414 2.0585 0.34698 1.1699 -0.33214 -0.80232 1.6498 -0.086532
0.11753 -0.1521 1.5139 -2.2498 -1.4728 -0.63874 -1.1763 -1.4317 -0.51356 -0.18535 0.62338 -0.98771 1.1413 1.2516 -1.0456 -0.97787 -0.57793 -1.1044 -0.96616 -0.6241 -1.4722 -0.50359 -0.42719 -0.52286 0.45718 1.2529 -1.0027 -0.69287 -1.9508 1.3661 2.1849 1.3198 2.4718 1.0498 1.5363 -0.37708 -1.3505 1.2813 -0.59418
0.33168 -0.52914 0.93682 -1.8185 -1.1259 -1.1551 -0.93355 -0.97786 -0.41728 0.11885 0.3263 -0.38337 1.3718 0.86204 -1.219 -1.6093 0.1843 0.37543 0.43499 0.79864 -0.54311 0.22774 -0.80142 -1.7699 1.9148 0.61954 -1.3107 -0.63881 -0.99203 1.4685 2.5431 2.0189 2.3941 0.88975 0.62706 -0.60172 -1.4051 0.3712 -0.87463
0.80273 -0.76026 0.90247 -1.2473 -0.90373 -0.86382 -0.66282 -0.55721 0.56543 0.58651 0.2923 0.061071 1.5199 0.47569 -1.4641 -1.721 0.99274 1.2573 1.2042 1.6781 -0.37546 0.79342 -0.60486 -2.0771 1.5491 0.38424 -1.0443 0.069994 0.3125 1.3238 1.6777 1.7551 1.5137 -0.023409 -0.84363 -0.55699 -0.50081 -0.85443 -0.86869
0.52713 -1.3861 -0.16785 -2.0397 -1.1944 -1.2744 -0.61548 -0.89008 0.42732 -1.0658 -1.5168 -0.014494 1.5226 0.037071 -1.4132 -1.162 1.2205 1.8191 1.5208 1.9902 -0.85923 -0.32983 -1.1328 -2.29 0.39913 0.27858 -0.77909 0.79168 1.1666 0.6531 0.31528 0.28672 0.33513 -0.58867 -2.2679 -0.38279 1.006 -1.7607 -0.73492
0.94075 -1.406 -0.56409 -1.3593 0.21209 -0.12814 0.25513 -1.0118 1.1519 -1.2125 -2.3515 1.9318 1.5103 -0.14149 -0.84766 -0.58362 1.2956 1.4046 1.657 1.7614 -1.357 -1.9567 -1.4429 -1.3191 -0.65044 -0.075285 -0.41947 1.5164 1.5402 0.12906 -0.74928 -0.94698 -0.79081 -0.10023 -2.5837 0.27057 2.0177 -1.2915 -0.82454
0.36947 -1.705 -0.27619 -0.71184 0.51519 0.77423 1.3429 -1.8735 -0.20055 -1.0043 -2.0635 -0.021251 1.5353 -0.1772 -0.22848 0.13044 1.21 0.90606 0.74175 1.4034 -1.189 -3.082 -1.1878 -0.038383 -0.80925 -0.41896 -0.10929 1.5324 1.0707 -0.30757 -1.5988 -1.798 -1.7206 1.0169 -1.3797 1.0008 2.2122 -0.4198 -0.81994
0.12738 -1.5813 0.29915 -0.43793 0.89658 0.86261 1.3847 -2.1684 -1.4846 -1.1412 -1.9751 -0.94269 1.5854 -0.14429 0.4453 0.6805 1.2261 0.26581 -0.085194 0.38738 -0.4021 -3.17 0.027618 1.034 -0.65657 -0.68964 0.22164 0.90544 0.39147 -0.59642 -1.7639 -1.8136 -1.9837 1.8162 0.59396 1.2426 1.4557 0.71879 -0.49232
0.54983 -1.3365 0.11154 -0.13315 0.061809 0.31287 0.93006 -1.9312 -2.7404 -1.6896 -0.89387 -1.1292 1.1811 -0.15326 0.46861 0.32436 0.6926 -0.69739 -0.81297 -0.74883 0.63358 -2.5665 0.31321 1.179 -0.52412 -0.82896 0.38878 -0.04255 -0.18658 -0.5666 -1.5802 -0.76425 -1.3956 1.7345 1.995 0.93384 0.48037 1.4639 -0.0060692
0.70094 -1.1368 0.70634 -0.33481 -0.066931 -0.75906 1.0242 -1.5393 -2.6035 -1.4383 -0.31443 -0.0070078 0.90701 0.22602 0.29139 0.093605 0.46857 -1.1976 -0.79849 -1.1097 1.2486 -0.96589 0.50987 1.1277 0.74102 -0.72061 0.30582 -0.89316 -0.3364 -0.28656 -0.85192 0.35081 -0.18424 0.90923 2.3281 0.19214 -0.43977 1.7254 0.57321
0.33651 -0.93773 0.32128 -0.39169 -0.3103 -0.84101 -0.1316 -1.2058 -2.5587 -0.61291 -0.94614 0.21652 0.69751 0.30561 -0.23743 0.053977 0.55698 -1.4121 -0.2529 -0.63032 1.3446 -0.030681 0.60787 0.92051 1.6361 -0.41613 0.16527 -1.1576 -0.26097 0.23441 0.00046184 0.94768 0.62093 -0.20484 1.879 -0.58178 -1.0646 1.2412 0.8938
0.46278 -1.2752 -0.40164 -0.18478 -0.40869 -0.089966 -0.28197 -0.54344 -2.0271 -0.71519 -1.0088 0.32424 0.6769 0.15104 -0.69943 0.14925 0.76928 -1.0227 0.28285 -0.054332 1.0043 0.40612 0.31599 0.23514 1.9724 0.089218 0.044433 -0.90056 -0.35223 0.34486 0.63265 0.64266 0.7503 -0.7983 1.2263 -1.1782 -1.4995 -0.065172 0.83391
0.685 -1.5546 0.31944 0.16525 -1.042 0.24332 0.37387 -1.0007 -1.8083 -0.58503 -0.16317 0.35364 0.89621 0.16639 -0.97271 -0.22061 0.96111 -0.78752 0.36466 -0.063858 0.36179 0.66044 -0.82476 -0.616 1.5232 0.30367 0.15036 -0.087641 -0.51032 0.05137 1.0749 -0.06891 0.22289 -0.76302 1.0946 -1.0433 -1.7442 -1.2591 0.42681
0.74769 -1.8069 0.64268 0.45537 -1.2591 0.21354 0.81131 -0.75506 -2.3284 -0.85556 -0.16444 1.6111 1.0421 0.36923 -0.85102 -0.46687 0.8854 -0.29386 0.064108 0.076014 0.19762 1.2482 -1.2961 -1.2592 0.63749 0.35387 0.33937 0.65093 -0.70403 -0.34537 1.1384 -0.43776 -0.33589 -0.17176 1.2688 -0.36952 -1.4643 -2.01 -0.13943
0.71698 -1.8916 0.47307 0.73507 -1.0805 -0.11064 0.79088 -0.7514 -2.3268 -1.4225 -0.71257 2.1448 1.2041 0.45296 -0.32239 -0.64862 0.58631 0.29205 -0.24804 -0.27139 0.27378 1.8348 -0.81733 -2.0018 -0.43641 0.18461 0.28239 0.99244 -0.44461 -0.61667 0.70411 -0.15604 -0.36458 0.4386 1.2612 0.52014 -0.6065 -2.094 -0.44416
0.69824 -1.9985 -0.22291 0.67741 -0.95307 -0.59913 -0.088787 -1.1234 -1.2996 -2.5248 -2.102 1.6809 1.0466 0.59045 0.040549 -1.0308 0.32559 0.62857 -0.17668 -0.63345 0.71831 2.4668 -0.46444 -2.1533 -1.4103 -0.093653 0.024667 0.91333 0.012812 -0.58526 -0.32505 0.39183 0.090655 0.86716 0.55293 0.78383 0.69355 -1.1538 -0.4852
0.93021 -1.8099 -0.86067 0.664 -0.57249 -0.22952 -0.2253 -0.54084 -0.33201 -1.7664 -2.815 0.15357 1.0457 0.54012 0.21349 -0.81924 0.11859 0.10511 0.22432 -0.44885 0.95259 2.6831 -0.096875 -1.4474 -1.9968 -0.23992 -0.22918 0.56429 0.73069 -0.46487 -1.253 0.69672 0.89131 1.0782 -0.43448 0.50937 2.0477 0.4076 -0.26303
1.2486 -1.6036 -0.73031 0.6115 -0.2212 0.033352 -0.17256 -0.23277 0.36283 -1.029 -3.0271 -0.50832 0.94172 0.36514 0.38172 -0.35683 0.053715 -0.83057 0.54956 0.32687 1.5387 1.9876 0.056573 -0.082625 -1.0948 -0.27193 -0.49223 0.22514 1.3821 -0.48666 -1.5696 0.46728 1.1599 0.74468 -1.3622 0.06447 2.7732 1.2868 -0.012446
1.4944 -1.6591 -0.54964 0.74926 -0.5883 0.081284 -0.017935 -0.14783 0.71924 -1.2893 -2.3229 -0.67184 0.83723 0.16694 0.42837 0.45996 -0.12527 -1.3974 0.65716 0.99672 1.9525 1.1907 0.042648 1.2627 0.2674 -0.18158 -0.51941 0.068429 1.2053 -0.54825 -0.89174 -0.018478 0.8277 0.1661 -1.8736 -0.020131 2.6087 0.98751 0.13629
1.1573 -1.7394 -0.27866 0.70484 -1.6245 0.34542 0.39804 0.22635 0.50786 -1.6242 -1.9818 -0.1841 0.85663 -0.075656 0.29153 1.0645 -0.43944 -1.6497 0.4638 0.92423 1.6618 0.40597 -0.3741 2.3161 0.21894 -0.14647 -0.43852 0.14886 0.48346 -0.64028 0.32471 -0.64883 0.18825 -0.7483 -1.7823 0.63057 1.5101 -0.35644 0.15689
0.97584 -1.4727 -0.36747 0.79135 -2.4018 0.26946 1.1231 0.92259 0.14194 -2.0486 -1.1211 1.2608 0.87258 -0.13909 0.35689 0.8551 -0.63333 -1.208 0.25312 0.87473 1.2149 -0.39346 0.095942 2.8321 -0.53901 -0.070076 -0.30915 0.44192 -0.44325 -0.52243 1.3183 -1.2522 -0.36003 -1.608 -1.2018 1.3015 0.24838 -1.5133 0.066273
1.0453 -1.4564 0.28699 0.29477 -2.2401 0.29023 1.0214 1.1759 0.75935 -2.0335 -0.7524 1.4526 0.8396 -0.24184 0.64926 0.40186 -0.85742 -0.30286 -0.39276 0.74335 0.46187 -0.89843 1.412 2.3025 -1.481 -0.059608 -0.23357 1.0562 -0.89388 -0.075698 1.6457 -1.3929 -0.67428 -2.2323 -0.5071 1.7066 -0.86659 -1.3243 -0.27538
1.0888 -1.4826 0.69475 -0.054279 -2.1304 0.48044 0.63825 1.0832 0.44301 -1.593 0.43768 -1.2874 0.81993 -0.28667 0.96774 -0.08663 -0.86803 0.46707 -1.1407 0.35646 -0.55676 -0.63156 1.9799 1.7877 -2.1718 -0.11304 -0.95052 1.4023 -0.64106 0.53448 1.6509 -1.1801 -0.51045 -2.1786 0.1767 1.3027 -1.5661 -0.12886 -0.75452
1.2766 -1.2162 0.093792 -0.031911 -1.5612 0.31322 1.1132 0.76898 -0.29579 -0.47617 1.0399 -1.8136 0.82639 -0.4081 1.724 -0.23443 -0.46483 0.68191 -1.3178 -0.1699 -1.7696 -0.5092 2.3887 1.0132 -1.8456 -0.60159 -1.6454 1.1671 -0.48696 0.75434 1.2262 -0.49148 -0.068613 -1.1975 1.1101 -0.00092816 -1.6439 1.3942 -0.86323
0.88704 -0.90507 -0.2882 -0.25624 -1.378 -0.71637 1.3089 0.26004 -0.61865 0.70462 0.28257 -1.9949 0.76289 -1.6997 2.1317 -0.096196 0.13266 1.4787 -1.3812 0.30265 -1.8829 -0.20457 2.4405 0.18152 -0.65433 -1.1011 -1.8477 0.58564 -0.23324 0.38617 0.61219 0.40928 0.30028 0.14133 1.5752 -1.0358 -1.3336 2.2336 -0.6338
0.5574 -0.5536 -0.45784 -0.28832 -1.5603 -1.2319 1.0346 -0.15315 0.12941 0.096235 0.47975 -1.7155 0.71752 -2.3784 1.9891 -0.5578 0.0026747 1.5517 -1.1347 0.61686 -1.19 1.2068 1.2007 -0.35314 0.75392 -1.0549 -1.2324 -0.47618 0.0018685 0.034541 0.60329 1.049 0.52673 1.125 1.5079 -1.6474 -0.6909 1.9815 -0.033669
0.53766 0.67088 -0.053061 0.27958 -1.6779 -0.89367 0.52395 -0.99321 -0.075644 0.67835 0.38164 -0.45865 -0.19998 -2.4939 1.792 -0.38721 -0.40809 1.2088 -0.47936 0.5405 -0.57068 1.7934 0.35896 -0.3357 1.3358 -0.98047 0.14227 -1.4481 -0.055419 -0.15009 0.33852 1.1808 0.18327 1.1002 0.74995 -1.3723 0.15203 0.9419 0.61121
-1.8235 0.52247 0.75802 0.42367 0.57265 -0.98084 1.7964 -0.40657 0.58389 1.2805 -0.10531 -0.55854 -0.59492 -2.1412 1.0882 -0.085846 -0.13754 1.9763 0.13133 0.7372 -0.24633 1.6353 -0.10573 -0.18403 1.4219 -0.72212 1.1627 -1.9551 0.10345 0.099522 0.022853 0.57478 0.040666 0.71514 -0.55818 -0.59318 0.76041 -0.40927 1.0157
-1.5941 0.22437 -1.0343 -0.53902 -0.18374 -0.81277 1.8082 0.22134 2.1312 -0.27732 0.4022 -0.93956 0.028197 -1.5758 0.16329 -0.44248 -0.074694 1.9154 0.12203 0.58808 -0.22334 1.1532 0.15232 0.41267 1.0278 -0.21675 1.8883 -1.6749 0.37901 0.45934 -0.53329 0.13208 -0.45996 0.33183 -1.3882 -0.14118 0.84961 -0.86528 0.97114
-1.3782 0.72631 -0.6537 -0.93137 -0.52491 -0.62615 1.7222 -0.10192 1.3533 0.53668 0.42803 0.084154 -0.16092 -0.83372 -0.45699 -0.32603 0.010566 1.2389 -0.38573 0.65616 0.02265 0.38683 0.044465 0.86701 0.0043747 0.31086 1.615 -0.82094 0.92034 0.77956 -1.2231 0.14873 -0.84584 0.11232 -1.4997 0.10783 0.64894 -0.5351 0.39532
-1.4922 0.2409 -0.019579 0.15336 1.6019 -0.86028 2.0509 -0.59336 1.1462 0.53017 -0.079648 0.14353 -0.13643 0.10866 -0.23065 0.48239 0.34407 0.5459 0.035051 -0.34766 -0.060619 -0.44333 3.5378e-05 0.92057 0.15568 0.17383 0.92795 0.066521 1.0417 1.0354 -1.4997 0.60406 -0.76658 0.17588 -0.8925 -0.28018 0.14412 -0.29847 -0.26542
-1.4601 -0.066645 -0.96852 0.085321 0.65826 -1.1039 1.3418 -0.89547 1.4063 0.77243 1.5465 -0.027163 0.11084 -0.19894 -0.092671 1.2726 1.0592 0.29958 0.46055 -0.48806 -0.10792 -0.65861 0.22412 0.92207 0.68251 -0.23859 0.34134 0.2561 0.035638 0.54882 -1.6585 0.73714 -0.69358 0.26666 -0.33539 -0.63998 -0.36926 -0.0017509 -0.54439
-1.441 0.26535 0.052185 0.28823 0.27684 -1.5307 2.1963 -0.34006 0.51293 0.85633 1.3884 -1.1392 -0.0024779 -0.29463 0.076263 0.81935 1.2704 -0.50958 0.80107 -0.37592 0.18471 -0.15734 -0.52137 0.68421 0.024609 -0.40147 0.20441 0.062461 -0.93556 -0.2289 -1.0081 0.25789 -0.30435 0.57613 0.080706 -0.8792 -0.60042 -0.38672 -0.37084
-1.6706 0.35387 1.1763 0.23584 1.0111 -0.24634 0.90661 0.14235 0.78601 0.46352 0.93087 -0.018123 -0.32017 -0.045994 -0.20064 -0.4246 0.53565 -1.4342 0.57206 -0.72121 0.41842 -0.43437 -1.0554 0.20531 0.04695 -0.34153 0.55689 -0.10537 -1.3417 -0.91885 -0.026198 0.11046 -0.37068 0.82997 0.21509 -0.55779 -0.39184 -0.81809 -0.098136
-1.8185 0.29495 0.4654 0.8172 -0.14762 0.094989 1.2367 -0.19846 1.429 0.13936 1.6474 1.0946 -0.37268 0.38192 -0.088275 -0.52131 0.18567 -0.53413 0.46076 -0.85148 0.7935 -0.37097 -1.2371 0.013259 -0.38136 -0.41575 0.59782 -0.05356 -0.4454 -0.83714 1.1776 -0.10705 -0.4789 0.74439 -0.14619 0.49624 -0.27488 -0.94554 -0.053389
-1.6887 0.66951 0.073118 1.1914 -0.57083 0.06157 1.59 -0.37229 1.0869 -0.15102 1.0227 -0.47332 -0.64097 0.42093 -0.20058 -0.71327 -0.068085 0.2578 0.84781 -1.0021 1.1962 -0.088705 -0.60112 0.43022 -0.90146 -0.40271 0.39289 0.38138 0.47835 -0.48297 1.878 0.14224 -0.39567 0.37654 -0.084146 1.3341 -0.4503 -1.119 -0.18147
-1.303 -0.61399 -1.7721 0.33787 -0.48947 -1.0213 0.62578 -0.24211 0.21263 -0.76082 0.65914 -0.17453 -0.17571 0.5007 -0.027947 0.081507 0.0506 0.91094 0.49029 -1.2017 1.2387 -0.61611 0.34362 -0.0097771 -1.5635 -0.46505 0.54071 0.35833 0.41836 -0.36884 1.1505 0.054521 -0.44962 -0.2175 0.1783 1.8199 -0.57156 -0.40735 0.030859
-0.7587 0.25232 -0.51374 0.10919 0.54983 -0.60822 0.29498 0.61345 0.79241 -0.46275 2.0509 -1.3392 -0.47592 0.56967 0.38694 0.22013 -0.2771 1.4602 0.83139 -1.3474 0.92687 -0.4691 1.0551 -0.73336 -1.7991 -0.6317 0.94371 0.082988 0.052438 -0.12047 -0.032882 -0.43684 -0.11224 -0.82685 0.49922 1.2629 -0.94751 0.57498 0.47107
-1.3535 0.28188 0.38118 0.38391 1.2283 0.78546 0.61042 1.4668 0.76736 0.55925 1.9472 -1.8093 -0.74795 1.2378 0.19746 -0.16061 -0.38342 1.0791 0.58578 -1.587 0.50969 0.20604 1.8842 -0.60999 -0.83195 -0.2503 1.2521 -1.0454 -1.1864 -0.050041 -1.3343 -1.0662 0.43248 -1.107 0.72279 -0.021606 -1.0459 1.4273 1.2717
-1.26 0.44278 1.6003 0.98199 1.633 0.51287 -0.8805 0.88432 0.11909 1.009 0.38595 -1.2355 -1.0307 1.6782 -0.19081 -0.48906 -0.074883 0.1068 0.035846 -1.0492 -0.036932 0.5524 1.3758 -1.2648 -0.043995 0.29923 1.4448 -1.9416 -1.8338 -0.024005 -2.2357 -1.8393 1.1091 -0.87068 0.29754 -1.488 -0.83627 1.8343 1.8629
-0.91561 0.79829 -0.79898 0.3613 0.88611 0.86221 -0.068079 0.029901 0.97845 1.1056 0.031214 -1.8166 -1.154 2.1046 -1.4895 -1.9127 -0.14677 -0.98825 -1.0046 -0.51147 -0.4192 0.38885 0.15758 -1.946 0.62395 1.2581 0.81533 -1.9584 -1.4911 -0.28345 -2.0695 -1.5912 2.0309 0.019261 -0.27698 -2.4969 -0.22455 1.5378 1.7484
0.76026 -0.0088006 -1.6307 0.08511 0.41976 -0.38283 -1.0395 0.2628 1.2462 1.9929 0.65929 -1.2329 -0.28917 2.6269 -2.0075 -2.534 -0.44454 -1.8196 -1.6524 0.29447 -0.29114 0.07353 -1.2727 -1.8267 1.4175 1.8211 -0.2993 -1.157 -0.041734 -0.50729 -1.0859 -0.8028 2.2204 0.66496 -0.78776 -2.1407 0.74858 0.90728 1.0334
0.98059 -0.9495 -1.6935 0.19889 -0.078398 -1.0989 -0.55945 0.42213 0.98085 0.25677 -0.56765 -0.31552 0.42549 2.1676 -2.16 -2.09 -0.71756 -1.9509 -1.4041 1.747 0.67648 -0.11163 -2.1606 -0.80477 1.741 1.9985 -1.7077 0.64965 1.6103 -0.44256 -0.10489 0.56695 2.0494 0.57096 -0.65305 -0.78787 1.1525 -0.080226 -0.24591
1.3272 -1.3352 -2.1865 0.22047 -0.28267 -1.0112 0.009736 0.80057 1.087 -0.24879 -0.67162 -0.92741 0.96196 1.127 -1.7913 -0.48364 -0.71382 -1.509 -1.1848 2.2029 0.70442 -0.81346 -2.0653 -0.266 1.3388 1.707 -2.4654 1.8491 2.3347 -0.29365 0.57537 1.4988 0.8193 -0.040257 0.011324 1.1556 0.9613 -1.088 -1.1995
1.6748 -1.3952 -2.2703 0.0198 -1.0412 -0.78283 0.83534 0.89916 0.30046 -0.91028 -1.1909 0.65299 0.96644 -0.096074 -0.53466 0.24857 -0.81924 -1.3493 -0.20273 2.5769 0.1903 -0.50446 -1.1259 -0.30794 0.47077 0.88934 -2.1533 2.4336 2.0698 -0.25164 0.9132 1.589 -0.93352 -1.0104 0.79466 2.2845 0.24336 -0.99841 -1.6747
1.2686 -1.3586 -1.7492 -0.32519 -0.99394 -0.92842 2.0171 1.3237 0.43135 -1.3105 -0.12589 0.90177 1.0553 -0.49969 0.23373 0.91696 -0.93114 -1.0147 0.45331 1.4851 -0.12354 0.31058 0.72544 -0.058609 -0.31766 0.30717 -1.4146 2.2281 1.3334 -0.22509 0.99943 1.35 -2.1655 -1.3021 1.5465 2.1166 -0.1287 -0.26215 -1.5228
0.82734 -1.2284 -1.5755 -0.78748 -1.0609 -1.1934 2.2818 0.4106 0.14584 -0.5185 0.19028 -0.569 1.1154 -0.73879 0.85162 1.3056 -1.0703 -0.44104 0.645 0.23902 -0.86236 0.99105 1.3963 -0.40082 0.39268 -0.18872 -0.53388 1.4692 1.0002 -0.066597 1.1248 0.79417 -2.8255 -0.97021 1.0466 0.98263 -0.09151 0.56153 -1.035
0.69033 -0.74071 -1.3222 -0.77512 -1.5607 -0.72071 2.0723 0.4447 1.0394 0.57346 -0.69329 -0.6048 0.96527 -0.99647 1.1986 1.6262 -1.0016 -0.039947 0.83094 -0.9357 -1.2865 1.6624 1.2634 -0.49386 0.79219 -0.37948 -0.30039 0.93267 0.68331 0.14782 1.4221 0.63339 -2.0681 -0.093131 -0.088486 -0.62002 0.25686 0.8856 -0.69985
0.6694 -1.0127 -0.52546 -0.79906 -1.3839 -0.23256 0.85703 0.62242 1.7194 1.082 -1.1245 -0.80262 0.97953 -0.77227 1.4063 1.8729 -0.91026 0.32804 1.0515 -1.8276 -1.1033 1.0067 0.74715 -0.28645 1.1101 -0.55255 -0.31982 0.71567 0.60926 0.88226 1.8477 0.35152 -1.1768 0.83801 -1.6769 -1.3603 0.85866 -0.10808 -0.74726
0.68228 -0.35051 -0.67728 -1.3017 -0.81484 -0.14529 0.50952 -0.21279 1.9605 0.67404 -1.3986 1.4409 0.61845 -1.0045 1.4892 1.9851 -0.74908 1.3388 1.4048 -1.5961 -0.18089 0.13647 -0.26742 0.42023 1.2181 -0.71876 -0.47358 0.68227 0.24429 1.5338 1.9883 -0.072442 -0.091351 1.1885 -2.6868 -1.1146 1.3578 -1.1627 -1.0052
0.082634 -0.09993 0.17209 -1.4016 -1.1533 0.04424 0.26399 -0.37919 2.1272 -0.16017 -0.98289 2.153 0.56474 -1.2899 1.8789 2.3314 0.39559 2.428 1.0074 -1.7795 0.20888 -1.7056 -0.75367 0.94294 -0.073015 -1.3086 -0.7574 0.22291 -0.41751 1.9372 1.5972 -0.12406 0.91178 1.1738 -2.2294 -0.081903 1.299 -1.9195 -1.0734
0.19123 0.15354 0.91009 -1.6279 -0.50227 0.15998 -0.13007 0.15761 0.85698 -0.034323 0.27376 0.89155 0.461 -1.5582 2.0795 1.8799 1.1174 2.7397 0.74214 -1.1582 0.35969 -2.5349 -0.37124 1.7414 -1.1479 -1.7353 -0.26848 -0.36054 -1.4691 1.8463 0.33827 -0.18112 1.1681 0.71068 -0.957 0.90506 0.6036 -1.763 -0.82729
-0.69654 0.40743 0.98542 -1.5729 0.97512 0.93072 0.44378 0.63582 0.43711 -0.22999 0.45222 0.1742 0.18752 -1.8058 1.4659 1.0985 1.6591 2.7032 1.1794 -0.25776 0.90032 -2.2627 0.6432 1.7793 -1.8738 -1.8956 0.48858 -1.0981 -2.2399 1.1687 -1.1282 -0.0053403 1.3437 0.57017 0.89912 0.84602 -0.42519 -0.43949 -0.14889
-0.87196 1.3475 2.1706 0.65849 1.887 0.42022 -1.3464 0.69338 -1.1325 0.157 -0.18571 -1.2098 -1.0111 -1.213 1.082 -0.30679 1.957 1.8497 1.0131 -0.060372 0.85104 -1.5519 1.0088 1.2668 -1.7102 -1.8526 1.2065 -1.5392 -2.0118 0.29842 -2.348 -0.24743 0.81518 0.36667 1.9863 0.37491 -1.2855 0.6114 0.57217
-1.2208 1.2321 1.3593 0.25083 1.8897 0.58891 -0.50631 0.32458 -0.7157 0.7065 1.4802 -0.89608 -1.2006 -0.62222 0.53978 -1.0092 2.0866 0.69441 0.88141 0.31604 1.069 -0.31577 0.4035 0.28282 -0.76068 -1.5086 1.5489 -1.527 -1.1944 -0.83552 -2.8302 -0.54315 0.44169 0.1471 2.0521 -0.30156 -1.4135 1.1763 1.1962
-1.7877 0.85983 0.47873 0.25273 2.0672 1.763 0.86842 0.72877 0.0051252 1.368 1.0885 0.04411 -1.4199 -0.070524 -0.027617 -1.0486 1.4385 -0.78607 0.46654 0.15237 0.98733 0.62702 0.57883 -0.21585 -0.40247 -0.94533 1.2215 -1.2585 0.1847 -1.4029 -2.3872 -0.55099 0.2058 0.30611 1.2264 -0.55733 -1.1552 0.95492 1.3094
-0.90258 0.99408 -0.33099 0.77007 0.72915 1.1189 -0.21087 0.847 -0.0066086 0.6775 0.96769 -0.69239 -1.3405 0.29325 -0.52906 -0.89524 0.39965 -1.4386 0.49787 0.49342 1.1192 0.91958 0.22814 -0.45388 -0.005157 -0.29077 0.73812 -0.67511 1.1569 -1.2438 -1.1012 -0.75344 -0.35225 -0.1284 0.0014967 -0.45772 -0.37457 0.2719 1.0435
-0.63539 0.83724 0.16924 1.2463 1.056 1.3561 0.27015 1.8891 0.1707 -0.19872 0.15367 -0.61039 -1.3326 0.43457 -0.48767 0.0011405 0.25415 -1.6894 0.23596 0.24117 1.4207 0.39022 -0.085682 -0.79643 -0.043725 -0.20799 -0.065748 -0.14411 1.39 -0.42206 0.43062 -0.84352 -0.28765 -0.69926 -0.97809 -0.42728 0.22679 0.1951 0.51245
-1.0996 0.76864 0.61563 0.82466 0.23598 1.0795 -0.39036 1.4059 0.6229 1.2204 -0.063804 -1.1607 -1.3974 0.39617 -0.36604 0.75508 0.42063 -0.98033 -0.33521 -0.44366 0.60625 -0.17711 -0.23135 -0.21793 -0.3717 -0.081874 -0.37226 0.36474 0.90707 0.069137 1.0291 -0.56383 -0.1462 -1.3663 -1.0615 -0.45778 0.79456 0.29215 0.13934
-0.73112 0.74796 0.83322 0.76209 0.26517 1.2401 -0.13206 1.5576 -0.20148 0.8215 0.16532 -0.80165 -1.4736 -0.23856 -0.36361 0.87674 0.65799 -0.18857 -0.61035 0.033576 -0.10691 -0.83534 -0.092826 0.139 0.1832 -0.16918 -0.21633 0.44199 -0.17214 0.19948 1.1576 0.14995 0.31115 -1.4106 -0.59753 -0.69639 1.0584 0.5055 0.12178
-0.96437 0.53662 0.80622 0.40995 -0.33698 1.4444 0.75788 2.0843 0.027477 0.73156 0.68784 -0.24809 -1.5483 -0.015816 -0.00097403 0.46164 0.31729 -0.20853 -0.070909 0.29012 -0.7585 -0.65122 -0.73553 0.7445 0.4935 -0.072338 -0.020167 0.25978 -0.82304 0.061173 0.57878 0.84136 0.374 -0.72893 0.25623 -0.30918 0.57566 0.40858 0.12004
-0.89806 0.55739 1.1256 1.5149 0.95026 0.94966 -0.61233 1.0898 -0.21787 0.53505 0.80595 -0.98752 -1.39 0.26408 0.048135 -0.19346 0.66143 0.15277 0.39174 0.47321 -0.62419 -0.59442 -1.3159 0.94289 0.59681 -0.0051764 0.26439 0.015745 -0.8228 -0.15264 0.053188 1.0662 -0.18477 -0.062246 0.8892 0.37537 0.0048071 -0.087826 0.15807
-1.256 0.62496 0.85689 2.0801 0.57558 0.089457 0.075457 0.98295 -1.1957 0.17833 0.61076 -0.31396 -1.5784 0.10696 -0.15601 -0.33942 0.52405 -0.038781 0.69141 0.059983 -0.54326 0.25083 -0.26626 0.58617 0.2852 0.040724 0.020229 -0.36608 -0.44889 -0.43971 -0.31062 0.84625 -0.31094 0.63298 1.0404 1.2761 -0.491 -0.27129 0.054104
-0.50276 0.98383 0.90381 0.80569 0.14394 2.0001 0.76475 1.0176 0.11182 -0.89863 1.1653 0.0063145 -1.3767 0.15332 -0.27524 -0.35186 0.27253 -0.17446 0.93922 -0.23486 -0.33257 0.57435 0.50375 0.22445 0.078396 0.044402 -0.15096 -0.45974 0.03579 -0.74164 -0.42308 0.47476 -0.46384 0.7328 0.95865 1.6318 -0.59264 -0.39286 0.011111
-0.60869 0.65323 0.13033 1.5968 0.32023 1.8259 0.28702 1.0584 -0.34087 -0.12799 1.4113 -0.32909 -1.4574 0.071392 -0.46219 -0.34825 -0.2902 -0.64728 1.1918 0.010694 0.32299 0.9385 1.1303 0.067992 0.14732 -0.0061249 -0.08876 -0.33546 0.17063 -0.59357 -0.21457 0.18836 -0.29421 0.64691 0.5038 1.0597 -0.3643 -0.2817 -0.0046112
-0.87582 0.25015 0.6213 1.2815 -0.0021173 2.0293 -0.13835 1.3324 0.46947 1.344 0.88607 -0.42154 -1.4542 0.018218 -0.57714 -0.11884 -0.28018 -0.36214 1.0119 -0.43851 0.36314 1.0665 1.5293 -0.047367 -0.20233 0.035186 -0.091889 -0.20731 0.176 -0.29932 -0.021561 -0.020271 -0.20735 0.36865 0.25994 0.55783 -0.15497 -0.20194 0.0079189
