39 281
-1.0374 0.79055 0.36566 1.5912 0.50897 0.62049 -0.63231 -1.2107 -0.47399 0.026834 0.39655 0.8106 -1.6013 0.091418 0.046679 0.2536 -0.49378 -0.42643 0.73163 0.96405 1.4146 0.23193 -0.21583 -0.092391 -0.55555 0.16294 0.23756 0.077138 -0.12777 -0.058114 -0.16706 -0.15155 -0.0051916 -0.052264 -0.10306 0.10832 -0.14359 0.35217 -0.061414
-0.86779 0.83947 0.46167 1.9524 0.70285 0.39503 -0.38838 -1.2404 -0.17834 -0.082787 -0.1054 0.29226 -1.4425 0.37254 0.090003 0.16473 -0.61203 -0.54527 0.73542 1.0986 1.206 -0.18771 -0.2559 0.0019403 -0.31782 0.20879 0.18741 0.19759 -0.2116 0.23922 0.087852 -0.3298 -0.27185 -0.33144 0.061869 0.4128 -0.25044 0.24544 -0.18909
-1.2551 0.59347 0.55923 1.3234 0.89042 1.2979 0.037509 0.79512 -0.25683 -0.19519 -0.12059 -0.53221 -1.4874 0.34859 0.13563 0.072643 -0.53254 -0.67126 0.42565 0.87311 1.3821 0.20767 0.033279 -0.45794 0.046222 0.033489 0.040304 0.20541 -0.21957 0.39231 0.16239 -0.66271 -0.4946 -0.74556 0.2229 0.59516 -0.29703 0.25752 -0.26228
-0.77017 0.9793 0.66012 0.66783 -0.70417 1.7204 0.78509 0.75727 -0.15853 -0.30599 0.69661 0.66872 -1.4436 0.27589 0.29571 -0.023109 -0.020613 -0.14144 0.23609 0.51933 0.74348 0.33819 0.54269 -0.46725 -0.35735 -0.094265 -0.14329 0.054158 -0.068647 0.49399 0.4039 -1.0115 -0.74379 -1.0204 0.42158 0.73461 0.019767 0.0093231 -0.19811
-0.44304 0.87631 0.39927 1.0813 0.050752 1.1453 0.41336 -0.37436 -1.2249 -0.28939 0.36289 0.65649 -1.3785 0.20436 0.24922 -0.033146 -0.051655 -0.32927 -0.31052 0.37378 0.14181 0.38355 0.65963 -0.51974 -0.01161 -0.13093 -0.30007 -0.14096 0.099332 0.37138 0.87194 -0.89252 -0.69464 -0.93041 0.13196 0.66447 0.3261 -0.49963 -0.054438
-0.81065 0.90875 0.40462 1.3013 -0.11675 0.69724 0.043174 0.7865 0.51942 0.38359 -0.85871 0.878 -1.6868 0.19923 0.10893 0.09225 0.074014 0.025082 -0.86221 0.032401 -0.21982 0.53429 1.0052 0.080239 -0.27994 -0.046133 -0.43888 -0.3269 0.24723 -0.065307 0.69834 -0.3143 -0.61743 -0.26937 0.35061 0.20369 0.19772 -0.51569 0.068496
-0.82548 1.139 0.41097 2.0577 1.03 0.96165 0.01233 -0.41569 0.20236 1.0232 -0.2931 -0.75782 -1.6331 -0.12328 0.0084664 0.17371 0.11913 0.84396 -0.76106 -0.11332 -0.0048349 0.34321 1.2257 0.0016369 -1.04 -0.085328 -0.5101 -0.50512 0.48193 -0.18552 0.53351 0.37298 -0.78581 -0.023765 0.35408 -0.34673 0.19278 -0.16694 0.30505
-0.75266 0.91068 0.58145 1.1422 -0.27945 0.36598 0.64284 -0.066073 0.21941 0.42741 -0.61728 0.33812 -1.4861 -0.30492 -0.086804 0.28237 -0.21724 0.55252 -0.1572 -0.33193 0.25184 1.0271 0.6936 -0.28208 -0.92401 -0.0044167 -0.44958 -0.89358 0.28379 -0.33354 0.036363 1.0245 -0.7496 -0.11657 0.32382 -0.78028 -0.34662 0.66968 0.48002
-0.76076 0.72912 0.77084 0.8201 0.31975 0.57165 0.35177 0.90552 0.31422 1.2476 1.139 -0.45484 -1.4493 -0.40846 -0.42643 0.67769 -0.24031 0.38573 0.046454 -0.83346 -0.17466 0.81277 0.067111 0.096208 -0.046504 0.35994 -0.28872 -1.1307 0.1235 -0.21434 -0.2507 1.2834 -0.76596 -0.69831 0.49825 -0.68708 -0.83007 1.0888 0.61923
-0.79721 1.0867 0.66419 1.1224 0.90198 0.72383 0.42116 0.22888 -0.25349 1.5451 0.092069 -0.66688 -1.6062 -0.42087 -1.037 0.31102 -0.35517 0.32248 0.70247 -0.93357 -0.39857 0.91491 -0.095051 -0.74004 0.60302 0.53815 -0.1872 -1.0208 0.21251 -0.011102 -0.14655 1.1408 -0.41842 -0.95758 0.013627 -0.43536 -0.82422 0.97983 0.59856
-1.0299 0.74537 0.61395 1.177 0.73729 0.96793 -0.5932 0.18618 1.7578 0.49401 -1.3746 -0.42044 -1.4964 -0.55633 -1.2398 0.35902 -0.19965 0.50155 1.2777 -1.1672 -1.0905 1.3618 0.14062 -1.6249 0.44623 0.68517 -0.072712 -0.59505 0.057815 -0.096658 -0.060719 0.72759 0.097565 -0.66133 -0.34375 0.0030458 -0.10424 0.33054 0.40358
-1.4079 0.39727 1.4659 1.4134 0.46882 0.68876 -1.1217 -0.061776 1.6204 0.5153 -0.17426 0.8779 -1.1104 -0.55057 -1.2367 0.79188 -0.24823 0.22791 1.4204 -0.91169 -1.2124 0.75068 -0.28184 -1.2639 0.85314 0.83987 0.11931 0.22756 -0.030517 -0.11251 -0.031561 0.12032 0.69811 -0.057163 -1.1057 0.35192 1.2915 -0.215 0.087308
-1.0703 -0.2574 0.43321 1.0497 1.0455 2.0328 -0.33859 -1.0409 1.0174 0.98393 -1.377 0.16386 -0.93197 -0.46985 -1.2366 0.52578 -0.46318 0.3235 1.0822 -0.68826 -1.1057 0.18183 0.16346 0.12789 0.50418 0.88704 0.70521 0.6309 -1.0599 -0.16152 0.022458 -0.43031 1.1199 0.77214 -1.4597 0.3331 1.641 -0.07979 -0.16614
-1.3653 -0.27329 1.1859 0.49069 0.40471 1.9649 -0.69115 -1.1201 2.4499 1.2718 -2.4101 0.36501 -0.80599 -0.26607 -0.69957 0.16676 -0.42222 0.35539 1.0215 0.033817 -0.53747 -0.72438 0.64583 1.2785 0.11737 0.5816 1.2125 0.19559 -2.0561 0.025427 0.33825 -1.0134 0.92874 1.1792 -1.5003 0.047764 1.1731 -0.21518 0.11854
-1.3805 -0.096153 1.9145 0.78642 1.0066 2.234 -0.79017 -0.5142 0.58708 0.59314 0.037288 0.4958 -0.713 0.48892 -0.55693 -1.1305 -0.4024 0.48063 0.63443 0.30488 0.060964 -0.83438 0.38866 0.78147 0.6381 0.5311 1.6423 -0.72246 -2.2488 0.39125 0.48788 -1.1767 0.81132 0.89552 -1.5228 -0.66108 0.30187 -0.35388 0.82485
-1.4399 -0.19486 0.83938 0.76916 1.3994 1.6272 -0.94371 -1.4348 0.68667 1.6062 0.16517 -0.027279 -0.69047 1.0143 -1.2861 -1.8671 -0.22151 0.77047 -0.32518 0.20209 0.49593 -1.7557 -0.29543 1.0391 0.32913 1.2149 1.5921 -1.6555 -1.5866 0.47785 0.31018 -1.2271 0.59291 0.23319 -0.92965 -0.95515 -0.23206 -0.51598 1.5189
-1.3895 -0.084248 0.83601 0.85389 0.85136 2.3275 -0.47277 -0.25459 0.74213 1.4167 0.70968 0.31621 -0.83837 1.66 -2.0469 -2.2703 0.17231 1.0111 -0.52948 0.63251 0.10981 -2.3618 -0.78942 0.92667 -0.34667 1.959 0.93241 -1.5212 0.12178 0.42226 -0.059687 -0.83246 0.81658 -0.13384 -0.43973 -0.58909 0.19439 -0.40806 1.585
-0.25448 -0.67709 -0.74039 0.64981 1.247 1.8881 -0.31847 -0.28952 0.34083 1.027 -0.72731 2.2759 -0.28768 1.8337 -2.4748 -1.9562 0.18695 0.65987 -0.77887 0.89279 -0.13581 -1.8397 -0.82027 0.68942 -0.47171 2.4271 0.10098 -0.42988 1.3072 0.19708 -0.28886 -0.17907 0.74229 -0.30784 0.42869 0.055169 0.37637 -0.014191 0.81048
0.082106 -2.1407 -1.3115 0.47659 2.1151 1.4295 -0.2684 -0.49229 -1.9338 0.16705 -0.46384 -0.34888 0.87103 1.6504 -2.2789 -0.88925 0.18676 0.42831 -0.75855 1.3737 0.079127 -1.6965 -0.6178 1.3947 0.18108 2.5962 -0.85927 0.99084 1.927 -0.069441 -0.50892 0.29398 0.24112 0.25835 1.1885 0.56522 0.70162 0.23679 -0.34422
0.35187 -2.1667 -0.25614 1.0693 1.7932 1.3851 0.036138 -1.213 -1.5432 -0.12449 0.23513 -0.59821 1.3979 1.1861 -1.8293 -0.35582 0.14687 0.53456 -0.56791 1.1157 -0.12957 -1.2643 -0.26632 1.651 0.025402 2.2608 -1.1901 2.1196 1.2672 -0.18388 -0.49759 0.63673 -0.29618 0.70662 1.621 0.65095 0.37666 0.45226 -1.414
0.34394 -2.2268 -0.18923 1.0732 1.6736 1.17 0.29151 -0.84251 -1.5455 0.21714 1.8773 0.069373 1.529 0.52918 -0.87164 0.17958 0.073453 0.14346 -0.078139 0.92838 0.58238 -0.31349 0.14405 2.0201 -0.1141 1.4586 -1.0215 2.09 -0.30822 -0.41361 -0.44556 0.64378 -0.80332 1.0137 1.8925 0.37117 -0.69643 0.32375 -1.9091
0.27196 -2.074 -0.25453 0.84385 1.5414 1.0821 1.1914 -0.50188 -1.3209 1.3221 2.1018 1.4768 1.6659 0.38104 0.033573 -0.35651 -0.087625 -0.10727 0.10004 0.58267 0.97224 0.66568 0.19339 1.2233 0.60428 0.60748 -0.55882 1.508 -1.2195 -0.59963 -0.37328 0.24608 -0.99629 1.1399 1.9117 -0.21373 -1.9612 0.36077 -1.6942
0.38094 -2.1787 -0.5111 0.8077 1.8941 1.8456 0.58192 -0.24159 -1.3825 0.56654 1.6387 0.75468 1.5562 0.32442 -0.043308 -1.4195 -0.45347 -0.065055 0.14021 0.22011 1.4934 1.0756 -0.054008 0.052282 0.5533 0.19916 0.0013639 0.70866 -1.2926 -0.53309 -0.204 -0.3262 -1.0174 0.93875 1.5425 -0.70892 -2.561 -0.1292 -1.1062
0.56332 -2.1402 -0.95318 0.64145 1.7618 1.5791 0.60365 0.69341 -0.87688 0.61193 1.6503 0.5923 1.6946 0.34134 0.039789 -1.6283 -0.69228 -0.043101 -0.21282 -0.28785 1.6291 1.8165 -0.62994 -1.7534 0.4302 0.029315 0.40119 0.45706 -0.73593 -0.38834 -0.33513 -0.8065 -0.62691 0.42704 0.97586 -0.22285 -1.7419 -0.86735 -0.66871
0.64449 -2.1226 -1.3899 0.66984 1.8279 1.2964 0.44051 0.31748 -0.81206 0.0096892 1.3336 -0.075285 1.72 0.54788 0.19479 -1.3802 -0.60337 -0.26054 -0.56327 -0.43103 2.0714 2.1517 -0.97055 -2.2229 -0.30564 -0.12146 0.79678 0.93386 -0.028082 -0.15837 -0.49975 -0.83287 -0.32352 -0.61191 0.36364 0.7649 -0.20637 -1.2348 -0.63701
0.66507 -2.2905 -1.7999 0.50361 1.4695 1.4364 0.59311 1.0912 0.44332 0.11571 0.852 0.97863 1.6104 0.94338 0.60202 -1.6302 -0.72325 -0.62158 -1.1179 -0.20316 1.4916 2.0406 0.16941 -1.5363 -0.77709 -0.36327 0.92815 1.2453 0.32871 -0.022451 -0.61191 -0.65357 -0.33891 -1.5675 -0.41102 1.8154 1.2588 -1.1216 -0.66167
0.63609 -2.039 -1.8216 -0.027073 1.6416 0.71673 0.18403 1.6961 1.5251 -0.28939 -1.0275 1.5978 1.5669 1.3655 1.0871 -1.4753 -0.72188 -0.68933 -1.0279 -0.40282 0.32169 1.6582 1.1856 -0.51524 -1.4167 -0.68214 0.62348 1.0975 0.89383 0.21634 -0.58005 -0.53245 -0.78761 -2.3444 -0.86611 2.0909 1.5712 -0.80498 -0.46081
1.093 -1.7964 -1.6045 0.24859 1.2558 0.78584 0.6209 2.8749 1.5577 -0.2435 -0.71957 0.11595 1.4814 1.4965 1.4781 -1.034 -0.66475 -0.94763 -1.2547 -0.90947 -0.62101 1.2163 2.1877 0.21447 -1.3528 -0.80955 -0.091445 0.37312 1.5559 0.57648 -0.673 -0.49813 -1.2222 -2.0646 -1.0052 1.1137 0.93498 -0.32711 -0.10595
1.7891 -1.4361 -2.892 -0.13225 0.99597 0.36932 0.27149 1.3163 1.2006 1.6299 0.6402 -1.1739 1.1255 1.3208 1.4167 -0.1757 -0.22129 -1.1581 -1.535 -1.4704 -1.5292 0.81125 2.5079 0.42306 -1.6992 -0.67865 -0.86254 -0.46613 1.8245 0.73497 -0.81762 -0.67334 -0.93755 -0.94971 -1.0821 -0.27796 -0.033381 0.9098 0.24913
2.1989 -0.95413 -2.6952 -0.17026 0.95012 0.39446 -0.075861 0.22233 1.4592 2.4474 1.501 -1.458 0.95841 0.80787 0.99726 0.34248 0.10598 -1.618 -1.8381 -1.8223 -1.6882 0.43476 1.8969 0.091233 -1.3253 -0.54667 -1.4036 -0.97646 1.9884 0.69762 -0.80346 -0.47091 -0.029285 0.33713 -1.1019 -1.6214 -0.54484 1.679 0.40883
2.0218 -0.75399 -2.3146 -0.16463 0.41799 -0.36326 -0.93683 -0.34877 1.5869 2.9802 0.80325 -0.45909 0.90588 0.24976 0.6132 0.91318 0.26634 -1.8498 -2.0485 -1.6013 -1.0513 -0.13342 0.7304 -0.52523 0.44768 -0.39618 -1.5785 -0.98531 1.6679 0.17593 -0.67411 -0.036729 0.89701 1.0281 -1.2513 -2.0465 -0.40529 1.5787 0.36035
1.831 -1.0699 -1.4303 0.29083 -0.019198 -0.74018 -1.3412 -0.11589 2.4115 2.9608 -0.19494 -0.80589 1.056 -0.34172 0.39064 1.7756 0.39571 -2.0715 -1.9191 -0.90984 -0.22891 -0.53299 -0.40987 -0.52822 1.0486 -0.26397 -1.326 -0.34292 1.4201 -0.5297 0.016719 0.85721 1.5025 0.62672 -1.2475 -1.7496 0.57679 0.83786 0.21035
1.5738 -1.092 -1.5136 0.15696 -0.67258 -1.651 -1.7213 0.42603 1.8823 1.6017 -1.2426 -0.8986 0.98269 -0.7736 0.21734 1.9197 -0.029799 -2.1642 -1.5767 -0.37181 -0.26524 -1.224 -0.73805 -0.17157 0.38066 -0.21497 -1.1307 0.58586 0.82317 -1.3031 0.78074 1.5605 1.3802 -0.59426 -1.0756 -1.3844 1.4717 0.061804 0.0049768
1.8315 -0.96894 -1.294 0.41979 -1.1446 -1.5363 -0.80382 1.2224 0.45046 1.3238 -0.056388 0.67247 0.86345 -0.92327 0.66797 2.232 -0.71882 -1.4285 -0.42886 0.17709 -0.8791 -1.5314 -1.1305 1.2091 0.43708 -0.28532 -0.98431 1.5439 0.21498 -1.5831 1.6738 1.8082 0.87254 -1.5386 -0.58396 -0.98743 1.1428 0.20332 -0.30792
1.5588 -0.66641 -0.87885 0.14004 -1.538 -1.7044 -0.77663 -0.081774 0.46137 1.8623 1.1965 -0.19217 0.71131 -1.3725 1.3576 2.0681 -1.5843 -0.73981 0.21055 0.25547 -1.9319 -1.8037 -1.8864 1.9047 0.87133 -0.38002 -1.0652 1.9613 -0.16665 -0.74292 2.5203 1.715 0.56826 -1.325 0.29095 -0.87361 -0.1385 0.4945 -0.71547
1.082 -0.68794 -0.22241 -0.48277 -1.8563 -1.556 -1.0828 -0.95817 -0.14113 1.9863 0.80767 -1.3161 0.78514 -1.708 2.1583 2.0558 -1.7544 0.28323 0.67009 0.28854 -2.4634 -1.4342 -1.9601 0.99563 1.2149 -0.70383 -1.1226 1.345 -0.82588 0.70555 2.6269 1.1529 0.4991 0.04171 0.81527 -0.77137 -1.6165 0.35738 -1.0226
0.82312 -0.040905 0.71004 -1.0687 -1.0339 -0.63097 -1.0494 -1.5819 0.0056733 0.8633 1.9521 0.58008 0.68803 -2.1836 2.4438 1.7166 -0.88046 1.5972 1.1766 0.55213 -2.1198 -0.72258 -2.2032 -0.37184 1.0078 -1.2157 -0.73106 0.23247 -1.2605 2.0242 2.1324 0.60242 0.67644 1.7514 1.2607 -0.040157 -1.9162 -0.028695 -1.1515
0.045188 0.39519 0.47452 -1.7236 -1.0829 -0.97265 -1.1651 -2.4283 -0.56341 -1.2347 1.5368 0.7438 0.6258 -2.4169 2.1607 1.0015 0.24829 2.2154 1.3047 0.88741 -0.73666 -0.47857 -2.6325 -1.2692 1.1003 -1.5955 -0.084962 -1.1899 -1.6037 2.5101 0.9982 0.14388 0.88389 2.6831 1.272 1.0493 -1.1879 -1.1285 -0.87304
-0.1484 1.3846 0.49991 -1.4792 -0.30933 -1.0306 -0.79249 -2.2368 -0.80865 -1.0008 -0.39236 1.4113 -0.064083 -2.2561 1.7029 0.45392 1.18 2.2009 1.046 1.125 0.62467 0.19827 -1.6401 -1.2503 0.85868 -1.8797 0.67675 -2.0061 -1.3787 1.6353 -0.29463 -0.28462 0.89823 2.7124 1.3042 2.2135 0.19424 -1.7441 -0.016277
-0.72502 1.3733 0.6619 0.16868 1.0664 0.18036 0.35728 -1.6597 -0.33933 -0.90953 -0.062466 1.0844 -0.66503 -1.8187 0.71546 -0.034662 1.8825 1.8111 1.0021 1.534 1.4217 0.60771 0.0084751 -1.2218 -1.0634 -1.8476 1.1003 -2.1746 -0.82138 0.038735 -1.1553 -0.52291 0.34992 1.6822 1.2203 2.4682 1.2694 -1.8147 1.1132
-1.3855 1.0828 0.41284 0.32467 0.83749 -0.11381 -0.030034 -1.0331 -0.31512 -1.8163 -0.22404 0.29768 -0.82693 -1.3433 0.11387 -0.10663 1.3464 1.2614 0.76667 1.7858 2.1162 1.3007 1.2272 0.042528 -1.5411 -1.12 1.2476 -1.6558 -0.69566 -1.6677 -1.4572 -0.75017 -0.43854 0.41614 0.80549 1.665 1.3068 -0.73575 2.0071
-1.3635 1.0721 0.73189 0.27735 0.71512 -0.18409 -0.0034038 -0.096164 0.47445 -0.22021 0.050596 0.60393 -1.022 -1.0186 -0.35335 -0.11679 0.24689 0.57111 0.42277 1.1546 1.8011 1.3695 1.2317 0.92985 -1.4772 -0.10015 1.2131 -0.69798 -0.65201 -2.5658 -1.1461 -0.82304 -0.91702 -0.50753 0.036786 0.29014 1.0383 1.1048 2.1833
-1.1889 0.79722 0.50051 0.70141 1.1151 0.5515 1.0048 -0.22635 0.62772 0.47173 0.20818 -1.2624 -1.151 -0.55275 -0.28339 -0.69095 -1.0864 0.15396 -0.12508 0.53283 1.2218 1.3913 1.3209 0.60316 -0.47206 0.62979 0.98556 -0.18276 -0.21949 -2.038 -0.66184 -0.54952 -1.4855 -0.96547 -1.0687 -1.11 0.027791 1.8225 1.4981
-1.5302 1.0729 0.25337 -0.5656 0.67859 -0.35997 1.3424 0.61412 1.3821 0.44791 1.1814 -0.65264 -0.46357 -0.16871 -0.15227 -0.85461 -1.6518 0.26759 -0.1536 0.54155 0.83423 0.60661 0.5812 0.826 0.68501 0.95789 0.76919 0.040245 0.7905 -0.61551 -0.43874 0.053692 -1.905 -0.65382 -1.4088 -1.269 -0.55435 1.9266 0.2967
-1.5569 1.0867 0.5272 -0.63596 1.024 -0.029482 0.53151 0.15989 1.0723 0.23638 0.65488 -0.11156 -0.25887 -0.10728 -0.27069 -0.11825 -1.4756 0.20285 -0.018238 -0.52113 0.66191 -0.4735 -0.83535 0.15982 1.1505 0.87542 0.93358 -0.17512 1.6248 0.71061 -0.54831 0.50625 -2.0747 -0.64635 -1.6452 -0.79999 -0.21248 1.176 -0.57856
-1.5711 0.89376 -0.51138 -1.0603 1.2595 -0.043046 0.6189 0.16147 1.8293 0.61497 0.28171 0.74655 -0.13549 0.054223 -0.30511 0.92469 -0.69056 -0.25512 0.46185 -1.6658 0.75794 -0.53059 -0.41949 -0.086617 1.7003 0.27468 1.3631 -0.2975 1.6075 1.2042 -0.9677 0.23779 -1.7826 -1.1594 -1.3918 0.031295 0.084463 0.093024 -0.63102
-1.4282 0.84712 -0.3204 -1.6033 1.045 -0.29665 0.81485 0.63097 0.10919 -0.92774 1.2667 1.2891 -0.053271 0.90897 -0.4794 1.1584 -0.2386 -0.58714 0.53418 -2.008 -0.048423 -1.343 0.099394 0.58682 1.4509 -0.0075839 1.6255 -0.24147 0.94615 0.95224 -1.135 -0.38089 -0.67371 -1.8992 -0.90796 0.57947 0.19792 -0.80959 -0.11481
-1.3802 0.64299 1.3156 -0.93942 0.97449 0.26216 -0.65465 1.0526 -0.49659 -1.3249 -0.016377 0.91223 -0.34382 1.6218 -0.50616 1.2168 -0.026074 -1.1079 0.018445 -1.8484 -1.1306 -1.7573 0.17747 0.80476 0.7175 0.33191 1.3641 -0.079962 -0.16952 0.43872 -0.93151 -0.95707 0.44628 -2.3105 -0.42719 0.4802 -0.2092 -1.3998 0.48527
-1.2222 0.65079 1.7468 -0.096606 0.37065 1.1661 -1.062 1.1139 0.89386 1.0428 0.60336 0.89103 -0.81942 1.8506 -0.54333 1.3268 -0.031188 -1.4477 -0.54377 -1.6231 -2.1729 -1.696 0.10723 0.16044 -0.049028 0.65021 0.60219 0.14161 -1.1482 0.05028 -0.50621 -1.2021 1.2389 -1.7041 0.23071 0.39852 -0.62946 -1.2989 0.65599
-0.12232 0.64361 0.92693 -1.4437 -0.017194 -0.17475 -1.1575 -0.37822 -1.0192 0.78477 2.5865 1.7485 -0.028789 1.8836 -0.40107 0.54451 0.02966 -1.529 -0.85979 -1.092 -2.77 -1.2332 0.60443 -0.33872 -0.46579 0.76156 -0.12234 0.14071 -1.7066 0.10886 0.13405 -0.96033 1.5435 -0.36665 0.50836 0.22382 -0.82232 -0.79238 0.33908
0.42506 0.47081 1.0806 -0.94167 -0.20269 -0.36992 -1.3268 -2.1819 -1.5997 -0.12124 1.0868 0.89347 0.50439 1.7916 -0.32342 -0.4568 -0.16325 -1.3019 -1.3608 -0.23321 -2.623 -1.1749 0.7383 -0.24775 -0.66407 0.88138 -0.65604 -0.075821 -1.5999 0.6268 0.59965 -0.36408 1.4487 1.2955 1.051 0.41932 -0.59551 -0.53868 -0.20121
0.21502 0.23431 1.0849 -1.4025 -0.58304 -0.90623 -1.0044 -2.4167 -1.0166 -0.37955 -0.12583 0.61594 0.51745 1.4412 -0.40897 -0.78735 0.25187 -0.93362 -1.4399 0.14263 -1.6623 -1.0352 0.33909 -0.82931 -0.6302 0.78547 -0.80358 -0.4186 -1.1315 0.79674 0.694 0.015497 1.0374 2.456 1.4527 0.69892 -0.040169 -0.55738 -0.47254
0.46117 0.50666 1.0383 -0.96205 -0.89845 -0.69125 -1.0222 -2.257 -1.7398 0.25183 0.42855 0.46988 0.25364 0.96044 -0.66103 -0.72269 1.0306 -0.64559 -0.96846 0.27969 -0.20574 0.2675 1.137 -0.92456 -1.0954 0.29589 -0.66092 -0.49245 -0.78224 0.71075 0.48534 0.3107 0.37865 2.6491 1.6219 0.55858 0.57575 -0.63141 -0.40818
0.71655 0.33207 0.90317 -0.70583 -0.69443 -0.93674 -1.1766 -1.9831 -1.626 1.3288 0.45297 0.12622 0.2884 0.93861 -0.87441 -1.2456 0.92094 -0.58459 -1.0373 0.4521 0.83075 0.90737 1.9027 -0.087117 -1.4175 0.25418 -0.35762 -0.3826 -0.72802 0.056344 0.37927 0.18972 0.19361 2.0641 1.2855 -0.15706 0.80175 -0.34674 -0.080217
0.88823 0.16046 0.3455 -0.092601 -0.88837 -1.057 -0.84503 -1.5509 -1.1972 1.3502 0.4237 0.74261 0.41645 0.92332 -0.84497 -1.56 0.83087 -0.58595 -0.97301 0.25998 1.3206 1.0524 1.1527 0.67347 -1.5915 0.4555 -0.19298 -0.035201 -0.62636 -0.56381 0.2941 -0.031116 0.26008 1.1254 0.18888 -1.6286 0.2514 0.25507 0.17205
1.1919 -0.28843 0.16352 -0.2169 -0.8701 -1.608 -0.84188 -1.3634 -0.43864 1.9151 0.80619 -0.36378 0.62289 0.8524 -0.90447 -1.6094 0.4662 -0.26719 -1.0823 0.47666 1.6112 1.1015 -0.0097019 0.17004 -1.1123 0.56743 -0.32894 0.33432 -0.01774 -0.58672 0.41704 0.25434 0.17273 0.415 -0.39972 -2.434 -0.64449 0.76071 0.012198
1.3811 -0.52745 -0.33616 -0.21307 -1.2358 -1.8183 -0.57073 -1.1629 0.04589 2.474 0.26662 -1.6163 0.82435 0.67419 -0.70596 -1.6096 0.22181 -0.26401 -1.0173 0.70788 1.5895 0.5173 -1.4085 -0.48709 -0.72892 0.42662 -0.41866 0.61748 0.39199 -0.27623 0.49399 0.70655 -0.042232 -0.054619 -0.5209 -1.9638 -1.3072 1.0025 -0.32333
1.1646 -0.28251 -0.58409 -0.43362 -1.5235 -1.8416 -0.87696 -0.27294 -0.036012 0.66151 1.325 -1.2777 0.81831 0.50422 -0.44279 -1.2602 0.14682 0.019865 -0.5349 0.51581 1.4809 0.35052 -2.0483 -0.94681 -0.28011 0.28628 -0.44962 0.90628 0.80911 0.10064 0.66183 0.98553 -0.61495 -0.51833 -0.46537 -0.93075 -1.1495 0.63559 -0.64506
1.588 -0.36659 -0.66424 -0.19146 -0.79507 -1.9619 -0.34097 0.21949 -0.52717 0.29206 0.2607 -0.22055 0.7509 0.38694 -0.14472 -1.0809 0.488 0.17686 0.10733 0.15196 1.2442 0.36238 -2.0496 -1.692 0.062988 0.047679 -0.49897 0.97941 1.2285 0.43469 0.90489 0.9997 -0.99778 -0.87329 -0.24472 0.51495 -0.59709 0.25038 -0.83458
1.5185 -0.49982 -1.0961 -0.13782 -1.0974 -2.2541 -0.067004 0.16936 -0.94968 -0.88477 -0.68531 -0.51144 0.74317 0.23327 0.18453 -0.51439 0.52977 0.72608 0.2485 -0.33584 0.72787 0.22391 -1.6919 -1.7982 -0.19933 -0.33426 -0.77907 1.1164 1.4586 0.35638 0.64829 0.93091 -0.96959 -1.065 -0.3336 1.2547 0.5861 0.072775 -0.97055
1.5457 -0.49471 -0.99371 0.12943 -0.85563 -1.6184 -0.3876 0.4138 0.18353 -0.90547 -0.65803 -0.23902 0.86081 -0.036444 0.46105 0.086274 0.84678 1.0417 0.51149 -0.62656 0.21009 0.064616 -0.48422 -1.3952 -0.25998 -0.67401 -1.0369 1.2868 1.5177 -0.18185 0.42906 0.84057 -0.4944 -1.1114 -0.41343 1.5165 1.6172 0.26315 -0.95879
1.6908 -0.4833 -1.1908 0.41106 -0.913 -1.3678 -0.90956 0.34268 0.65219 -0.1691 -1.6128 -1.411 0.71088 -0.60322 0.94298 0.61412 0.63857 0.77636 1.0506 -0.80588 -0.13598 -0.19346 -0.13957 0.22028 0.02205 -0.99317 -1.0547 1.0695 1.1198 -0.66661 -0.031524 0.72941 0.11359 -0.99532 -0.55838 1.3271 1.9262 0.60462 -0.72414
1.4861 -0.047369 -0.75841 0.15413 -0.13495 -1.7322 -1.1827 0.082596 -0.11067 -0.58 -1.4061 -1.9616 0.28577 -0.94935 1.4234 0.91279 0.10613 0.93915 1.3193 -0.49257 -0.54936 -0.28066 0.42785 0.92302 0.48814 -1.2433 -0.75537 0.48016 0.58967 -0.93155 -0.44187 0.2727 0.58731 -0.75265 -0.21659 0.73442 1.5215 0.56614 -0.27896
1.1166 0.26374 -0.33752 0.81558 0.11487 -1.2512 -1.2644 0.29403 -0.69833 -0.14755 -0.31198 -0.38851 -0.022212 -1.095 1.3208 0.95716 -0.32678 0.72132 1.2428 -0.21865 -0.88894 -0.74362 0.69898 1.3588 0.67129 -1.2742 0.041687 -0.67769 -0.077088 -0.59438 -0.79406 -0.37726 0.82135 0.024043 0.61592 0.4855 0.14109 0.042313 0.46809
0.76624 0.54339 -0.13938 0.41658 -0.25194 -0.48251 -0.86506 -0.013247 -1.079 -0.645 0.73204 0.30961 -0.26073 -1.0697 0.9947 0.90289 -0.38899 0.2617 0.93108 0.092831 -0.93142 -0.12031 0.67038 1.4455 0.5802 -1.007 0.94034 -2.0416 -0.78975 -0.29699 -1.1341 -1.1197 0.77917 0.99524 1.0812 -0.055938 -1.2067 -0.65501 1.3829
0.47811 0.92836 -0.29967 -0.26241 0.085506 -0.40641 -0.59247 -0.73758 -0.35354 -0.061252 -0.040008 -0.1732 -0.41111 -0.4761 0.1218 0.47942 -0.20673 -0.33743 0.50447 0.32389 0.068685 0.92303 0.77839 0.27807 0.053462 -0.32452 1.5361 -2.8861 -1.3985 0.020711 -0.87179 -1.5287 0.94743 1.7173 1.0952 -0.6731 -2.0312 -0.9442 2.0952
0.57264 0.56542 -0.063337 -0.16125 -0.0045319 -0.184 -1.1202 -0.82056 -0.65195 0.68961 0.53807 -0.38081 -0.4088 0.3258 -1.0836 -0.19342 -0.495 -0.60678 -0.4865 0.58483 0.90066 1.0086 0.26441 -1.2354 -0.57301 0.61194 1.494 -2.8955 -1.5312 0.15355 -0.24992 -1.1924 1.2593 2.0703 0.072739 -1.3676 -1.635 -0.37125 2.2813
0.53807 0.54102 -0.034345 0.20577 -0.46225 -0.80897 -0.96885 -0.79523 0.59486 0.53343 0.1472 -1.2929 -0.43399 0.79794 -2.0289 -0.86951 -0.22542 -0.4393 -1.0135 1.1784 1.5477 0.84242 -0.54737 -1.8458 -0.72247 1.4482 0.71476 -1.9553 -1.1953 0.17411 0.48548 -0.37337 1.5803 1.325 -1.0844 -1.6395 -0.47071 0.51082 1.8121
1.0625 -0.040645 -0.12103 0.3379 -0.54297 -1.1016 -0.62717 1.2871 1.135 0.35421 -1.0505 -1.0227 0.052935 0.81288 -2.3331 -1.0219 -0.084819 -0.14336 -0.6253 1.8542 2.3779 0.035751 -1.6078 -1.1503 0.18713 1.9524 -0.33877 -0.68472 -0.63262 0.23027 1.0235 0.80646 1.4399 0.080646 -1.7064 -1.0228 0.78646 1.081 0.89077
1.5124 -1.0287 -0.79293 -0.27198 -0.77549 -1.6482 -0.10922 1.5632 -0.03077 -0.39396 -1.8943 -0.37466 0.83981 0.484 -2.229 -1.1374 -0.078839 0.32162 -0.15884 2.4395 1.9091 -0.77735 -1.8105 -0.8153 0.72336 2.0595 -1.2299 0.54311 -0.12373 0.095886 1.1486 1.3754 0.67815 -1.421 -1.6926 -0.026642 1.4637 0.94458 -0.21039
1.4023 -1.337 -1.3715 -0.19566 -0.4193 -1.3397 1.0215 1.3508 0.16308 -1.6126 -1.5436 -0.91259 1.2618 -0.092779 -2.0298 -1.1388 -0.13111 0.88878 0.63326 2.459 0.84521 -1.6061 -1.3045 0.01352 0.93752 1.8062 -1.5857 1.3214 0.32917 0.32398 1.1168 1.5211 -0.30754 -2.2548 -0.80306 0.93438 1.5106 -0.0030951 -1.1168
1.1168 -1.1745 -1.0311 -0.25515 0.1572 -0.57583 1.4152 2.5327 -0.60968 -2.0254 -0.49423 0.26978 1.4333 -0.82969 -1.3624 -1.0296 -0.014431 1.1498 1.0037 2.0479 -0.52187 -1.734 -0.75981 0.85296 0.8527 1.1635 -1.406 1.3746 0.59821 0.39036 0.79479 1.2766 -1.1138 -1.7531 0.14961 1.409 1.2108 -0.49074 -1.52
0.98018 -1.5796 -1.0478 0.16075 0.19302 -0.55293 1.6311 1.3687 -1.4362 -1.2363 -0.66078 0.093636 1.5114 -1.2116 -0.76643 -0.52827 0.49403 1.4895 1.7214 1.4974 -0.88679 -1.113 -0.12976 1.4012 0.10564 0.51348 -0.83213 0.99326 0.49508 0.27397 0.44774 0.76265 -1.2232 -0.73176 1.0443 1.3492 0.48226 -0.73659 -1.3984
0.56182 -1.773 -1.4054 0.05204 0.56007 -0.25131 1.9466 0.81694 -1.4375 -0.95353 -0.55998 -0.23633 1.5256 -1.3344 -0.77998 -0.44007 0.3428 1.4785 1.7526 0.95702 -0.71585 -0.75517 0.62498 1.2052 0.11023 0.13865 -0.27982 0.48809 0.16663 -0.090181 0.12354 0.45644 -0.99531 0.55165 1.2756 0.97157 -0.093499 -0.59989 -0.93493
0.30736 -1.7395 -1.691 -0.033009 0.72589 -0.27824 1.9078 0.63386 -1.6465 -1.2016 -0.38166 0.38205 1.5303 -1.2492 -0.8193 -0.60541 0.20853 1.5461 1.7213 0.84978 -0.53459 -0.046375 0.89739 0.92039 -0.23064 -0.043539 0.25451 0.30662 0.030613 -0.37953 -0.25664 -0.025881 -0.6013 1.0062 0.94358 0.52336 -0.26678 -0.28764 -0.45283
0.18954 -1.843 -1.4168 0.48398 1.3921 0.97869 2.1327 0.63157 -1.2812 -1.3392 0.40288 -0.85054 1.5232 -1.2869 -0.60136 -0.71847 -0.029065 1.3494 1.8745 0.61583 0.35611 0.24223 0.80987 0.88712 -0.2348 -0.13818 0.6895 0.52883 0.33334 -0.40338 -0.55671 -0.41028 -0.28615 0.6509 0.46501 0.12811 -0.20147 -0.22633 -0.11809
-0.22077 -2.1427 -1.7018 0.044675 1.6223 1.0371 2.3822 1.2736 -1.1761 -0.61127 0.38718 -0.033435 1.4402 -0.80899 -0.39667 -0.34656 -0.014278 1.0857 1.5991 0.60142 0.52768 0.23699 0.89833 0.96596 -0.32931 -0.11497 1.0644 0.89741 0.55188 -0.55105 -0.97263 -1.0567 -0.34219 -0.16701 -0.16187 -0.051145 -0.11177 0.23964 0.11462
-0.26586 -2.146 -1.6928 0.081922 2.1093 1.3967 2.5696 1.4839 -0.95749 -0.19917 0.48608 0.051266 1.411 -0.39352 -0.19481 -0.014936 -0.28429 0.69082 1.0096 0.566 0.0028042 -0.00049484 0.8961 0.73442 -0.32064 -0.02777 1.349 1.2724 0.47162 -0.62112 -1.2312 -1.427 -0.37388 -1.3935 -0.39681 -0.2047 -0.017629 0.3641 0.22349
-0.66936 -2.2034 -2.1591 0.049974 1.6373 1.6569 2.3079 1.5791 -1.329 -0.028501 0.31279 -0.47655 1.3835 0.098325 0.33357 -0.032972 -0.67634 0.09589 0.10068 0.26145 -0.72106 -0.27613 0.74084 0.7496 0.29933 0.091712 1.0975 1.3804 -0.068096 -0.87146 -1.4046 -1.3511 -0.52761 -1.7258 -0.092961 -0.38353 -0.023517 0.56525 0.14307
-0.12634 -2.0283 -1.6337 0.094941 1.9443 1.5192 2.7557 1.1643 -1.1859 0.0010452 1.0487 -0.68566 1.4667 0.53419 0.95908 -0.086807 -0.84052 -0.40878 -0.14501 0.11712 -1.8014 -0.31985 0.44535 0.95896 0.19629 0.13262 0.84954 1.2707 -0.26159 -0.87425 -1.1985 -0.97636 -0.71843 -1.1477 0.88259 -0.56355 -0.17682 0.7134 -0.023393
-0.053177 -1.9247 -1.4252 -0.34379 1.7676 1.1834 2.668 0.23505 -1.6691 -0.17795 0.80631 -0.28256 1.5436 0.57714 1.116 -0.43507 -1.3431 -0.93515 -0.44551 -0.11181 -2.0072 0.18268 0.29634 0.80417 0.57517 0.043299 0.27169 0.93121 -0.18146 -0.79085 -1.0269 -0.88463 -1.2327 -0.043979 1.5479 -0.69435 -0.68355 0.52424 -0.27668
0.22273 -1.4756 -1.6848 -0.60302 1.5355 1.063 2.4231 -0.17106 -1.561 0.049516 1.5628 0.19811 1.5991 0.79832 1.337 -0.26561 -1.563 -0.98676 -0.61519 -0.51888 -1.6512 1.4974 -0.095681 0.31436 1.0119 -0.045938 -0.12407 0.68518 0.38091 -0.39212 -0.70656 -1.1499 -1.8432 1.1577 1.8027 -0.67718 -0.98575 0.52277 -0.46833
0.24779 -1.0876 -2.1132 -1.0329 1.1036 1.1519 2.6148 -1.2536 -1.452 0.31847 1.589 0.21833 1.4956 0.42164 1.5521 -0.25977 -1.7725 -1.4941 -1.3849 -1.5919 -0.91665 1.8666 -0.48363 -0.45553 0.96933 -0.28869 -0.24893 0.59749 1.2978 0.31195 -0.25017 -1.4569 -2.1306 1.3568 1.2396 -0.35215 -0.83661 -0.10547 -0.57856
0.085675 -1.2176 -2.4991 -1.6203 0.65573 1.0229 2.2738 -0.73299 -0.31219 0.2468 1.21 0.52624 1.3718 0.39896 1.7749 0.46056 -1.3434 -1.4216 -1.9085 -2.3822 -0.09747 2.3966 -0.62277 -0.6153 1.074 -0.4944 -0.459 0.4784 2.0493 0.89035 0.041236 -1.6706 -1.9522 0.90329 0.047797 0.14452 -0.24741 -0.79225 -0.64416
0.57847 -0.79784 -1.8384 -1.6674 0.66538 0.79862 1.6323 -0.39404 1.6721 -0.59115 0.62072 0.72488 1.3881 0.35297 1.7977 1.3877 -0.8642 -1.1742 -2.6253 -2.9223 -0.14223 2.1709 -0.20008 -0.60114 0.31481 -0.71145 -0.44953 0.38829 2.5516 1.2165 0.45754 -1.0767 -0.86199 0.16415 -1.2756 0.39484 0.35201 -1.1633 -0.57565
0.28923 -0.28175 -1.5618 -2.1872 -0.12837 -0.93972 0.3396 -0.27895 0.72969 -0.93973 0.28497 0.61768 1.1514 0.054053 1.9341 2.3677 -0.35529 -1.0695 -3.2343 -3.2838 -0.29089 1.4114 0.069365 -0.16368 -0.31577 -0.92421 -0.71849 -0.11615 2.0042 1.0196 0.59349 -0.047499 0.26009 -0.45152 -2.4377 0.36733 0.40841 -1.3199 -0.43317
0.54119 0.1381 -0.76815 -1.7336 0.072073 -1.1328 -0.34923 -0.15126 1.6189 -0.69466 0.62693 1.5793 1.0273 -0.16851 2.0556 3.0933 0.00041143 -0.83052 -2.8137 -2.6638 -0.53 -0.20827 0.014792 0.11 -0.76102 -1.0479 -0.71741 -0.61096 0.88228 0.7438 0.85135 1.5217 1.2462 -0.49258 -2.4673 0.15492 0.25075 -0.95104 -0.14242
0.62292 0.38871 -0.3828 -1.6591 0.045004 -1.9529 -0.76797 -1.3316 1.3486 0.64031 1.1894 -0.069288 0.75867 -0.55712 1.4631 2.9884 0.12595 -0.50487 -1.9173 -2.071 -0.82776 -1.2938 0.055202 -0.05326 -1.1384 -1.0599 -0.53287 -1.1172 -0.42579 0.29427 0.94129 2.6451 1.618 -0.061503 -1.9589 0.011465 -0.16889 -0.69788 0.23528
0.011379 0.75029 0.40666 -1.6934 -0.51468 -2.6237 -1.23 -1.5506 0.9038 0.24749 1.2329 -0.3613 0.43041 -0.55645 1.099 2.5604 0.28515 0.10427 -0.35467 -1.3629 -0.87895 -1.4155 0.13618 -0.091761 -1.2584 -0.88679 -0.13759 -1.2748 -1.126 -0.11905 0.68127 3.1182 1.2694 0.74282 -1.1165 -0.088714 -0.42797 0.065183 0.53768
0.049105 0.95017 1.214 -1.7858 -0.34469 -1.9255 -0.74454 -0.7745 -0.52486 -0.81114 0.73039 -0.17439 0.33297 -0.65534 0.7094 1.9047 0.058268 0.1886 0.636 -1.1179 -0.27148 -1.9122 0.029716 -0.43783 -1.5261 -0.61072 0.51921 -1.1505 -1.4752 -0.109 0.10658 2.6827 0.97664 0.99605 -0.30144 0.1352 -0.50978 0.24295 0.65666
-0.10888 0.61218 1.332 -1.7076 -0.051159 -1.8338 -1.4638 -1.4434 -0.42833 -0.86756 -0.0047657 -0.56912 0.30369 -0.35522 0.49018 1.7213 -0.1767 0.072063 1.9237 -0.93404 0.62291 -2.1499 -0.16659 -0.65286 -0.44224 -0.36826 1.0073 -1.1658 -1.9691 0.41557 -0.54902 1.0718 0.63475 0.81935 0.23011 0.51726 -0.3264 0.24077 0.48817
-0.1089 1.0433 1.1425 -1.6075 0.28623 -1.1634 -1.6243 -1.5668 -0.75401 -0.025847 0.64848 -0.64335 0.2462 0.21565 0.01407 0.90344 0.16457 -0.29189 2.116 -0.59124 0.35175 -1.5554 0.4934 -0.91105 -1.0525 -0.21423 1.4365 -1.1126 -2.2723 1.1821 -0.78964 -0.51634 0.74802 0.45024 0.80084 0.47539 0.068315 0.58567 0.20155
-0.13701 0.9264 1.3548 -1.656 0.13359 -0.636 -1.9107 -0.60093 -1.2241 0.18425 0.43369 -1.2753 0.35927 0.70568 -0.33009 -0.27885 1.013 -0.65923 0.9652 -0.53023 0.39142 -1.165 1.0118 -0.58287 -1.0058 -0.26437 1.3417 -1.0023 -2.5508 1.5926 -0.51408 -1.9888 0.68675 0.042972 1.3775 0.1541 0.26117 0.24066 -0.026441
0.12489 1.0534 2.1248 -2.0996 -0.46149 0.3128 -1.8642 -0.22064 -2.4268 0.019737 0.31348 -0.2687 0.20264 1.2367 -0.5764 -0.94789 1.6667 -0.89015 0.10628 -0.025674 0.69836 -0.84004 0.45803 -0.31672 -0.038973 -0.32555 0.9283 -0.50946 -2.3109 1.2673 0.19537 -2.206 0.5061 -0.13396 1.7334 -0.30441 0.52061 0.35269 -0.11999
0.37923 0.59602 1.4253 -1.1844 -1.1146 -0.28831 -1.4937 -1.3424 -1.3785 0.50228 -0.63522 -2.3466 0.13288 1.3967 -0.74301 -1.6769 2.037 -0.56857 -0.92557 -0.029856 0.50057 0.2047 0.1785 -0.36209 -0.45985 -0.36012 0.31346 -0.10727 -1.7906 0.49132 0.82041 -1.4436 0.17152 -0.41264 1.9267 -0.14149 0.49324 -0.19281 0.039722
0.96346 0.40302 0.31481 0.019806 -0.76185 -1.5075 -1.6819 -0.34131 -2.1937 0.64523 -0.020833 -1.2969 0.0087231 1.4344 -0.55957 -2.3155 2.0138 0.022257 -1.2126 0.029479 -0.00077284 1.1802 0.25262 0.14741 -0.60382 -0.37169 -0.3953 0.16994 -0.96606 -0.39941 1.0281 -0.40645 -0.39492 -0.46748 1.4477 0.44062 0.60951 -0.49374 0.28633
1.3066 0.18392 0.13807 0.33009 -0.78896 -1.4865 -1.5946 -0.36022 -1.4818 -0.34526 0.095818 0.12976 -0.021012 1.1327 -0.5079 -2.633 1.761 0.38869 -1.1761 -0.27227 -0.10653 1.63 0.80699 0.29264 -1.134 -0.1772 -0.7746 0.07306 0.28719 -1.1838 0.5847 0.64704 -0.21521 -0.34598 0.73959 0.70006 0.28032 -0.34564 0.55162
1.2482 0.51205 -0.48663 0.37215 -0.1866 -1.8059 -1.9343 -0.48755 -0.16775 0.53351 0.18415 -2.2405 -0.053939 0.69765 -0.44243 -2.1131 1.0736 0.51574 -0.56507 -0.60997 0.046265 1.2992 1.0866 0.72384 -0.73718 0.063132 -0.83697 -0.32076 1.1931 -1.5723 -0.045454 1.0451 0.26319 0.15077 -0.095432 0.47193 -0.5806 -0.099162 0.73265
1.474 0.48748 -0.67644 0.15567 -0.12516 -1.2106 -1.7504 -0.70039 0.18387 0.71432 0.58796 -2.1004 -0.056712 0.45345 -0.69716 -1.3016 0.3206 0.25715 -0.010287 -0.10122 -0.23901 1.588 1.2616 -0.019493 -1.121 0.35018 -0.60269 -0.65391 1.6725 -1.4055 -0.6152 0.9683 1.1394 0.83192 -0.64333 -0.66203 -1.2881 0.98368 0.74449
1.4098 0.2384 -0.98364 0.35519 -0.5225 -1.2869 -2.1313 -0.79239 -0.16329 1.8163 0.058599 -2.5779 0.048104 0.35714 -0.95852 -0.9725 -0.17327 0.0064696 0.21262 0.38988 0.329 0.9823 1.0354 -0.99343 -0.82655 0.59774 -0.47955 -0.58206 1.627 -0.91187 -0.72508 0.26976 1.7175 1.5109 -0.8847 -1.7585 -1.6174 1.442 0.59378
1.3287 -0.13729 -1.2719 0.76004 -0.44249 -1.6273 -2.3386 -0.77045 -0.11661 1.9301 0.7184 -2.3514 0.23251 0.28173 -1.2493 -0.38371 -0.21338 -0.48161 0.29484 1.2068 1.3589 0.47923 -0.59295 -1.7298 0.94217 0.80859 -0.51308 -0.13998 1.3577 -0.55929 -0.42671 -0.19412 1.7336 1.9206 -1.4581 -2.6784 -0.84377 1.8857 0.32215
1.7449 -0.45822 -0.9429 0.36354 -0.36236 -1.5844 -1.3012 -0.46247 0.77224 1.6761 -0.44684 -1.9618 0.41631 -0.029805 -1.0567 0.17063 -0.34136 -0.44106 -0.20763 1.7264 2.193 0.064004 -1.7667 -2.0395 1.2142 0.83276 -0.55628 0.36084 1.1424 -0.44575 -0.079311 -0.17835 1.4374 1.2026 -1.7601 -2.2899 0.39973 1.054 0.00059033
1.6953 -0.56337 -1.1261 -0.21501 -0.56558 -1.0502 -1.0213 0.45254 0.38696 0.92842 -1.7069 -1.7676 0.60801 -0.22301 -0.86714 0.41408 -0.62311 -0.29885 -0.18651 2.2491 2.5826 -0.88342 -3.0938 -1.3826 1.7625 0.77325 -0.59265 0.76201 0.80639 -0.32632 0.12972 0.21369 0.60596 -0.10532 -1.9483 -0.67864 1.6832 -0.3917 -0.2862
1.5205 -0.64241 -0.90007 0.18798 -0.95464 -1.2053 -0.26722 1.8014 0.54903 -0.97143 -1.9056 -0.64199 0.78392 -0.33338 -0.60819 0.5517 -0.7855 -0.22848 0.09743 2.3691 2.0549 -1.868 -2.6361 -0.26885 0.94086 0.6135 -0.35931 0.75391 0.49914 -0.13115 0.0049528 0.71732 -0.31324 -1.5866 -1.4344 1.1251 2.0769 -1.2666 -0.43983
1.2318 -0.5494 -0.47562 -0.088756 -0.72049 -1.8473 0.034619 2.2428 -0.31105 -1.2772 -1.7587 -0.97233 0.77313 -0.57079 -0.323 0.78044 -0.58682 -0.34866 0.54399 1.9311 1.1865 -2.4609 -1.6195 1.1569 0.25535 0.43248 -0.084588 0.73599 0.40815 -0.22527 0.012138 1.0771 -1.4642 -2.5661 -0.15281 2.6938 1.2633 -1.8212 -0.4976
1.1447 -0.87549 -0.78238 -0.25708 -0.7703 -1.6145 0.45213 2.4174 -2.1301 -2.4842 -0.83357 -0.1394 0.90774 -0.46617 -0.19051 0.82246 -0.5929 -0.40539 0.80196 1.3228 -0.27147 -2.0306 -0.090956 1.3443 -0.67188 0.25821 0.18086 0.62324 0.37423 -0.39559 -0.05321 1.0148 -2.3751 -2.3091 1.4986 2.623 -0.14125 -1.1699 -0.45125
1.2742 -0.88203 -0.59991 -0.42524 -0.60402 -1.1252 0.89015 1.4762 -2.5294 -0.80041 0.39613 -1.8087 0.91605 -0.30292 0.035073 0.95981 -1.1274 -0.18648 1.5312 0.19599 -1.3483 -1.1352 1.4159 0.64262 -1.222 0.10849 0.37512 0.75377 0.50824 -0.48017 -0.023237 0.54848 -2.7649 -1.2101 2.8145 1.5932 -1.2918 -0.062063 -0.45318
1.1015 -0.71082 0.077532 -0.51303 -1.1317 -0.29438 1.0601 1.422 -2.4219 -0.50284 0.31014 -1.5601 0.9227 -0.16533 0.15261 1.0857 -1.2392 -0.40533 1.5535 -0.93342 -1.265 0.42233 1.4766 -0.32486 -0.75932 0.01129 0.16194 0.96869 0.61644 -0.22509 0.082307 -0.1632 -2.5852 0.0070101 2.7338 -0.12451 -1.2297 1.1843 -0.49967
1.1052 -0.72871 -0.24981 -0.81257 -1.3371 -0.28203 0.46992 0.39031 -1.8715 0.23493 -0.97656 -2.338 0.91936 -0.091152 0.64347 1.4992 -1.1446 -0.38957 1.2168 -1.7928 -0.73691 1.8845 1.0152 -0.89801 0.15985 -0.21151 -0.14587 1.1 0.36602 0.26458 0.44914 -1.2091 -1.753 0.41469 1.6952 -1.2363 -0.38517 1.8945 -0.56811
1.0667 -0.52344 0.39835 -1.4755 -0.82141 0.37608 -0.3478 0.32839 -1.1004 0.70032 -1.415 -1.9076 0.87392 -0.30202 0.96967 1.5862 -0.992 -0.15143 0.63256 -2.2204 -0.59713 1.8708 -0.1616 -0.63579 1.0852 -0.42768 -0.29108 1.0939 -0.018855 0.78697 0.80259 -1.6477 -0.603 0.11641 0.23787 -1.32 0.6922 1.8805 -0.66486
1.0426 -0.58491 0.5844 -1.5992 -1.2927 -0.3461 -1.134 1.1487 -0.19207 -0.2617 -1.6332 -1.2672 0.81887 -0.48437 1.2903 1.3194 -0.75021 0.51078 -0.35588 -2.242 -0.89828 1.4851 -0.42397 -0.061232 1.7779 -0.63338 -0.23068 0.92188 -1.0985 1.6026 0.61529 -1.3575 0.81083 -0.4784 -1.0189 -0.56557 1.1067 0.85125 -0.82521
1.1507 -0.067276 1.0344 -1.4189 -1.2327 0.082801 -1.2864 1.3624 0.47448 -0.85147 -0.87707 -0.048938 0.6276 -0.46374 1.4837 1.1345 0.033632 0.61598 -0.85528 -1.7784 -0.98855 1.0664 -0.64275 0.80982 2.3247 -0.90235 -0.37237 0.65004 -1.6503 2.2539 0.55426 -0.11742 1.8536 -0.73873 -1.3582 0.66747 0.71393 -0.49942 -1.0239
0.71126 0.25365 1.355 -1.5234 -0.87742 -0.075854 -1.4216 -0.054268 -0.45055 -0.79161 0.0076999 -0.83845 0.41109 -0.40331 1.7798 -0.14224 1.326 0.35522 -0.67364 -0.60979 -1.5184 0.23012 0.037421 0.86047 1.2967 -1.3693 -0.61874 -0.038965 -1.754 2.2152 0.39198 1.1183 2.3452 -0.088322 -1.1512 0.92117 0.098205 -1.0771 -1.0691
0.44696 0.62954 1.1831 -1.5454 -0.25841 -1.0184 -1.82 -0.63418 -0.26838 -0.31066 -0.66931 0.65186 0.25258 -0.97486 1.7055 -0.48359 2.1618 0.94306 0.55329 0.19196 -1.7776 -0.23344 1.0378 0.50508 0.27869 -1.7901 -0.83489 -0.86554 -1.21 1.5653 0.49306 1.8637 2.1488 1.0395 -0.66525 0.76514 -0.44515 -0.84753 -0.84509
0.7779 0.69282 1.0223 -0.73258 -0.5908 -1.119 -1.9812 -0.78185 0.26102 -0.44111 -0.26226 0.82523 -0.086909 -1.2772 1.1138 -0.84756 2.3057 1.0668 1.0894 0.8613 -0.71169 -0.1848 0.71077 0.31417 0.55476 -1.9961 -0.73706 -1.669 -0.21184 0.57905 0.72915 1.6886 1.6161 1.8487 -0.2051 0.11688 -0.20117 -0.16764 -0.27248
0.73895 1.3559 -0.20513 0.59664 -0.89291 -0.057254 -0.80116 -1.1488 -0.60052 0.72098 -0.52923 -0.74461 -0.7615 -1.4402 0.49591 -0.56878 2.458 1.1648 1.8531 1.2311 0.62418 -0.078981 0.66042 0.08935 0.926 -2.0176 -0.29315 -1.8724 0.050073 -0.52172 0.38234 0.56122 0.96385 1.802 0.067215 -0.60551 -0.045615 -0.087293 0.48869
-0.50378 1.1595 0.64095 1.0497 0.32132 1.217 -0.86674 -0.95884 -0.29272 1.0194 -0.68225 -0.76562 -1.1814 -1.4188 -0.1563 -0.46723 2.2622 1.5813 1.9282 1.6835 0.89248 -0.28424 0.47356 0.62103 0.61465 -1.7181 0.15451 -1.3894 0.19941 -1.3619 0.18517 -0.35976 0.090095 0.89573 0.20026 -0.92873 0.18598 -0.39285 1.1658
-0.49587 0.93965 0.43277 0.69176 0.37138 1.0877 -0.25573 0.55688 0.018883 -0.72951 0.21211 1.5567 -1.4215 -1.4026 -0.5091 -0.59833 1.2254 1.3877 1.2071 1.4526 0.94003 -0.078954 -0.14779 0.25265 0.057151 -1.1075 0.66234 -0.92974 0.11576 -1.8153 -0.40939 -1.2688 -0.53266 -0.039242 0.59537 -1.0934 0.1468 -0.5824 1.7674
-0.8946 0.71407 0.94724 1.2316 0.79307 1.446 -0.35754 0.69362 -0.6596 0.55495 -0.25501 1.0793 -1.5939 -1.0385 -0.49995 -0.50475 0.40508 1.2962 0.70602 0.89362 0.86299 0.1847 -0.88352 0.65209 0.1633 -0.48731 0.96311 -0.30043 0.10188 -1.7861 -0.99701 -1.5734 -0.95339 -0.6584 1.0829 -0.67381 -0.29094 -0.39617 2.0495
-0.64842 0.48933 0.16947 1.5678 1.6527 0.74358 0.29711 -0.088257 -0.56557 0.62122 0.42484 1.0335 -1.4906 -0.51525 -0.75054 -0.36347 0.028369 0.55938 0.0012031 0.6796 0.52777 0.84232 -1.0132 0.40567 -0.067665 0.34581 1.1611 0.29352 0.38426 -1.1828 -1.4868 -1.4807 -0.83819 -0.90924 0.92794 -0.039923 -0.22326 0.10999 1.6294
-0.75874 0.56595 -0.41815 0.96883 0.40976 0.69179 0.037311 0.16748 0.15796 -0.57631 -0.49917 -0.86139 -1.3748 -0.23944 -0.49829 -0.4216 -0.44323 0.1713 -0.52036 0.38746 -0.23352 1.3811 -0.5446 -0.10379 -0.15571 1.01 0.94344 0.3868 0.58676 -1.0947 -2.0004 -1.2038 -0.8956 -0.75689 0.49317 1.0864 -0.13153 0.62885 1.1051
-0.95696 1.0639 -0.33035 1.1499 1.2868 1.833 0.21656 0.34591 -0.26296 -0.76132 0.69173 -0.16328 -1.4479 0.15528 -0.070752 0.00078488 -0.53494 -0.77105 -1.0521 0.22467 -0.3385 1.1404 -0.40659 0.13381 0.43458 0.8898 1.0664 0.35318 0.7816 -1.1082 -1.6355 -1.0372 -0.92048 -0.66223 -0.28539 1.9493 -0.048404 0.94684 0.68012
-1.1881 -0.1296 0.94185 0.88019 0.98193 0.99658 0.064296 0.61906 1.6753 -0.98463 -0.044851 0.87206 -0.6338 0.21604 -0.25901 0.29632 -1.3345 -1.7004 -1.1047 -0.4604 -0.23024 0.98805 1.143 0.49664 1.2072 1.1022 1.376 -0.0703 0.56713 -0.97315 -1.3132 -0.95879 -0.87142 -0.69621 -0.84927 1.9136 -0.48802 0.089611 0.53298
-0.63231 0.47558 -0.16536 0.18344 0.70851 0.012962 0.28432 -0.021799 1.7327 -0.53689 -0.25385 1.7477 -0.32367 1.0544 -0.34041 0.59033 -1.5721 -1.4982 -1.722 -0.5215 -0.81358 0.44193 2.3263 0.00020883 1.206 1.4442 1.4087 -0.22112 -0.1096 -0.51125 -0.50766 -0.45891 -0.48407 -0.81056 -1.2717 1.2181 -1.1676 -1.0761 0.46395
-0.46518 0.83295 0.7144 1.1212 -0.37463 -0.23628 0.11149 -0.22559 0.08466 0.49479 0.32803 0.95444 -1.0746 1.6313 -0.47672 0.23363 -1.7203 -1.8684 -2.0493 -0.77865 -1.4027 0.011331 2.1956 -1.1266 -0.36578 1.629 1.0952 -0.13132 -0.29421 0.39225 0.30305 0.38 0.22042 -0.78391 -1.4686 -0.18749 -1.277 -1.9266 0.061837
-0.54262 0.071383 -0.1076 -0.85142 -1.1586 -0.20309 -0.67279 -0.17978 1.2274 2.5273 1.263 1.784 -0.15379 1.8232 -0.30418 -0.16253 -1.2807 -1.6151 -1.4778 -0.4777 -1.3845 -0.93083 1.6798 -1.6659 -1.0231 1.4062 0.1726 0.13054 -0.43188 0.86308 0.79582 1.2585 0.62462 -0.22599 -1.0294 -1.5322 -0.73815 -1.85 -0.46148
0.68848 0.33499 0.57505 -0.88579 -0.61701 -0.93853 -0.40533 -1.0142 0.76734 2.2305 -1.0141 0.40849 0.41288 1.6777 -0.48304 0.16585 -0.74249 -1.0853 -0.50374 -0.11122 -1.5244 -1.277 1.0599 -1.5265 -1.688 1.2226 -0.78999 0.85581 -0.032678 1.5928 1.3864 1.715 0.84161 0.39024 -0.62799 -2.239 0.45172 -0.80883 -1.3428
0.79622 0.08984 0.31428 -0.72846 -0.89909 -0.85386 -0.68437 -1.677 0.52967 1.2573 -1.6384 -0.66622 0.62087 1.3193 -0.14555 -0.11554 -0.44974 -0.43068 -0.074258 0.22306 -1.2321 -0.99145 -0.40059 -1.4495 -1.9834 0.86596 -2.0479 1.1947 0.049674 1.5394 1.6332 1.7034 0.62162 0.81054 0.39277 -2.0054 1.6254 0.38905 -2.0321
0.86514 -0.2178 0.36981 -0.37651 -1.2163 -1.1049 -0.050022 -1.1373 -0.037177 1.2048 -2.323 0.44343 0.6783 0.54569 0.73696 0.1456 0.82953 0.079993 0.55166 0.32889 -0.74308 -1.237 -1.5769 -0.2202 -1.575 -0.36913 -2.9975 1.2787 0.026426 1.3388 1.7175 1.2151 0.85751 1.2574 1.0594 -0.98134 2.0439 1.4712 -2.2641
1.1547 0.36034 0.22021 -0.33116 -1.0727 -0.16918 0.19494 -2.3585 -1.0877 1.9118 -0.86344 -0.75114 0.36953 -1.0727 0.89339 -0.077649 0.7995 0.79489 1.2747 0.37526 -0.21056 -0.19822 -1.3127 1.3236 -0.28242 -1.2292 -3.2209 0.78999 0.31983 0.97918 1.7026 0.70931 0.72923 1.3507 1.3427 -0.072468 1.9444 1.8171 -1.7489
0.79993 0.57772 0.3507 -0.29007 -1.1351 -0.32827 -0.11914 -1.5054 -0.53905 0.2929 -0.994 -1.6616 -0.0090025 -2.1919 0.93267 0.18233 1.1268 1.449 1.1585 1.2984 0.41061 0.4055 -0.59538 1.6667 0.50496 -1.5523 -2.4778 -0.28435 0.29965 0.21973 1.3368 -0.075585 0.54484 1.4316 1.5666 0.35863 0.86758 1.7337 -0.56687
0.2846 1.044 0.33309 0.24752 -0.60295 0.28059 -0.47916 -1.2772 -0.39889 -0.13421 0.50016 -0.21971 -0.42265 -2.7547 0.94964 0.3978 1.2283 2.0045 0.98166 0.99959 0.82078 0.83014 -1.0506 1.964 0.73821 -1.4959 -0.68881 -0.82591 0.39277 -0.16749 0.53291 -0.53019 0.16408 1.2075 1.0751 0.32648 -0.7104 1.1282 0.39364
-0.92881 0.91915 0.42398 0.0040525 0.78835 0.60164 0.25098 -1.5891 1.0597 0.35151 -0.0023254 0.19267 -0.78433 -2.8013 0.27055 0.40545 1.0328 1.9251 0.54089 0.95541 1.5305 1.3373 -0.94128 1.4054 1.5031 -1.1951 0.9575 -1.0238 0.16998 -0.72883 -0.6235 -0.9964 -0.37835 0.65736 0.4432 0.38777 -1.3581 0.63016 0.93431
-1.7734 0.65493 0.56688 1.0398 0.58952 0.18303 1.9523 -0.74303 0.55235 1.0934 -0.010278 0.40496 -0.82097 -1.9347 -0.036166 0.46588 0.54572 1.5345 0.54782 0.81927 1.5769 1.4463 -0.44214 -0.1333 1.5501 -0.74667 2.1599 -0.82365 -0.012163 -0.87474 -1.5791 -1.2834 -0.63955 0.026957 -0.38862 0.58273 -1.2572 0.32386 1.0494
-1.7058 1.0512 0.83116 1.0265 1.164 0.32342 0.67126 -0.25267 0.35932 -0.76004 1.0568 0.63964 -0.85294 -0.98838 -0.13557 0.42654 0.12579 0.54384 -0.56114 0.71204 1.2951 0.95038 -0.0703 -0.32253 1.3967 -0.3536 2.4786 -0.25969 -0.23722 -0.718 -1.6829 -0.85911 -0.94052 -0.87625 -1.1004 0.43543 -0.65525 -0.37783 0.83384
-1.6745 0.6213 0.55274 0.55637 0.96249 0.52623 0.78555 0.18927 1.2604 -0.027896 0.99856 0.74387 -0.99795 -0.017054 -0.10448 0.35742 0.06874 -0.19506 -0.95851 -0.012233 0.95787 0.22127 -0.23802 0.01599 1.4533 -0.14921 2.3658 -0.65261 -0.81434 -0.69941 -1.731 -0.58839 -0.4689 -1.2441 -1.392 0.70713 -0.15749 -1.0062 1.0517
-1.2137 0.75103 0.90884 0.23194 0.85429 0.71182 0.55392 0.73891 2.119 -0.45987 -1.9807 0.88589 -0.88969 0.42223 -0.096134 0.049173 -0.050985 -0.29037 -0.37726 -0.28893 0.078286 -0.26899 -0.11168 -0.13333 0.75681 -0.089967 2.1649 -1.2332 -1.2907 -0.99787 -1.4952 -0.2188 0.067824 -1.183 -1.3414 0.48731 -0.26967 -1.6057 1.6683
-1.3822 0.9371 0.78356 0.49723 0.33975 -0.99944 1.1501 -0.11869 0.976 0.60715 0.76813 2.2128 -0.90044 1.3518 -1.0533 -0.73211 -0.65362 -1.2167 -0.69233 0.48481 -0.3018 -0.74299 1.0938 -0.57741 -0.22908 0.89289 1.7526 -1.6688 -1.4571 -1.3296 -1.0165 -0.013454 0.80893 -0.66618 -0.97567 0.23599 -0.13284 -1.9298 2.1603
-1.3762 0.65272 0.89734 0.7586 0.64205 -0.6212 0.82156 -0.087788 0.72344 0.0057911 0.51592 2.0351 -0.97249 1.9798 -1.5403 -1.2212 -1.3545 -1.6818 -1.1283 0.56763 -0.44182 -1.2659 0.3069 -0.62652 -1.1057 1.9369 1.3419 -1.6559 -1.1635 -1.3009 -0.18654 0.37139 0.6892 0.016781 -0.49169 -0.40956 -0.43488 -1.836 2.1312
-1.2985 0.65089 0.53081 1.13 0.53206 0.5945 1.175 -0.51903 -0.26274 0.10003 0.1257 0.61022 -0.92467 2.1605 -1.923 -1.4813 -1.7365 -1.3592 -0.62025 0.96023 -0.12957 -1.2508 0.055994 -0.031722 -1.6318 2.4789 0.40214 -0.84232 -0.60951 -0.57137 1.0974 1.0473 0.030124 0.046774 -0.014262 -0.92545 -0.45171 -1.1573 1.2424
0.61363 -0.69621 -0.48154 -0.82825 -1.0058 -0.63058 1.3112 -0.14513 0.012735 1.5782 -0.46475 -0.15892 0.67541 2.2807 -2.1822 -1.5535 -1.9132 -0.55908 0.2931 0.66461 -0.0085165 -1.0225 -0.47604 -1.3768 -2.3634 2.7095 -0.5034 -0.034311 -0.010356 0.44113 1.9457 1.4351 -0.44305 -0.28342 0.27105 -0.49033 -0.3718 -0.16761 0.0010383
0.75985 -0.89086 -0.65372 -1.627 -1.3503 -1.3291 1.4264 -0.049195 -0.029436 -0.49914 -1.1764 -0.42375 1.3226 1.8771 -2.0179 -1.6061 -1.4245 0.23332 0.60954 0.47446 -0.45999 -0.92206 -0.50608 -1.2106 -2.0129 2.5997 -1.3852 0.92375 0.61292 1.6554 2.1838 1.5738 -0.9879 -0.70949 -0.0095708 -0.24984 -0.022596 0.74745 -1.3001
0.71052 -0.79116 -0.36254 -1.2556 -0.2916 -0.27491 2.1441 0.46638 -0.043879 -0.12123 -0.4369 -0.15988 1.3727 1.2679 -1.5514 -1.1856 -0.68213 1.0868 1.0186 0.020793 -0.86929 -0.9199 -0.46882 -0.86647 -1.2735 1.8754 -1.6661 1.2719 0.71911 2.3233 1.5039 1.2197 -1.1151 -0.81563 -0.23549 0.3166 0.77668 1.2614 -1.9922
0.77886 -1.2291 -0.80174 -1.0222 0.42128 0.015941 1.5322 -0.61251 -1.1015 -0.241 -1.1797 -1.0946 1.4796 0.32408 -0.84218 -0.63787 0.72926 1.8189 2.0468 -0.46085 -1.1321 -1.3502 -0.48782 -0.33435 -0.63559 0.69967 -1.3175 1.0015 0.58338 1.8971 0.23874 0.43674 -1.1493 -0.35381 -0.26088 0.46367 0.76345 0.84908 -1.8631
0.69649 -1.4312 -1.1694 -0.48138 0.94709 0.87969 1.2739 -1.2322 -0.96394 -0.40395 -1.2772 -1.1862 1.6949 0.23995 -0.84526 -0.83061 1.3304 1.4039 1.92 -0.83328 -1.3147 -1.3061 0.19128 -0.07268 -0.44407 0.29562 -0.74034 0.59588 0.32663 0.9641 -0.91441 -0.59196 -0.70763 0.59507 0.22034 0.40991 0.77837 0.55632 -1.1681
1.0002 -1.3373 -1.1143 -0.65595 0.87272 1.1858 1.2272 -1.5479 -1.5144 0.21993 -1.2342 -1.242 1.5928 0.16261 -0.85679 -0.80613 1.099 0.51365 0.9915 -1.1238 -0.96879 -1.2771 0.15619 0.10514 -0.67549 0.24358 -0.12323 0.27478 0.3652 -0.080606 -1.5575 -1.596 0.073679 1.4549 0.76733 0.018688 0.65819 0.81846 -0.48926
1.0681 -1.5936 -1.0658 -0.30295 0.84541 1.3973 0.83536 -1.1237 -2.0038 0.032638 -0.8866 -0.65406 1.6032 0.094934 -0.64579 -0.55821 0.93169 0.066536 0.39116 -0.90036 0.18877 -0.54696 0.086043 0.6598 -0.10909 0.1299 -0.026096 0.44024 0.5216 -0.41448 -1.0188 -1.5948 0.75217 2.0473 1.2801 -0.74009 0.26565 1.3363 -0.36506
0.90172 -1.7333 -1.5903 0.23222 0.62969 1.0036 0.75849 -1.64 -1.7904 -0.31029 -1.0274 -1.0142 1.6475 0.18503 -0.53119 -0.16562 0.789 -0.36295 -0.28407 -0.31296 0.95144 -0.23178 -0.39865 0.77631 0.88549 -0.04579 -0.021474 0.49375 0.27229 -0.5145 -0.15995 -0.97083 1.0986 1.9724 1.6796 -1.0461 -0.339 1.5246 -0.46629
0.81537 -1.8336 -1.3366 0.0087306 0.65194 0.88674 0.58412 -1.0544 -2.3724 0.14156 -0.44922 -1.8599 1.7175 0.18122 -0.3461 -0.27788 0.72633 -0.021888 -0.53514 0.062745 1.7287 0.68969 -1.1245 0.1897 1.5389 -0.17848 -0.16025 0.27621 -0.1089 -0.68859 0.20729 -0.27681 0.88332 1.2416 1.5125 -0.8826 -0.75917 1.0906 -0.43797
0.91758 -1.9097 -1.5475 0.18502 0.82362 0.87183 0.37224 -0.21582 -1.418 -0.23165 -0.36983 -0.96685 1.6758 0.07975 -0.26341 -0.49501 0.25705 0.26662 -0.43254 0.30213 2.117 1.4179 -1.4891 -0.41573 1.6548 -0.3918 -0.31357 0.27019 -0.29501 -0.64007 0.34047 0.22455 0.34775 0.52584 1.2215 -0.57031 -0.93974 0.41636 -0.23581
1.188 -1.8594 -1.0947 0.40266 0.28127 0.71747 1.324 0.089883 -1.4814 -1.0888 -0.31394 0.93545 1.527 -0.12651 -0.36679 -0.58698 -0.070004 0.13305 -0.080728 0.32299 2.0206 1.6091 -1.268 -0.44092 1.7598 -0.43889 -0.3236 0.3407 -0.31942 -0.6552 -0.0083694 0.1878 -0.22722 -0.46021 0.16838 -0.11748 -0.5266 -0.72083 0.010783
1.2601 -1.6826 -1.6172 0.31436 1.126 0.64239 1.1765 1.1837 -0.30772 -1.7243 -1.4311 0.99736 1.3301 -0.19411 -0.11709 -0.51931 0.0095284 0.18476 -0.088614 0.15079 1.8087 1.7102 -1.5554 -1.0094 1.629 -0.31632 -0.12828 0.56277 -0.45223 -0.50381 -0.43183 -0.13991 -0.67847 -1.0973 -0.61581 0.45759 0.40405 -1.4902 0.21519
0.86191 -2.0622 -2.03 0.010352 1.1762 0.85786 0.93419 1.5181 0.172 -2.1421 -1.5808 0.63836 1.2052 -0.2318 0.091556 -0.81527 -0.35562 0.0053955 -0.35546 -0.27369 0.94153 0.84958 -1.3473 -0.68944 0.045183 -0.20094 0.38227 1.0035 -0.17226 -0.37752 -0.98111 -0.90772 -0.63267 -1.5496 -1.1073 0.93239 1.3659 -1.5562 0.14153
0.531 -2.2724 -2.173 0.042325 0.44145 0.96164 0.92277 0.8633 0.072467 -1.2952 -0.89249 0.45748 1.3497 -0.087696 0.35544 -1.155 -0.52496 -0.45869 -0.57677 -0.60114 0.45885 0.54319 -0.47022 0.61638 -0.59166 -0.15064 0.70633 1.7441 0.69979 -0.19643 -1.4606 -1.5 -0.38198 -1.6215 -1.2867 1.4552 1.7827 -0.69441 -0.31486
0.83093 -1.7237 -1.5533 0.24579 0.97732 0.62671 0.66907 1.9489 0.2596 -2.4827 -1.8933 0.79894 1.4997 0.46241 0.91413 -0.56976 -0.49327 -1.3403 -1.6019 -0.42253 -0.39406 -0.039799 0.18844 1.8077 -0.37058 -0.28586 0.4692 2.4862 2.1041 0.35294 -1.2841 -1.5362 -0.16303 -1.0369 -1.0647 1.5605 1.3561 0.3757 -1.1764
0.97794 -1.6552 -2.5384 -0.32877 0.58597 0.14238 0.36824 0.8622 -0.63502 -2.6376 -1.0124 -0.60798 1.3446 0.64819 2.1134 0.53232 -0.27617 -1.8156 -2.3751 -0.45765 -0.75487 -0.43463 0.79871 1.7368 0.385 -0.80795 -0.56661 2.3527 2.8523 0.8557 -0.24521 -0.36473 -0.040859 -0.87258 -0.90302 1.3683 0.31267 0.27892 -1.924
1.233 -1.4021 -2.7372 -0.29013 -0.25335 0.0046204 0.77243 1.2645 0.028102 -1.4852 0.84705 0.66429 1.1633 0.1892 2.9812 1.8907 0.18477 -1.6661 -2.4359 -0.64523 -0.53016 -0.80918 1.3665 1.79 0.32634 -1.8599 -1.8922 1.3785 3.0029 1.2664 1.2593 1.5824 0.071819 -0.33947 -0.33151 1.104 -0.81381 -0.085114 -1.9735
1.7304 -0.80836 -2.0608 -0.34218 -0.75202 -1.6757 0.6469 0.50144 -0.082197 -1.2764 0.92812 0.52496 0.86992 -0.91143 2.8878 2.43 0.7336 -0.74315 -0.87578 -0.57584 -1.2276 -0.89811 1.8761 1.3285 -0.37154 -2.6125 -2.634 -0.22817 1.95 1.1412 2.5179 2.7696 0.25702 -0.28115 0.19921 0.012409 -1.2677 -0.56654 -1.079
1.1394 0.37422 -0.7494 -0.10701 -1.3831 -1.8729 0.19129 0.30847 -0.72024 -0.60604 0.074884 1.4603 0.24405 -1.9567 2.6136 3.5514 1.3614 0.43141 0.69486 -0.25234 -0.8609 -0.49675 2.0175 0.19279 -0.17938 -2.716 -2.2733 -1.5119 -0.0065352 0.45058 2.4056 2.7207 0.59333 -0.21258 1.077 -1.0351 -1.319 -0.52904 0.51329
0.43447 1.0135 0.55474 0.6388 -0.99515 -1.583 -0.11835 0.91338 -1.4478 0.22346 1.0477 0.33423 -0.86817 -2.7305 1.9442 2.991 1.2628 1.7484 1.4 -0.21897 -1.1777 -0.22342 0.49628 -0.30002 -0.54856 -2.2032 -0.81331 -2.0604 -1.9079 -0.64921 1.5065 0.99168 0.77513 0.15084 1.7881 -1.7005 -0.70905 -0.26112 2.0111
-0.45664 0.71602 0.12242 0.97901 0.85922 0.68545 0.058921 -0.52949 -1.156 -0.25495 -0.11825 -0.90687 -1.2339 -2.7438 1.1507 1.5899 0.76612 1.4953 1.6722 0.19986 -1.0081 0.96775 -0.17047 -0.34605 -0.69373 -1.2015 0.71108 -1.9975 -3.1521 -1.7468 0.017653 -0.83035 0.68595 0.25082 1.8933 -1.4361 -0.43334 -0.037614 2.7901
-1.0831 0.67916 1.1165 1.1757 0.80393 1.0609 0.61642 -0.0013054 -0.615 0.80479 0.0021219 0.1058 -1.1723 -1.8948 0.48404 0.17445 -0.16336 1.4855 0.54054 0.53966 -0.89033 1.8989 -0.68608 0.013342 -0.6668 0.020257 1.9591 -1.3946 -2.1931 -2.0263 -1.6958 -1.805 0.3472 0.85515 1.251 -0.10097 0.067342 0.6837 2.538
-1.4137 0.72991 0.27119 0.81892 1.5624 0.13168 0.42089 -0.76959 -0.027085 -1.8235 0.86331 0.53802 -0.7897 -1.1771 0.30407 -0.38119 -1.1566 0.59689 -0.49116 0.55392 -0.54374 2.1808 -0.47943 -0.93107 -0.20873 0.8764 2.5139 -1.0125 -0.77907 -1.6963 -2.2939 -1.5175 -0.7697 0.74227 -0.20161 0.79837 0.47453 0.75683 1.6542
-1.1407 0.9805 -0.050805 0.36501 -0.23807 -0.54824 0.6689 -0.73462 1.5377 -1.0687 -0.014941 -0.29243 -0.41356 -0.20882 0.24336 0.25765 -1.5255 -0.90621 -1.0173 0.1969 0.24271 1.6305 0.43032 0.14641 0.61778 1.0367 2.3317 -1.0151 0.60931 -0.77651 -2.5344 -0.16154 -1.735 0.30909 -1.6773 1.4769 0.7693 0.36436 0.5466
-0.99607 1.1945 -0.083228 -0.20096 0.93484 -1.2814 0.64401 -0.5025 1.5515 -0.85086 0.47506 -0.053776 -0.16728 0.65516 -0.27291 0.22128 -1.6901 -1.5081 -0.49245 -0.98998 -0.14463 0.67174 0.98257 0.65308 0.22461 1.0781 2.0433 -1.2696 0.88799 0.48147 -1.7427 0.93708 -2.0992 -0.41655 -2.6549 0.94657 1.34 -0.0094667 -0.27635
-1.3605 1.0969 0.38586 -0.59312 0.52239 -0.6885 0.60078 -0.055146 1.3579 0.10466 -1.3858 -0.56239 -0.31108 1.1233 -0.77533 0.89457 -1.3274 -2.1016 0.21779 -1.7385 -0.51413 -0.71335 1.7515 0.94698 -0.13752 0.83864 1.5181 -1.1501 0.29497 1.4626 -0.68576 0.98245 -1.6134 -0.7855 -2.628 -0.2933 0.68246 -0.32244 -0.7202
-0.78908 0.68427 1.1905 -0.51832 -0.62966 0.32415 0.40906 0.025639 0.9841 0.89776 1.246 1.0607 -0.21708 1.6041 -1.1208 0.79308 -0.35237 -1.9952 0.69077 -2.1658 -1.0205 -1.9596 0.88953 1.6723 0.13887 0.5063 0.89788 -0.083379 -0.49571 2.0494 0.6267 0.31172 -0.38248 -0.14423 -1.6832 -1.4319 -0.097627 -0.2764 -1.0884
-0.20227 0.21157 0.755 -0.95459 -1.1178 0.023586 -1.3078 -1.0378 0.40596 0.91524 1.6201 0.32284 0.28192 1.8771 -1.0856 0.4614 0.52921 -1.9168 0.27821 -2.0525 -0.90213 -2.3126 -0.15672 1.1681 -0.019065 0.10468 -0.15154 1.1767 -1.1753 2.08 2.1054 -0.1236 0.99075 0.66027 -0.24127 -1.8146 -1.4778 -1.1823 -1.3727
-0.016217 0.11566 0.92674 -0.82126 -1.6859 -0.32932 -1.6318 -1.8706 -0.83809 0.40462 1.5743 -0.55045 0.21897 1.7912 -0.25091 -0.40987 1.194 -0.4511 0.068439 -1.5167 -0.26884 -1.9071 -1.1425 0.32707 -0.41875 -0.39406 -1.3128 1.9966 -0.86071 1.5903 2.7403 0.18057 2.0448 1.5402 1.1575 -1.1079 -2.5974 -1.2991 -1.5555
0.80375 0.12178 0.58622 0.19639 -2.0805 -0.025211 -1.4793 -1.7832 -1.3565 -0.080036 1.8923 0.033895 0.01201 0.77044 0.57 -0.50122 1.7686 0.98368 0.27888 -0.34414 0.3783 -1.2487 -1.1336 -1.6862 -2.3234 -1.03 -2.0072 1.9267 -0.29098 0.61253 2.6707 0.82075 2.17 1.5436 2.077 -0.10689 -2.4766 -0.53577 -1.2846
0.79343 0.2199 0.70331 0.40985 -0.95215 -0.93035 -1.3646 -0.73511 -1.7 -0.94098 0.721 0.03486 -0.34215 -0.063014 1.0766 -0.19071 1.9885 1.5747 1.0281 0.54306 1.3428 -0.21715 -1.0053 -2.7133 -1.4161 -1.5535 -2.157 0.93591 0.32915 -0.40196 1.3104 0.82815 1.8295 0.84662 1.8466 0.74251 -1.2816 0.50088 -0.57933
0.57981 1.0139 0.019871 0.75188 0.11309 0.32277 -1.1658 0.13582 -0.94138 -1.046 -0.42246 -0.69651 -0.81475 -0.58895 1.1698 -0.14961 1.2784 1.9629 1.3731 0.69966 1.3022 0.94666 -0.45851 -2.8542 -0.64294 -1.4858 -1.4126 -0.33081 0.22355 -0.96004 -0.30309 0.32565 1.2692 -0.053007 1.1206 0.95993 0.47922 1.6883 0.27243
-0.14257 1.0609 0.84244 1.4145 0.32515 0.90183 -0.4405 -0.21612 -0.89521 -0.033417 -0.80076 -3.4837 -1.0762 -1.1753 0.86381 -0.038193 0.70331 1.4607 1.1103 1.1477 0.90497 0.6408 0.11114 -1.9556 -0.22962 -1.1464 -0.52381 -1.7005 -0.16195 -1.1342 -1.1178 -0.88275 0.60861 -0.65063 0.084614 0.74546 1.7274 1.695 1.1405
-0.15116 1.0749 0.65015 1.2843 0.051726 1.1522 -1.1015 0.3502 -0.23461 -0.85454 -1.9609 -0.54704 -1.262 -1.0624 0.16755 -0.20862 0.63996 0.4873 0.85579 1.5595 0.45891 0.52328 0.36638 -0.98886 0.57755 -0.77682 0.68949 -2.4474 -0.88353 -0.97931 -1.6582 -1.6972 -0.18482 -0.52867 -0.16233 0.6217 2.1676 1.5805 1.6882
-0.15067 1.1462 0.56241 0.63238 0.51052 1.0258 -0.77412 -0.42835 0.45368 -0.47266 -1.5933 -0.38897 -1.2529 -0.71434 -1.0109 -0.4444 0.21333 0.26719 -0.43024 1.1634 0.44763 0.13393 0.17982 0.2252 1.4817 0.01322 1.7629 -2.4665 -1.3446 -0.87804 -1.5931 -1.8855 -1.0533 -0.27166 0.27869 0.64169 1.7291 0.37014 2.0543
-0.49365 0.92001 0.39668 1.2501 -0.029302 0.62298 0.41749 0.06761 -1.4685 -0.20045 -0.33315 -0.23914 -1.2105 0.34151 -1.6157 -1.4502 -0.2837 -0.47539 -1.1475 0.35392 0.45453 0.84806 0.83891 0.91208 1.7718 0.77965 2.1534 -1.8482 -1.2373 -0.87417 -1.4744 -1.6785 -1.6094 0.094448 0.46778 0.48382 0.39622 -0.69555 2.0607
-0.44924 0.52924 0.16315 1.593 0.07512 0.55119 0.82492 0.4851 -0.52645 -0.49921 -1.2442 -0.063646 -1.3587 1.0965 -1.9963 -1.701 -0.45403 -0.97384 -1.5426 -0.10689 0.33767 1.004 1.2496 0.9687 -0.068816 1.5381 1.9706 -0.80072 -0.55942 -0.70552 -1.5085 -0.92149 -1.2852 0.095434 0.7303 -0.1156 -1.0336 -1.1479 1.5459
-0.41715 -0.26975 -0.25243 1.0574 0.84604 -0.099171 -0.17267 0.84067 -0.45699 -0.53549 -0.18778 0.11203 -0.61597 1.6654 -2.1527 -1.6824 -0.63834 -1.5906 -1.8426 -0.63568 0.66637 0.99011 0.86711 -0.47027 -0.10141 1.9344 1.0206 0.15075 0.64556 -0.41723 -1.1939 -0.17302 -0.2268 0.079175 0.040855 -1.0445 -1.3261 -0.73822 0.82815
0.77667 -0.53511 -1.0555 0.67835 -1.0547 -0.36284 -0.86528 0.24637 1.6464 1.7389 -0.11745 -0.21352 -0.11797 1.9482 -1.9648 -1.2838 -0.90841 -1.9361 -1.8745 -0.6049 0.49614 1.4872 -0.086146 -1.3948 0.025132 2.041 -0.046309 0.89543 1.304 -0.16753 -0.79918 0.68096 1.0498 0.0015247 -0.61079 -1.7413 -0.83218 0.32563 -0.16093
1.2475 -0.74034 -1.1421 0.41475 -1.2221 -0.72359 -1.0363 0.4687 1.0814 0.72976 -0.88787 -0.93943 0.44921 1.6358 -1.409 -0.57611 -0.8207 -2.1789 -1.3271 0.19157 0.49765 0.65878 -0.74038 -0.87244 0.18208 1.9225 -1.1598 1.1471 1.6785 -0.039666 0.23266 1.5793 1.7958 -0.046495 -1.2518 -1.8536 0.51849 0.49145 -0.89199
1.3774 -0.98556 -1.0591 0.2275 -1.6178 -1.41 -0.48924 0.96349 0.4438 0.20397 -2.6364 -0.10093 0.57857 1.0296 -1.0149 -0.057704 -0.66374 -2.1415 -0.49581 1.3016 0.39125 -0.07477 -1.6903 -0.69046 0.45498 1.2697 -1.7368 0.97889 1.383 -0.10957 1.079 2.1829 1.3815 -0.031386 -1.3035 -0.94789 1.5424 0.28793 -1.2188
1.3555 -1.1934 -0.82308 0.57531 -2.2256 -1.563 0.3952 1.062 1.0027 -1.3018 -2.2282 0.18079 0.67896 0.16258 -0.89229 0.53441 -0.82434 -1.0601 0.5085 1.5385 0.59334 -0.74894 -2.3157 0.34165 0.69342 0.81227 -1.5607 0.66706 0.62578 -0.33627 1.6982 2.3191 0.064436 -0.19077 -0.59275 0.27298 2.0043 -0.56142 -1.0402
1.2113 -1.0584 -0.50363 0.43831 -2.2055 -0.73781 0.72443 1.2913 0.50473 -1.2342 -0.95993 0.23662 0.87671 -0.25183 -0.74327 0.49092 -1.1 -0.5179 1.4145 1.1242 0.35262 -0.43192 -1.338 1.4549 0.35675 0.53705 -1.0648 0.63909 -0.20125 -0.55235 1.9266 1.6683 -1.0607 -0.47502 -0.095443 1.5299 1.6671 -1.4984 -0.5621
1.1755 -1.4663 -0.83545 -0.15288 -2.491 -0.53175 0.90929 0.89513 0.13855 -1.8795 -0.69752 0.41171 0.84584 -0.36265 -0.53851 0.19878 -1.2166 0.12098 2.1878 0.37842 0.10699 -0.37121 -0.33377 2.5458 -0.94459 0.53093 -0.54207 0.83316 -0.76006 -0.40846 1.4122 0.33347 -1.1375 -0.9128 0.070545 1.8935 0.19379 -2.0472 -0.3202
1.1906 -1.5188 -0.48061 -0.64705 -2.2167 0.3182 0.52488 1.265 0.41293 -1.5238 -0.067231 0.26147 0.92834 -0.50949 -0.22792 -0.23955 -1.4825 0.7979 1.877 0.011196 -0.33609 -0.48256 0.6012 1.9436 -1.8468 0.45915 -0.32996 1.1993 -0.53179 0.0099276 1.13 -0.80457 -0.40007 -1.0394 0.044494 1.5727 -1.2217 -1.515 -0.23336
0.97413 -1.5374 -0.63797 -0.93666 -1.8176 0.61363 0.38119 1.1836 0.32415 -1.0962 0.056478 -0.49703 1.0943 -0.62748 0.10863 -0.39522 -1.381 0.86986 0.91038 0.090204 -0.89612 -0.61224 0.77813 0.53439 -2.4647 0.30811 -0.24972 1.289 -0.048502 0.35465 0.66456 -1.5485 0.45949 -1.1373 0.37309 1.0794 -2.1119 -0.039679 -0.31093
0.97511 -1.5049 -0.83402 -0.80989 -1.6489 1.1563 0.36301 1.1883 0.0094678 -0.63272 1.0927 -1.7076 1.2078 -0.68008 0.74777 -0.12084 -0.9894 1.1787 0.48733 0.55381 -1.2292 -0.25186 1.4804 -0.2718 -2.0383 0.25186 -0.13938 1.036 0.4299 0.58834 0.10171 -1.5296 0.62855 -0.74638 0.89147 0.29871 -2.0751 1.587 -0.3693
0.64438 -1.2563 -1.107 -1.263 -1.185 0.54445 0.8556 0.3157 0.081196 -0.54968 0.38653 -2.2194 1.1746 -0.70253 0.92438 0.048123 -0.79516 1.1493 -0.12076 0.89649 -1.7229 0.22689 1.5415 -1.0722 -0.94156 0.10711 0.017522 0.58067 0.55953 0.51645 -0.20268 -1.0404 0.099603 0.044627 1.3319 -0.31186 -1.6288 3.0476 -0.38866
0.48276 -1.0261 -0.9253 -1.4988 -1.4806 0.096805 1.0153 -0.29975 -0.82974 -0.58532 -0.91241 -2.6872 1.1022 -0.71081 0.93082 0.25666 -0.67388 0.84613 -0.57429 0.6932 -1.4283 0.84288 0.85752 -1.8964 0.67561 -0.066287 0.25381 -0.090049 0.48541 0.40398 -0.54191 -0.59989 -0.7785 0.96476 1.244 -1.0821 -0.86805 3.2636 -0.36859
0.50526 -0.64584 -0.60582 -1.4354 -0.76961 0.62984 1.5506 -0.53904 0.42275 0.80533 -0.84792 -1.4615 1.1437 -0.58597 0.89231 0.35318 -0.57058 0.66664 -0.58048 0.18021 -0.74232 1.4618 0.41614 -2.2972 2.4941 -0.19143 0.48166 -0.52195 0.45413 0.31844 -0.54867 -0.34 -1.3453 1.7047 0.80599 -1.4782 0.040926 2.481 -0.27423
0.37361 -0.73562 -0.38853 -1.6609 -0.60917 0.44334 1.3382 -0.98919 1.1734 0.82984 -1.1479 -0.81278 1.1207 -0.31317 0.62056 0.5384 -0.34222 0.42926 -0.45324 -0.46467 0.14925 1.5772 -0.28464 -1.5999 3.0081 -0.22361 0.54122 -0.7179 0.31907 0.18239 -0.5934 -0.43234 -1.384 1.6153 -0.2369 -1.5912 0.75751 0.93332 -0.1898
0.11247 -0.70584 -0.64095 -1.6486 -0.91357 -0.057818 0.90404 -0.30308 1.4884 -0.50279 -2.1901 0.10358 1.0528 -0.091371 0.28044 0.66612 -0.36023 0.35464 -0.84952 -0.89294 0.81628 1.4347 -1.066 -1.1257 3.0319 -0.27978 0.46775 -0.39817 0.46776 0.07316 -0.4562 -0.4927 -0.79475 1.138 -1.1376 -1.2048 1.2691 -0.58973 -0.18317
0.28855 -0.48504 -0.68762 -1.6318 -0.75561 0.31171 0.60385 0.18033 1.9724 -0.15903 -2.1383 1.4971 0.9564 -0.047551 0.14016 0.63062 -0.43072 -0.082903 -1.2864 -1.2062 0.94404 0.35603 -1.8227 -0.7828 2.3337 -0.34522 0.21688 0.19841 0.50148 -0.051689 -0.23438 -0.28426 -0.11973 0.20389 -1.5885 -0.17767 1.4444 -1.3791 -0.20987
0.33312 -0.56647 -0.282 -1.7859 -0.74622 -0.24741 0.43907 0.31096 1.709 -1.0779 -1.8532 0.95807 0.91998 0.067701 0.52139 1.089 -0.38065 0.088957 -1.1272 -0.85408 1.0706 -0.22036 -1.4061 0.13917 1.5967 -0.44255 -0.12294 0.74881 0.37509 0.0060421 -0.17014 0.15197 0.26073 -0.59397 -1.5279 0.7629 1.535 -2.0001 -0.20058
0.46552 -0.69908 0.16176 -1.993 -0.72743 -0.93963 0.23996 0.66715 1.5487 -1.5275 -2.3809 1.4699 0.82685 -0.029898 0.79485 1.1659 -0.41798 0.13456 -0.87493 -0.70814 0.39039 -0.78532 -0.49978 1.0051 0.85257 -0.49919 -0.30247 0.87648 0.038543 0.20165 -0.03493 0.56783 0.1587 -0.94072 -1.0074 1.616 1.325 -2.065 -0.12877
0.29135 -0.48712 0.046584 -2.0255 -0.93083 -0.91821 0.051404 0.36839 0.96147 -1.7476 -1.8581 1.7637 0.79132 -0.31126 1.0836 1.0236 -0.34545 -0.063985 -0.77287 -0.70036 -0.11198 -1.0642 -0.092412 1.4207 -0.38969 -0.5441 -0.4068 0.59054 -0.35484 0.43091 -0.1669 0.71539 -0.41429 -1.0908 -0.50696 1.9112 1.112 -2.0541 -0.035221
0.33 0.055109 0.83975 -2.0477 -0.43616 -0.78276 0.34433 0.9073 1.1177 -1.2155 -0.99466 1.5292 0.57728 -0.37232 1.1834 0.71923 -0.064251 -0.068718 -0.37761 -1.0199 -0.35357 -1.2558 0.98784 1.5464 -0.96997 -0.5146 -0.24236 0.29077 -0.26554 0.72498 -0.083342 0.43241 -0.74676 -0.48562 0.03373 1.5102 0.69314 -1.4441 -0.061835
0.052406 0.22877 0.34044 -2.1235 -0.79985 -0.8202 -0.18606 0.14001 0.37651 -0.76392 -0.76604 1.6457 0.48949 -0.45154 1.2173 0.70288 0.25192 -0.11336 -0.0047371 -1.4376 -0.74221 -1.023 1.9516 2.3617 -1.7662 -0.49717 -0.020918 -0.085126 -0.17847 1.0095 0.018491 0.095879 -0.64527 0.18801 0.22951 0.5888 0.093247 -0.42796 -0.24362
-0.047243 0.53604 0.52273 -2.0775 -0.96212 -0.87156 -0.39099 0.0092579 0.39105 -0.69796 -0.2326 0.16731 0.38996 -0.3725 1.163 0.86788 0.63838 0.0083064 -0.43469 -1.6606 -0.28591 -0.76781 1.7184 2.0898 -1.4671 -0.62988 0.025233 -0.20593 -0.24208 1.2084 0.39671 0.093486 0.11043 0.42204 0.32376 -0.4789 -0.85853 0.26027 -0.60745
0.073266 0.34054 0.67892 -1.8312 -0.78837 -1.053 -1.0758 0.066758 -0.4064 0.36941 -0.28232 -0.23937 0.42629 -0.34995 0.95804 0.63818 1.1861 -0.066949 -0.5703 -1.5235 0.19117 -0.88045 0.80341 1.3609 -1.0399 -0.90037 0.029102 -0.42973 -0.80779 1.4239 0.66202 0.5439 1.1979 0.20852 0.21912 -1.0201 -1.7651 1.0984 -0.89409
-0.091589 0.61435 1.1158 -1.6233 -0.8943 -0.80689 -1.6117 -0.48246 0.19046 1.4953 1.4622 -0.56604 0.27722 -0.38395 0.99384 0.33285 1.7205 0.63627 0.074576 -0.79831 -0.021777 -0.71176 0.52974 0.12753 -0.80327 -1.3407 -0.27174 -0.70473 -1.3309 1.4139 0.65683 1.3101 2.2138 -0.10084 0.58882 -0.79363 -1.6615 0.99396 -0.93518
-0.11621 1.0378 1.3187 -1.1544 -0.625 -1.6655 -1.6414 0.71551 -0.047323 0.1227 0.89659 0.60969 -0.072605 -0.40011 0.64283 -0.40521 2.3626 0.78672 0.78037 0.21253 -0.49686 -0.64394 0.35134 -0.60641 0.17143 -1.6531 -0.40648 -1.0225 -1.4482 0.7409 0.90279 1.6121 2.4938 -0.14903 0.80483 -0.35521 -1.079 0.5947 -0.45382
-0.18266 1.0829 1.1425 -0.51337 -0.72663 -1.3512 -1.2983 1.1776 -0.69646 -0.64546 0.29397 0.20825 -0.56342 -0.80977 0.24401 -0.87081 2.6834 0.78603 1.4103 1.3301 -0.17454 0.25668 0.23619 -0.64383 -0.019929 -1.8342 -0.44718 -1.2615 -1.1691 -0.3482 0.62374 1.1585 1.7835 -0.19723 0.75602 0.083796 0.014058 0.15852 0.40519
-0.49707 1.2847 0.31318 -0.005915 0.2907 -0.12541 -0.96493 -0.85333 -0.76892 0.52854 -1.2417 -0.40962 -1.0235 -0.82695 -0.22622 -1.2188 2.0893 1.5132 1.8656 1.7608 -0.06012 0.20792 0.18366 -0.6663 -0.20744 -1.4222 -0.26709 -0.91162 -0.1879 -1.2918 0.53146 0.2673 0.65393 -0.026786 0.4411 -0.08192 0.60457 0.1959 1.0744
-0.36954 0.81809 0.019029 0.98811 -0.12445 0.26464 -0.12407 -1.0182 -0.6564 0.73302 -0.53819 0.38333 -1.2186 -0.92918 -0.49366 -1.2471 1.2211 1.417 1.7592 1.5334 -0.66287 0.33778 0.78998 0.19209 -0.29517 -0.77547 0.11845 -0.27968 0.86264 -1.5972 0.047182 -0.85785 -0.40247 0.14865 -0.044762 -0.48187 0.92784 0.7127 1.3546
-1.107 0.5251 0.16268 1.3301 0.004667 0.54392 0.38287 0.59843 1.0181 1.2936 0.34769 -0.58528 -1.4281 -0.79492 -0.37909 -0.54412 0.70698 1.4462 1.1112 1.2405 -0.33929 0.1643 -0.1051 0.33249 0.70529 -0.37273 0.27233 0.45034 1.2896 -1.2247 -0.53472 -1.4338 -0.92226 0.34657 -0.30644 -0.83056 0.73607 0.64408 1.023
-0.89315 0.66307 0.047663 0.33309 1.5994 0.9109 0.18298 0.24146 -0.03312 0.68232 0.64007 -0.2856 -1.0565 -0.62919 -0.11075 0.2417 0.42113 0.9076 0.11859 0.8716 0.2244 0.16042 -0.65802 0.93748 0.99274 -0.076572 0.61543 0.87291 1.1046 -0.61759 -0.76584 -1.1711 -1.2571 0.54805 -0.55736 -0.78019 0.16816 0.22415 0.4669
-1.1532 0.74362 -0.16591 0.23687 0.83514 0.12127 0.0033999 -0.6124 -0.26738 0.84295 0.54535 0.35012 -0.9459 -0.52049 0.25962 0.2088 0.22692 0.7903 -0.095832 0.46361 0.14591 -0.3422 -0.87988 0.61232 0.4752 -0.048645 0.75347 0.50533 0.67587 -0.52749 -1.5017 -0.7238 -1.3051 0.3968 0.049203 0.095191 -0.1454 -0.54865 0.30454
-1.0357 0.85904 0.46194 0.92991 1.3116 0.49928 0.45071 -0.12905 -0.84531 -1.0938 -0.57426 1.4387 -1.3093 -0.030502 0.50594 0.23547 0.32522 0.34413 0.088464 -0.29218 0.1415 -0.5471 -0.50197 0.43185 0.27477 -0.15273 1.0602 0.044881 0.42733 -0.94027 -1.7385 -0.4595 -1.4341 0.29647 0.59223 0.59419 -0.49351 -0.8872 0.47719
-1.1953 0.99575 0.5614 1.2203 0.91923 0.11736 0.53911 -0.47618 0.16927 0.33385 0.75362 0.70992 -1.2515 0.17474 0.073367 0.59293 -0.21383 -1.0205 -0.28363 -0.47565 0.45087 0.58698 0.017757 0.26285 -0.084994 0.17623 1.198 -0.406 0.41778 -1.5044 -1.9225 -0.63368 -1.2998 0.32536 0.97839 0.69271 -0.47655 -0.90832 0.77759
-1.2193 0.86771 -0.010553 1.3023 0.9821 0.51852 0.62895 0.20804 -0.66612 -0.12239 0.92304 -0.038031 -1.3315 0.81022 0.044012 0.76317 -1.0931 -1.3691 -0.68665 -1.1825 0.62279 0.84535 0.16583 0.010298 -0.5792 0.61313 0.92332 -0.50336 0.26846 -1.7694 -1.5667 -0.7941 -0.98249 0.22087 0.71797 0.049106 -0.7207 -0.7958 0.8752
-0.92305 1.1441 0.38172 0.99 1.0865 1.0053 -0.65509 0.9515 -0.053258 0.8059 1.0225 -0.28639 -1.4024 1.0789 -0.13243 0.64233 -1.8452 -1.8721 -0.94399 -1.3799 0.51309 0.87954 0.2705 -0.24083 -0.99369 0.87736 0.37264 -0.22895 0.18001 -1.3543 -0.55868 -0.53456 -0.57153 -0.14652 0.037959 -0.22487 -0.65097 -0.53456 0.5597
-0.65226 0.51138 0.91067 -0.72252 -0.58019 -0.22566 -0.36573 0.17204 1.1921 0.41807 0.38668 0.43765 -0.4351 1.0733 -0.162 0.65559 -2.1321 -2.0975 -1.127 -1.5736 0.51217 0.70635 -0.52645 -0.92691 -0.9332 0.97032 -0.43959 -0.17464 -0.060868 -0.41449 0.28699 -0.072744 0.29363 -0.43594 -0.59412 -0.26772 -0.097183 0.015119 0.067575
0.011984 0.99517 0.974 -0.74839 -0.80177 -1.0329 -1.3933 0.19073 0.50856 0.062625 -0.17265 0.088611 -0.41279 0.66908 -0.1778 0.94192 -2.1971 -1.6777 -1.1076 -1.2946 0.18347 0.70301 -0.12268 -0.72301 -1.028 0.93898 -0.85446 0.26536 -0.34364 0.79007 1.6371 0.63229 0.59278 -0.35951 -1.2094 0.039346 0.89797 0.48425 -0.58293
-0.019794 0.75323 1.0399 -0.72969 -0.90224 -0.33862 -0.66248 0.66656 0.45281 -0.46074 -0.31415 -0.46207 -0.64448 0.26929 -0.205 0.50115 -1.6763 -0.93902 -0.75664 -0.72596 -0.10585 -0.27767 -0.2162 0.03692 -0.54104 0.69342 -1.0655 0.40564 -0.64422 1.7797 2.3033 1.1285 0.99836 -0.12238 -1.1042 0.64396 1.6234 0.81823 -1.0504
-0.30723 0.84742 0.84783 -1.0585 -1.5429 -0.84835 -1.4735 0.69783 0.95592 -0.44455 -0.057776 -1.1581 -0.35582 0.034422 0.28549 0.12904 -0.59729 0.54836 0.081354 -0.78111 0.079369 -1.0642 0.1963 1.2911 -0.19495 0.029464 -0.9533 0.49464 -0.69398 2.6735 2.1213 1.1681 1.0791 0.060124 -0.76183 0.7616 1.4576 1.1219 -1.2946
-0.59085 0.68423 1.3388 -1.6707 -0.63792 -0.386 -1.2894 0.68475 0.61923 0.70703 0.28759 -1.3876 -0.33012 -0.41216 0.21578 -0.036896 0.38003 1.0093 0.44778 -0.09817 0.28911 -0.63636 0.69363 1.7042 0.33836 -0.34997 -0.6809 0.3176 -0.40489 3.0804 1.5275 1.125 1.1935 -0.042195 0.0059878 0.42829 0.31537 0.9401 -1.3202
-0.34913 0.73209 1.0426 -1.5884 -0.58162 -0.42998 -1.4405 0.24973 -0.50883 0.26408 1.1207 0.16747 -0.28694 -0.60357 0.35638 0.027853 1.7452 1.2346 0.53605 0.26497 0.070775 -0.66266 1.0547 1.7103 0.85075 -0.72639 -0.4324 -0.18286 -0.36672 2.5988 0.3808 0.57515 1.2818 -0.07919 0.65224 -0.31472 -1.0342 0.48903 -0.93622
-0.14824 1.1816 0.99506 -1.0346 0.30526 -0.42751 -1.6633 0.36039 -0.79835 0.35146 2.1333 0.26272 -0.56806 -0.56506 0.23529 -0.14237 2.8777 1.5168 1.1786 0.82466 -0.21854 -0.49551 0.27096 0.53659 0.87716 -1.1589 -0.29832 -0.49179 -0.16683 1.2891 -0.050058 0.5335 1.033 0.11735 0.85294 -1.0567 -1.8189 -0.11299 -0.45116
-0.64364 1.1036 0.86796 0.37342 0.14577 -0.20079 -0.912 1.2589 0.2647 0.91763 1.5145 -0.11518 -1.0874 -0.62282 -0.0084506 -0.44777 2.9856 0.99365 0.81606 0.98559 0.14325 0.13434 -0.27193 -0.43763 0.54037 -1.1485 -0.38766 -0.8204 -0.073475 -0.9683 -0.23232 0.52147 0.50896 0.23744 0.84178 -1.4027 -1.7691 -0.38849 0.30717
-1.0532 1.0067 1.1874 1.5381 0.19627 0.33123 -0.36226 0.61469 -0.24444 1.2359 1.7475 0.12073 -1.3294 -0.90978 -0.35508 -0.090537 2.1616 1.0398 1.3274 1.3343 0.4505 0.63347 -0.91626 -1.2914 0.24862 -0.90298 -0.44996 -0.99484 0.27078 -2.8685 -0.46321 -0.0073506 -0.27366 0.21384 0.6217 -0.99912 -0.56558 -0.2001 1.1901
-0.93957 0.89677 0.74475 1.8166 0.78037 0.96146 -0.60075 -0.041166 0.052338 -0.3815 -0.000642 -0.18417 -1.423 -1.0893 -0.60069 -0.13161 0.31656 1.0494 1.458 0.88605 0.17072 0.41897 -1.3682 -1.3339 0.3482 -0.33901 -0.18426 -0.86808 0.42393 -3.5295 -0.66747 -0.45028 -0.58497 -0.033118 0.40447 -0.4132 0.52013 0.070164 1.7334
-1.0414 0.6145 0.65748 1.0829 0.53102 0.077521 -0.29463 1.1741 0.38044 0.19262 0.19776 0.051841 -1.3012 -1.0951 -0.98572 0.14829 -1.1 0.64235 0.83216 0.38107 0.15565 0.57035 -1.3305 -0.27856 0.54748 0.44126 0.10948 -0.50828 0.44108 -2.7821 -1.2471 -1.0758 -0.54721 -0.45122 0.28269 0.63269 1.1927 -0.041068 1.7472
-1.333 0.58291 1.1405 0.77479 1.1924 1.5059 0.22758 1.2253 0.3176 -1.3702 0.08548 0.85843 -1.2439 -0.84476 -1.0178 0.14061 -1.9222 -0.028278 0.18237 0.4242 0.19159 0.9418 -0.95589 0.22372 0.52619 1.1009 0.35495 -0.045128 0.26391 -0.91972 -1.3853 -1.1486 -0.0882 -1.0226 0.16769 1.2191 1.0254 -0.28114 1.2578
-1.7035 0.65375 0.74734 -0.53366 1.6517 1.4388 -0.656 0.63949 -0.025373 -1.0172 0.67916 0.37911 -1.055 -0.85063 -0.92484 0.51016 -1.871 -0.70353 -0.12477 0.59328 -0.48352 0.9056 0.23297 0.60345 0.063979 1.3218 0.61775 0.51077 -0.45932 0.72929 -0.96151 -1.066 0.16936 -1.4298 -0.09239 1.4288 0.443 -0.86444 0.51412
-2.1007 -0.20419 1.2941 -0.075386 0.35272 0.55539 -0.21062 1.2288 1.4173 -0.40334 1.5794 0.53805 -0.56193 -0.61559 -0.70617 0.12458 -0.99443 -0.81292 -0.29415 0.61107 -1.5601 0.55604 0.46501 0.52422 -0.0040351 1.3398 0.83663 0.81269 -0.68074 1.5432 -0.044975 -0.74433 0.20065 -1.0222 -0.56571 0.66641 0.23916 -1.2367 -0.19145
-1.6159 0.026358 1.042 -0.46059 0.036423 0.53321 0.36586 0.43731 1.277 -0.61328 1.0121 0.65719 -0.076093 -0.16992 -0.37246 -0.62987 -0.20083 -0.72448 -1.0006 0.56938 -1.8218 0.55038 1.0244 0.56626 -0.99219 1.1863 0.96727 1.067 -0.61789 1.4769 0.96433 -0.093335 -0.11582 0.33863 -1.2037 -0.40996 0.017587 -1.0484 -0.84572
-1.869 0.0049933 1.3578 -0.56899 -0.076926 0.74933 0.31023 -0.60801 1.2956 0.37708 0.2662 -0.35244 -0.17544 0.22432 -0.066455 -0.45008 0.11598 -0.098486 -0.82925 0.77265 -1.1889 -0.035331 0.076195 0.78096 -1.5233 0.84275 0.69745 0.96821 0.12451 1.1478 1.191 0.47499 -0.55498 1.5669 -1.3269 -0.80549 -0.13324 -0.58521 -1.509
-1.8458 0.027284 0.63606 -0.014603 0.22266 0.32206 0.55039 -1.0617 0.64633 -0.014703 1.101 0.74797 -0.017004 0.35948 0.36901 -0.25691 0.32387 0.70694 -0.048816 0.2953 -0.035149 -1.223 -0.45677 0.5176 -1.3631 0.14058 0.39538 0.84672 0.95512 1.0486 0.62539 0.69143 -0.78108 1.9975 -1.099 -0.72149 -0.51444 0.28204 -1.8638
-1.6214 0.30561 0.047583 0.18955 0.77807 0.2205 0.40723 -1.1538 1.2485 0.1159 1.4685 -1.2438 -0.0075055 0.29412 0.38676 0.13943 0.88279 0.65425 0.13655 -0.23743 0.60271 -1.2268 -0.52811 0.25335 -1.0438 -0.68616 0.34932 0.65495 1.0298 1.1276 -0.40047 0.42891 -1.0075 1.4255 -0.14967 0.31973 -1.1153 0.72477 -1.8125
-1.5213 0.19859 0.89369 -0.63782 1.0896 0.10759 0.43383 0.053382 0.20206 -1.3899 2.4189 -1.7638 0.018553 0.45946 0.68011 0.68165 1.3712 0.046126 -0.15868 -0.3067 1.1876 -1.0698 -0.22673 -0.3187 -0.6569 -1.1966 0.34317 0.30869 0.6457 0.97819 -1.1559 0.28845 -0.53412 0.68981 0.66872 0.77426 -1.4057 1.3315 -1.3188
-1.5705 0.19189 1.3598 0.42109 0.81367 0.94113 0.32221 1.6379 -0.85247 -0.88554 1.361 -0.50518 -0.43302 0.76081 0.76599 0.81319 1.6943 -0.49979 0.043232 -0.70368 0.97712 -0.43877 0.64434 -1.2951 -0.38231 -1.5494 0.41513 0.19096 -0.26405 0.46733 -1.0421 0.64889 -0.23695 -0.30186 0.9292 0.99219 -1.0892 1.4638 -0.55362
-1.3685 0.48536 1.2033 0.82067 0.49287 0.77084 -0.056095 0.0020568 -0.15408 -0.56877 0.38601 -0.66831 -1.0986 0.70223 0.64161 0.48911 1.743 -0.83117 0.54397 -0.42063 1.1042 -0.3153 0.61645 -1.8526 1.0598 -1.6556 0.15098 -0.16279 -0.91351 -0.42975 -0.44601 0.74281 -0.21137 -0.94029 0.86491 0.40996 0.10507 0.82336 0.23848
-1.3431 0.86735 1.7736 1.4938 -0.18655 -0.082636 0.15181 0.52698 -0.09756 0.53712 0.072422 -1.0833 -1.378 0.87035 0.68946 -0.22018 1.5739 -0.81389 1.0279 -0.6096 0.015373 0.21604 1.1778 -1.4155 1.126 -1.3936 0.24914 -1.1511 -1.7755 -1.3274 -0.15167 0.16929 0.10081 -0.65845 0.5477 -0.26448 1.0684 0.26959 1.4278
-0.66236 0.83023 0.852 1.964 0.018804 0.41166 -0.49945 0.12709 0.57975 0.94693 -0.12936 -0.55981 -1.4068 0.65622 0.46467 -0.35608 0.64397 -0.61194 0.77312 -0.73811 -0.21958 0.29492 0.38348 -0.020102 0.28766 -0.87503 0.78295 -2.1941 -2.3293 -2.099 -0.3856 -0.76105 0.047703 -0.64003 0.31504 -0.70695 1.1236 -0.20566 2.5096
-0.95861 0.72501 0.81987 1.5276 0.094655 1.4625 0.26775 1.7509 -0.035427 -0.46597 -0.45945 0.42612 -1.6019 1.2011 -0.89991 -1.7767 -0.20912 -0.88549 0.24453 -0.38312 0.30675 0.31702 0.18916 0.18417 0.55301 0.46633 1.1663 -2.6121 -1.6904 -2.2842 -0.7297 -1.5981 0.43647 -0.23299 -0.020985 -0.96918 0.43186 -0.12516 2.9405
-0.54161 0.87365 0.96753 1.3401 0.031977 1.9446 -0.57772 0.023389 -0.067343 0.60261 0.70269 0.0020345 -1.5058 1.8556 -1.9019 -2.6818 -1.2501 -1.4999 -0.54621 -0.46496 -0.33745 0.23213 -0.41125 -0.13348 0.90905 1.6455 1.226 -2.188 -0.99317 -1.7365 -0.9642 -1.9229 0.5928 -0.39633 0.032523 -0.73557 -0.2881 0.25675 2.5813
-1.024 0.75108 1.1854 1.3261 -0.25041 1.2023 -0.82083 0.76397 -0.21806 -0.43265 1.273 -0.84348 -1.5961 2.2368 -2.1002 -1.9257 -1.7072 -1.7046 -1.4117 0.0029095 -0.41893 0.17668 -0.51006 -0.38865 0.54513 2.3041 0.41229 -0.80584 0.51063 -1.036 -0.47473 -1.3801 0.86524 0.054403 0.084943 -0.99472 -0.50351 0.35541 1.4098
0.61494 -0.95626 -1.6676 0.72036 -1.3119 -0.088241 -0.12518 0.63373 0.90898 0.63257 -0.29976 0.1695 -0.10865 2.2054 -2.264 -1.9707 -1.8189 -1.9665 -2.1257 0.091469 -0.67208 0.40081 -0.85041 -0.37564 0.81416 2.5581 -0.61933 0.54505 1.4711 -0.2836 0.44392 -0.08667 1.1137 0.96855 -0.0031574 -0.96473 0.037305 0.41423 0.13436
1.2774 -1.1257 -1.5336 -0.083221 -2.297 -0.72516 -0.6418 -0.20379 0.30311 -0.24377 -0.69323 0.80784 0.60636 1.7191 -1.949 -1.2778 -1.837 -1.5199 -1.6437 0.83792 0.54757 0.37271 -1.7314 -0.81904 1.3278 2.3856 -1.754 1.6689 1.9734 0.25004 1.2916 1.2893 0.84479 1.446 -0.34272 -0.99256 0.97208 0.098908 -1.1307
1.6185 -0.83195 -0.19534 -0.13054 -1.4745 -0.23438 -0.017039 0.31795 0.4522 -0.42416 -0.49839 0.29781 0.6465 1.0651 -1.1564 -0.5267 -1.7015 -0.77755 -0.60893 1.0514 1.0555 0.098833 -1.8763 0.16838 1.3672 1.8285 -2.2378 2.1309 1.817 0.56988 1.6939 1.9014 0.57705 1.4233 -0.66047 -0.31656 1.5351 -0.77995 -1.7974
0.93301 -1.2915 -1.0748 -0.61735 -2.2958 -0.64305 0.037932 0.38784 0.41659 -1.862 0.16608 1.4276 0.65966 -0.1587 -0.12634 0.68089 -1.2921 0.068053 0.31008 0.98641 1.5351 -0.38333 -2.1326 1.5191 0.46354 0.7584 -1.9263 1.8204 0.73224 0.58242 1.1572 1.3444 -0.23778 0.23137 -0.70635 0.81364 1.2755 -1.5376 -1.7396
1.0161 -1.0599 -0.33675 -0.71147 -1.7042 -0.019452 0.50725 1.6867 0.56515 -2.1926 -0.29211 1.3039 0.87089 -0.63838 0.053846 0.114 -1.024 0.34338 0.56024 1.0123 1.607 -0.56448 -1.3333 1.8958 -0.38312 0.33636 -0.96479 1.2978 0.20948 0.53542 0.51611 0.6311 -0.94991 -0.84741 -0.40001 1.865 -0.2164 -2.1188 -1.2465
0.80765 -1.0568 -0.81366 -0.90497 -1.6091 -0.058047 0.65066 2.3367 0.20639 -2.4527 1.339 1.1374 0.90142 -0.68577 0.20356 -0.36888 -1.0851 0.040619 0.35837 0.42693 0.6943 -0.73025 -0.25884 1.1765 -0.99926 0.19391 -0.019501 0.76626 -0.044628 0.49544 0.00036524 -0.16907 -1.5144 -1.8749 0.42823 2.534 -1.722 -1.632 -0.708
0.84369 -1.141 -0.87044 -1.0943 -1.5662 0.034154 0.82831 2.0554 -0.011171 -2.3542 1.5841 0.60608 0.93676 -0.30409 0.64283 0.34324 -0.80161 0.18302 0.57516 -0.34533 -0.22897 -0.55271 1.1891 -0.14172 -2.3099 0.0048769 0.34303 0.88399 0.78272 0.628 -0.017541 -0.74082 -1.6866 -2.419 1.0856 2.2415 -2.7351 -0.63644 -0.68702
0.66099 -0.91225 -0.9681 -1.3723 -1.7681 0.036613 0.63191 1.7248 -0.70822 -1.9194 1.6576 -0.1383 0.91897 -0.36223 0.73618 0.48152 -0.47413 0.15059 -0.035308 -0.99888 -1.2779 0.43396 2.0453 -1.3149 -1.9712 -0.27322 0.1018 1.1007 1.4027 1.0392 0.27993 -0.82091 -1.3971 -2.0788 1.3226 1.3336 -2.1254 0.66747 -0.98787
0.59471 -0.7225 -0.76135 -1.6476 -1.8013 0.029366 0.35317 0.94743 -0.40183 -0.95108 0.44098 -0.59403 0.79192 -0.2243 1.1233 1.0035 -0.15442 0.25796 -0.68567 -1.2403 -2.2108 0.98467 2.3256 -2.9797 -1.2287 -0.59204 -0.57592 0.96188 1.1621 1.4528 0.84329 -0.47323 -0.40643 -1.2746 1.0363 0.2492 -0.55248 2.313 -1.1868
0.708 -0.49695 -0.12225 -1.4262 -1.8128 0.45829 -0.52128 0.61139 0.004595 -0.063438 -0.74858 -1.8817 0.71966 -0.55719 1.6281 1.6643 0.52933 0.51747 -0.60871 -1.5846 -2.448 1.1041 2.0337 -2.1606 -0.16474 -1.1772 -1.2732 0.72182 0.63181 1.3539 1.4427 0.13764 0.9233 0.021481 0.1453 -0.5632 1.3065 2.88 -1.0808
0.5029 -0.34935 0.034594 -1.1223 -1.1918 -0.40953 -0.5257 0.3279 1.8831 0.57503 -1.4013 -0.55129 0.5724 -1.1827 1.6509 1.7083 1.402 1.5456 -0.063822 -0.77813 -2.1913 1.1455 1.7265 -0.9528 1.5777 -1.5484 -1.6924 -0.067636 -0.49508 0.68637 1.5986 0.45842 2.0309 1.0083 -0.53141 -1.1186 2.6091 2.6586 -0.45978
0.61233 0.14583 0.11575 -1.1805 -1.3237 -1.2424 -0.51673 -1.158 1.1069 0.46668 -2.3864 -0.17392 0.19121 -2.0367 1.5619 1.1885 1.2695 2.1505 -0.09152 0.37087 -1.2791 0.61371 1.1316 0.60024 2.5935 -1.6214 -1.2283 -0.75912 -1.1764 -0.14679 1.153 0.40468 2.3847 1.4664 -0.95612 -1.5381 2.0448 1.0284 0.53271
-0.11742 0.73974 1.1542 -0.36082 -1.0092 -0.15357 -1.2546 -1.3774 0.71038 0.34719 0.16528 0.24999 -0.53677 -2.3461 1.0472 0.39467 0.7589 2.3707 -0.069688 1.3207 -0.84077 0.14338 0.37054 1.4852 2.9006 -1.1485 -0.26288 -1.1312 -1.3385 -0.5824 0.18356 0.096904 1.4578 1.3351 -0.66557 -1.6341 1.0126 -0.7991 1.3164
-1.0164 0.6472 0.76778 0.4457 0.72205 0.62136 0.17025 -1.1081 0.97739 1.1129 0.29627 2.1283 -0.6932 -2.0532 0.77076 0.32203 0.58848 2.218 0.16495 1.5236 -0.26531 -0.32652 -0.59554 1.202 1.2981 -0.48127 1.0522 -1.2579 -1.1024 -0.64531 -0.71741 -0.31889 0.22673 0.88077 -0.055029 -1.4041 -0.50624 -2.07 1.6976
-1.8167 0.75184 0.42226 -0.653 0.87937 -0.32381 0.89645 -0.21888 0.83369 1.0086 0.52292 2.0585 -0.69695 -1.6218 0.32227 -0.13169 0.67192 1.8497 -0.016055 1.1815 -0.099168 0.26211 -0.92338 1.0168 0.55619 0.099495 1.9168 -0.89544 -0.41849 -0.37667 -1.6414 -0.80355 -0.59212 0.53497 0.073998 -0.88617 -0.94237 -2.3154 1.412
-1.5441 0.34373 0.11319 -0.79193 1.011 -0.33588 0.95871 -0.91674 1.0895 0.30096 0.30788 1.8675 -0.12161 -0.62544 0.0078118 -0.4222 0.12566 1.0989 -0.74577 0.82258 0.053201 0.41584 -1.2409 -0.29594 -0.54164 0.61567 2.1172 -0.20319 0.2461 0.0085956 -1.8479 -0.72438 -0.68872 -0.2294 -0.1452 -0.078805 -0.67611 -1.0984 0.61862
-1.2915 0.79567 0.85984 -0.13089 1.1932 -0.60671 0.83581 -0.77564 1.0457 -0.95001 -0.70174 0.2796 0.0064338 0.17357 0.062494 0.049661 0.30138 -0.073956 -1.1783 0.62068 0.021149 -0.10954 -1.2138 0.12724 -0.99621 0.68233 1.5371 0.51901 0.90018 0.35757 -1.4734 -0.036481 -0.44838 -0.34902 -0.55907 0.68214 -0.18992 -0.31034 -0.38655
-1.4274 0.74288 0.28732 0.39642 0.92151 -0.63044 0.20611 -1.7985 1.4787 -0.58796 0.39813 1.0851 -0.18456 0.6211 0.5856 0.63836 0.79964 -0.20262 -0.66489 0.58452 -0.81163 -0.45863 -0.62319 0.136 -0.21616 0.26806 0.42966 0.65143 0.90634 0.41395 -0.68866 0.86357 -0.13855 -0.34149 -0.47354 1.4351 0.3401 0.79859 -1.0317
-1.1692 0.6702 0.5592 -0.26178 1.0114 -0.68375 0.40456 -0.55776 1.3144 -0.80668 -0.15096 0.35861 -0.040381 0.34736 0.81495 0.85136 1.0083 -0.19621 -0.13823 0.5015 -0.3888 -0.44218 0.22935 0.37868 -0.26114 -0.38174 -0.3008 0.34438 0.49583 0.20664 0.39052 1.3391 0.1645 0.34129 -0.12118 1.4892 -0.32297 1.0539 -1.0999
-1.156 0.66861 0.70431 0.37557 0.49808 -1.3588 2.009 -0.488 0.25028 -0.25718 0.98311 1.3606 0.075362 0.0098241 0.61423 0.70071 0.55018 -0.099434 0.39164 0.62521 -0.44902 -0.38918 1.1164 0.34301 0.73813 -0.59581 -0.54222 -0.40651 -0.15639 0.19711 0.48499 1.1718 -0.050368 0.83263 0.1192 1.0877 -0.58536 0.64388 -0.90636
-0.95538 1.5493 1.2813 0.18186 0.85024 -0.91449 1.5278 -2.3865 0.17235 -0.14752 0.17597 1.8934 -0.34411 -0.032219 0.56458 0.84788 0.81944 0.59131 0.86975 0.87359 0.47909 -0.41442 1.1116 -0.6963 0.70388 -0.74427 -0.21543 -0.96602 -0.76289 0.21406 0.18535 0.90567 -0.87937 1.1381 0.46224 0.4007 -0.71142 -0.14166 -0.6553
-1.2054 1.2207 1.2322 0.98764 0.96237 -0.13983 0.9185 -1.1194 0.99019 0.19078 0.34455 0.12592 -0.63025 -0.10826 0.087008 0.36632 1.2697 0.29348 1.0841 0.29579 0.36258 -0.2643 1.2685 -0.63407 0.62751 -1.0827 0.16582 -1.2158 -1.176 0.01149 -0.73701 0.17586 -1.2702 1.2597 0.4911 -0.38982 -0.25952 -0.98259 -0.24106
-1.4834 1.2041 1.2551 0.40461 1.0012 -0.056052 1.2554 -1.5966 0.79076 0.94321 -0.036091 1.9923 -0.62126 0.039127 -0.39479 -0.28109 1.0556 -0.05154 1.2544 -0.8869 1.4159 0.38622 1.0104 -0.72262 -0.51027 -1.2468 0.528 -0.8211 -1.23 -0.68471 -1.3624 -0.42886 -1.3686 0.36715 0.14465 -0.98911 0.29145 -1.1365 0.26266
-1.2522 1.1401 1.1801 1.3568 1.9826 0.2955 1.767 0.25477 0.55807 0.71685 -0.99653 1.9184 -0.84502 0.25075 -0.75875 -0.7332 0.46334 -1.126 0.52792 -0.73143 1.5329 0.15878 0.32611 -0.2218 -0.70485 -0.75415 0.7518 -0.11176 -0.57577 -0.81438 -1.0544 -0.76395 -1.0559 -0.061223 -0.36212 -1.167 0.78069 -1.1263 0.6318
-1.1208 0.61184 0.91057 1.5066 0.56497 0.10378 1.2681 -0.43313 0.24738 1.172 -0.15553 1.2996 -1.2028 0.67652 -0.26585 -0.69202 -0.037834 -1.1922 0.30788 -1.0219 0.58419 -0.3671 -0.54534 -0.2467 -0.99945 -0.46832 0.57192 0.52676 0.10279 -0.73348 -0.47942 -0.61297 -0.59204 -1.1906 -0.78962 -0.7188 0.98727 -0.32352 0.78049
-0.94853 0.65802 0.45521 1.4438 0.22872 0.33208 0.15013 1.05 1.2807 1.0693 0.062712 0.046888 -1.4329 0.83923 -0.15368 -0.41136 0.3154 -1.0654 0.069871 -1.4987 0.62395 -0.63725 -0.4638 0.87917 -1.4764 -0.40891 0.25035 0.83136 0.59916 -0.34521 0.67612 0.088043 -0.11955 -1.0895 -0.82782 -0.30406 0.48286 0.11496 0.60887
-0.77346 0.85257 0.58107 0.41666 -0.85529 -0.2108 0.59698 -0.65418 0.53957 -0.045638 -0.090954 0.64462 -0.91521 0.70729 0.096018 -0.27741 -0.22135 -0.95813 0.28768 -1.5537 -0.51132 -0.81608 -0.14214 0.94066 -0.80645 -0.10554 -0.15188 0.42042 0.83255 -0.12261 0.9761 0.32309 0.85741 -0.63423 -0.65285 -0.012669 0.18897 0.80502 0.50888
-0.51633 1.1683 0.66475 0.86832 0.3079 0.58555 -0.12209 -0.62149 0.009534 -0.56384 -0.52096 -0.52059 -1.0438 0.6547 0.31617 0.063685 -0.075452 -0.0031826 0.6969 -0.68926 -0.10156 -1.2931 -0.53217 0.26885 -0.57311 0.088753 -0.40956 -0.0036948 0.64454 0.041807 0.9308 0.24774 1.3411 0.011183 -0.11916 0.18016 -0.29016 1.0088 0.27729
-0.52439 0.84463 0.95877 1.708 0.37629 0.016962 -0.2316 0.54366 -0.50935 1.0993 1.5352 0.63759 -1.2873 0.50885 0.1311 0.4694 -0.059958 0.065914 0.60744 0.058981 -0.33752 -1.3673 -0.54195 0.48474 0.20958 0.13845 -0.39355 -0.35554 0.20017 0.24184 0.35315 -0.23372 1.1105 0.84007 0.38967 0.16722 -0.46111 0.67672 0.029868
-0.47312 0.97079 0.57114 0.97009 0.088956 0.86315 -0.22237 -0.95987 -0.51978 0.96655 0.11504 0.79703 -1.0962 0.24334 -0.18335 0.29616 0.32221 0.12882 0.37746 0.026824 0.52533 -0.62774 0.11948 0.46056 0.099304 -0.066013 -0.40075 -0.38958 -0.24295 -0.020212 -0.11643 -0.37726 0.23095 0.44899 0.91795 0.098489 -0.8248 0.12857 -0.091578
-0.29759 0.92899 0.81867 1.2355 0.2281 1.0811 0.43796 0.32644 -1.3761 -0.40637 -0.15552 -0.4459 -1.1449 0.2449 -0.2006 -0.064333 0.038456 -0.37571 -0.015473 0.016695 0.79808 -0.4023 -0.11237 -0.18455 0.25167 0.019326 -0.35834 -0.10114 -0.45392 0.033542 0.024567 -0.26479 -0.4521 0.1725 1.2194 0.16595 -0.85352 -0.39631 -0.17313
-0.32748 0.88733 1.1747 0.73812 -0.29728 0.60782 0.42837 -0.21305 -0.62096 -0.48872 0.94218 0.77774 -1.018 0.10645 -0.11605 -0.089643 -0.15222 0.0060901 0.26814 -0.2786 0.18228 0.02211 -0.539 -1.2402 -0.33767 -0.0090907 -0.3372 0.10121 -0.50693 -0.071516 0.18304 -0.050605 -0.59076 -0.51975 1.0347 0.27758 -0.25628 -0.13636 -0.10655
-0.51462 0.70189 0.82048 1.2888 -0.14915 0.19228 0.08144 0.40221 -0.29632 0.68151 0.49281 0.34505 -1.0894 -0.031308 -0.062639 -0.11475 0.24943 0.17396 0.1392 -0.59386 0.14039 0.70533 0.14016 -0.57289 -0.40499 -0.18499 -0.2959 0.20287 -0.48441 0.15164 0.46353 0.10178 -0.20497 -0.37584 0.7793 0.40873 0.28478 -0.21105 -0.22007
-0.10817 0.95264 0.435 1.2933 -0.0024744 0.54574 -0.49329 1.1055 -1.0922 -0.073011 -0.51502 0.21484 -1.1637 -0.19147 -0.10516 -0.54534 0.093969 0.19087 0.1911 -0.71605 -0.20455 0.84845 0.58586 0.084004 0.13419 -0.14652 -0.2185 0.22306 -0.38852 0.044229 0.39147 0.10684 0.58348 -0.063734 0.26199 0.20762 0.58977 0.074977 -0.20022
-0.48886 0.73477 0.8823 1.1669 0.56264 1.0803 -0.46713 -0.38884 -0.4424 0.14833 -0.97968 0.022893 -1.2718 -0.1093 0.095485 -0.6651 0.20664 0.38245 0.20846 -0.13776 0.21656 0.70631 0.19953 -0.20586 -0.43274 -0.28615 -0.27985 0.1249 -0.11135 -0.21144 0.17868 0.01386 1.0425 0.14495 -0.11559 -0.19137 0.33629 0.49842 -0.11069
-0.46768 0.96989 0.56315 1.3151 0.11422 1.1837 -0.47598 -0.54889 0.73219 0.78241 -0.11118 -0.21247 -1.2783 -0.227 0.13709 -0.48089 -0.038833 0.62045 0.42871 0.49964 -0.015271 0.51398 -0.12633 -0.10002 -0.17855 -0.2992 -0.15598 0.066485 0.26323 -0.011916 0.04844 -0.089506 0.78635 0.74841 -0.13367 -0.27547 0.23914 0.62451 -0.047112
-0.55868 0.68347 0.21313 1.0692 0.098027 0.80361 -0.1844 0.39678 -0.16187 0.30183 1.2108 0.60179 -1.1592 -0.48959 -0.0006199 -0.34459 -0.066532 0.28808 0.035932 0.60762 0.29781 0.61355 0.081636 0.27526 0.77559 -0.2983 -0.077597 -0.12409 0.54908 0.063902 -0.14306 0.064728 0.19228 0.62456 -0.17974 -0.26922 -0.026765 0.91038 0.10381
-0.37187 1.0489 0.32719 1.2772 0.27649 0.4245 0.34594 0.89037 0.40105 -0.056177 -0.13091 -0.19555 -1.4235 -0.26819 0.037331 -0.26962 0.21838 0.32845 0.093169 0.27249 1.1969 0.59984 0.049541 0.38205 0.81597 -0.22283 0.085461 -0.19961 0.51322 0.22694 -0.37853 0.23916 -0.3501 0.19252 -0.44144 -0.23427 -0.37085 0.24669 0.14992
-0.72741 0.87923 0.23961 1.2479 1.0891 1.2398 0.44604 0.30054 -0.13625 0.31334 -0.72209 0.030256 -1.4666 -0.2232 -0.049582 0.14874 0.20653 0.26814 0.49007 0.29767 0.80832 0.27671 -0.47024 -0.50369 0.94936 -0.15211 0.17562 -0.31741 0.28708 0.11079 -0.48205 0.41639 -0.49268 -0.54288 -0.97612 -0.30294 -0.23475 -0.51307 0.22601
-0.87988 0.8248 0.31337 1.1131 0.17492 0.78654 -0.1422 0.90081 0.30686 0.28237 -0.089234 1.8701 -1.4968 -0.21932 -0.14804 0.13127 0.25563 -0.061105 0.65253 0.027519 0.075337 -0.22505 -0.35716 -0.5378 0.23626 -0.12228 0.13518 -0.3523 -0.0023883 -0.091865 -0.70092 0.034141 -0.28349 -0.99925 -1.2033 -0.23311 0.13234 -0.93632 0.2065
-0.64605 0.82432 0.54714 1.6651 0.85769 1.4075 -0.33485 1.4729 1.2918 0.58783 0.47415 0.57806 -1.4045 -0.22088 -0.39641 -0.06871 0.13034 -0.39824 0.5496 -0.14644 -0.24575 -0.94546 -0.36928 0.21268 -0.0099667 0.029807 0.1584 -0.22459 -0.35753 -0.14502 -0.45802 -0.33635 -0.048541 -0.78048 -1.151 -0.0024893 0.43706 -1.2462 0.1392
-0.64491 0.86385 0.61055 1.3723 0.18285 1.6568 0.40224 0.63535 0.46285 -0.63994 -0.74425 1.156 -1.3488 -0.044499 -0.33072 -0.1742 0.095964 -0.62029 0.11813 -0.016016 -0.28035 -1.2125 -0.50522 0.32332 -0.65837 0.031684 0.15596 -0.069756 -0.32897 -0.15625 -0.095838 -0.3995 0.22301 -0.40506 -0.80236 -0.02902 0.22313 -0.9739 0.067901
-0.80139 0.57413 0.15551 1.3633 0.098349 1.2454 0.11437 0.40051 -1.2387 -0.25199 0.036183 0.018846 -1.4365 -0.046547 -0.30579 -0.31253 0.027222 -0.28937 0.096089 0.21995 -0.58672 -1.549 -0.40514 0.04753 -1.2005 0.0028469 0.10467 0.072183 -0.17956 -0.079461 0.14888 -0.23458 0.28517 -0.23346 -0.37324 0.008265 -0.13674 -0.6991 -0.022802
