39 271
-0.84434 0.9892 0.0068162 0.18409 -0.14415 0.44116 1.2957 1.6393 -0.27042 -0.18975 1.7242 1.7647 -1.4813 0.089991 0.22177 0.96446 1.809 0.99975 1.0216 -0.933 0.11045 0.45457 0.64792 -1.6514 -0.97609 -0.22469 -0.2593 -0.35066 -0.21795 -0.24876 -0.23195 -0.20814 0.21048 -0.37917 -0.77567 -0.2981 -0.10585 -0.48498 0.0067911
-1.0751 1.1449 0.99464 1.226 -0.20761 1.1198 0.30069 1.2757 0.33683 0.23817 1.8762 1.9454 -1.6206 -0.061311 -0.098718 0.89767 1.7723 0.95456 0.97296 -0.92501 -0.016729 -0.043197 0.78418 -1.8372 -1.3271 -0.2259 -0.33593 -0.42565 -0.49469 -0.82704 -0.79876 -0.65979 0.3307 -0.49366 -1.433 -0.54007 0.025771 -0.51212 0.068629
-0.58875 1.2966 0.51774 1.7803 0.78412 1.0977 0.26987 1.4706 0.97113 0.84456 -0.47731 -0.19517 -1.6675 -0.32408 -0.22319 0.57609 1.3081 0.56446 0.59777 -0.52339 -0.5939 -0.8774 -0.033 -1.738 -1.7623 -0.20836 -0.18829 -0.33358 -0.93668 -1.3891 -1.2792 -1.1321 0.56654 -0.54461 -1.5075 -0.67604 0.49112 -0.013766 0.17528
-0.76485 1.1181 1.2484 1.9344 1.1841 1.8239 0.107 2.0776 -0.26352 0.3123 -0.44849 0.85651 -1.6824 -0.33604 -0.29013 0.22459 0.41506 -0.31264 -0.12109 -0.49224 -0.53161 -1.7928 -0.1056 -1.5218 -1.5999 -0.10901 -0.0017708 -0.0090718 -0.86836 -1.5021 -1.4173 -1.0869 0.66658 -0.37519 -0.64505 -0.35116 1.3151 0.87859 0.26707
-1.1165 0.62713 0.78869 1.5832 0.50015 1.2495 0.24448 1.3533 -0.79837 0.74251 -0.085864 0.10443 -1.6588 -0.12955 -0.2583 -0.45125 -0.25042 -0.80542 -0.73376 -0.048762 -0.72703 -1.735 -0.27155 -0.78322 -0.84339 0.027179 0.26937 0.34178 -0.62067 -0.7931 -0.5375 -0.66918 0.59905 -0.038451 0.75118 0.46101 1.7382 1.2652 0.26649
-1.4334 0.84857 0.54738 1.3075 0.053145 0.86302 0.81195 0.35682 -1.7493 -0.8884 -0.071506 -0.63268 -1.6873 -0.1666 -0.09791 -0.21444 -0.40637 -1.0605 -0.57305 0.13133 -0.71025 -0.93043 0.18515 0.37504 0.023984 0.12715 0.36617 0.64028 0.013319 0.40168 0.71872 0.12741 0.21741 0.21963 1.6346 0.74976 1.4532 1.1943 0.13311
-1.1209 0.9021 0.66863 0.93797 -0.81546 0.31339 -0.2132 1.2099 -2.4294 0.39504 -0.41667 -0.12972 -1.622 0.090358 0.26836 -0.37165 0.14036 -0.097482 -0.54965 0.32818 -0.59912 0.20591 0.71838 0.85743 0.022271 0.14337 0.13556 0.48803 0.45272 0.8768 1.3971 0.54957 -0.49638 0.57652 1.7228 0.653 0.89434 0.95186 -0.058272
-0.76991 1.0455 0.25032 1.5841 -0.30185 0.48406 0.24533 0.55066 -0.90728 0.39984 0.0021265 0.53277 -1.6087 0.23422 0.54842 0.19116 0.96591 0.67374 0.01216 -0.25375 -0.18002 0.54215 0.87039 0.62614 0.41961 0.069484 -0.16572 -0.30806 0.28048 0.010979 1.5579 0.30837 -0.65903 0.42371 1.3476 -0.24556 0.19596 0.46237 0.23486
-0.93153 1.0811 0.81225 1.5459 0.18632 1.1469 0.60775 1.0976 -0.20912 1.2938 0.13499 0.12267 -1.5247 -0.081103 0.25814 0.16573 0.73411 0.95099 0.046174 -0.80656 0.12875 1.0129 0.66437 0.93125 0.91828 -0.042031 -0.38669 -1.1143 0.03185 -1.7849 0.65701 -0.40829 -0.75235 -0.2195 0.52683 -1.4066 -0.32618 -0.2585 1.0181
-0.93566 1.2168 0.6111 2.133 1.3323 0.90954 0.79027 0.96717 -0.47273 0.99307 1.2277 0.4761 -1.5672 -0.39555 -0.62461 0.017802 -0.71717 1.3431 -0.28249 -0.56548 -0.25531 1.3897 -0.29617 0.76806 0.54029 0.63433 -0.23316 -1.4921 -0.42244 -2.9634 -0.351 -0.97715 -0.42545 -1.1595 0.027221 -2.0959 -0.61071 -1.2949 1.7166
-1.0459 1.2778 1.0864 2.5289 0.61384 0.95992 -0.63514 0.6068 -1.1507 0.97589 0.21078 0.16686 -1.6615 -0.32276 -1.0658 -0.2443 -2.5261 0.79148 -1.2521 -0.9602 -1.0138 0.84185 -1.5155 0.16217 -0.53934 1.645 0.16924 -1.174 -0.24789 -2.7116 -1.2221 -0.59798 -0.039513 -1.6291 -0.31698 -1.5289 -0.91517 -1.7386 1.7178
-1.6023 0.99015 0.48659 1.3602 0.38791 0.37776 -0.99792 0.86136 -0.42352 -0.10563 1.1096 1.1605 -1.7475 -0.085775 -1.3611 -0.40412 -3.205 0.070419 -1.3302 -0.9904 -1.9189 0.67452 -2.2276 -0.18812 -1.46 2.2313 0.43877 -0.3475 0.04993 -0.75947 -1.4837 0.35968 0.48028 -0.86673 -0.41623 -0.19557 -1.0536 -1.2029 0.51424
-1.34 -0.21817 0.46632 -0.46286 1.1668 -0.12598 -0.3174 0.63857 0.7529 0.24964 0.47399 0.58569 -0.44965 0.075865 -1.3972 -0.10048 -3.3332 -0.74358 -0.6605 -0.66288 -2.2777 0.71952 -1.4302 -0.40419 -1.5919 2.1669 0.64074 0.48255 0.2943 1.874 -1.017 1.4527 1.0802 0.76438 -0.37665 1.2407 -0.89205 0.031178 -1.1103
-0.93985 0.12553 0.052716 -1.181 0.88559 -1.0102 -0.80963 -1.1549 0.36403 -1.6093 0.15654 -1.2072 0.42295 0.22117 -1.0587 0.020032 -1.8266 -0.71495 0.11313 0.22005 -1.3549 0.59868 -0.74772 -1.0418 -1.3547 1.2764 0.95623 0.78544 -0.23529 3.1082 -0.63275 1.5974 0.9454 2.4196 -0.4045 2.035 -0.30818 1.2548 -1.998
-1.0144 -0.069797 0.60666 -0.78758 0.44264 0.11186 -0.76977 -1.3576 0.14214 -1.2507 0.3432 -2.1033 0.39241 0.71757 -0.38689 0.070128 0.39553 -0.75877 0.91124 0.52643 0.19632 0.10785 0.19179 -1.1779 -0.50433 0.18488 1.2204 0.24027 -1.1742 3.0225 0.057564 1.0206 0.55767 3.3131 -0.17397 1.9533 0.15768 1.6842 -1.5338
-1.0332 -0.036661 0.88919 -0.5716 -0.1384 0.6058 -0.75721 -1.629 0.05013 0.080874 0.57064 -0.7172 -0.11757 1.3773 -0.51434 -0.94328 0.94294 -1.138 1.0594 0.2466 1.6075 0.15196 0.98821 -0.38926 0.57156 -0.26728 1.2796 -0.52168 -1.8254 1.379 0.6233 -0.10425 0.12353 2.681 0.2375 1.3076 0.38632 1.2935 -0.020046
-1.0948 0.063724 0.82227 0.77719 -0.1579 0.95067 -0.1604 0.20258 0.10606 -0.15626 -1.6546 -0.66416 -0.94374 1.7759 -1.2566 -1.8108 1.1275 -0.44231 0.88429 0.40735 2.7705 0.58184 1.566 -0.3778 0.89344 0.26076 0.74357 -0.96904 -1.607 -0.34985 1.2367 -0.7903 0.073784 1.128 0.72205 0.30315 0.12045 0.065586 1.5145
-0.28846 0.17965 0.12016 1.0391 0.16428 0.9464 0.078807 1.6867 0.35076 0.0069186 -0.17263 0.70355 -0.93921 2.0808 -1.5236 -2.437 0.4552 0.28667 -0.11302 0.5254 2.6382 0.83483 1.1455 -0.62752 0.60052 1.2072 -0.14366 -0.58308 -0.37607 -1.1672 1.5606 -0.68613 -0.013015 -1.0365 0.73145 -0.20537 -0.26488 -0.81851 2.0523
1.0373 -1.1979 -1.4972 -0.80581 -0.32786 0.41271 -0.56648 1.4268 1.1138 0.83455 0.5053 0.04892 0.46254 1.752 -1.5527 -2.1762 -0.07659 0.84901 -0.11901 0.53686 1.8919 1.2219 0.69597 -0.78126 -0.36119 2.0996 -1.176 0.16884 1.0023 -1.2708 1.2489 -0.10653 -0.40984 -2.731 0.44356 -0.48415 -0.60311 -0.93546 1.2064
1.0375 -1.3892 -1.8439 0.27321 0.45745 0.44664 -0.30265 1.4153 0.94622 0.22904 -0.53303 -1.1976 1.073 1.1158 -1.3719 -1.475 -0.76141 1.1491 0.15366 0.16419 -0.02025 1.3065 0.99482 -0.68807 -0.44094 2.4056 -1.9559 0.81206 1.9886 -0.42988 0.87304 0.75475 -0.49533 -2.6968 0.045397 -0.38922 -0.49512 -0.17952 -0.39973
1.1065 -1.4083 -1.5873 -0.010885 0.6598 0.16512 0.25901 1.4715 1.1217 0.66779 -1.0115 -0.74086 1.1018 0.053959 -1.0427 -0.45464 -0.77213 1.4697 0.50675 -0.19539 -1.3163 1.2369 0.65859 -1.531 -0.46341 1.7748 -1.9858 0.95039 1.7847 0.040128 0.39641 0.86998 -0.5973 -1.5136 -0.33996 -0.49881 0.20904 0.78458 -1.536
0.60213 -1.2439 -1.1251 0.098381 0.85543 1.0519 0.31352 1.3877 1.979 0.88957 -1.4417 -0.84739 1.2802 -0.73332 -0.38081 0.36509 -0.068732 1.6086 1.0584 -0.056791 -1.1062 0.91101 0.37022 -1.2181 0.31093 0.67456 -1.3532 0.67647 1.1159 0.53758 0.034199 0.403 -0.57028 0.11507 -0.86245 -1.2233 1.1019 1.1638 -1.6846
0.54267 -1.3129 -1.2117 -0.15986 1.2646 1.2663 -0.23787 0.32996 2.0172 1.3516 -1.8047 -0.35572 1.2966 -1.0427 -0.41214 0.18929 -0.38014 1.35 1.1442 -0.49771 -0.57515 0.72208 -0.0036582 -0.059912 0.88226 0.28331 -0.17651 0.33297 0.44547 0.67723 -0.34157 -0.48131 -0.47269 0.96044 -1.5231 -1.6864 2.0671 1.2268 -1.0789
0.28626 -1.6134 -1.1939 -0.6511 1.7975 1.1882 -0.83 -0.22536 2.2433 0.79802 -1.6584 -0.18117 1.3364 -0.87166 -0.52294 0.25046 0.053265 1.2545 0.61331 -0.77757 -0.18194 -0.19291 -1.1268 0.83545 1.2766 0.20971 0.67866 0.13556 0.28597 0.88668 -0.85364 -1.1762 -0.17786 0.84538 -2.0961 -1.9797 1.8758 0.67768 -0.39933
0.22863 -1.7462 -1.325 -0.237 1.6712 1.6719 -0.21043 0.6694 2.039 0.996 -1.1305 -0.1081 1.3221 -0.21174 -0.39919 0.40904 0.44925 0.98147 -0.26706 -0.73963 0.10126 -1.3072 -1.9665 1.6502 1.5722 0.12461 0.95127 0.36022 0.57728 1.1547 -1.4297 -1.4824 0.46822 0.36438 -2.2348 -1.3246 0.92827 0.18242 -0.21329
-0.39703 -1.7614 -1.6115 0.036268 2.067 1.6896 -0.79783 1.3194 1.8998 0.048065 -0.52171 0.051976 1.3672 0.11595 -0.15488 0.76631 1.2065 0.15898 -0.62693 -0.27156 0.20788 -2.3322 -2.6052 1.7486 1.368 0.059523 0.82696 0.47655 0.71389 0.61131 -2.0407 -1.5952 0.82702 -0.43344 -1.6812 0.32145 -0.14934 -0.44062 -0.27563
0.09917 -1.8329 -0.72039 0.17091 2.1313 0.83144 -0.85114 1.023 0.7129 -0.93255 -0.049222 1.3295 1.3747 0.23817 0.023252 0.98172 1.2546 -0.82575 -1.2412 0.16019 -0.068453 -2.7472 -1.9185 1.392 1.2317 -0.010696 0.63581 0.67667 0.61783 -0.040515 -2.4419 -1.3823 0.95529 -0.99487 -0.75043 1.9891 -1.0824 -1.1608 -0.56889
0.68636 -1.546 -0.4961 0.45064 2.0786 0.63314 -1.0418 0.59704 -0.057999 -1.3277 0.5752 1.3479 1.418 0.44551 0.085672 1.2674 0.8047 -1.7212 -2.1315 0.37576 -0.97229 -2.8895 -0.53155 0.69725 0.57531 -0.20072 0.44739 0.96162 -0.06573 -0.70627 -2.1263 -0.95815 0.53759 -0.88971 0.51297 2.9319 -1.4146 -1.3751 -0.95829
0.5447 -1.6007 -0.35727 1.0857 1.2366 0.6522 -0.54505 0.063604 -1.3884 -1.879 0.12521 1.0972 1.3182 0.80807 0.6451 1.2839 0.53602 -2.7166 -2.3193 0.78744 -1.2935 -2.5582 0.93211 0.024542 -0.36715 -0.73612 0.14284 0.97625 -0.68544 -1.1783 -1.0198 -0.14156 -0.17409 -0.099546 1.5113 2.2057 -1.0297 -1.1027 -1.0806
0.18799 -1.743 -0.26536 0.52859 0.50678 -0.27791 -0.18075 0.26571 -1.1569 -0.71892 0.14549 1.238 1.3007 0.66314 1.1897 0.47524 0.15633 -2.9367 -2.0412 0.45957 -0.95659 -1.3951 1.7799 -0.38962 -0.604 -1.2495 -0.10652 0.63379 -1.1043 -1.4261 0.76105 0.74547 -0.70326 0.99107 1.8925 0.68819 -0.21402 -0.39344 -0.45678
0.58435 -1.6877 0.16468 0.54862 -0.28507 -1.2429 0.12367 -0.27193 -1.8883 0.75509 -0.13269 0.40354 1.0529 0.39183 1.1519 0.09062 -0.74914 -2.1661 -1.6008 -0.21018 -0.2916 -0.43887 1.292 -0.10932 -0.39629 -1.3719 -0.34763 -0.1842 -1.3464 -1.2227 2.4839 1.5001 -0.74803 1.0414 1.4342 -0.97672 0.34597 0.20898 0.5996
1.0754 -0.66801 0.26241 0.71096 -1.0027 -1.2873 0.072799 -0.31365 -1.9022 0.63305 -0.28005 -0.1221 0.41223 0.44968 0.92296 -0.19855 -1.3627 -0.57603 -1.025 -0.47494 0.46697 -0.1208 0.637 0.36633 -0.18574 -0.67769 -0.46564 -0.92281 -1.227 -0.59682 3.3108 2.1784 -0.092853 0.53771 0.81307 -1.6101 0.59099 0.49081 1.5422
1.1623 -0.31423 -0.45232 0.46994 -0.93411 -1.3615 -0.77415 -0.19016 -1.1143 0.52181 -0.24795 1.1968 0.08487 0.25984 0.46 -0.88984 -1.1187 0.78226 0.15282 -0.1812 0.034447 -0.2962 -0.4587 0.37937 -0.12713 0.030214 -0.61243 -1.3482 -1.0537 0.18146 3.0486 2.3761 0.83564 -0.18927 0.4465 -0.8139 0.34667 0.38127 1.9027
0.76413 -0.75282 -0.4186 -0.47751 -0.11934 -0.90837 -1.4924 0.35887 -1.0132 -0.73291 0.71846 0.84344 0.28731 -0.14656 -0.055225 -1.3242 -0.85541 1.8325 1.4235 0.27337 -0.075432 0.1736 -0.5666 0.59356 0.28355 0.74975 -0.70797 -1.2911 -0.58955 0.56878 1.9023 1.9463 1.3848 -0.62223 0.4537 0.26542 -0.088972 -0.099257 1.3849
0.87066 -1.1091 -0.42904 -0.55999 0.77286 -0.95189 -0.50756 0.89288 -2.0305 -0.47992 0.5652 0.66301 1.2035 -0.46031 -0.68267 -1.3154 -0.685 2.3771 1.9132 1.0355 -0.41302 0.31079 0.25534 0.51127 0.16849 1.2451 -0.58277 -0.71651 -0.023914 0.51345 0.45461 0.96917 1.2461 -0.36963 0.77106 1.0989 -0.48043 -0.22628 0.45867
0.61844 -1.299 -1.3839 -0.25544 1.0157 -0.29644 0.31057 -0.68253 -2.0507 -0.35962 0.15922 0.43798 1.2875 -0.51921 -0.73094 -1.0954 -0.50815 2.2057 1.9705 1.5962 -0.55763 0.48716 0.78779 0.15501 -0.51106 1.1402 -0.39316 0.046464 0.43538 0.19345 -0.7268 0.0018766 0.48794 -0.0049584 0.95117 0.70092 -0.8583 -0.1979 -0.55053
0.67928 -1.0999 -1.3425 0.073875 1.3241 0.81395 0.48506 -0.55459 -1.0941 0.61168 0.57945 0.79747 1.3197 -0.64863 -0.4376 -1.0668 -0.3286 1.4365 1.794 1.5693 -0.47354 1.1018 1.0294 -0.3371 -0.16559 0.6408 -0.17989 0.71066 0.88417 -0.21847 -1.4586 -0.76804 -0.36176 0.75609 1.2036 -0.39232 -0.93123 0.54523 -0.96033
0.50252 -1.1551 -1.4022 -0.26561 1.682 0.8958 1.0184 -0.56718 -0.86402 0.98347 0.45246 0.61802 1.2894 -0.79251 -0.098838 -0.6608 -0.6925 0.90893 1.4565 0.95545 -0.073521 1.698 0.42019 -0.68096 0.072525 0.093153 -0.047632 0.77147 1.1099 -0.63591 -1.8867 -1.4157 -0.82517 0.99238 1.0805 -1.3276 -0.67332 1.2139 -0.77243
0.33752 -1.3263 -1.6384 -0.74228 1.9209 0.79979 0.91458 -0.22351 -0.41376 0.63278 0.25017 0.16074 1.2402 -0.66485 0.22441 0.085737 -1.0532 0.24739 0.59838 0.66533 0.82072 2.1371 -0.36101 -0.9167 1.0095 0.093341 0.21091 0.58114 1.1619 -0.61535 -2.0887 -1.6251 -0.82054 0.8039 0.56232 -1.3763 -0.15611 1.0346 -0.30858
-0.16739 -1.4212 -1.6962 -0.90065 1.657 1.1244 0.95431 0.099866 0.041334 0.18879 0.089689 0.7293 1.307 -0.6049 0.26594 0.36465 -1.4184 -0.78766 -0.3033 0.46344 0.73804 2.1516 -1.177 -0.88042 1.3935 0.067204 0.56681 0.39711 0.85775 -0.13658 -1.833 -1.5299 -0.47978 0.42202 0.093164 -0.39042 0.26286 0.36596 -0.0040735
-0.10903 -1.1261 -1.4124 -1.0374 1.898 1.0257 1.1194 0.097185 0.24917 0.017909 -0.76501 0.81075 1.3655 -0.35262 0.38001 0.55317 -1.1982 -1.6852 -0.61812 0.23951 0.69097 2.0067 -0.92879 -0.5183 1.3016 0.11807 0.81971 0.28281 0.28915 0.33229 -1.0637 -1.3128 -0.45413 0.16547 -0.29459 0.70335 0.52976 -0.71352 -0.087984
0.0087863 -0.80251 -1.0589 -1.1085 1.1238 0.68286 1.4318 0.28765 1.6646 -0.41929 -0.8208 2.5627 1.3999 0.10689 0.50634 0.67504 -0.92104 -1.6111 -1.036 0.25005 0.80689 1.9438 -0.092301 -0.31516 0.69477 0.077509 0.80991 0.14734 0.12867 0.47421 -0.24496 -1.1157 -0.6691 0.14771 -0.50993 1.1377 0.59964 -1.3051 -0.1649
-0.079575 -0.93888 -0.9168 -1.7053 0.20039 0.26625 1.1931 0.2301 1.9452 -0.6303 -0.15192 2.2916 1.3104 0.50783 0.59029 0.44753 -0.69064 -1.3721 -1.7004 -0.096786 1.0948 1.6355 0.47532 -0.095428 -0.067504 -0.061805 0.58942 -0.077007 0.051619 0.37247 0.24575 -0.86063 -1.0372 -0.27372 -0.93782 0.86696 0.25916 -1.1239 -0.25709
-0.0031724 -0.95769 -0.99446 -1.6116 -0.2189 0.15203 1.2033 0.43503 1.6344 0.15153 -0.10975 1.3933 1.4011 0.47512 0.41349 0.63738 -0.78484 -1.4267 -2.0317 -0.65202 0.80953 1.2951 0.36328 0.15312 -0.55091 -0.12734 0.29442 -0.11074 0.3384 0.50975 0.19844 -0.17536 -1.339 -0.90191 -1.3684 0.49856 -0.10172 -0.30639 -0.24535
0.42546 -0.8153 -0.93015 -1.6219 0.65387 -0.38482 1.2784 1.1081 2.4261 0.7005 -0.51471 0.70958 1.3189 0.56108 0.29266 0.64927 -0.5769 -1.3318 -1.8779 -1.3033 0.13011 0.42144 0.54744 -0.19491 -0.33622 -0.22516 0.092108 0.084324 0.936 0.7307 0.0017326 0.70349 -1.2193 -1.4563 -1.6002 0.30012 -0.15429 0.32613 -0.3766
0.50096 -0.54775 -1.146 -1.5196 0.30915 -1.1786 0.67009 1.5526 2.3572 0.52622 -0.53143 1.0112 1.2327 0.62628 0.46326 1.1823 -0.021386 -1.2751 -1.3296 -1.7228 -0.51188 -0.23162 0.84307 -0.43654 0.23048 -0.26596 -0.20155 0.2356 0.99322 0.75832 -0.27782 1.3168 -0.65113 -1.6746 -1.9425 0.29884 0.15597 0.18349 -0.53683
0.34883 -0.61681 -0.082728 -2.1309 -0.43968 -1.6021 0.049647 0.56582 2.6001 -0.30144 -0.51553 1.1441 1.2619 0.59984 0.70955 1.8895 0.31404 -1.4638 -0.66998 -1.9067 -1.1414 -0.8535 0.81223 -0.077843 0.22913 -0.64712 -0.52302 0.090718 0.6514 0.62158 -0.029568 1.3433 0.23277 -1.2722 -1.612 0.41693 0.49401 -0.71074 -0.36854
0.68386 -0.64446 -0.27384 -1.8343 -1.173 -1.405 -0.69608 -0.06465 1.9477 0.3662 -0.87069 2.6944 1.116 0.074045 0.60979 1.8376 0.20985 -1.9054 -0.023357 -1.5993 -1.8829 -2.0139 0.80515 0.44377 -0.43625 -0.85116 -0.61522 -0.28891 -0.42187 0.38609 0.74712 0.94931 1.1436 -0.241 -0.6732 0.54255 0.35628 -1.6788 0.1269
0.74895 -0.40669 0.66096 -1.402 -1.2378 -0.96565 -1.1771 -0.2976 1.1348 1.2922 -0.60092 1.7532 1.0803 -0.14582 0.37455 1.5092 0.48159 -1.0917 0.13449 -0.90851 -1.7173 -1.9637 1.3755 0.39665 -1.4236 -0.57311 -0.4915 -0.72273 -1.5155 0.089484 1.3439 0.44982 1.8014 0.84589 0.61118 0.24093 -0.013928 -2.099 0.83251
0.92754 0.039182 1.3877 -1.0861 -1.2645 -0.73612 -1.1793 -0.39098 0.65586 1.4792 -0.11833 0.60733 0.53613 -0.15636 0.13193 0.57322 0.61075 -0.067069 0.14295 -0.0078093 -0.7188 -1.0496 1.6203 0.079836 -2.3321 -0.077232 -0.14149 -1.0509 -2.1837 -0.068111 1.398 0.027846 1.9897 1.5458 1.5165 -0.31513 -0.086786 -1.5413 1.1958
0.1483 -0.2137 0.76434 -1.7675 -1.679 -0.94404 -0.8378 -1.0954 -0.59984 1.1884 0.18975 -0.20275 0.44695 -0.20903 -0.29768 -0.30215 0.2524 0.14006 0.11921 0.78089 -0.070164 -0.10491 0.86375 0.11027 -3.066 0.4254 0.10152 -1.217 -2.2773 -0.12743 0.59982 0.10709 1.6036 1.6652 1.1379 -1.0471 0.20547 -0.29431 1.1374
0.24796 -0.39203 0.71995 -1.1533 -0.92099 -1.5753 -0.72447 -0.68655 0.38799 1.978 -0.40315 -0.5244 1.0275 -0.16371 -0.86561 -1.3175 0.15662 0.10404 0.009769 1.4027 0.33021 0.12274 0.41438 0.446 -2.7243 0.74425 0.36018 -0.94947 -1.5772 0.24876 0.027837 0.29202 0.98854 1.3781 0.18898 -1.4696 0.36785 1.0668 0.64644
0.51279 -0.62054 0.36103 -1.3809 -0.58155 -1.2138 -0.091458 -0.20959 1.7905 1.9732 -0.92816 -1.1662 1.4018 0.043052 -1.2244 -1.7794 0.42542 -0.061822 0.3856 1.4879 1.0308 -0.25143 -0.12382 0.66269 -1.8015 1.0088 0.38715 -0.33378 -0.75045 0.59777 -0.031693 0.37186 0.27778 1.0458 -0.77109 -1.5537 0.3242 2.2149 -0.085174
0.63412 -0.8791 -0.43496 -1.3657 -1.4485 -0.72558 0.22076 -0.18182 1.3482 1.5197 -0.329 -1.6891 1.4302 0.3866 -1.0415 -1.6261 0.97296 0.067377 0.56541 1.5536 1.4358 -0.60159 -0.82829 0.58062 -0.77119 0.76521 0.36266 0.44295 0.16443 0.64166 0.15217 0.13191 -0.47722 0.70477 -0.8728 -1.5744 0.072019 2.4503 -0.71714
0.4813 -1.1711 -0.57322 -1.0504 -1.2736 -0.8683 0.88288 -0.08757 0.14918 1.8623 0.8684 -2.3574 1.3801 0.23527 -0.78585 -1.5553 0.972 0.079295 0.55728 1.2489 1.4254 -1.3143 -1.6245 0.73182 0.48472 0.26984 0.26127 0.93655 0.7866 0.19151 0.48291 -0.54853 -1.1215 0.18582 -0.086939 -1.0749 -0.57236 2.2925 -1.0418
0.65455 -1.2985 -0.82934 -0.73282 -1.4698 -0.30053 0.79937 0.8167 -0.75268 0.94533 0.8304 -1.5204 1.4268 0.41382 -0.32292 -1.1434 1.0965 0.30218 0.15826 0.60879 1.5073 -1.1236 -1.9861 0.59112 1.1385 -0.13634 0.1993 1.0998 1.0408 -0.4123 0.35878 -0.97903 -1.6397 -0.43076 0.94379 -0.58611 -1.4377 1.8834 -0.93125
0.66246 -1.245 -1.0832 -0.44726 -0.94542 -0.77858 1.4156 0.72052 -0.68795 0.24176 0.016525 -0.84982 1.4364 0.51345 0.028627 -0.5829 0.70098 0.71508 -0.54209 -0.19631 1.3438 -0.17503 -1.7025 -0.46393 1.9288 -0.35812 0.2202 1.0538 1.1392 -0.59738 -0.0038178 -1.168 -1.6041 -1.0546 1.6761 0.15317 -1.8242 1.0482 -0.68135
0.60908 -1.2089 -1.2381 -0.27757 -0.51144 -0.89297 0.96147 1.1984 -0.29674 0.030168 0.1563 0.23602 1.4433 0.61561 0.44483 -0.20383 0.27097 0.40899 -0.88016 -0.88029 0.60668 0.73377 -1.9748 -1.69 2.3601 -0.54523 -0.057421 0.82226 1.0437 -0.57608 -0.58902 -0.93543 -1.1663 -1.5741 1.159 0.80267 -1.1466 0.026577 -0.46362
1.299 -0.94104 -1.1744 -0.38218 -0.72816 -0.81937 0.62807 1.6029 0.56813 -0.52335 0.30303 -0.50037 1.1473 0.54157 0.6445 0.065546 0.18718 -0.0004817 -1.2981 -1.0944 -0.22713 1.1466 -1.3456 -1.7766 2.0292 -0.7132 -0.33242 0.556 0.70142 -0.16352 -1.001 -0.53205 -0.54453 -1.8562 -0.15364 1.2307 0.074486 -0.81026 -0.35099
1.1362 -1.0138 -1.0347 -0.72414 -0.75187 -1.6547 -0.14989 1.2385 0.50373 -0.037182 -0.74331 0.66055 0.99 0.28765 0.78452 0.44617 0.19725 -0.47335 -1.3715 -1.1851 -0.83689 0.55694 -0.58837 -1.0334 1.1666 -0.7656 -0.61572 0.55713 0.47502 0.27167 -0.52298 -0.11357 -0.084935 -1.5559 -1.1097 1.6884 1.3832 -1.0712 -0.33872
1.1873 -0.68726 -0.79593 -0.58539 -1.0322 -1.7249 -0.30321 0.53552 0.57301 -1.2346 -1.8512 1.1848 0.87151 0.050929 0.81548 0.37226 0.3844 -0.7563 -1.3946 -1.0872 -1.6215 -0.40642 0.031623 -0.60757 0.90245 -0.8578 -0.61437 0.77185 0.22594 0.53635 0.29931 0.66459 0.34602 -0.79223 -1.1884 1.3777 2.2417 -1.0983 -0.4398
1.218 -0.61191 -0.948 -0.14479 -1.325 -2.0281 -0.26492 0.45532 0.77094 -0.77345 -1.4856 1.3736 0.78343 -0.2955 1.318 0.50386 0.66564 -0.22149 -1.0902 -1.0403 -1.7898 -0.74772 0.67419 0.55249 0.76996 -1.0613 -0.84221 1.0614 0.22452 0.64503 1.3065 1.3131 0.86332 0.15249 -0.45124 1.0393 2.6373 -0.90205 -0.71527
0.86769 -0.35971 -0.51229 -0.10348 -1.2021 -2.4798 -0.24854 -0.12073 -0.12854 -0.16884 -0.42091 0.34311 0.71137 -0.32076 1.7063 0.43666 0.96126 0.42059 -0.13534 -0.49162 -1.335 -0.61858 0.74277 1.9908 0.018855 -1.3305 -1.2271 1.1027 0.51069 0.68121 1.9199 1.9533 1.3663 1.0629 0.70276 0.15842 2.255 -0.93765 -0.89328
0.96306 -0.30845 -0.96354 0.032865 -1.4477 -2.4678 -0.97963 -0.65519 -0.86749 0.11842 -0.4409 1.3736 0.39502 -1.1066 2.1665 0.81132 1.1286 1.3903 0.60369 0.19042 -0.69732 -0.26011 1.1027 3.0266 -0.20121 -1.7761 -1.494 0.60252 0.56131 0.7352 1.5801 2.0973 1.7243 1.5133 1.3082 -0.79325 1.0855 -0.69223 -0.7821
0.91188 0.77856 -0.31224 0.12997 -0.62483 -2.2205 -1.2916 -0.51654 -0.016119 0.4054 0.8117 0.95376 -0.14349 -1.8436 2.2897 1.1456 1.4431 2.0503 1.6482 0.94123 -0.085663 0.76615 0.11238 2.7426 -0.494 -2.0585 -1.4873 -0.30061 0.52393 0.4666 0.94658 1.5719 1.5969 1.4485 1.2182 -1.1487 -0.60295 -0.52595 -0.23416
0.74445 0.88461 -0.4802 0.43023 -0.16785 -1.4547 -0.42784 -0.37991 0.0078264 0.09961 1.4376 0.82736 -0.38514 -2.3333 2.0631 1.1702 1.8199 1.9334 2.1966 1.5779 0.55789 1.2037 -0.60807 2.4025 -0.3567 -2.061 -0.91955 -1.4289 0.015375 -0.36868 -0.30068 0.52959 0.94897 0.8981 0.19708 -1.0205 -2.0215 -0.55601 0.544
-0.76631 1.7156 0.4353 0.93428 0.67921 -0.98625 0.56842 -0.18868 0.43514 0.2524 2.3384 0.87881 -0.97502 -2.4942 1.239 1.2088 1.4881 1.9204 2.1925 1.9034 0.88173 1.1109 -0.70605 1.1197 -0.94842 -1.5936 0.58228 -2.4315 -0.76243 -1.314 -1.2164 -0.88682 0.014692 0.50907 -0.81856 0.21336 -2.6309 -0.10998 1.5303
-1.3696 1.6019 0.52752 1.5576 0.93568 -0.056321 1.1726 0.2208 1.8581 -0.80439 1.9825 0.094159 -1.205 -2.506 0.22918 0.78989 0.3534 0.86738 1.364 1.5479 0.57544 -0.041284 -0.53744 -0.2092 -1.0801 -1.0535 2.4812 -3.2554 -1.6532 -2.2787 -1.9765 -2.0203 -0.88282 0.31291 -1.2476 1.1156 -2.6529 0.27694 2.6463
-1.7613 1.6539 0.56122 1.7926 0.49145 -0.092053 1.3474 0.28671 0.66659 -0.72618 2.6513 0.41575 -1.3216 -0.67276 -0.98308 -0.093899 -0.41564 0.26337 0.25431 0.99204 0.89314 -0.27916 0.48134 -1.2293 -0.33161 0.11736 3.5749 -3.2506 -2.0739 -2.5378 -2.1273 -2.3124 -1.2688 0.16618 -1.2233 1.1945 -1.9528 0.83045 3.2675
-1.6201 1.0301 0.51111 1.1535 1.1326 0.045548 1.1373 0.3583 0.60934 -0.24894 0.56753 -0.11758 -1.1582 1.3924 -2.4351 -1.2571 -1.6971 -0.99592 -0.91927 0.33757 1.1521 -0.63886 0.99665 -1.7451 -0.077794 1.7145 3.32 -2.5225 -1.834 -1.8075 -1.2714 -1.3192 -0.78548 0.1298 -0.34912 0.32285 -1.1008 0.76529 3.1633
-2.274 1.1008 0.55249 -0.0028029 0.24273 -0.78435 0.98618 -0.031281 -0.59937 -0.11576 0.82365 -0.64304 -1.2406 2.2389 -3.0297 -1.625 -2.4596 -1.191 -1.3371 0.067745 0.9033 -1.0788 0.88224 -2.021 0.26306 2.7395 1.5892 -1.1332 -0.98942 -0.33474 -0.44193 0.16708 -0.21979 -0.034542 0.099069 -1.0909 -0.27768 0.54845 2.0415
0.45848 -0.23211 -0.72629 0.49052 0.57054 -1.1176 1.59 1.2414 0.46075 1.1549 0.24427 1.1619 -0.035507 2.2436 -3.0941 -1.858 -2.1768 -0.8295 -0.51831 0.50189 0.80835 -0.35759 -0.11587 -2.0017 0.2027 3.1703 -0.19219 0.28185 -0.0086342 1.3404 0.93991 1.6832 -0.070178 -0.11135 0.46755 -1.6748 -0.03305 0.41883 0.42662
1.0012 -1.1289 -1.1908 -0.67898 -0.89756 -1.8995 1.169 1.5275 0.30716 0.78716 0.3137 0.32218 1.0203 1.8696 -2.6068 -1.6434 -0.86242 -0.67493 0.35875 0.49324 0.97818 -0.2273 -1.1517 -1.6275 0.66747 2.9629 -1.5868 1.4494 0.76625 2.0233 1.5368 2.3138 -0.52245 -0.50609 0.26999 -1.6308 0.16502 -0.0083943 -1.1411
0.62852 -1.4116 -1.0816 -0.82004 -0.22826 -1.1544 1.2699 0.89164 -0.34751 -0.46978 -0.74197 0.27479 1.3391 1.2129 -2.1621 -1.2822 0.076922 0.50479 1.5805 -0.0031366 0.876 -0.12507 -1.3368 -1.9743 0.5958 2.3526 -1.7981 2.0592 1.3053 1.938 1.8733 1.9936 -1.1808 -0.82424 -0.20061 -0.6279 0.40423 -0.04895 -2.1068
0.19018 -1.3769 -1.4444 -0.42179 0.19499 0.033426 2.3397 1.0138 0.16867 -1.1011 -0.65447 0.24569 1.4445 -0.21853 -1 -0.51272 0.315 1.0297 2.2267 -0.68039 -0.14931 -0.65601 -1.7703 -1.6672 0.073727 1.157 -1.2281 1.8862 1.3539 1.0003 1.4003 0.88117 -1.4594 -0.87142 -0.16493 0.58898 1.1078 -0.26476 -2.1216
0.46389 -1.4762 -1.2649 0.39521 0.14347 0.22801 1.4631 1.7205 -0.16681 -1.3812 -1.656 1.0113 1.4386 -0.080369 -0.35127 -0.025202 0.9699 1.8424 2.5183 -1.1822 -0.2755 -0.55828 -1.0752 -1.1314 0.42433 0.39343 -0.35543 1.4004 1.084 0.1345 0.31202 -0.37595 -1.1228 -0.69298 0.097044 1.3041 1.9262 -0.11744 -1.5032
0.44386 -1.7622 -1.5182 0.13073 1.1395 0.84364 0.64455 1.5583 -0.43293 -0.50318 -1.8763 0.7524 1.4816 0.21433 -0.2641 0.21608 0.60204 1.2858 1.6279 -1.7257 -0.18689 -0.3534 -0.13127 0.22205 0.23919 0.23672 0.19366 0.57273 0.36869 -0.60496 -0.54117 -1.2322 -0.28773 -0.45372 0.67294 1.7525 2.1166 0.27303 -0.64368
0.43193 -1.5352 -1.4454 0.11453 1.072 1.0601 0.25998 0.62908 -0.6271 -1.2714 -1.6149 0.7619 1.5135 0.32689 -0.11877 0.34182 0.15981 0.94783 1.095 -1.6396 -0.49338 -0.087981 0.41712 1.0046 0.29858 0.18832 -0.15094 0.1684 -0.003301 -0.95452 -1.1924 -1.5532 0.44299 -0.32645 0.87575 1.2386 1.4672 0.19786 -0.18907
0.875 -1.5325 -0.96181 0.21929 1.4634 1.407 -0.37813 0.95286 -0.60183 -1.0527 -1.1596 0.72459 1.5317 -0.064627 -0.13078 -0.032002 -0.49231 0.43424 0.43497 -0.99941 -0.95565 0.46475 0.94846 1.5727 0.71596 0.13797 -0.40436 -0.021459 -0.074694 -0.54007 -0.8736 -1.2524 0.83807 0.018442 0.75561 0.61354 0.12504 -0.021439 -0.14109
0.60784 -1.7506 -0.90601 -0.086799 1.0912 0.91708 -0.56999 0.90532 -0.50443 -0.79123 0.051902 0.53142 1.6395 -0.22794 -0.12895 0.074442 -0.3754 -0.006429 -0.032785 -0.68309 -0.55487 0.7997 0.82803 1.1899 0.61248 0.11606 -0.32202 -0.098967 -0.13025 0.038967 -0.62964 -0.8176 1.021 0.65629 0.42953 0.17224 -0.83997 -0.64814 -0.26247
0.60409 -1.4793 -1.1843 0.1696 1.2814 1.5805 0.1839 0.75456 0.23739 -0.44701 0.13484 1.197 1.5982 -0.26932 -0.2971 0.19321 -0.21646 0.091297 -0.35209 -0.57937 -0.13825 0.72626 0.86335 0.4161 0.062933 0.029996 0.25327 0.11003 -0.13786 0.33434 -0.41205 -0.5816 0.83171 0.98579 -0.33194 -0.17807 -1.2616 -0.98699 -0.49413
0.1577 -1.8227 -1.7189 -0.39577 0.88332 0.65294 -0.31231 0.234 0.4059 0.36763 -0.15406 2.323 1.5408 -0.1778 -0.20722 -0.030182 0.062407 -0.090851 -0.18272 0.12793 0.37648 0.6437 0.78218 -0.078806 -0.66833 -0.21278 0.78379 0.7231 -0.059919 0.42456 -0.30385 -0.45147 0.78929 0.62546 -1.1824 -0.5042 -0.93488 -0.89604 -1.0335
0.24492 -1.8147 -1.1036 -0.14178 1.3214 0.98624 -0.78287 0.7601 0.43063 -0.096719 -0.71305 0.86008 1.6273 0.37934 0.096788 -0.25318 -0.095985 -0.32212 -0.6877 0.20736 0.50844 -0.13854 0.59727 -0.30591 -0.62598 -0.55774 0.79557 1.5492 0.15606 0.4397 -0.29552 -0.097116 0.78303 -0.10903 -1.3846 -0.60781 -0.15433 -0.40247 -1.6161
0.446 -1.8429 -0.68778 0.1048 1.4189 0.7163 -0.9358 0.688 0.043972 -0.522 -0.95249 0.18318 1.5279 0.90911 0.91865 0.16843 0.35514 -0.39362 -0.80144 0.45399 0.33939 -1.1733 -0.061575 -0.30239 -0.84051 -1.3933 -0.17707 2.0547 0.63632 0.37279 -0.21498 -0.00045198 0.29921 -0.77385 -0.82626 -0.55871 0.51639 0.21443 -1.8951
0.73227 -1.7222 -1.1821 0.32589 1.0651 1.3668 0.45761 1.8333 0.44082 0.25875 -0.38858 -0.41506 1.2444 0.67063 1.8076 0.36452 0.45739 -0.33547 -0.26804 0.77596 -0.35374 -1.1806 0.056556 0.25056 -0.64495 -2.2017 -1.5469 1.9169 1.2097 0.54403 -0.068168 0.20278 0.0076665 -1.2058 0.43203 -0.08569 0.9497 0.6867 -1.5813
1.1863 -1.4143 -1.7383 -0.5022 0.44663 -0.348 -0.089788 1.0365 -0.84851 0.26591 -0.00645 0.92755 0.9631 -0.65935 2.4758 0.82063 0.47576 -0.50998 -0.42386 0.42842 -0.74042 -0.51869 -0.078501 0.71986 -0.19861 -2.7005 -2.4919 1.0623 1.4148 0.32514 0.12406 -0.15751 -0.53824 -1.2921 1.5437 0.55385 0.94515 0.77226 -0.52926
1.5907 -0.18038 -0.80177 0.72324 0.91051 0.50605 0.65199 0.52497 -1.6422 -0.60831 -0.73754 0.69321 -0.17308 -1.7346 2.6194 1.6418 0.86692 -0.41203 -0.49994 0.2424 -1.3533 0.40167 0.41534 1.1347 0.47346 -2.6652 -2.3499 -0.067007 1.2689 0.12661 0.16835 -0.37538 -0.59677 -0.53385 2.0847 0.50367 0.37644 0.18089 0.73464
0.3647 0.098393 -0.84028 0.045909 0.84542 0.78432 0.22984 -0.45032 -0.64408 0.576 0.079566 0.75296 -0.67778 -2.5542 2.3416 2.1305 0.74769 -0.13982 -1.032 -0.31033 -1.7331 1.1567 0.84041 1.1981 0.19462 -2.0831 -1.1527 -1.1398 0.44235 -0.24149 0.093032 -0.45925 -0.48068 0.31476 1.5547 0.39521 -0.1082 -0.39546 1.712
-1.3344 0.69689 0.49945 0.61293 0.7845 0.37132 -0.65444 0.45584 0.37895 -0.68479 0.26501 -0.35011 -0.85318 -2.7822 1.7581 2.0402 0.53247 -0.22125 -0.74773 0.0012827 -0.93105 2.1996 0.5787 0.80576 -0.44952 -1.222 0.3747 -1.572 -0.60445 -0.5375 -0.11388 -0.346 -0.095034 1.1503 0.27305 -0.24802 -0.578 -0.53967 1.8444
-1.4311 0.61056 1.1376 1.2575 0.69025 -0.0067768 0.23555 -0.62474 0.93226 0.86426 1.0321 1.2011 -0.89246 -2.2964 0.94174 1.422 0.13783 -0.44854 -1.2521 -0.37107 -0.34803 1.7258 0.60573 0.70016 -0.51684 -0.42481 1.5881 -1.4759 -1.154 -0.26272 -0.27561 0.27957 0.55265 1.4837 -1.1697 -0.35894 -0.54127 0.052475 1.1191
-1.7395 0.72098 0.67537 0.50938 0.68413 -0.89374 -0.07618 -0.52334 1.2343 1.6116 1.1712 0.14599 -0.70493 -1.1673 0.61007 0.85881 0.090767 -0.49224 -1.1147 0.096847 0.20904 0.66237 0.019464 0.25096 -0.24371 -0.2656 1.9995 -1.0499 -1.2001 0.22296 -0.040606 0.78128 0.58558 1.3941 -2.2534 -0.45156 -0.50879 0.23276 0.12632
-1.6491 0.8813 0.64813 0.18284 0.2325 -0.65807 0.36804 -0.087475 1.7648 -0.11684 0.1395 0.1355 -0.61457 -0.39573 0.37206 0.56666 0.42208 -0.54481 -0.31785 0.71572 0.61076 -0.45442 0.38625 0.41693 0.22268 -0.60068 1.8373 -0.7245 -1.1599 0.46446 0.068037 1.3568 0.81176 1.1997 -1.9534 -0.48163 -0.49837 0.40829 -0.43277
-1.6004 0.93196 0.96014 0.9279 0.49971 -0.63057 -0.52688 -0.10399 0.43192 0.33643 0.42752 -0.21462 -0.96375 0.0029149 0.23323 0.22804 0.78886 -0.26907 0.32275 0.59526 1.3264 -1.2869 -0.22952 -0.045642 -0.32178 -0.90936 1.4568 -0.70019 -1.3051 -0.31471 -0.16091 0.58556 0.40077 0.39262 -1.1387 -0.29333 -0.42586 0.35891 0.070966
-1.7631 0.91485 0.71908 0.3739 0.25117 -0.57473 0.29777 0.14592 0.55876 0.27662 0.80227 0.45869 -1.1352 0.55042 -0.11905 -0.42811 0.65719 -0.45058 0.72178 0.95353 1.4458 -1.268 -0.24754 -0.12352 0.37656 -0.85577 1.2146 -0.3932 -1.1731 -1.332 -0.20284 -0.56502 -0.2297 -0.79389 -0.072739 -0.54772 -0.79425 -0.19125 0.97076
-1.9719 1.0717 1.8113 1.8172 0.10113 0.018686 1.0946 1.0089 -0.16126 0.93338 1.5593 0.72183 -1.592 1.08 -0.35171 -1.0781 -0.67441 -0.86287 -0.48977 0.75872 0.54895 -1.2476 -0.26695 -0.30438 0.43331 -0.010119 0.97871 -0.052381 -0.46978 -1.5958 -0.092712 -1.1422 -1.0923 -2.0118 0.39922 -0.51741 -0.76086 -0.61086 1.4932
-1.2419 0.77125 0.81737 1.7132 0.56416 0.00023539 0.83784 0.91567 -0.7095 0.73259 0.44308 -0.019694 -1.6196 1.333 -0.013951 -0.97019 -1.4731 -0.65073 -1.0759 0.19823 -0.58812 -0.62986 -0.70423 -1.0231 -0.51941 0.6509 0.46871 0.36037 0.35636 -1.2 0.20096 -1.0645 -2.1114 -2.6221 0.3174 -0.59946 -0.66096 -1.3075 1.318
-0.78003 0.5386 -0.55301 0.35548 -0.26089 -0.1045 1.2649 1.3157 0.15083 0.35697 0.31343 0.72929 -1.2299 1.4376 0.089322 -0.38886 -1.2863 -0.36351 -1.1011 -1.1273 -1.6513 -0.805 -1.0501 -1.0978 -1.0914 0.95195 -0.15852 0.52588 1.2351 0.062422 0.27701 -0.083711 -2.2526 -2.0412 0.11752 -0.32931 -0.27699 -1.2978 0.37873
-0.18833 0.57615 -0.48815 -1.0302 -1.0126 -2.1893 0.734 -0.20774 -0.50879 -0.81138 -0.33484 0.58129 -0.2961 1.2436 0.28013 -0.13134 -1.407 -0.33928 -1.1394 -2.1701 -2.6549 -0.85424 -1.068 -1.0271 -1.4951 0.97147 -0.56483 0.46992 1.4889 1.2697 0.16719 0.56368 -1.491 -0.59792 -0.35986 0.51834 0.34541 -0.59627 -0.63118
-0.35278 1.3097 0.65341 -0.18319 0.22208 -1.6793 -0.44095 -1.1648 -0.42119 -0.16546 -0.62693 -1.4586 -0.5825 0.82343 0.40605 0.77057 -0.62134 -0.51378 -0.65644 -2.3962 -2.4704 -0.90552 -0.75989 -0.82738 -1.6931 0.49565 -0.62392 0.34019 0.89584 1.7483 0.26692 1.0321 0.050176 1.2901 -0.40188 1.216 0.54716 0.086025 -1.314
-0.28665 0.97571 1.1717 0.41193 0.0063882 -0.92958 -1.3013 -1.3538 -1.199 -0.59988 0.1293 -0.69379 -0.69535 0.57885 0.63608 1.1881 0.62959 -0.27849 -0.19742 -2.0367 -1.3789 -1.3175 0.16143 -0.42664 -1.4066 -0.22072 -0.45952 0.022615 -0.17317 1.3878 0.18641 1.138 1.7337 2.3684 -0.1025 0.94276 0.3104 1.0862 -1.1784
-0.23769 1.1659 0.92578 0.44475 -0.33123 -1.1302 -1.9998 -1.9845 -1.6218 -0.16441 -0.15447 -1.3844 -0.83796 0.59826 0.49627 0.59151 1.0619 0.091833 0.46885 -1.0897 0.24197 -1.3964 0.73321 -0.25901 -0.9365 -0.74558 -0.3881 -0.31184 -1.3938 0.09619 0.15513 0.47207 2.8075 1.8441 0.65802 0.26188 0.022858 1.4357 -0.14496
0.090291 0.92721 0.80774 0.11687 -0.70663 -1.0595 -1.9237 -1.4658 -1.3934 -0.52305 -1.2034 -1.9018 -0.94055 0.49195 0.27286 -0.38066 0.41633 -0.30862 0.5514 0.52932 0.65123 -0.82492 0.040162 -0.65027 0.3592 -0.46442 -0.41871 -0.65481 -1.3569 -1.0742 -0.02094 -0.34613 2.6747 0.7192 1.3257 -0.18645 0.14022 1.6216 0.99826
0.16062 1.4613 0.8443 0.49634 -0.80703 -1.4424 -1.2217 -0.3501 -1.9039 0.50792 -0.20014 -0.73221 -1.0802 0.13623 0.049348 -1.0435 -0.36285 -0.22442 -0.11385 1.7455 0.14079 0.17387 -0.19849 -0.63514 0.36717 0.36788 -0.37777 -0.79291 -0.55529 -1.3131 -0.20097 -0.8668 1.5237 -0.51816 1.5909 0.23553 0.55599 1.4355 1.5766
0.5479 1.356 0.68268 0.48028 0.095088 -1.3674 -1.1077 -0.24548 -2.6821 0.22203 -0.74694 -1.5685 -1.1066 0.021951 -0.26962 -0.52451 -0.78342 -0.17912 -0.63114 1.7142 0.074614 0.57669 0.23651 0.07881 1.2628 0.97184 -0.13211 -0.97705 0.24811 -0.9128 -0.21954 -0.60711 0.041572 -1.0443 1.2638 0.91761 0.75683 0.85296 1.426
-0.053454 1.4325 0.26826 0.49882 -0.26286 -0.18104 0.37626 -1.1608 -1.2486 -0.84095 -1.4473 -0.33866 -0.99149 0.12193 -0.59955 -0.38279 -0.92832 -0.37222 -0.70988 1.2654 -0.51236 1.1197 1.0834 0.5333 1.5544 1.2968 0.15078 -0.92306 0.68079 -0.40976 -0.44013 -0.22338 -1.0521 -0.64412 0.8498 1.3582 0.87849 0.41406 0.8559
-0.29524 0.73975 -0.39227 -0.35274 -0.7293 -1.6935 0.8842 -2.0442 -0.62784 -0.78666 -0.54795 -0.73055 0.060566 0.24728 -1.087 -0.27 -1.1122 -0.66915 -0.39943 0.85704 -1.1047 1.2559 1.204 0.32787 1.524 1.5682 0.40305 -0.40255 0.65454 0.16556 -0.34382 -0.12971 -1.4218 -0.10887 0.34285 1.3901 0.60116 -0.78473 0.066998
0.1256 0.82849 0.89609 -0.58039 -0.83346 -2.4007 -0.4357 -1.1957 -1.0323 0.95737 -0.015292 0.42599 0.051691 0.3009 -1.1332 0.07126 -1.031 -0.83109 -0.70842 0.1514 -0.56111 1.5487 1.9986 1.0483 1.1027 1.5701 0.41719 0.36956 0.55255 0.75956 0.17002 0.065202 -1.1664 0.71626 -0.2809 0.7122 0.22133 -1.2107 -0.90245
0.63243 0.50671 0.38899 -0.4765 -1.1206 -1.7429 -0.18966 -1.345 -0.090204 1.7347 -0.24749 0.4044 0.034239 0.68168 -0.69737 0.44185 -0.44525 -0.6192 -0.92259 -0.46482 -0.13472 1.0489 2.5233 1.0693 -0.08247 0.9562 -0.085708 1.0624 0.2141 1.354 0.72292 0.44662 -0.57087 0.81936 -0.74581 -0.52071 -0.17911 -0.90065 -1.7297
0.53664 0.33035 0.31048 -0.41413 -1.0825 -1.2596 0.40671 -1.8343 -0.82119 1.3666 -0.31024 0.98904 0.37415 0.68037 -0.15884 0.26587 0.18075 -0.09475 -0.34785 -0.31684 0.3997 0.64535 1.82 0.64371 -0.079446 0.028745 -1.0167 1.3233 -0.019602 1.2799 1.0556 0.65583 0.050687 0.70935 -1.118 -2.0163 -0.82188 -0.25606 -2.1388
0.44614 0.18919 0.54604 -0.63687 -0.81489 -2.0599 -0.44573 -1.1698 0.41109 1.9948 0.65655 -0.45827 0.55737 -0.10748 0.25484 0.010741 0.88108 0.31097 0.28622 -0.0029105 0.015677 0.18724 0.23778 0.20282 0.30823 -0.6817 -1.8927 1.2264 -0.11924 0.90789 1.5579 0.86537 0.47708 0.82778 -0.73805 -2.5492 -0.90573 0.19816 -1.9255
0.68866 0.74706 0.71989 -0.11769 -1.3031 -2.1753 -0.13053 -1.8173 0.39431 2.3218 0.15524 -0.91578 0.13086 -1.2109 0.6691 0.23224 0.76091 0.68136 -0.027019 0.02571 0.74709 -0.29525 -0.88817 -0.14358 0.41102 -1.3468 -1.9875 0.94425 -0.093414 0.25453 1.4838 1.0057 0.913 1.0059 -0.3622 -2.2481 -0.35237 0.20681 -1.1325
0.76222 0.62125 0.20814 -0.27183 -0.69219 -2.4419 -0.0014216 -0.90437 -0.26954 1.9382 0.42175 0.25019 -0.12342 -1.9177 1.0002 0.21965 0.99584 1.9203 0.62334 0.29191 1.3091 0.01456 -1.2119 -0.33148 0.099455 -1.719 -1.3405 0.40735 -0.34117 -0.79167 1.1011 0.96665 1.0702 0.96368 0.31499 -1.1494 0.61089 0.10521 0.0078594
-0.23929 1.0566 0.91288 0.7357 -0.44119 -1.0597 -0.4176 -1.4802 -0.89663 1.0023 -0.18745 1.8069 -0.88164 -2.1369 1.094 -0.029794 0.58331 1.888 1.4715 1.3049 1.7225 -0.010942 -1.9456 0.23366 0.46969 -1.429 -0.28317 -0.1142 -0.80769 -1.5127 -0.0063354 0.7994 1.2639 0.16303 1.1658 -0.17033 0.97228 -0.55072 1.2011
-1.4219 1.045 0.56906 -0.02194 -0.27405 -1.8082 0.24302 -0.1899 -0.5031 0.20244 -0.5727 0.49005 -1.1097 -2.1566 0.74299 -0.50809 -0.60574 1.7713 1.4466 1.43 1.414 0.67532 -1.5391 1.2819 0.51706 -0.62302 0.9892 -0.24326 -0.91135 -1.7058 -1.5096 -0.28688 0.8941 -0.53309 1.5196 0.54638 0.88462 -1.3655 1.7227
-1.8089 1.401 0.67503 0.64195 1.9619 -0.55248 0.69523 0.0050919 0.24212 0.54806 -0.10536 -0.36237 -0.99407 -1.6258 0.59985 -0.91736 -1.4169 0.72478 1.1353 1.9028 0.99828 1.7295 -1.0833 1.0471 -0.89317 0.20923 1.887 -0.34646 -0.37215 -0.23233 -1.882 -0.54158 -0.46452 -1.1498 0.97336 0.9999 -0.20793 -1.391 1.0652
-1.5058 1.5201 0.40848 -0.19204 0.49928 -0.40273 1.9365 0.8102 0.5552 -0.19164 1.6578 0.087678 -0.70647 -0.32762 0.82708 -1.0419 -1.3583 -0.37258 0.18527 1.7256 0.59904 2.2167 -0.57657 1.0822 -1.9711 0.47786 1.976 -0.53614 0.37014 1.3298 -1.9157 -0.34075 -1.3294 -0.88762 -0.62788 0.56753 -1.2996 -0.31088 -0.20392
-1.6612 1.3285 -0.32375 -1.1687 0.50774 -0.80364 1.5124 -0.64022 1.0104 0.77352 2.0718 1.0137 -0.46646 0.47355 0.454 -0.47008 0.47224 -0.6191 0.98481 0.26822 -0.16091 1.1833 -0.4585 -0.05205 -1.09 -0.11309 1.0989 -1.0276 1.2837 1.967 -0.823 0.43983 -2.0847 -0.38842 -1.8655 0.33346 -1.5085 1.0299 -1.0857
-1.5699 1.3272 -0.70951 -1.3823 -0.18426 -0.80603 2.5559 0.18487 2.0799 0.030728 0.43112 -1.0608 -0.19606 0.48507 -0.10881 -0.064825 1.0019 -1.1997 0.80755 -0.31033 0.22078 -0.33285 -0.74293 -0.75815 0.007725 -0.81457 -0.0066377 -1.3592 1.8801 1.3379 0.089552 1.0205 -1.9817 0.31417 -2.0894 0.025621 -0.96641 1.5649 -1.0256
-0.86418 2.3348 0.057176 -0.088861 -0.72345 -1.2772 1.7633 -0.33188 2.2211 -0.11778 0.75272 -1.9397 -0.8884 0.018642 -0.70353 0.95216 1.195 -0.43757 1.6765 -1.0942 0.40119 -0.78609 -0.35702 -1.0442 0.23551 -1.0391 -0.7949 -1.3899 1.6853 -0.48659 0.80203 0.58812 -1.3075 0.88967 -1.1517 0.11986 0.5262 1.3574 -0.082055
-1.0793 1.2777 0.43914 1.7038 0.56391 0.78221 -0.07877 -0.095554 0.38493 -0.34674 -0.8591 -0.47826 -1.5392 -0.11729 -0.93668 1.709 0.84825 -0.3131 1.857 -1.4094 0.92035 -1.0428 -0.59636 -0.33869 0.57199 -0.84856 -0.90348 -1.2669 0.94695 -1.8468 1.0572 0.12036 -0.59649 0.6503 -0.0011412 0.13223 1.3782 0.72978 1.1943
-1.3844 1.0358 0.41145 0.77907 0.035181 0.43221 1.2027 0.93177 -0.8246 -0.54962 0.35865 0.98795 -1.6352 -0.71684 -1.5276 1.7445 -0.43299 0.43556 1.61 -1.6976 1.2291 -0.80499 -0.31343 0.83493 1.4118 -0.23572 -0.4551 -0.59264 -0.16954 -2.2662 0.33728 -1.0566 0.34761 0.073012 0.53919 -0.034464 1.5969 0.11744 1.8329
-1.8257 0.50239 1.4227 -0.42314 -0.26689 1.606 0.44085 0.64259 0.52287 0.10398 0.95629 0.3954 -1.1839 -0.84186 -1.8804 1.2737 -1.8128 0.34435 1.0519 -1.1521 1.0735 -0.33406 -0.52177 1.1193 0.92757 0.87577 0.64788 -0.083257 -1.3481 -1.0708 -0.2445 -1.6441 0.34761 -0.63062 0.97637 0.30046 0.20231 -0.57201 1.6463
-1.5648 0.67509 1.5149 -0.60306 -0.28305 0.74319 -0.20595 0.45999 0.65182 -0.33106 1.1085 0.28471 -0.95154 -0.47506 -1.2537 0.8377 -1.919 -0.14746 -0.071969 -0.54467 0.45035 -0.055677 -0.48285 1.4853 0.32076 1.3075 2.112 0.42935 -2.1727 0.86914 -1.0424 -1.9719 0.27672 -1.0274 0.75939 0.4643 -1.3453 -0.79265 1.0262
-2.318 0.024497 1.439 -1.0597 0.64249 0.80096 -0.29178 1.8558 1.2159 -0.60084 1.388 0.21203 -0.66205 0.96898 -1.2182 -0.3515 -0.52747 -0.50323 -0.63201 -1.3077 0.044825 0.55363 0.065851 -0.22114 -0.021167 1.2623 2.8503 0.51385 -2.3361 1.958 -1.2498 -1.7315 -0.0065475 -1.1304 0.56524 1.045 -2.2029 -0.63834 0.33057
-1.6958 0.0070942 1.5434 -0.90968 -0.0013369 0.71433 -0.34045 0.65785 0.39554 -1.069 1.4203 -0.17329 -0.27169 2.3235 -1.1202 -1.4832 0.5801 -1.1316 -1.5358 -1.0784 -0.30572 0.28233 0.29605 -1.1769 0.29889 1.3691 2.6773 0.35025 -1.8579 1.6398 -1.1192 -1.2373 -0.077339 -1.1661 0.533 1.2728 -2.579 -0.6252 0.0068367
-1.681 -0.066779 1.3408 -0.2664 0.0099325 0.71277 -0.10459 0.56801 -0.79777 -0.73405 1.4981 1.0275 -0.48627 3.0857 -1.0631 -1.9088 0.71202 -1.5468 -1.7216 -0.89044 -0.80118 0.6345 1.1468 -1.9632 -0.33501 1.4268 1.2684 0.40186 -0.85814 0.31582 -0.49437 -0.51117 0.23685 -0.89056 0.6565 1.2144 -1.4121 -0.69765 -0.14371
0.51903 -0.48962 -0.22436 -0.11642 -1.2011 -0.23724 -1.4669 0.98879 1.4064 0.40394 -0.59619 0.64486 -0.26499 3.4699 -0.72901 -1.8413 0.61652 -1.7618 -2.0407 -0.89506 -1.4499 0.9761 1.4877 -2.8166 -0.76912 1.241 -0.2306 0.53096 0.1716 -0.59839 0.46146 0.47141 0.12958 -0.37403 0.8509 0.90916 -0.094267 -0.87755 -0.36464
1.277 -0.64729 -0.29537 0.016976 -1.6074 -0.80086 -1.3244 0.090563 1.3313 0.27606 -0.50519 0.50628 0.53662 2.7636 -0.72261 -1.7793 0.033502 -1.1424 -1.4359 -0.93488 -1.1617 1.5293 1.865 -2.2181 -0.88127 1.0789 -1.6201 0.70379 0.97022 -0.68438 1.4255 1.4332 0.33878 0.18557 0.068381 -0.019596 1.476 -0.31498 -0.6893
1.5508 -0.56835 -0.48821 -0.32737 -1.3432 -1.3347 -1.2472 -0.094452 1.6894 0.94354 -1.2226 -0.9422 0.57829 2.0484 -0.3769 -1.2486 -0.28021 -0.48004 -0.76302 -0.7987 -0.88324 1.5516 1.7249 -1.2055 -1.1878 0.90935 -2.2404 0.59178 1.2183 -0.55314 1.8094 2.0163 0.35505 0.90024 -0.83985 -0.54458 2.2565 0.28428 -0.98573
1.5617 -0.67215 -0.27689 -0.45021 -1.2963 -1.4323 -1.3966 -0.40364 1.882 0.76511 -2.2975 -0.80529 0.45753 0.76119 -0.02784 -0.42736 -0.20649 0.48955 0.48553 -0.27747 -0.73632 0.47704 0.96922 0.24564 -0.74174 0.39125 -1.8871 0.4981 1.0757 -0.17618 1.2318 1.7352 0.3439 1.0151 -1.5298 -1.1446 2.179 0.67605 -0.98375
1.3957 -0.82569 -0.78375 -0.63645 -1.2673 -0.37884 -1.7611 -0.67625 2.0273 1.5644 -0.65837 -0.37039 0.57989 0.2756 -0.058052 -0.28022 -0.375 0.8256 1.0148 -0.53122 0.098063 -0.20872 0.83261 0.54183 -0.23663 -0.13482 -1.2224 0.29138 0.5959 -0.094022 0.54212 0.90998 0.39256 1.0724 -1.6159 -1.5133 1.4068 0.61112 -0.67815
1.786 -0.49367 -0.74045 -0.22806 -0.96292 -0.52003 -1.7756 0.057512 2.1687 1.8568 -0.48627 -0.47427 0.4612 0.11546 -0.025079 -0.2904 -0.29719 0.51566 1.1273 -0.39758 0.3353 -0.70021 0.014959 1.3421 0.041862 -0.11522 -0.51987 0.063149 0.095918 -0.1607 -0.11829 -0.19295 0.44285 0.82095 -1.1216 -1.6767 0.074355 -0.19562 -0.12922
1.7662 -0.55623 -0.65946 -0.18617 -0.70904 0.22693 -1.6705 -0.28628 1.8244 1.1317 -0.2749 -0.53606 0.4212 0.080163 0.12256 -0.2322 -0.45309 0.51319 0.71196 0.026269 0.68191 -1.144 -0.82738 1.1209 -0.3129 -0.019302 -0.38347 -0.038417 0.013426 -0.13324 -0.27464 -0.77068 0.76415 0.23207 -0.68895 -1.5462 -0.77514 -0.71246 0.29502
1.6083 -0.81757 -0.56716 -0.77978 -0.54957 -0.11305 -2.1833 0.2446 0.65502 1.4971 -0.57677 -0.41856 0.41561 -0.11823 -0.010478 -0.2921 -0.5154 0.40285 0.21931 0.30574 0.57575 -1.3375 -1.5551 0.14048 -1.077 0.11141 -0.23702 -0.081826 0.0066605 0.11664 -0.19338 -0.98326 0.7555 0.036784 -0.13139 -0.76153 -1.4526 -0.62316 0.31178
1.621 -0.60638 -0.89667 -0.7513 -1.03 -0.15719 -1.7087 -0.0016427 0.95217 0.64503 0.40093 -1.0819 0.4667 -0.32956 -0.13265 -0.27281 -0.56042 0.34336 -0.10834 0.59905 0.41795 -1.2951 -1.4772 -0.38815 -1.1014 0.27155 -0.16451 -0.20117 0.05613 0.70527 -0.24594 -0.65196 0.66705 0.03875 0.59801 -0.14643 -1.1695 0.1654 0.28893
1.6238 -0.49786 -0.70526 -0.95385 -0.59991 -0.29095 -1.263 0.43333 0.45816 -0.17223 -0.55444 -1.0594 0.51273 -0.12774 -0.039555 -0.27606 -0.051874 0.21565 -0.4663 0.78126 0.52143 -0.89937 -1.1945 -0.80194 -0.80654 0.28835 -0.029714 -0.16721 0.26399 0.94206 -0.23801 -0.30542 0.55387 0.37868 0.81553 0.11404 -0.41813 1.1542 0.18846
1.3027 -0.82585 -1.292 -0.83646 -0.62164 0.031812 -1.4058 0.11479 0.36762 -0.072893 -0.54416 -2.1728 0.70883 -0.2275 -0.21058 -0.1546 0.65209 0.12243 -0.28408 1.0831 0.7671 -0.15909 -1.3189 -0.73481 -0.087597 0.40126 0.035203 -0.10799 0.38711 0.71508 -0.44431 -0.088687 0.46095 0.57396 0.55635 -0.081859 0.42305 1.5784 0.018972
1.4115 -0.6534 -0.79859 -0.68689 -0.3379 -0.5534 -0.89059 0.54768 0.21236 0.22284 -1.1659 -1.5969 0.67762 -0.22954 -0.26068 0.11921 0.67599 0.043957 -0.33619 1.1399 1.131 -0.26054 -1.4275 -0.49616 0.78702 0.37991 -0.15342 0.035063 0.55878 0.022221 -0.5886 0.092183 0.48271 0.50024 -0.16929 -0.056122 1.0615 1.2987 -0.1189
1.7347 -0.66294 -0.90568 -0.28751 -0.5648 -0.48422 -0.84018 0.50056 0.23276 -0.19729 -1.3156 -1.172 0.63386 -0.21751 -0.20925 0.22788 0.43167 -0.43038 -0.38179 1.3166 1.229 -0.49499 -1.5435 0.34741 1.3351 0.26278 -0.20069 0.37828 0.47491 -0.76664 -0.77799 0.14578 0.20417 -0.066843 -0.63051 0.45213 1.1433 0.073444 -0.29206
1.1321 -1.0969 -0.82306 -0.02403 -0.70444 -0.38328 -0.38955 1.3914 0.84013 -0.74416 -0.83159 -0.39838 0.90202 -0.42442 0.019061 0.54882 0.066278 -0.64045 -0.26285 1.6034 1.2606 -1.083 -1.2138 0.83441 1.1468 0.15354 -0.17654 0.70704 0.45139 -1.0167 -0.54875 0.34154 -0.073301 -0.82082 -0.38885 1.3488 0.53098 -1.2822 -0.4322
1.3295 -0.71767 -0.70054 -0.35875 -0.88722 -0.60401 0.14982 1.4796 0.13236 -1.8245 -0.24291 -0.17007 0.85004 -0.51016 0.30009 0.49145 -0.56998 -1.0261 -0.058591 1.2528 0.55165 -1.0344 -0.54663 0.94252 -0.093915 0.0076312 -0.033129 0.89022 0.50529 -0.8759 0.055176 0.56157 -0.59111 -1.5634 0.2056 2.0782 -0.64323 -1.9253 -0.57226
1.2482 -0.78874 -0.63098 -0.72188 -1.1187 -0.69575 0.57438 1.6868 -0.74439 -1.8106 -0.12415 0.08584 0.76998 -0.41815 0.70154 0.80475 -0.83668 -0.71531 0.15726 1.0378 -0.17112 -0.78746 0.73631 0.31265 -1.081 -0.24436 0.023267 0.58967 0.45617 -0.41434 0.53167 0.63144 -0.99659 -1.7097 1.1362 2.2791 -1.4694 -1.3259 -0.49762
0.67595 -0.68549 -0.37946 -0.65213 -1.2147 -0.36644 0.99771 1.537 -1.4655 -0.632 0.20183 -1.1587 0.8226 -0.28732 0.98196 1.017 -0.85636 -0.30773 0.50478 0.46626 -1.1636 -0.23426 1.5942 -0.65617 -1.4411 -0.535 0.046317 0.22761 0.36965 0.1012 0.82156 0.54333 -0.98404 -1.1624 1.5328 1.2858 -1.483 0.12799 -0.32481
1.0339 -0.21872 -0.23377 -1.1782 -1.7276 -0.6506 0.45545 0.84642 -0.51997 -0.23029 -0.38098 -2.0001 0.60442 -0.49702 0.69282 1.1122 -0.63199 -0.013118 0.69233 0.081094 -1.2794 0.8121 2.228 -1.2988 -0.8509 -0.44138 0.052691 -0.04662 -0.082963 0.22189 0.7122 0.19016 -0.89012 -0.37839 1.3964 -0.40289 -0.89017 1.3362 -0.20153
1.16 -0.036072 0.19127 -0.85013 -1.1382 -0.074492 0.70528 0.48551 -0.15167 0.57687 -1.0971 -2.1577 0.43762 -0.38879 0.69542 1.0037 -0.5107 0.15764 0.73389 -0.16015 -1.2102 1.2648 1.2443 -1.2117 0.075542 -0.45794 -0.016743 -0.20922 -0.58838 0.32461 0.32733 0.085929 -0.49035 0.056312 0.40312 -1.4143 0.27015 1.8038 -0.17566
0.72397 -0.028848 0.46497 -1.0083 -0.91682 0.25735 0.33835 -0.012415 0.40509 0.38952 -1.6091 -1.5454 0.35271 -0.27356 0.76338 0.63953 -0.61307 0.38001 0.39394 -0.35904 -0.9142 1.2856 0.09006 -1.1726 0.90159 -0.63141 -0.10359 -0.26433 -0.91297 0.12353 0.057162 -0.053048 -0.092202 -0.052861 -0.86491 -1.7737 0.9298 1.4339 -0.19365
0.49964 -0.23289 0.5811 -1.1764 -1.0647 0.048658 0.56505 0.38429 0.78864 0.85783 -1.6454 -0.6314 0.53031 -0.43508 0.58514 0.14587 -0.26952 0.095712 0.79602 -0.25238 -1.2534 0.3379 -0.16924 -0.13954 1.3742 -0.74328 -0.2658 -0.57181 -0.90049 0.13663 0.037438 -0.079821 0.32514 -0.16691 -1.6288 -0.99911 0.99578 0.83911 0.042829
0.67062 0.058617 0.48454 -1.2931 -1.1787 0.19372 0.49969 0.30157 0.34773 -0.46155 -1.1199 -0.28098 0.29541 -0.67235 0.29148 -0.16722 -0.54752 0.10682 0.52439 -0.043245 -1.3808 -0.48623 -0.61226 0.076716 1.4392 -0.63346 -0.29548 -0.8251 -0.57088 0.20032 0.18875 0.082857 0.59687 -0.12934 -1.7053 -0.18606 0.83311 0.13567 0.463
0.57362 0.52621 0.28309 -1.5085 -0.86827 -0.18431 0.14902 0.086745 0.59373 -0.3733 -1.6747 -0.87786 -0.039515 -0.69129 -0.054806 -0.27816 -0.31293 0.3459 0.47806 0.31678 -1.3253 -1.1598 -0.41129 0.20846 1.537 -0.37818 -0.21183 -1.1771 -0.25985 0.2176 0.44312 -0.024943 0.52935 0.26237 -1.1115 0.46383 0.14785 -0.72045 0.99058
0.55026 0.39717 -0.0026082 -1.0898 -1.6289 1.0375 0.15529 -1.519 -0.2295 0.35696 -0.4718 -0.30951 -0.2787 -0.70285 -0.33917 -0.22355 -0.2369 0.5928 0.6888 0.51553 -1.1524 -1.4311 -0.17892 0.36975 1.1203 -0.00056938 0.059347 -1.3252 -0.0024439 0.42736 0.42643 0.13149 0.41646 0.64059 -0.40006 0.74307 -0.037087 -1.2586 1.3485
-0.12259 -0.065763 0.28445 -1.6131 -0.51632 0.53116 0.83645 -1.1926 -0.79358 -0.22313 -1.6897 0.20734 0.0079291 -0.82076 -1.1284 -0.32528 -0.036737 0.67176 0.63336 0.4971 -0.86762 -1.4513 0.51645 0.04673 0.093241 0.67613 0.31637 -0.97791 0.033742 0.34317 0.33723 -0.046041 0.26313 0.94318 0.50373 0.53785 -0.35061 -1.601 1.3541
-0.23323 -0.35016 0.28871 -1.3058 -0.46098 0.60944 0.9822 -1.0248 -1.0291 0.014504 -1.3542 1.2247 0.26954 -0.50131 -1.4558 -0.16647 0.1106 0.73136 0.68023 0.67765 -0.36217 -1.1598 0.38152 0.11697 -0.37353 1.201 0.68873 -0.25773 -0.13585 0.29311 -0.046576 -0.29031 0.077965 0.8105 1.1353 0.042799 -0.28602 -1.3973 0.85884
-0.1013 -0.35641 0.28236 -1.5219 -0.51545 0.91131 1.1877 -0.62933 -1.1373 0.14081 -0.69323 0.41519 0.52694 -0.205 -1.1822 -0.26252 0.14572 0.89536 0.35954 0.75091 0.12512 -0.28255 0.35805 -0.33879 -0.94684 1.3924 0.88744 0.70946 -0.28661 -0.022264 -0.25052 -0.52918 0.10111 0.61741 1.3306 -0.75608 -0.039495 -0.50028 0.073953
-0.29306 -1.0748 -0.24132 -1.2537 -0.50667 0.87291 0.66207 -1.1398 -1.5847 0.37637 -1.3893 -1.4796 0.8377 0.27284 -0.75738 -0.52469 0.20687 0.37375 0.21268 0.54652 -0.065471 0.27782 -0.034604 0.019284 -1.1761 1.1468 0.70696 1.2097 -0.50987 -0.36534 -0.21157 -0.72376 -0.012823 0.63216 1.1708 -0.97156 0.14735 0.67367 -0.53028
0.10204 -0.93789 0.12653 -1.2155 -0.20576 1.1598 1.2456 -1.0956 -1.0698 0.28417 -1.1521 -1.009 1.0049 0.44743 -0.25659 -0.69502 -0.16349 0.35755 -0.22529 0.76522 0.18572 0.51905 -0.79902 0.050098 -0.49831 0.8364 0.43218 1.2695 -0.36153 -0.80941 -0.024258 -0.62856 -0.11086 0.78316 0.91035 -0.65795 0.55469 1.6468 -0.76563
-0.0050759 -0.84471 -0.22626 -1.0971 -0.095096 1.2476 1.7116 -1.3113 -0.52099 0.64206 -1.5632 -0.68794 1.1422 0.49014 0.16416 -0.91236 -0.48093 0.58093 -0.5103 0.65321 0.83838 0.80459 -0.99197 0.25431 0.7961 0.55572 -0.0018985 1.0084 0.18316 -1.1405 0.059216 -0.6583 -0.60565 1.1135 0.68684 -0.19342 0.52446 1.9352 -0.69827
0.20145 -0.86553 -0.34237 -1.4731 -0.13865 0.44494 1.5766 -0.99384 -0.5249 -0.74499 -1.366 -0.63296 1.1398 0.49005 0.54282 -0.75623 -1.1205 0.72674 -0.57085 0.49112 1.2025 1.2913 -0.49165 0.69793 1.4393 0.35312 -0.1849 0.62612 0.89099 -0.9993 -0.25368 -0.65244 -1.585 1.0619 0.4949 0.421 0.69656 1.0819 -0.54535
0.36707 -0.53667 -0.65744 -1.6521 -0.15563 0.33782 2.1288 -0.36921 -0.60636 -1.0959 -0.74956 0.54585 1.1244 0.24327 0.57894 -0.17331 -1.569 0.28202 -0.96611 -0.4776 1.6083 1.2758 -0.59291 0.78857 1.8137 0.17138 -0.28777 0.3168 1.4876 -0.41749 -0.70169 -0.59121 -2.1632 0.52008 0.098895 1.0685 0.88268 -0.17814 -0.37804
0.41025 -0.45414 -1.0697 -1.9829 0.35049 0.47623 1.594 0.48547 -0.12787 -0.53995 -0.50764 0.6454 1.1964 0.22031 0.61351 0.56654 -1.5991 0.0080141 -1.3372 -1.7203 1.8809 1.2784 -0.18136 1.2236 1.2167 0.078885 -0.26967 0.20631 1.8255 0.21317 -0.9781 -0.5026 -2.376 -0.27102 -0.58681 1.2939 1.0408 -1.1791 -0.46573
0.36202 -0.55393 -0.77832 -2.4795 0.54477 0.48015 1.4072 -0.1163 0.78009 0.51866 -0.58787 0.11316 1.29 0.082034 0.67344 1.1619 -1.0892 -0.40614 -1.344 -2.4076 1.5085 1.0032 0.95762 1.8079 0.56952 0.035681 -0.20145 0.49153 1.7576 0.88704 -0.66021 -0.025098 -1.8577 -0.88663 -1.1742 1.2223 1.1224 -1.7725 -0.74284
0.27164 -0.25979 0.40714 -2.8247 -0.24656 -0.28464 0.30025 0.81888 0.8591 -0.89459 -0.38974 1.9534 1.1641 0.061535 0.84986 1.9372 -0.98093 -0.79845 -1.421 -3.121 0.69817 0.2296 1.2861 2.3239 -0.31152 -0.38951 -0.27074 0.92653 1.1722 1.9276 -0.11894 0.54497 -0.77158 -1.0508 -1.6468 0.41586 0.63574 -1.6753 -1.3868
0.38715 -0.17337 0.44196 -2.6732 -0.23352 -1.0044 -1.2371 1.146 1.0288 -0.15097 0.37373 0.35405 1.196 -0.058874 1.3064 2.3767 -0.18745 -0.58273 -1.005 -3.3542 0.42876 -0.5885 1.0841 2.539 -1.0015 -0.88942 -0.62642 0.51547 0.14322 2.6056 0.57364 1.463 0.61652 -0.8507 -1.2301 -0.56827 -0.43116 -1.4378 -1.7379
0.39107 0.0014968 0.73277 -2.3799 -0.65921 -1.1113 -1.3912 0.88935 0.35665 0.70819 1.7538 0.27122 1.1574 -0.22037 1.892 2.1108 1.6651 -0.14782 -0.44341 -2.7283 0.32532 -1.2727 0.56238 2.176 -1.3795 -1.8795 -0.93356 -0.31863 -0.76063 2.8509 0.78512 2.2536 2.1211 -0.56217 -0.33462 -1.1353 -1.7496 -0.28456 -1.5751
0.4867 0.51464 1.5619 -3.003 -0.74729 -0.96815 -2.3062 0.32241 -0.49342 0.92896 2.4487 0.0081426 0.54046 -0.95344 1.0392 1.3219 2.6222 0.33447 1.0729 -1.4069 -0.004935 -0.74788 0.16941 1.0456 -1.7955 -2.2541 -0.77697 -1.6735 -1.5678 1.9926 -0.056909 2.2437 2.9521 -0.82076 0.69751 -1.3457 -2.696 0.60757 -0.57567
0.15825 1.0251 1.9551 -2.0852 0.23909 -0.30638 -3.217 1.0116 -0.4769 0.87469 2.2459 -0.93362 0.23888 -1.2421 0.43342 1.0382 3.126 0.20889 2.0326 0.0054703 -0.2146 -0.37743 -0.53419 -0.42761 -0.46877 -2.4573 -0.2008 -2.4296 -1.7766 0.8109 -0.94156 1.279 2.899 -1.0747 1.2023 -1.1054 -2.7299 1.0354 0.83415
-0.052286 1.661 1.986 0.049535 0.11637 -0.41318 -2.2824 0.66468 -0.76324 0.13921 1.6691 -0.88004 -0.95456 -1.006 -0.84828 -0.0075385 2.9237 -0.88787 2.2296 0.98251 -0.94197 0.3696 -1.0637 -1.5685 -0.1973 -1.6032 0.4169 -1.8003 -1.4745 -0.19738 -1.2804 0.060846 2.5617 -0.97436 0.7863 -0.35357 -1.8113 1.001 1.5134
-1.3018 -0.01148 1.5859 -0.16502 -0.12979 1.2027 -1.7038 1.0726 0.599 -0.78377 0.83846 -0.7616 -0.78887 -0.57437 -1.3508 -0.53155 3.0568 -1.3368 1.5148 1.6783 -1.3487 0.59762 -1.0393 -1.9947 -0.049188 -0.74261 0.7751 -0.74191 -1.2516 -1.3827 -0.82072 -0.86156 1.735 -0.41283 0.12372 1.1267 -0.19489 0.31502 1.6914
-0.83431 0.20825 1.7886 0.28005 -0.46585 1.3453 -1.0526 0.46345 0.077797 0.033831 0.30663 0.28925 -1.0336 -0.51221 -1.1712 -0.64096 2.2374 -1.3338 1.4235 2.7071 -1.3821 0.35032 -0.30111 -1.7937 0.054189 -0.46136 0.88314 1.0901 -0.64624 -1.6325 0.21318 -1.5521 0.57567 0.40947 -0.74982 1.949 1.2475 0.27341 0.83942
-0.29228 -0.93066 0.70136 -0.1123 -2.4197 1.3164 -0.46888 -1.1279 0.45852 -0.29364 0.24112 -0.43158 -0.078385 -0.043913 -0.68431 -0.98026 0.74361 -1.1397 0.67613 2.4983 -0.82899 -0.1253 1.305 -0.67424 0.070224 -0.067083 0.82047 1.5816 -0.41265 -1.8709 0.59203 -1.7456 -0.86625 0.86063 -0.97748 1.6471 1.883 0.20539 0.30972
-0.12718 -0.056299 1.4279 0.93217 -1.3378 0.40105 -0.66336 -0.90165 -0.030861 -0.35882 -0.094181 -0.85174 -0.4409 0.37595 0.6953 -0.99779 0.86877 -0.60231 -0.49643 1.6907 -0.41113 -0.79739 1.6198 0.32434 0.32313 -0.46945 0.7927 1.1308 0.076575 -1.3883 0.50427 -1.7601 -2.203 0.76835 -0.64696 0.65226 1.743 0.42118 0.28031
-1.1771 0.43081 1.3709 1.2141 -0.57951 1.9669 1.576 0.0049915 -0.12143 0.4449 -0.27738 -0.97274 -1.0993 0.51155 0.43941 -1.1353 0.065761 -0.60185 -1.059 0.52245 -0.15185 -0.81851 1.2556 0.78256 0.2582 -0.19318 0.76378 -0.13724 0.49611 -1.0543 -0.24338 -1.1017 -2.4864 -0.10075 0.015288 -0.51939 0.95046 0.4091 0.7191
-0.46981 0.25858 0.33009 0.22555 -1.4722 0.74494 1.1984 0.15483 -0.54536 2.1233 1.0749 -0.23426 -1.0588 0.68811 0.21377 -0.43997 -0.16004 -0.66804 -1.2717 -0.54827 -0.22068 -0.623 1.0007 1.0315 0.84077 0.095655 0.73589 -1.2938 0.94889 -0.8592 -0.90679 -0.43965 -2.266 -0.92231 0.64537 -1.03 0.010712 -0.037015 1.4354
-0.49672 0.71331 0.38103 0.95918 -1.2202 0.38384 0.027711 0.060877 -0.63891 0.89059 1.1917 0.44338 -1.2039 1.224 -0.68109 -0.35906 -0.82869 -1.5864 -1.1776 -1.1723 -1.1419 -0.18985 0.5617 0.9255 0.66742 0.91154 0.15033 -0.82419 1.5338 -0.044108 -0.72957 0.25173 -1.1572 -1.0542 0.78843 -1.2902 -1.0714 -0.32728 1.3632
0.44442 -0.22715 0.14317 -0.062373 -2.3677 -0.27983 -0.81468 -1.0018 -0.91438 0.98869 0.96893 0.034268 -0.39729 1.3915 -0.97431 0.35237 -0.39102 -1.8444 -1.3499 -1.8268 -1.7575 0.1883 -0.1015 0.30877 0.067543 1.4918 -0.53521 -0.18599 1.5656 0.23118 -0.32551 0.84177 0.13733 -0.39796 0.73158 -1.0318 -1.752 -0.74411 0.76091
0.48629 -0.53921 1.0327 0.38017 -2.7935 -0.26132 -1.1591 -1.5382 -0.22495 0.71205 1.2679 0.30887 0.08008 0.43633 -0.3875 1.2896 0.06014 -1.4128 -0.54512 -1.0637 -1.4855 0.36588 -0.77899 -0.98498 0.0037053 1.4961 -1.3015 0.98706 1.5329 0.6185 0.74237 1.0732 1.0703 0.61692 0.55864 -0.87052 -1.3707 -0.33541 -0.44148
0.93271 -0.43785 1.02 0.16811 -2.5993 -0.14227 -0.93126 -1.7905 -0.28612 0.99993 0.90643 -0.3701 0.040273 0.076098 -0.25455 1.6157 -0.18993 -1.3897 0.071042 -0.33012 -0.85395 0.57393 -0.40088 -1.5164 -0.31593 1.1376 -1.3391 1.5844 0.65083 0.12048 1.4811 0.94051 1.3764 1.2536 0.12681 -0.52579 -0.4511 -0.016421 -1.3649
0.37374 -0.38932 1.3995 0.78897 -2.8347 0.05702 -0.8971 -1.7012 -0.0085191 1.0614 0.46831 -0.71849 0.17755 -0.5575 0.6583 1.8287 0.23887 -0.42869 0.23537 0.15196 -0.39293 0.74154 -1.0397 -0.89513 0.20152 0.32055 -0.91121 1.4718 -0.35583 -0.5566 2.0925 0.058555 0.76041 1.4908 -0.46435 -0.21911 0.67369 0.1838 -1.5656
-0.33727 0.38619 1.9108 0.38879 -3.0216 -0.18307 -0.6553 -1.3989 -0.3423 0.43404 -0.56728 0.6549 0.31905 -0.62103 1.231 1.2693 -0.28125 0.44594 0.11701 0.2287 0.15532 0.24921 -1.0367 -0.6127 -0.040473 -0.30299 -0.5725 1.0778 -1.3469 -1.0517 2.6996 -0.70668 0.55088 1.132 -0.91393 0.13354 1.2721 0.19074 -1.2569
0.20669 -0.19121 2.2747 0.21474 -3.4291 0.35075 -0.96439 -1.3467 0.2195 0.34229 -0.81465 -0.3444 0.14403 -0.92425 1.4041 0.78575 -1.0125 1.6083 -0.481 0.13159 0.93777 -0.42148 -0.91679 -0.042319 0.26393 -0.51706 -0.26618 0.23053 -2.1417 -1.3307 2.5803 -1.0091 0.48082 0.52511 -0.96743 0.89557 1.1644 -0.33138 -0.70543
-0.086552 0.41377 2.6321 0.41115 -2.618 -0.20671 -0.71084 -2.0634 0.50604 -0.67874 0.89805 0.53882 -0.01212 -0.81611 1.2281 -0.37448 -1.6459 2.6791 -1.0194 0.75047 0.69952 -0.70571 -0.21678 0.66001 0.064924 -0.63738 -0.48633 0.011193 -2.3492 -0.74409 2.08 -0.62245 0.70727 -0.025394 -0.28619 0.88228 0.60836 -0.40127 -0.33811
-0.048115 0.97423 2.1782 -0.056328 -1.7196 -0.08641 -0.77904 -1.1799 -0.26505 -0.025641 0.36279 -0.53821 -0.37355 -0.96256 1.0558 -1.3323 -1.7031 3.3164 -1.252 0.8263 0.35425 -0.75062 0.31123 0.85377 -0.50061 -0.74184 -0.46112 -0.17266 -2.061 0.2636 0.88379 0.1729 0.57104 -0.21901 0.63904 0.56141 -0.39382 -0.7891 -0.25815
-0.7544 1.0932 1.8198 -1.0107 -0.38376 -1.01 -0.71331 -0.055132 -1.3787 0.24329 0.38619 0.095043 -0.33202 -1.5163 1.4233 -2.0386 -1.419 3.5071 -0.7771 1.2535 0.37834 -0.17476 0.083751 0.20186 -0.44973 -0.77792 -0.41488 -0.31545 -1.0475 1.1816 -0.5301 0.80063 0.32987 0.17814 1.8499 0.044418 -0.51378 -0.30285 -0.18041
-0.92862 0.89295 0.76615 -1.0219 -0.015132 -1.2986 0.80109 -1.2683 -0.79155 0.88449 0.86025 -0.1675 -0.26287 -1.4414 1.0079 -2.2157 -0.64833 2.8469 -0.28558 0.98937 0.64695 0.60022 0.02935 -0.57414 -1.0588 -0.89431 0.087214 -0.37352 0.13145 1.721 -1.4951 1.425 0.3188 0.4887 2.132 -0.36994 0.20235 0.31043 -0.15609
-1.3203 1.2783 0.57415 -1.2464 0.32843 -1.3355 0.066662 -1.4277 -0.77895 0.41382 0.32676 -0.43386 -0.52102 -1.3574 0.70749 -1.8902 0.090404 1.892 0.073752 1.3129 0.88671 2.3609 -0.0075057 0.37087 -0.24744 -0.87275 0.69021 -0.47824 1.1539 1.7131 -1.8689 1.2345 0.062086 0.70471 1.2001 -0.30995 0.91461 0.74211 -0.084081
-1.7632 1.7424 0.11295 -0.79883 0.77504 -0.058559 0.88493 -0.99985 0.83914 -0.50413 -0.17252 -0.82744 -0.83061 -0.88355 0.76914 -1.1815 0.85547 1.2767 1.1521 1.4192 1.0474 2.2953 -0.39879 1.2121 0.053646 -0.9635 1.2492 -0.79816 1.3515 1.1642 -1.9337 0.3269 -0.085661 0.35284 -0.43802 0.24542 1.2755 1.4501 0.29203
-1.6885 1.5977 0.070924 -0.11826 0.95145 -0.69549 0.19825 -0.44686 0.94249 -0.34205 0.019943 -1.4266 -1.1119 -0.50884 0.71774 -0.43787 1.127 0.73795 0.95124 1.1659 1.5524 1.4022 -0.33854 1.1897 0.5271 -0.8865 1.8831 -1.5774 1.2148 0.060138 -1.9031 -0.98359 -0.91534 -0.25475 -2.1719 1.0208 0.62474 1.3453 0.9631
-1.9108 1.5882 -0.15009 -0.54652 0.76469 -0.56647 1.6181 0.75098 3.0718 0.82694 1.7446 0.12894 -1.0966 0.46629 -0.37335 -0.45836 1.0633 -0.25299 -0.098653 0.90506 0.99294 0.18321 0.66291 1.626 1.5264 -0.37298 2.1094 -1.9562 0.71461 -0.809 -1.9757 -1.9879 -1.5565 -0.84958 -2.5775 0.95047 -0.34502 0.77804 1.5698
-1.779 1.8643 0.28234 -0.19676 1.3459 0.59729 1.9789 0.35272 0.74878 -0.26375 2.5155 0.31691 -1.16 1.4853 -1.4398 -0.021287 0.068228 -0.9622 -1.3053 -0.18877 0.39189 -0.99442 1.4717 1.4596 1.7757 0.5198 1.9078 -1.6515 0.35387 -0.86197 -1.8632 -1.8659 -2.2283 -1.2408 -2.3454 -0.080353 -1.4513 -0.48447 1.5772
-1.6156 1.805 0.19734 0.17249 0.73361 -0.51249 1.9718 0.053361 0.66553 0.21786 1.3301 0.13309 -1.2029 2.0603 -1.5232 -0.085242 -0.22447 -1.6295 -1.7396 -0.8993 -0.070035 -1.74 0.56619 0.41479 1.0354 1.082 0.94985 -0.46349 0.39686 -0.46191 -1.3542 -0.92702 -2.2952 -0.68314 -1.1172 -1.0427 -2.1 -1.5296 0.81995
-0.45214 0.49468 -0.44399 -0.00022122 -0.25311 -1.6672 0.83031 -0.42442 -0.18666 1.2712 2.0069 1.6412 -0.87106 2.2579 -1.5534 0.012353 0.058495 -2.1173 -2.0035 -2.2241 -0.38711 -2.3994 -0.46997 -1.1007 -0.18812 1.1476 -0.23659 0.90993 0.4301 0.28733 -0.49572 0.73362 -1.3275 0.0014807 0.060128 -1.1988 -1.7925 -1.8548 -0.39664
0.31793 -0.10884 0.31002 -0.97655 -0.24996 -2.0556 -0.12325 -0.014002 0.093518 1.6352 1.7941 0.96559 -0.10889 1.852 -1.1161 0.24119 0.1341 -2.2561 -1.6404 -2.4986 0.013724 -1.3875 -0.45974 -1.2997 -0.57725 0.75062 -1.4725 1.9752 0.75554 1.0317 0.8679 2.099 0.091679 0.65734 0.94005 -0.58952 -0.89003 -1.2809 -1.5129
0.55371 0.52561 -0.15009 -0.26443 -0.95789 -2.447 -0.38377 0.16541 -0.77794 -0.22472 1.0451 -0.1986 -0.099798 1.1422 -0.076926 0.5934 0.41269 -1.6057 0.087075 -1.9431 0.33438 -1.0571 -0.41928 -1.2681 -1.1647 -0.0041855 -2.2818 2.2516 0.53918 1.4568 2.0584 3.151 1.7873 0.91256 1.4076 0.078901 0.16646 0.041213 -2.1369
0.46086 0.40592 0.1365 0.0053471 -1.4263 -2.0517 -1.3234 0.10657 -1.2562 -0.61384 0.17419 -0.24294 -0.29375 -0.14083 1.14 1.0046 1.5704 -0.26281 1.3973 -0.85543 0.84983 -0.51372 -0.65146 -1.2642 -1.056 -0.98362 -2.3343 1.3517 0.23782 1.1035 2.5486 2.9707 2.4003 0.61465 1.3571 0.51202 0.71188 0.97347 -1.8414
0.24913 0.83736 0.7116 0.25771 -1.3002 -1.4166 -1.2747 0.13161 -0.97885 -0.13214 0.77944 -0.10483 -0.79861 -1.0184 1.1962 0.61048 2.1396 0.76034 2.7711 0.41041 0.97986 0.0089391 -0.23721 -0.74805 0.15934 -1.7178 -1.8355 0.043876 -0.28324 0.23105 2.1892 1.435 2.0936 0.14988 1.4916 0.43082 1.1192 1.3648 -0.78074
0.177 1.2694 0.66527 0.41169 -1.2493 -0.51112 -0.78458 0.2956 -0.80129 1.064 -0.070619 -0.86546 -1.2003 -1.4387 0.57478 0.65461 1.3825 1.3625 2.9492 0.96366 0.88723 0.82231 0.44743 -0.088108 0.76413 -1.6083 -0.94623 -1.0245 -0.39071 -0.73504 1.3034 -0.0032062 1.1174 -0.25499 1.1579 0.05713 1.1804 0.60577 0.51532
-0.552 1.4603 1.0225 1.6479 0.030723 -0.23891 -0.45529 1.0658 -0.71641 0.30919 0.58808 0.502 -1.5241 -1.6469 0.28015 0.22578 0.92093 1.7035 2.1606 1.1946 0.59336 1.2905 -0.13201 0.43784 0.72415 -1.0531 -0.11846 -1.1018 -0.036843 -1.187 0.28368 -1.1138 0.10003 -0.66358 0.64377 -0.45915 1.0493 -0.3676 1.3734
-0.92615 1.0666 0.56619 1.3485 0.49852 1.5194 0.67314 1.2685 -0.088568 0.25169 0.54864 1.0248 -1.6723 -1.6013 -0.16802 0.45539 0.7143 1.712 1.6657 0.916 0.52056 1.1845 -0.61045 0.56046 -0.082587 -0.41109 0.47819 -0.61667 0.029269 -1.0822 -0.71996 -1.5382 -0.41097 -0.9585 -0.01293 -0.41543 0.79107 -0.87148 1.4845
-1.183 0.8793 0.7609 0.79819 -0.06277 0.69803 0.2305 0.83965 0.24018 -0.022894 0.65788 0.39015 -1.5749 -1.1634 -0.33166 0.6236 0.12891 1.1031 1.1471 0.63471 -0.16686 1.1246 -0.64133 1.0805 -0.14038 0.088852 0.79436 -0.1183 0.3185 -0.61885 -1.0956 -1.5829 -0.55783 -1.1026 -0.56977 0.30336 0.37802 -0.86533 1.0754
-1.5675 0.93311 0.59297 0.95324 0.44228 0.19616 -0.05589 0.482 0.65605 -0.66996 0.98734 0.34611 -1.3463 -0.79063 -0.18276 0.4916 -0.36234 0.28178 0.33851 0.45807 -0.64559 0.87072 -0.14404 1.222 -0.55112 0.42015 0.75887 0.16097 0.13081 0.029674 -0.69786 -1.1946 -0.32034 -0.85789 -0.79718 0.90229 -0.071995 -0.50031 0.5237
-1.6358 0.96054 1.7556 1.4418 0.89565 1.14 0.11822 1.1087 0.44903 -0.093873 1.2552 -1.0834 -1.3611 -0.57102 0.082607 0.77899 0.21989 0.32708 -0.38299 0.35464 -1.0213 0.28401 0.21803 0.90456 -0.77659 0.41541 0.44571 -0.033185 -0.36053 0.18349 -0.14382 -0.71292 -0.081715 -0.095899 -0.83548 1.0199 -0.44392 -0.027235 0.079222
-1.2567 1.0668 1.4076 0.92682 0.31696 1.3095 0.52746 0.1785 0.7539 0.34863 1.6699 0.083676 -1.2762 -0.48268 -0.098974 0.60156 0.69125 0.7608 0.0028337 0.44539 -0.76629 -0.019663 0.73415 0.53735 -0.75737 0.34515 0.25336 -0.30562 -1.0917 0.19731 0.12161 -0.45685 0.07698 0.50858 -0.52529 0.57038 -0.58305 0.76543 -0.21057
-1.7944 1.1128 1.1099 1.1079 0.38066 0.42839 0.71871 0.39341 0.64789 -0.010335 2.2797 0.39187 -1.1758 -0.48841 -0.43184 -0.11707 -0.076179 0.57237 -0.1462 0.49083 -0.3146 -0.13231 0.92779 0.56083 -0.068341 0.26872 1.0105 -0.86589 -1.8951 -0.43604 -0.33175 0.051138 -0.12413 1.1951 -0.20625 0.35882 -0.63853 0.82916 0.17081
-1.7903 1.0092 1.6081 1.5547 0.87996 0.55361 0.95148 -0.39467 0.25117 0.36256 1.19 -0.60875 -1.2858 -0.36274 -0.45315 -1.0996 0.13431 0.37001 -0.72714 0.54597 -0.012355 0.0056149 0.61533 0.25096 0.6752 0.12916 2.282 -1.2369 -2.3028 -1.0432 -1.1693 0.31595 -0.6 0.96872 -0.2211 0.041926 -0.80751 0.16204 0.90203
-1.9705 0.60369 1.496 1.7304 1.2845 0.69748 0.36865 0.11146 0.38852 0.77076 1.3355 -1.1431 -1.116 1.2544 -1.2331 -1.8969 -0.38532 -0.1242 0.054223 0.07229 0.9451 -0.1551 0.97098 -0.20721 0.21714 0.82592 2.9711 -1.3658 -2.1882 -1.4476 -1.3671 0.61032 -0.87831 0.57147 -0.33006 0.040753 -0.73297 -0.56965 1.5543
-2.167 0.43509 0.48015 0.44157 1.1013 0.44436 0.75168 0.69135 0.5492 0.65317 2.2989 0.43955 -1.0705 2.9097 -1.8302 -2.7897 -1.2193 -1.1219 0.5063 -0.49561 0.49989 -0.46486 0.77593 -0.67478 -0.5464 1.6476 2.4912 -1.1153 -1.3811 -1.7081 -0.77196 0.80772 -0.74259 -0.16297 -0.55343 -0.016859 -0.58711 -1.0499 1.6886
-1.7158 0.75906 0.090546 1.8131 0.78914 0.1615 1.3299 0.81953 0.67488 0.71062 1.6841 0.63349 -1.3106 3.4281 -2.0973 -3.3411 -2.2513 -1.2866 0.43154 -0.67567 0.54018 -0.57454 0.90854 -0.42194 -0.59139 2.231 0.7517 -0.21208 -0.057863 -0.76636 0.4778 0.46244 -0.34018 -1.1797 -0.63669 -0.55177 -0.56429 -1.1656 0.99708
1.3518 -0.65962 -1.2621 0.18122 -0.2597 1.6276 0.3265 1.4086 0.2693 1.7633 1.2378 0.017874 0.089737 3.2056 -1.9434 -2.9525 -2.2913 -0.5281 0.67484 -0.50546 -0.15054 -0.91498 0.59303 -0.79282 -1.0309 2.383 -1.2313 0.65543 1.3256 0.18733 1.761 0.22524 -0.046319 -1.5522 -0.52757 -1.0282 -0.48607 -0.83917 0.02112
1.9197 -1.0223 -1.9922 -0.097789 -0.83931 0.90278 -0.36945 -0.060192 -0.54037 0.67084 0.65872 -1.8366 0.66461 2.5078 -1.543 -1.9409 -1.3757 0.46351 0.86763 -0.57173 -1.0798 -1.2291 -0.0548 -1.2533 -1.8861 2.2054 -2.6598 1.57 2.2824 1.483 2.1566 -0.20969 0.19539 -1.7745 -0.22691 -1.5584 -0.51565 -0.30744 -1.1614
1.3886 -1.2039 -2.0558 -1.0247 0.28862 0.88391 -0.01902 0.54594 -0.36963 1.9241 1.07 -1.3224 0.78768 1.062 -0.97943 -1.0542 -1.3279 1.3148 0.70989 -0.6295 -1.7764 -1.2154 -0.80703 -1.2063 -1.5809 1.7011 -2.7975 1.7992 2.2161 1.7843 1.373 -0.60173 0.028698 -1.1653 0.22647 -1.4964 -0.46462 0.58845 -1.7898
0.94119 -1.1033 -1.9237 -0.60944 1.3636 1.5076 0.24149 0.18367 -0.71135 1.1592 0.76779 -1.419 0.88294 -0.48011 0.12414 -0.083316 0.11714 1.8521 -0.037224 -0.22918 -2.1725 -0.89266 -1.5104 -1.2221 -0.91716 0.54505 -1.7784 1.4713 1.614 1.7512 0.11906 -0.82506 -0.18124 -0.37024 0.61821 -1.0495 -0.40644 1.3884 -1.713
1.1277 -0.83635 -1.7244 0.09335 1.4326 1.5323 0.23051 -0.776 -1.1548 0.20369 0.23902 -1.8821 0.83995 -0.53792 0.32135 0.20285 0.39868 1.3555 -0.11076 -0.61391 -1.9258 -0.63245 -1.6749 -1.7122 -0.29469 0.087629 -0.37792 0.64132 0.95671 1.4988 -0.80883 -0.83286 -0.40611 0.57326 0.96199 -0.064318 -0.34436 1.8036 -1.1194
0.90484 -0.80697 -1.6892 -0.24006 1.4571 1.4441 -0.30642 -1.3793 -1.1283 -0.04117 -0.31124 -1.711 0.89666 -0.023522 0.3402 0.39998 1.1331 0.64926 -0.40828 -0.92178 -1.7553 -0.27569 -1.728 -1.7866 0.31785 0.020818 0.55819 -0.30603 0.39617 0.59177 -1.0727 -0.57637 -0.39872 1.4165 1.1601 0.66986 -0.052512 1.9088 -0.36306
1.1317 -0.71038 -1.7271 0.12891 1.3893 0.9707 -0.36183 -1.6385 -1.1431 -0.24977 -0.4977 -1.9054 0.80577 0.12212 0.016208 0.45691 1.045 0.36717 -0.80647 -1.0594 -0.87053 0.41798 -0.84616 -1.585 1.4926 0.0098099 0.4256 -0.67068 0.13226 0.27632 -0.90181 -0.42216 0.12301 1.9807 1.0727 0.78331 0.56449 1.7753 -0.1555
1.0022 -0.89056 -1.8784 -0.27584 1.0041 0.63847 -1.4185 -1.9561 -1.3525 -0.87591 -1.658 -2.0207 0.78752 0.22926 -0.2516 0.50475 0.91007 0.29809 -0.8765 -0.76836 0.080913 0.92568 -0.61273 -1.3575 2.0943 -0.047 0.025219 -0.7212 -0.021371 -0.13604 -0.79272 0.012693 0.52372 2.269 0.60299 0.51069 0.96067 1.2562 -0.14272
1.2893 -0.79527 -1.2857 0.72975 1.7961 0.82535 -0.89307 -1.2718 -0.59113 -0.072191 -0.95001 -0.24932 0.89289 0.12708 -0.53924 0.37701 1.0125 -0.1939 -0.75429 -0.44581 1.0522 0.9333 -0.69485 -0.7528 2.4506 -0.14651 -0.074316 -0.37135 -0.13186 -0.14261 -0.89776 0.41395 0.8325 1.7201 -0.056939 -0.28338 1.2432 0.18113 -0.17557
1.0391 -1.0759 -1.2415 0.8141 1.9844 0.6225 -1.1377 -1.0534 -0.059657 -0.087075 -1.4363 0.81889 0.89621 0.016467 -0.6256 0.38208 0.84934 -0.58882 -0.4393 -0.21055 1.7493 0.68075 -0.80808 -0.22881 2.4172 -0.14671 -0.091713 0.027222 -0.31679 -0.4544 -1.0784 0.48575 0.67766 0.86105 -0.66983 -0.87859 1.3561 -0.80559 -0.19348
1.4411 -1.0693 -1.1642 0.79196 1.5251 0.36289 -0.85862 -0.96998 0.070913 -1.0579 -1.8127 0.413 0.73042 0.084807 -0.43764 0.25587 0.76262 -0.90668 -0.2247 0.27557 1.6764 0.41667 -1.332 0.39501 1.7237 -0.24348 0.079791 0.51356 -0.31536 -0.76047 -0.76492 0.31625 0.45016 0.0074717 -1.1589 -0.82185 1.2349 -1.5739 -0.16074
0.93444 -1.4485 -1.5226 0.73407 0.67554 0.33445 -1.1371 -0.035185 -0.22888 -1.1656 -1.1505 1.1067 0.66701 0.074143 -0.25663 -0.039392 0.11562 -1.4045 -0.19684 0.18599 1.452 -0.18229 -2.0613 0.84088 0.84419 -0.33298 0.14693 0.68877 -0.20954 -0.75171 -0.21998 0.082139 0.17931 -0.48876 -1.3072 -0.47562 1.0581 -1.715 -0.082126
1.15 -1.3404 -1.2406 0.93117 0.57674 0.44005 -1.0806 0.46685 -0.55488 -1.3589 -1.0548 1.0259 0.69628 0.24278 0.15986 -0.014322 -0.13554 -1.2521 -0.27123 0.23199 1.1971 -0.99298 -1.7226 1.2401 0.0615 -0.33058 0.15504 0.6358 -0.06031 -0.66742 0.25701 -0.09494 -0.16832 -0.80033 -1.159 -0.062492 0.50694 -1.6322 0.01146
1.2924 -1.1682 -1.2991 0.96232 0.52149 0.53488 -0.67984 -0.11383 -0.3705 -2.3564 -0.83769 0.75966 0.59265 0.20761 0.26107 0.11099 -0.19945 -0.85136 -0.28159 0.16469 1.0044 -1.2729 -1.5786 1.5193 -0.21421 -0.24291 0.02528 0.39839 -0.060235 -0.35628 0.465 -0.075673 -0.29427 -1.0351 -0.37587 0.39746 -0.37038 -1.13 0.027264
1.3583 -1.0927 -1.2878 0.80742 0.40051 0.45754 -0.71934 0.51426 -0.60517 -2.642 0.21035 1.3965 0.55783 0.30337 0.39767 0.050748 -0.41371 -0.71625 -0.40327 -0.031099 0.29994 -1.396 -1.7176 1.1136 -1.0411 -0.26463 -0.14242 0.20167 0.030911 -0.17468 0.37706 0.25141 -0.41661 -0.99338 0.64237 0.80226 -1.4286 -0.58595 -0.096083
1.458 -0.8761 -1.2502 0.5147 0.39089 -0.057331 -0.87075 0.36403 -1.8589 -2.1273 -0.21202 0.3846 0.49116 0.08643 0.30964 -0.20172 -0.47378 -0.81199 -0.31309 -0.2428 -0.16372 -0.75111 -1.2934 0.19055 -0.8776 -0.31444 -0.39114 0.59378 0.43986 0.075492 0.16539 0.49157 -0.37408 -1.1428 1.3239 1.4633 -1.9877 -0.36391 -0.4471
1.4342 -1.0792 -1.0998 0.65553 0.14784 0.047512 -0.80127 0.74298 -1.7676 -3.1892 0.42235 0.27598 0.49239 0.032276 0.48187 0.18097 -0.37353 -0.5777 0.21868 -0.36067 -0.20076 0.040045 -0.28983 -0.94566 -0.7738 -0.45897 -0.70887 1.2013 1.0204 0.63248 0.35673 0.43372 -0.21454 -1.0451 1.7973 2.1339 -1.3217 0.2517 -0.7972
1.2956 -1.0273 -1.5213 0.37128 -0.36151 -0.021572 -1.3609 0.20558 -2.1498 -3.505 0.059423 -0.56445 0.39982 -0.39317 1.2407 0.84185 -0.10795 -0.62695 0.36358 -0.38486 -1.0224 0.68472 0.5974 -1.4302 -1.0634 -0.92363 -0.74291 1.7118 1.2673 0.98948 0.76582 -0.30019 -0.011629 -0.87594 1.4239 2.4994 -0.28941 0.38397 -0.97573
1.2883 -0.89977 -1.541 0.57581 -0.30057 0.3137 -1.1941 -0.1667 -0.72128 -3.03 -1.321 0.34221 0.32817 -0.78749 2.0004 1.3996 0.59868 -0.15316 0.098447 -0.36657 -1.3549 1.5214 1.5604 -0.71036 -0.41218 -1.3501 -0.75926 1.4617 1.1514 0.93604 0.79465 -0.96934 0.15364 -0.35119 0.56512 2.1763 0.92156 0.30096 -0.74213
1.449 -0.40674 -0.67198 0.5385 0.13899 1.0529 -1.0697 -0.02558 -0.1139 -2.214 -1.9673 0.06501 0.021181 -0.89802 2.4982 1.5166 0.93003 0.40517 -0.88584 -0.25483 -1.3364 1.3866 2.7317 -0.47717 -0.25348 -1.5711 -0.59855 0.4992 0.58894 0.42081 0.57838 -1.3075 0.23207 0.41019 -0.49318 1.1484 1.537 0.03918 -0.12241
0.60562 0.69879 0.14365 0.65301 -0.47725 0.35374 -1.3819 -0.98668 -0.55013 -1.4059 -1.1485 -0.75732 -0.58959 -1.1402 2.3701 1.9568 0.89341 0.39022 -1.1324 -0.12176 -0.75639 0.82641 2.9507 0.4728 -0.54263 -1.429 -0.32741 -0.68857 -0.16506 -0.24413 0.060665 -0.93057 0.42958 0.71553 -1.0653 -0.3897 1.2274 -0.24447 0.62243
0.35195 1.2218 0.40624 1.5219 0.35465 -0.42707 -1.4642 -1.1356 0.14501 -0.55395 -0.039215 -0.062473 -0.87468 -1.3411 1.9147 1.6352 0.52816 0.17625 -1.6754 -0.05201 -0.52951 0.024038 2.1659 1.1157 -0.89428 -1.0943 0.20071 -1.9 -1.0799 -0.70404 0.061664 0.29061 0.45536 0.73788 -0.7332 -1.6813 0.54249 -0.3135 1.3286
0.45934 1.2476 0.052814 1.499 0.51441 -1.4799 -1.2928 -0.78231 -0.17063 -0.12014 -0.61399 -0.27261 -0.92712 -1.1831 1.1048 1.0164 0.28934 0.056903 -1.4048 0.36838 -0.36275 0.034563 1.0484 1.0056 -0.56453 -0.4963 0.86476 -2.5858 -1.8735 -1.1845 0.12284 1.4496 0.39508 0.30287 -0.33638 -2.0654 -0.57285 -0.44467 1.7624
-0.10901 1.1337 0.92301 1.0008 -0.2203 -0.61215 -1.4763 -0.54523 -0.70968 0.02565 -0.040275 -1.3224 -0.80725 -0.50587 -0.1433 -0.030487 -0.17305 0.66932 -0.19684 0.38619 -0.093424 0.2878 0.31952 0.386 -0.85563 0.2894 1.2729 -2.6658 -2.0483 -1.263 0.25361 2.3765 0.47558 0.1589 0.27127 -1.4924 -0.66288 -0.60567 1.7901
-0.35478 1.2309 0.65867 0.92449 -0.04571 -1.3352 -1.1028 -0.96527 -0.40524 -0.52618 -0.37606 -0.87073 -0.80189 0.055002 -1.0566 -0.69692 -1.096 0.35688 1.0072 0.42892 -0.39439 0.0042526 -0.25336 -0.2847 -1.4417 0.9645 1.3583 -2.0986 -1.9646 -0.97803 0.31817 2.1707 0.56731 0.33357 0.41988 -0.53563 -0.32114 -0.79202 1.3362
-0.16694 1.1949 0.82629 1.0556 0.15985 -0.58605 -0.42143 -0.9796 0.144 -0.84386 -0.31275 -0.6974 -0.67586 0.41607 -1.598 -1.3182 -1.2719 0.48681 1.8576 0.84284 -0.21818 0.5808 -0.17112 0.45677 -1.6628 1.3091 1.0251 -1.2835 -1.281 -0.27416 0.10694 1.3535 0.51855 0.76443 0.45175 0.0044103 -0.050888 -0.25847 0.67659
0.18697 0.4708 -0.38686 0.87727 1.1312 0.011 -1.2686 -1.2333 0.18164 -0.4118 -0.21931 -2.0268 -0.29412 0.89189 -1.7841 -1.9948 -1.0995 0.73085 1.8939 1.2422 0.34034 0.73094 0.20856 0.35612 -1.7469 1.334 0.6141 -0.64552 -0.51643 0.46875 0.045057 0.015021 0.087395 1.0956 0.34561 -0.13414 -0.16879 1.0518 0.12496
0.65481 -0.12624 -0.62976 0.038205 0.50917 0.58815 -0.86045 -1.4965 -0.3746 -0.57086 -0.83897 -2.2701 0.23413 0.98838 -1.9918 -1.7712 -0.74004 0.66547 2.0458 0.98761 1.0315 0.83196 0.077332 -0.0028834 -1.2043 1.2915 0.13318 -0.0066629 0.63413 1.0096 -0.37183 -1.103 -0.38474 0.82045 -0.31358 -0.87252 -0.49864 2.411 -0.25906
0.60405 -0.44958 -1.1488 -0.028705 0.57754 0.99709 0.28866 -0.51221 0.73813 -0.094309 0.84579 -2.9057 0.34798 0.91281 -1.9728 -1.4448 -0.4852 0.33363 0.91287 0.53263 1.1275 0.57099 -0.66432 -0.3614 0.49162 1.1957 -0.41401 0.57902 1.453 1.4395 -0.40729 -1.5472 -0.68513 0.12333 -0.97361 -1.6035 -0.23819 3.1642 -0.60224
0.77773 -0.42101 -1.3048 0.08946 0.65774 1.2404 0.61029 -0.0099204 0.37454 0.086238 0.082 -3.275 0.30224 0.65001 -1.5162 -0.43769 0.35006 -0.037063 0.10407 0.46268 0.99123 0.016697 -1.4898 -0.157 2.1439 0.92919 -0.79636 1.2106 1.821 1.1946 -0.29377 -1.7939 -0.18489 -0.78471 -1.7154 -1.4176 0.18847 2.5902 -0.85655
0.87205 -0.86287 -1.1441 0.60847 1.0915 1.2223 -0.035396 0.19701 1.1618 -1.0798 -1.0109 -1.5109 0.44176 0.28196 -1.0256 0.0099219 1.121 0.29256 -0.27062 0.19009 0.58567 -0.84357 -2.2165 -0.013476 3.0362 0.46603 -0.97491 1.7201 1.7923 0.51883 -0.18951 -1.0803 0.42702 -1.4533 -1.7378 -0.36053 0.66559 0.69885 -1.0572
1.1777 -1.2624 -1.2784 0.39789 0.78471 0.21736 -0.52051 -0.18724 0.546 -1.9557 -0.8857 0.33625 0.76377 -0.1905 -0.38113 0.85421 0.74581 0.11117 -0.99304 0.80958 -0.26704 -1.9468 -1.9857 0.23795 2.8139 0.16248 -1.0839 1.8887 1.1863 -0.65344 -0.21719 -0.25583 0.90763 -1.8005 -0.958 1.0669 0.65695 -1.4949 -1.0037
1.0582 -1.2818 -0.8067 1.0548 0.71286 0.38699 -0.33702 -0.37407 -0.54488 -2.1792 0.080046 0.4125 0.83835 -0.49522 0.4217 1.2088 0.29111 -0.11809 -0.73697 1.1906 -1.1341 -1.9786 -1.1533 0.81927 1.6017 -0.26563 -0.86085 1.9074 0.69474 -1.2404 -0.35764 0.50915 0.85464 -1.5603 0.50694 2.0634 0.074207 -2.631 -0.86666
0.78115 -1.0824 -0.83556 1.1807 0.94568 0.78721 0.34816 -0.37314 -1.5294 -2.9994 -0.045534 0.89951 0.5122 -0.9936 1.0127 1.1406 -0.54169 -0.26171 -0.2066 1.7212 -1.726 -1.3663 0.080167 0.78733 -0.1538 -0.45605 -0.52116 1.4523 -0.055042 -1.4744 -0.20238 1.084 0.054957 -0.75985 1.9709 2.0154 -0.84489 -2.126 -0.62821
0.1436 -0.53564 0.12016 0.41161 0.7328 -0.42202 2.4231 -0.63098 -1.9178 -1.6998 1.0725 -0.22871 0.33785 -0.93143 1.5623 1.1346 -0.68393 -0.21665 0.32759 1.3908 -1.7873 -0.11447 0.83373 -0.10406 -0.80472 -0.73619 -0.20668 0.63618 -0.38257 -1.3624 0.021098 0.80403 -0.94153 -0.12343 2.5934 1.2584 -1.6081 -0.74516 -0.070762
0.3812 0.035438 0.097528 0.48722 0.62434 0.6613 1.4294 -1.6837 -1.448 -1.4864 0.17826 -0.85673 0.016761 -0.95194 1.5493 0.77116 -1.6708 -0.24151 0.61985 0.82298 -1.4608 1.1083 1.0086 -0.97201 -0.28092 -0.69681 0.19799 -0.21702 -0.58746 -0.79651 0.28852 0.57179 -1.7872 0.77743 2.2675 -0.092517 -1.6333 1.0117 0.35933
-0.31757 -0.21072 -0.11199 -0.15455 0.69732 0.77588 1.7296 -2.1926 -0.20816 -1.3744 -0.35503 -0.86511 0.35637 -0.90736 1.2482 0.66702 -1.8304 -0.10744 0.43302 -0.16956 -1.5292 2.0333 0.86487 -1.5138 0.17462 -0.26513 0.35998 -0.80133 -0.41156 -0.33879 0.5245 0.076955 -1.5912 1.2873 1.032 -0.96329 -0.59499 1.868 0.61985
0.32884 0.37633 0.19399 0.27059 0.49424 0.65288 0.95581 -2.1337 0.020704 -1.2838 -0.90621 -0.0077996 0.041531 -0.64 0.79473 0.26855 -1.5535 0.21029 0.85782 -0.93969 -0.33705 2.1484 -0.13938 -1.7713 1.4377 -0.059456 0.55379 -0.97859 -0.21603 0.45682 0.48638 -0.20551 -0.92285 1.4273 -0.28789 -1.0099 0.47042 1.4443 0.5058
-0.42748 0.34019 0.11498 -1.0271 0.57001 1.3171 1.3794 -1.6216 0.39458 -1.3626 -0.98745 0.58929 0.0016953 -0.41876 0.55802 0.60571 -1.437 0.53042 0.33264 -0.79063 0.17648 1.4493 -0.52786 -0.87147 2.158 0.032777 0.58318 -1.0044 -0.16596 0.85861 0.35919 -0.2736 -0.085605 1.1874 -1.1836 -0.64007 1.1031 0.3917 0.30253
-0.67118 0.39733 0.46125 -0.94248 0.89917 0.4952 0.77768 -2.6416 1.1129 -1.5157 -1.602 0.42329 0.29027 -0.16507 0.20747 0.38363 -1.0139 0.34042 0.22719 -0.63971 0.4888 0.80836 -0.32322 -0.30906 1.688 0.042466 0.65852 -0.77088 -0.1955 1.1405 -0.093079 -0.43406 0.35603 0.36215 -1.3586 0.3493 0.98645 -0.82723 0.091258
-0.42624 0.42517 0.34258 -1.0183 1.0032 1.2261 0.75433 -0.87416 1.1124 -1.9533 -1.3793 1.5366 0.17256 -0.058681 -0.18962 0.28397 -0.46493 0.48777 0.16884 -0.47727 0.38607 0.29542 -0.33604 0.016659 0.87008 0.21672 0.66578 -0.5606 -0.48441 1.2115 -0.63787 -0.058199 0.38784 0.020484 -1.136 0.83937 0.39476 -1.3975 -0.15002
-0.072231 0.57708 0.91014 -1.0044 1.3109 1.0767 0.26656 -2.0565 0.63572 -2.0834 -0.80617 2.0709 0.10615 0.40703 -0.16055 0.04922 0.14424 0.036401 0.038197 -0.40193 0.25536 -0.037332 0.43932 -0.18938 0.4241 0.011983 0.34593 -0.36334 -0.50626 0.93711 -0.88392 -0.024153 0.60624 -0.40275 -0.86027 1.207 0.074381 -1.6106 -0.19903
-0.39513 -0.012152 0.10197 -1.045 0.66938 0.97482 0.87703 -1.5309 0.99446 -1.2879 -0.97138 1.0821 0.32196 0.53582 -0.22482 -0.14211 0.30574 -0.54327 0.27994 -0.1537 0.31513 -0.43919 0.74003 -0.09999 -0.026958 -0.21045 -0.060943 -0.32428 -0.60552 0.6402 -1.0797 -0.13955 0.80421 -0.32162 -0.49575 1.2443 -0.064052 -1.4053 -0.0667
-0.021053 0.21897 0.62398 -0.48151 1.2344 1.0212 0.31948 -1.6326 0.45027 -1.8139 -1.1565 0.98146 0.2402 0.18003 -0.40198 -0.35881 0.38875 -0.83517 0.092764 0.37574 -0.29027 -0.5767 1.5189 -0.066286 -1.1137 -0.0881 -0.31517 -0.24065 -0.30542 0.45762 -0.69709 -0.12883 0.78373 -0.35487 -0.34808 0.70777 0.2758 -1.029 0.15755
-0.055093 0.32326 0.1952 -1.0529 0.5354 1.1217 0.67805 -1.5805 0.77963 -0.47611 -1.8413 1.2642 0.0010164 -0.06388 -0.62865 -0.65122 0.62315 -1.1378 -0.16891 0.69313 0.004685 -0.44828 1.5786 -0.13994 -1.1938 0.15398 -0.25568 -0.042115 -0.11249 0.37783 -0.39357 -0.046332 0.69639 -0.07342 -0.24217 0.17037 0.50941 -0.77843 0.12688
0.1418 0.19085 0.38648 -0.54082 0.20193 1.1404 0.42377 -1.6974 0.37493 -1.0685 -1.4044 0.88102 0.011663 0.11264 -0.37433 -0.27989 0.84063 -1.004 -0.026332 0.69437 -0.30934 -0.74679 1.4075 0.42172 -1.0601 0.10909 0.038769 0.56039 0.54906 0.62707 0.063271 0.019936 -0.022442 0.88169 -0.21808 -0.55996 0.83537 -0.38747 -0.40935
-0.32664 -0.13214 -0.034686 -0.62772 0.19248 1.3158 1.5633 -1.6948 0.019546 0.2075 -0.8446 -0.18502 0.19448 0.08655 -0.31232 -0.4081 0.77964 -1.2224 0.2161 1.0382 0.16101 -0.85343 1.1146 0.71881 -1.612 -0.08335 -0.019695 1.3184 1.3392 0.66307 0.48747 -0.17784 -0.756 1.567 0.14578 -0.43882 0.76288 -0.12658 -1.0546
-0.3114 -0.43218 -0.19092 -0.15905 -0.20248 0.46518 1.3619 -1.9327 0.26823 -0.099225 -1.1218 0.32033 0.51545 0.17263 0.40411 0.51775 1.4953 -0.69234 -0.090134 0.16737 1.3556 -0.82459 0.61743 1.2253 -1.668 -0.68132 -0.27783 1.7849 1.7358 0.52518 0.49947 -0.68339 -1.4986 1.9792 0.51887 -0.18883 0.51015 0.40747 -1.4236
0.10786 -0.080988 0.18203 0.079461 -0.17708 1.2227 1.4775 -1.9287 -0.36092 0.22215 -0.42317 -0.33164 0.24863 -0.13542 1.2523 1.4107 1.5506 -0.39077 -0.52432 -0.49466 2.2507 -0.12218 1.081 1.0329 -1.123 -1.2909 -0.4139 1.8102 1.6639 0.21483 0.60597 -0.78003 -1.92 1.4487 0.3141 -0.081948 0.23304 1.1138 -1.3466
0.18735 0.14965 0.032847 0.011597 -0.49359 1.6078 1.866 -1.0161 -0.72954 -0.31797 -0.64864 -1.3075 -0.23308 -0.30077 1.9171 2.0057 1.4417 -0.49426 -1.058 -1.4235 2.5389 -0.068859 1.0287 1.329 -0.45199 -1.7725 -0.53248 0.85993 0.50463 -0.42234 0.27198 -0.59113 -1.501 0.19551 0.24821 -0.09921 -0.10037 1.1426 -0.66864
0.11031 1.0376 1.3902 0.96038 -0.19837 0.65498 0.10674 0.7414 -0.26654 0.29084 0.15962 -0.88964 -0.97278 -0.45566 2.0485 1.9098 1.1891 -0.19443 -0.89582 -1.8637 2.4139 -0.60287 0.72596 1.1717 0.068677 -1.8884 -0.37144 -0.33002 -0.71476 -0.46593 0.44717 -0.17521 -0.75577 -1.0411 0.17442 -0.55234 -0.21379 1.0802 0.18675
-0.60011 1.4014 2.1525 1.0569 -0.18248 0.14182 0.044574 0.86361 0.60683 1.1652 -0.0034347 -0.58102 -1.0772 -0.66796 1.4862 1.1841 0.81901 -0.2952 -1.1211 -2.037 1.6418 -0.089396 0.57769 0.98745 0.083331 -1.5479 -0.22187 -1.3583 -1.8062 -0.42871 0.62216 0.45373 0.41895 -1.9145 0.12879 -0.92604 -0.4979 0.79765 0.90443
-0.75482 1.6173 1.9629 0.79224 -0.75433 -0.40958 -0.44964 0.61875 -0.40625 1.4514 1.0856 -0.41096 -1.2413 -0.65131 0.89806 0.48004 0.92012 0.33641 -0.8748 -1.6387 0.62305 0.23336 0.18817 0.80625 0.82977 -1.0728 0.0049199 -1.6804 -1.933 -0.29455 0.45373 0.96644 1.3625 -1.8163 -0.014282 -1.036 -0.34089 0.45248 1.1118
-0.40786 1.5925 1.6889 1.1033 -0.28666 0.23764 -1.1209 0.55992 -1.5456 0.080031 0.18647 0.25236 -1.3042 -0.62266 0.15136 -0.64141 0.70676 0.39803 -0.18834 -0.7201 -0.36795 -0.23422 -0.56387 0.54072 0.81343 -0.59502 0.091559 -1.3867 -1.4234 -0.08772 0.3515 1.0389 1.8137 -0.98385 -0.15762 -0.48573 -0.21155 0.43543 0.90369
-0.57176 1.3566 1.2312 0.85131 -0.68837 0.23402 -1.1245 0.33287 0.013795 0.76116 0.84119 -1.3779 -1.4848 -0.47381 -0.17988 -0.77405 0.63688 0.29806 0.54696 0.1144 -0.18949 -0.56775 -0.78334 0.74109 0.64784 -0.41704 -0.070462 -0.80973 -0.62743 -0.032988 0.29126 0.381 1.5336 0.023479 -0.092153 0.21812 -0.38057 0.036503 0.56897
-0.75304 1.4394 1.2505 1.6879 0.52099 0.094274 -0.77472 0.58871 0.32855 0.12817 0.57069 0.51937 -1.5757 -0.59016 -0.36468 -0.8421 0.75467 0.3697 0.22255 0.59355 0.085077 -0.016727 0.077529 0.62717 1.0838 -0.29183 0.073641 -0.19336 0.056116 -0.23408 0.34376 -0.23811 0.90667 0.65316 -0.18958 0.55258 -0.79931 0.21453 0.32196
-1.1217 1.362 0.98339 1.7688 0.082066 0.088704 -0.82999 0.2666 -0.77052 0.078721 1.0199 0.44267 -1.5369 -0.80407 -0.23995 -0.59939 0.79669 0.88236 -0.34602 0.67108 0.42439 -0.07055 0.28123 0.028886 0.79306 -0.22576 0.29249 -0.045864 0.10647 -0.54263 0.20607 -0.21459 0.41218 0.77159 0.061648 0.34152 -0.95491 -0.2551 0.22062
-1.2114 1.3073 1.4383 1.3385 -0.42968 0.95082 0.42083 0.69281 -1.0928 0.48378 1.5081 0.14379 -1.476 -0.32449 -0.15283 -0.64314 0.13612 0.73697 -0.25014 0.75849 0.59746 -0.87551 -0.017292 -0.68277 1.2013 -0.12387 0.64071 -0.04062 0.19402 -0.9241 -0.099882 0.35106 0.15029 0.78762 0.32273 0.094438 -0.65181 -0.74547 0.11944
-1.2428 1.1677 0.5652 1.6616 -0.19875 -0.39476 -0.22024 0.70612 -0.49524 1.5824 1.4938 1.3872 -1.5909 -0.064237 -0.36594 -0.69473 -0.14492 0.48507 0.32223 0.83472 1.0607 -0.021729 -0.076785 -0.4977 0.094773 -0.11142 0.71669 -0.14231 0.14281 -0.81308 -0.51078 0.73056 -0.077422 0.43356 0.58275 0.01226 0.11378 -0.64607 0.072173
-1.4487 1.3422 0.90109 2.0845 1.4045 -0.32881 -0.5861 1.1098 -0.90499 0.0014727 -0.50892 0.2334 -1.6401 0.23367 -0.37279 -0.45356 -0.60781 0.36026 0.56258 0.80919 1.305 0.60479 0.42433 -0.39132 -0.058348 -0.13632 0.33052 -0.075647 0.39169 -0.43415 -0.66314 0.67841 -0.23034 -0.16231 0.67172 -0.085428 0.81373 -0.65669 0.06565
-0.73559 1.218 0.34817 0.88114 0.23796 0.16968 0.28649 1.0189 -1.2822 0.32395 -0.087294 1.0863 -1.6305 0.25271 -0.37625 -0.44809 -0.44862 0.0854 0.68342 0.5038 0.90895 0.36237 0.064793 0.14716 0.13364 -0.089494 0.0010849 0.10299 0.43151 -0.14273 -0.81167 0.10445 -0.43588 -0.90577 0.14494 -0.055189 1.1101 0.060517 0.095258
-1.0713 0.88365 0.49608 1.8018 0.74407 1.1089 0.73436 2.0558 0.54702 -0.016147 0.89204 0.23856 -1.6448 0.13056 -0.27911 -0.059661 -0.59204 -0.33671 0.90039 0.48696 0.33402 0.28588 -0.27796 0.67206 -0.129 -0.016199 -0.35706 0.23719 0.3826 0.36154 -0.43231 -0.50527 -0.72143 -1.2602 -0.14217 -0.30497 0.76822 0.089415 0.093039
-0.91968 0.97563 0.80195 0.68748 -0.14706 0.91997 0.65031 1.8505 -0.21838 1.7104 1.0991 0.32441 -1.6381 -0.015359 -0.23649 -0.11117 -0.4658 -0.72092 0.33254 0.16225 -0.26249 0.42322 0.14461 1.2463 0.27741 -0.0010711 -0.33876 0.36528 0.25018 0.33833 0.013115 -0.98401 -0.78507 -1.1954 -0.27078 -0.24003 -0.07197 0.12912 0.039827
-1.0495 0.9301 0.54432 1.3258 -0.072425 0.96258 0.54639 1.4183 -0.93669 0.55105 1.6128 1.1134 -1.5933 -0.30489 -0.03519 0.067948 0.068924 -0.073455 -0.30643 -0.40461 -0.61847 0.27779 -0.24204 0.64447 0.075829 -0.014004 -0.19784 0.34444 0.017797 0.32177 0.34652 -1.0533 -0.73189 -0.84908 -0.38251 -0.22633 -0.62138 0.21792 -0.0073064
-1.1923 1.0347 0.5458 1.2267 0.27589 0.29749 0.010308 0.87565 -0.18023 0.20259 1.1301 0.74521 -1.65 -0.16792 0.12992 -0.067058 -0.15611 -0.04057 -0.71841 -0.55779 -0.99594 -0.19088 -0.45048 0.049916 0.31801 -0.017109 -0.04243 0.26127 -0.0027573 0.11948 0.37849 -0.61115 -0.41672 -0.45721 -0.41439 -0.34161 -0.75676 0.067589 -0.01226
