39 271
-0.73878 0.6543 -0.14717 0.89666 -0.30934 0.9244 -0.090851 0.01777 -1.3502 0.85068 0.17918 -0.12144 -1.212 -0.13351 0.17191 0.85391 0.11859 0.56835 -0.57016 0.07613 0.81453 0.99218 -0.46668 -0.31007 0.78306 -0.14468 0.11785 -0.038441 -0.068193 0.027265 -0.19777 0.060747 0.19128 -0.44872 -0.25581 -0.16434 -0.27522 -0.53641 0.011709
-0.49273 0.658 0.16044 0.72232 0.54592 0.3614 -0.045198 2.0566 -0.025727 0.28812 0.65983 0.54201 -1.2571 -0.25893 0.20445 1.0003 0.15266 0.38428 -0.79524 0.36758 0.51732 0.58762 -0.72668 -0.40078 0.53674 -0.13717 0.10694 -0.094027 -0.31314 0.086152 -0.31753 0.38479 0.15111 -0.7494 -0.63177 -0.24098 -0.79237 -1.0563 0.059497
-1.0384 0.83004 0.57939 0.83177 0.84674 1.1702 0.089155 1.4025 0.43674 0.085209 -0.44982 0.35281 -1.359 0.15429 0.080213 0.62455 0.1462 0.26018 -0.31639 0.32466 0.05396 0.67572 -0.65435 -0.80698 -0.1674 -0.12295 0.057084 -0.022006 -0.68494 0.11734 -0.6195 0.54705 -0.0032659 -0.9124 -0.59528 0.090584 -1.0079 -1.3527 0.098484
-0.88329 0.83085 0.80869 1.2068 0.031014 -0.0014425 -0.071002 -0.11118 -0.9829 0.52991 -0.35634 0.91378 -1.3353 -0.07279 0.039843 0.32723 0.25631 0.084686 0.03591 0.26659 -0.30942 -0.10845 -0.84931 -1.627 -0.83926 -0.043157 0.034698 -0.0014149 -1.0411 0.043138 -0.53966 0.56133 -0.38339 -0.47504 -0.26867 0.26149 -0.47671 -1.2181 0.089306
-1.0576 0.82704 0.77653 0.97857 0.025962 0.12889 0.5494 0.5753 -0.99682 -0.26152 -0.26797 0.10681 -1.3047 -0.11548 0.20909 -0.18739 0.2749 -0.51859 0.043514 0.13567 -0.5989 0.15319 -0.19483 -1.6888 -1.2101 -0.0084003 -0.10621 0.040539 -0.9486 -0.12728 -0.27411 0.60718 -0.54484 0.0064556 0.17315 0.083122 0.51773 -0.66412 0.06922
-0.078269 0.62407 0.1558 0.93655 0.2839 1.0558 0.12216 0.45891 0.10273 0.086873 -1.1794 -0.73904 -1.3246 -0.054938 0.13285 -0.67699 0.16177 -0.30471 0.080125 -0.28155 -0.11752 0.30485 -0.39178 -0.90077 -1.358 -0.027848 0.078319 -0.011612 -0.50417 -0.21764 0.071091 0.62214 -0.70794 0.042705 0.49879 0.17352 1.3668 0.51069 0.034937
-1.1485 0.75338 0.39628 1.1492 0.35638 0.88527 0.16415 0.78783 -1.1512 -0.74613 -2.6323 -0.8799 -1.2538 -0.049873 0.1039 -0.77343 -0.04239 -0.096747 0.80054 -0.46457 -0.050374 0.79482 -0.68804 -0.14355 -1.2332 -0.0005361 0.16684 -0.10439 0.4063 -0.15244 0.32244 0.21072 -0.60278 -0.051255 0.064121 0.18741 1.5833 1.277 0.073115
-0.91351 1.1348 0.19095 1.0769 -0.46423 0.28851 0.10957 1.1789 0.99918 0.55965 -1.7371 -0.52646 -1.3421 0.045343 0.066471 -0.39949 0.015103 0.0068555 0.82376 -0.81954 -0.52033 0.53754 -0.22032 0.30671 0.16079 0.020635 0.50731 -0.13979 0.83301 -0.097017 0.17455 -0.27654 -0.17782 -0.23367 -0.031361 0.76718 1.521 1.3732 0.11925
-1.0918 0.88202 -0.061977 1.1441 0.33525 0.87634 -0.43305 0.24982 -0.2028 -0.62962 -0.96323 -1.0973 -1.4148 0.15139 0.04524 0.45758 0.066703 -0.042721 0.086783 -0.77336 -0.52009 0.14794 0.1306 0.84214 0.52814 0.10451 1.1828 -0.46686 0.0021118 -0.19106 0.049055 -0.9375 0.036531 0.030838 -0.21929 1.2022 1.2382 0.72662 0.37119
-0.67574 0.80589 0.0045015 0.9831 -0.15051 1.1275 -0.29276 -0.23377 -0.20428 -0.87987 -0.099167 -0.84206 -1.2544 0.80016 -0.10013 0.33645 -0.073709 0.0065872 -0.037682 -0.46374 -0.36626 0.55142 0.81137 1.6178 0.44838 0.14068 1.9723 -0.89448 -1.2036 -0.44775 -0.25559 -1.4711 0.13842 0.31324 0.54856 1.298 0.58416 -0.4016 0.78546
-0.57994 0.78267 0.34373 0.98102 0.35039 1.4949 -0.53595 0.26196 -0.014203 -0.1414 -0.84868 0.56737 -1.2613 1.7956 -0.67815 -1.1583 -0.34961 -0.0072294 -0.45038 -0.55463 -0.087543 0.34105 1.3099 1.6529 0.036775 0.61865 2.0456 -1.239 -1.8436 -0.54865 -0.66085 -1.6799 0.11085 0.1784 0.6477 0.86833 -0.054105 -0.40908 1.0876
-0.22464 0.79861 1.0909 1.2 0.090276 0.53254 -0.74956 0.32637 0.063577 0.43736 -0.92481 -0.53952 -1.1738 2.9272 -1.2256 -1.9967 -0.59426 -0.52578 -1.5637 -0.63932 -0.13786 1.5058 1.9024 1.0593 -0.40168 1.1961 1.0594 -1.3319 -1.03 -0.49767 -1.158 -1.5891 0.049773 -0.37935 -0.10409 0.12753 -0.13001 -0.18331 1.209
-0.15893 0.85345 0.28355 1.0014 0.0087835 0.46847 -0.10813 0.67798 0.5314 0.9195 0.65198 -0.52755 -1.1825 2.9294 -1.681 -2.0487 -0.67369 -1.0953 -2.1876 -0.45057 -0.30241 0.93072 1.4071 1.0166 0.13029 1.5589 -0.58386 -0.88437 1.0117 -0.62668 -1.126 -0.49058 0.061321 -0.74535 -0.80933 -0.53453 -0.033275 0.45557 0.84115
1.9399 0.038471 -2.4375 0.5077 -0.3334 0.011951 -1.0082 0.53962 1.1229 1.9135 1.4101 -0.9375 -0.49998 2.2247 -2.059 -1.2798 -0.81981 -1.7543 -2.0406 -0.40171 -1.0307 0.036526 1.0499 1.681 0.023363 1.8734 -2.304 0.053581 3.0264 -0.87485 -0.43116 0.7227 0.012692 -0.58579 -1.8458 -1.3911 -0.2285 0.90992 0.20876
2.9304 -0.65757 -1.941 0.44379 -0.69924 -0.66997 -1.3144 -0.66315 1.7541 1.2621 0.044708 -1.482 0.033296 1.0556 -1.8966 0.46617 -1.3791 -1.6343 -1.0775 -0.5365 -1.1373 -0.53274 0.65148 1.2785 0.70419 1.8138 -3.3885 1.3599 3.8008 -0.98451 0.759 1.2856 0.10085 0.034546 -1.8279 -1.6587 -1.0453 0.79872 -0.54096
2.1733 -0.76494 -0.9158 0.42569 -1.9678 -0.94428 -0.54165 -0.24615 0.14135 0.72842 0.9381 0.91484 0.23425 -0.45411 -1.0236 2.7194 -1.8343 -1.1194 -0.76877 -0.55571 -0.90085 -1.4112 -0.5793 0.47854 1.0861 1.4524 -3.3333 2.4349 2.3826 -0.82531 1.8582 1.0692 0.2589 0.75996 -1.3058 -1.4689 -1.517 0.57339 -1.1972
1.2821 -1.0838 0.17104 0.28683 -2.3058 -0.58076 -1.0329 -0.79225 -0.37793 1.8133 2.1284 -0.041387 0.49031 -2.0839 0.30422 3.4593 -1.9582 0.084857 -0.44563 -0.15836 -0.32014 -1.959 -1.1923 -0.44799 1.1546 0.78977 -2.0047 2.648 -0.14245 -0.2206 2.3787 0.58439 0.3276 0.69069 -0.30958 -0.91438 -1.4745 -0.29444 -1.5055
0.87108 -0.78484 1.5118 -0.6492 -1.7938 -0.25799 -1.3073 -0.50839 -0.04175 1.6374 1.2922 -0.067365 0.4635 -2.4548 1.3256 1.9221 -2.0331 1.0641 -0.37375 -0.062618 0.043476 -1.8361 -1.049 -0.45477 0.91009 0.21243 -0.20786 2.0825 -2.5729 0.66099 2.0562 0.2839 0.6857 0.22271 0.30691 -0.34213 -1.1123 -0.2991 -1.5063
0.19471 -0.14739 1.8073 -1.3064 -1.1991 -0.66727 -1.0581 -0.22698 -0.77087 -0.34246 1.147 0.59491 0.42345 -1.7009 1.8066 0.56159 -1.685 1.9842 -0.17757 -0.11888 -0.26377 -0.94488 -0.98544 -1.1698 0.19506 -0.29965 1.1553 0.9464 -3.3105 1.5874 0.99429 -0.11665 0.93299 -0.40329 0.44715 0.12483 -0.44108 -0.10659 -1.2087
0.0047416 0.21983 0.43098 -1.3106 0.15971 -0.95738 -1.2181 -0.25405 -1.0137 0.091542 -0.57068 0.32612 0.46998 -1.0315 2.0605 -0.94915 -0.77602 2.0017 -0.35409 0.79778 -0.50946 -1.3292 -1.3688 -1.3588 0.95959 -0.73786 1.4073 -0.072792 -2.1134 2.045 -0.15986 -0.07806 0.99311 -0.58999 0.33682 0.50801 -0.078093 0.079033 -0.82315
-0.20194 0.58597 0.05831 -1.339 0.11789 -1.2494 -0.96581 -0.77515 -0.98107 0.12656 0.23343 0.52671 0.25169 -0.62421 1.6772 -1.6836 0.28961 1.5804 -0.63818 1.2743 -0.86294 -1.3473 -0.75091 -0.86636 0.90274 -0.92888 1.0127 -0.74077 -0.44924 1.6358 -0.98356 0.10178 0.66186 -0.12517 0.21539 0.78532 0.80481 0.20808 -0.37196
0.03029 0.79853 0.54251 -1.1459 0.61204 -0.5502 -0.83469 -0.83008 -0.99265 0.22705 -0.04973 0.79338 -0.10102 -0.349 1.2515 -1.1626 0.68661 0.94101 -0.25569 1.2227 -0.84568 -0.98699 -0.090829 -0.75875 0.69465 -0.96565 0.60872 -1.1161 0.68582 0.71915 -1.0655 0.39549 -0.29431 0.45235 0.53772 0.87009 0.79821 -0.44665 0.15244
-0.097243 1.0497 -0.26374 -0.69248 0.54051 -0.77565 0.15898 -1.3298 -2.2999 -0.37342 -0.0012994 1.3355 -0.29179 -0.13838 0.84067 -0.24263 0.54794 0.55569 -0.010624 0.99468 -0.36454 -0.70711 0.025653 0.12468 0.72006 -0.85797 0.25688 -1.2207 0.91353 -0.2603 -0.78955 0.34624 -1.0047 0.99258 0.7261 0.32913 0.57937 -0.70332 0.64306
-0.19397 1.0207 -0.11482 -0.61208 0.75822 -1.3863 0.2043 -1.1589 -1.6914 -0.020754 -0.2548 1.0967 -0.40042 -0.12849 0.41629 -0.33223 0.39526 0.39254 0.084608 0.37034 0.11539 -0.60587 0.068654 -0.27288 0.15407 -0.49191 0.099269 -1.3105 0.75212 -0.84081 -0.4237 0.1527 -1.5171 1.065 0.82922 -0.041282 0.35164 -0.62761 0.9874
-0.40423 1.2532 0.23488 -0.80728 0.56539 -0.95637 -0.029388 -0.98519 -1.8234 -0.30628 -0.86419 1.2061 -0.40691 -0.24855 -0.16048 -0.31031 -0.042021 0.28058 -0.14579 -0.27345 0.59967 -0.12357 -0.12584 0.039224 -0.22931 0.0078375 0.18246 -1.3442 0.68452 -0.99248 -0.43102 0.33594 -1.5209 0.66635 0.75003 -0.26077 -0.055715 -0.59914 1.0616
-0.057696 1.1073 0.12494 -0.89994 1.178 -0.87617 -0.27369 -0.67547 -1.6054 0.50941 0.48533 1.2178 -0.40516 -0.10368 -0.66886 0.33995 -0.54936 0.23022 0.12103 -1.1317 0.75878 0.33853 -0.077774 -0.018062 -0.083905 0.40121 0.50258 -1.2615 0.89464 -0.55998 -0.8284 0.52805 -0.9862 0.12012 0.54768 -0.25219 0.069965 -0.19611 0.79706
-0.29306 1.0134 -0.39631 -0.78276 0.70003 -0.81273 -0.55824 -0.79109 -1.9159 0.055694 -0.54042 0.59281 -0.31681 0.19552 -1.0997 0.75611 -0.78598 -0.22601 0.61491 -1.2502 0.61132 0.28209 -0.41861 -0.11071 -0.35813 0.63011 0.91413 -0.79191 0.79092 0.33071 -1.5923 0.56096 -0.13697 -0.46001 0.23227 -0.099514 -0.056203 -0.028821 0.25524
-0.37866 0.53643 0.023159 -1.0557 1.0606 -0.92653 -0.71194 -0.26739 -1.5007 -0.51685 0.11238 0.78199 -0.067286 0.59633 -1.4447 0.88559 -0.25399 -1.0053 0.69881 -1.0785 0.32613 0.25435 -0.28467 -0.057243 -0.18499 0.65059 0.94377 0.096961 0.155 1.2225 -1.6775 0.062101 0.59178 -0.43636 0.49257 0.15077 0.27626 0.10576 -0.52423
-0.21327 0.35016 0.48335 -1.3386 0.86612 -0.90921 -1.2131 -0.61643 -1.6987 -0.34044 -0.44303 1.5764 0.12104 1.1204 -1.2372 0.96246 0.40571 -2.268 0.61996 -0.55578 -0.11553 0.36064 -0.20575 -0.050128 -0.25278 0.35148 0.17708 1.0551 -0.58129 2.07 -0.95005 0.083297 1.1279 -0.10199 0.82859 0.61074 0.076517 -0.273 -1.3
0.18661 -0.0052954 1.1223 -1.5443 0.05711 -0.34378 -1.2467 -0.43665 -1.2244 -0.57051 -0.72414 0.26947 0.17787 1.2084 -0.42587 0.52272 1.0688 -2.0842 0.2622 -0.2917 0.23748 1.2538 0.15104 0.50046 0.054439 -0.40859 -0.92291 1.6859 -1.129 2.1785 0.37016 0.36487 1.4409 0.63368 0.86594 0.47659 0.010678 -0.86681 -1.6957
0.61498 -0.17566 0.87588 -0.62088 -1.1815 -0.07989 -1.2196 -0.61729 -1.6201 -0.079077 -0.27403 1.1335 0.13514 0.2257 0.33181 -0.23497 2.305 -1.5789 1.0156 0.60513 0.43264 1.3984 0.65185 -0.23592 -1.0327 -1.2001 -1.8214 1.6542 -1.3351 1.5888 1.8283 0.49882 1.3978 1.0949 0.25981 0.17335 -0.10594 -0.77574 -1.4569
1.4133 0.033659 0.64627 -0.14513 -2.7493 -0.49325 -0.71022 -0.953 -1.1532 0.16314 0.42009 0.51472 -0.20533 -0.68371 0.8746 -0.77305 2.7456 -0.62347 1.1976 1.2096 1.2849 1.425 0.29688 0.059032 -1.5193 -1.6529 -2.0004 0.94708 -0.83509 0.28718 2.3953 0.3831 0.78536 0.96574 -0.50362 -0.29168 -0.49292 -0.67251 -0.64394
0.67846 0.82532 0.011187 0.20493 -1.1457 -0.91814 -1.1069 0.090348 0.34768 -0.16673 0.36207 1.0239 -0.90155 -1.3464 1.158 -1.0553 2.4462 0.62026 1.0935 1.4769 1.5064 0.77136 0.10336 -0.036757 -1.0109 -1.6714 -1.3332 0.0017719 0.14833 -1.16 2.0941 -0.016261 -0.18435 0.65158 -1.076 -0.80402 -0.45015 0.098352 0.30619
-0.92035 0.76736 0.10279 1.3972 -0.49959 0.86498 0.20706 0.21263 -0.079083 0.52447 -1.4212 -1.0155 -1.2368 -1.7543 0.90269 -0.74234 1.5146 1.5596 0.95313 0.84299 1.5906 0.56076 -0.15623 -0.5721 -1.2982 -1.3398 0.023693 -0.77109 0.85698 -1.8317 0.88908 0.01115 -0.69796 -0.18916 -1.2534 -0.88495 -0.26788 0.72265 1.0606
-0.86753 0.96414 0.10046 1.1271 -0.28304 0.6082 0.10687 1.0443 -0.25549 -0.40763 -0.093069 -0.59443 -1.3168 -1.7361 0.31648 0.022408 0.81024 1.4754 1.1384 0.43891 1.5481 -0.30287 -0.7647 -0.80871 -0.96689 -0.79575 1.182 -0.98165 0.93418 -1.9207 -0.26386 -0.20004 -1.1154 -0.62082 -0.41772 -0.58866 0.1922 1.1579 1.2389
-0.75382 0.92404 -0.032473 0.96603 0.23089 0.6123 0.40216 0.79949 -0.93213 -0.25707 -0.36521 -0.10858 -1.2674 -0.4404 -0.13091 0.3645 0.23412 0.70459 1.2257 0.36207 0.86859 -0.52038 -1.0799 -0.082727 -0.13541 -0.15784 1.3784 -0.92775 0.88949 -1.1965 -0.96946 -0.4083 -0.32886 -1.0727 0.28347 0.16448 0.13322 1.7472 1.087
-0.95364 0.6939 0.0024303 0.92749 0.35598 0.30423 -0.74137 0.78196 -0.42601 -0.065495 -1.0266 -0.53019 -1.2279 0.21806 -0.13969 0.22058 -0.40452 0.51646 0.62217 -0.47568 0.61769 0.47445 -0.63169 0.10106 0.67087 -0.0051871 0.7851 -0.77289 0.67453 -0.64893 -0.8326 -1.0049 0.35579 -1.4377 0.91494 0.72174 0.052324 1.3567 1.012
-1.0461 0.60425 0.76113 0.90866 -0.38727 0.71977 -0.1688 1.1985 -0.93369 -1.3073 -1.0057 -0.70308 -1.2889 -0.14144 -0.58435 0.8994 -0.054566 0.10815 0.49596 0.66464 -0.088271 0.71501 0.14092 -0.76116 1.3065 0.2459 -0.13273 -0.48605 0.10204 -0.38215 -0.18249 -1.4294 0.75347 -1.4001 0.69845 0.79991 0.23348 0.37276 0.91509
-0.0897 0.81583 0.27732 1.0035 0.29464 1.3715 0.12932 1.0927 -0.039852 -1.4051 0.15095 0.51706 -1.1545 -0.40872 -0.8864 1.07 -0.22808 0.11417 -0.30139 1.0076 -0.83983 0.86548 0.14322 -0.36372 0.96677 0.84683 -0.41565 -0.27214 -0.86805 -0.25014 0.3074 -1.4839 0.8485 -1.1836 0.092801 0.45559 0.86934 -0.54929 0.86215
-0.89513 0.74993 0.13674 0.81277 0.59103 1.3897 -0.51978 1.1631 0.74605 0.16385 -1.1716 -0.21176 -1.3438 -0.372 -0.65828 0.12083 -0.55256 0.53584 -0.89235 1.1278 -1.1946 0.64396 0.21296 0.61385 0.43348 1.0844 0.123 0.28952 -2.0442 -0.46968 0.47072 -1.4219 -0.082174 -0.7418 -0.3488 -0.16392 1.3686 -1.3658 0.38711
-1.3395 0.077683 1.5197 1.1165 -0.22806 0.58988 1.7139 0.52985 -0.055235 0.054412 -1.8327 1.7519 -0.88178 -0.44241 -0.60904 -1.1307 -0.61437 0.90445 -1.3631 0.98832 -1.1927 0.67753 0.29913 1.1358 0.0083691 1.1476 1.2933 0.43334 -2.6506 -0.43889 0.027702 -0.9448 -0.82458 -0.32227 -0.5223 -0.092503 1.3861 -1.2421 0.041889
-1.3638 -0.17757 1.0912 0.48783 0.58346 -0.29597 0.8221 -0.55629 0.0083723 -0.5263 -0.6968 0.14872 -0.079075 0.11016 -0.19378 -2.0705 -0.71875 0.6388 -1.5393 0.52709 -1.401 0.10721 -0.25383 1.199 -0.92126 0.80368 2.3227 0.26869 -2.2311 -0.34516 -0.4997 -0.6196 -1.8216 -0.063121 0.19764 0.53708 0.906 -1.1212 0.027116
-1.0681 0.37641 -0.39279 0.23124 1.2 -0.25332 0.23996 -0.041616 0.25724 -0.62067 0.86663 -0.64113 -0.33236 1.7805 -0.32423 -3.1059 -0.94643 0.10972 -1.6729 -0.30921 -1.3956 0.090502 0.20779 2.0883 -0.8193 1.0676 2.6203 -0.18741 -1.098 -0.1366 -0.98218 -0.21229 -1.8458 0.27508 0.97569 1.0116 -0.10486 -0.04861 0.22096
-1.1224 0.20346 -1.0971 0.48697 1.2269 0.072556 1.213 0.35027 0.4872 -0.96172 1.058 -0.038655 -0.36141 2.878 -0.30983 -3.332 -1.0179 -0.065896 -1.8386 -1.8148 -1.2393 1.3114 1.3943 1.9323 -1.3779 1.1779 1.8797 -0.81196 0.34446 0.10712 -1.0593 -0.015639 -1.0591 0.94477 1.2763 1.0332 -1.2504 0.99786 0.66691
0.20021 0.76778 -1.9209 0.29243 0.96255 -0.060084 0.48459 -0.73148 0.26507 -0.98771 0.61662 -0.66029 -0.6632 3.0935 -0.90112 -2.6959 -0.7176 -0.69933 -1.5708 -1.48 -0.75037 1.9811 1.594 0.56388 0.12372 1.3664 0.35099 -0.90538 1.598 0.20903 -0.84553 0.02276 0.077091 1.4191 0.48187 0.20252 -2.1496 0.88397 0.6305
1.5931 -0.36672 -2.3399 -0.2504 -0.13873 -1.1168 -0.41376 -0.84478 0.57613 1.4445 1.6114 -0.19546 0.36968 2.984 -1.407 -1.6142 -0.64357 -1.0657 -1.5886 -0.96897 0.12493 1.6594 1.2167 -0.5105 0.55513 1.8712 -1.1808 -0.69699 2.4784 0.26772 -0.60278 0.37987 1.5874 1.6784 -0.63616 -0.75919 -1.8147 0.79175 0.34569
2.0735 -0.43233 -1.5854 -0.14673 0.18302 -2.0249 -1.0117 -1.3102 2.1999 1.8711 1.3358 -0.79148 0.87664 2.3899 -1.4495 -0.82048 -0.75901 -1.0754 -1.726 -0.56398 0.70966 0.85 0.73909 -0.94102 -0.06221 1.8717 -2.1894 0.20992 2.724 0.25742 -0.2015 1.0301 1.9079 1.0222 -1.198 -1.1047 -1.1969 -0.003245 -0.51141
1.878 -0.93666 -2.47 -0.23583 0.023422 -1.3626 -0.62774 -0.68517 2.6543 0.45081 0.12315 0.54597 1.1298 1.0185 -1.3253 0.61844 -0.51606 -1.0814 -1.037 0.8859 1.3311 0.60945 0.27158 -0.90325 0.25704 1.5581 -2.6315 0.89066 2.2614 0.12309 -0.14697 1.5008 1.2785 -0.28778 -1.2225 -0.81328 -0.84703 0.34899 -1.3508
2.3278 -0.79247 -2.4362 -0.23532 -0.32399 -1.3159 0.11853 1.0609 1.4973 0.10852 -0.028796 0.12637 1.2522 -0.027055 -0.55947 1.5623 -0.31896 -1.0991 0.064764 1.3858 0.64823 0.13247 -0.1995 -1.6056 0.24912 0.59717 -2.2892 1.2467 2.0348 -0.056807 0.017514 1.2339 -0.14334 -1.3635 -0.67434 -0.18021 -0.39334 0.85297 -1.5379
2.1877 -0.96612 -2.1453 -0.45831 -0.57927 -1.9153 0.45695 0.38517 0.68976 0.22915 -0.33486 -0.93991 1.201 -0.74016 -0.21439 1.6528 -0.64503 -1.3533 0.28675 0.60308 -0.43505 -0.40368 0.023658 -1.8518 1.0695 0.056238 -1.536 1.2415 1.3779 -0.30013 0.3827 0.36499 -1.8533 -1.8007 -0.15362 0.20544 0.34143 0.83031 -1.1924
1.7785 -0.9058 -0.64303 -0.41615 -1.1991 -1.5043 1.234 0.071752 1.6609 0.98893 0.14102 0.043299 1.2324 -1.0212 0.28908 2.6717 -0.80248 -0.91266 -0.10442 -0.69088 -1.1269 0.013901 0.51249 -1.2427 1.1941 -0.16988 -0.77082 0.92805 0.68533 -0.25531 0.89779 -0.26586 -2.2774 -0.86225 0.15592 0.26076 1.5002 0.67797 -0.48001
1.6388 -0.96178 -0.27371 -0.53624 -1.6839 -1.1541 0.39191 -0.95156 1.8772 1.6661 -1.3646 0.2406 1.0972 -1.362 0.53497 2.7721 -0.82389 -0.42345 -0.25561 -1.73 -1.366 0.35118 0.3641 -0.40693 1.4025 -0.2225 -0.1516 0.6864 -0.2538 -0.050033 1.4214 -0.37643 -1.67 0.25872 -0.26747 -0.12625 2.0539 -0.092897 -0.070454
0.93117 -0.72484 -0.68385 -0.98349 -1.6741 -1.5996 -0.89858 -1.6022 1.8819 0.80986 -2.249 1.5892 1.0003 -1.1582 0.77242 2.3391 -0.69777 0.20886 -0.11924 -1.9415 -0.61382 0.046869 0.19344 0.64228 1.4006 -0.13215 0.27733 0.33876 -1.1467 0.078216 1.4576 -0.016895 -0.46862 1.0439 -1.2721 -0.29653 2.319 -0.21516 0.094897
0.94081 -0.49353 0.51367 -1.0777 -0.9214 -1.5881 -1.2425 -0.52204 2.0527 0.6044 -1.1018 1.5776 1.0544 -0.95205 0.80497 1.2953 -0.79303 0.89734 -0.36293 -2.0628 -0.20072 -0.96184 -0.055561 1.2715 0.76609 -0.086555 0.64714 0.17902 -1.1109 0.20048 1.1973 0.58307 0.71043 0.89654 -1.4956 0.15682 2.082 -0.076869 0.0038797
0.7035 -0.26954 0.75903 -1.0365 -0.95846 -1.9192 -1.3431 -0.26922 1.2377 0.69709 0.25047 0.75263 1.0625 -0.70186 0.77413 1.1176 -0.68078 1.3102 -0.051319 -1.4369 0.33511 -1.849 0.13074 2.5085 1.0713 -0.06109 0.54743 -0.024778 -0.93387 0.30115 0.56523 0.91158 1.3661 0.14673 -1.1165 0.57652 1.2483 0.41208 -0.22295
0.80967 -0.25345 0.84163 -1.0518 -0.4738 -1.68 -0.99091 -0.65522 1.0297 1.1874 1.0112 0.95759 1.113 -0.3721 0.85964 1.1612 -0.47334 1.3929 0.80544 -0.56008 -0.087409 -1.6604 0.74324 2.7813 1.3984 -0.24678 0.34494 -0.1514 -0.40194 0.34234 -0.06085 0.92859 1.6233 -0.098923 -0.079909 0.59472 0.22003 0.80035 -0.37605
0.49524 -0.18277 0.46019 -1.4052 -0.046478 -1.6458 -1.639 -0.94318 0.54679 1.2166 0.75102 1.3825 1.0608 -0.41719 0.69485 0.53521 -0.31585 1.0743 0.99146 0.02755 -0.40125 -1.8169 1.0114 2.3593 1.8787 -0.45327 0.007578 -0.23009 -0.25218 0.25791 -0.56362 0.33631 1.3181 -0.031561 0.71961 0.15012 -0.80317 0.26521 -0.38743
0.5655 -0.10743 0.86598 -1.4222 0.28598 -1.1637 -1.9421 -0.74481 -0.55358 1.4747 1.9473 2.7381 0.93902 -0.44327 0.5609 0.7692 -0.35898 0.88668 0.84163 0.43478 -0.049469 -1.1503 0.75921 1.7836 1.9213 -0.57011 -0.20479 -0.24046 -0.18739 0.26078 -0.86772 -0.21797 0.84894 0.12133 1.1694 -0.43716 -1.3428 -0.49977 -0.2397
0.50773 0.4267 1.2701 -1.4346 0.62253 -0.5939 -1.3974 -1.3959 0.56383 1.6559 2.2269 3.4174 0.67286 -0.64804 0.49471 0.79297 -0.27468 0.43744 0.57501 0.69121 0.23252 -0.70254 0.45665 1.4205 1.3149 -0.59976 -0.14995 -0.14428 -0.54266 0.35146 -0.9463 -0.28794 0.37826 0.14507 1.2892 -0.93872 -1.7177 -1.4605 -0.13672
0.31877 0.15764 1.1408 -1.2231 0.4006 -0.94895 -0.82722 -0.47887 -0.56814 2.0492 2.9243 2.9865 0.62629 -0.63684 0.51179 0.64003 -0.025437 -0.017761 0.64593 0.80455 -0.18535 0.069371 0.13767 0.59634 0.67884 -0.60522 0.096804 -0.17647 -1.3053 0.59805 -1.0686 -0.03426 -0.10628 -0.11509 0.55596 -1.2621 -2.1459 -1.9426 -0.14348
0.14009 0.19464 1.6817 -1.5206 0.40753 -1.3162 -0.69051 -0.33378 0.027719 1.6101 2.7477 2.5866 0.57755 -0.59769 0.44882 -0.4962 0.15045 -0.35841 0.59381 0.60715 -0.067371 0.096096 -0.6 -0.44316 -0.39353 -0.68014 0.15138 -0.094356 -1.5076 0.76976 -0.91882 0.25415 -0.57714 -0.51704 0.41651 -1.5007 -2.3022 -1.5441 -0.29269
-0.17052 0.23799 1.3701 -1.5051 0.26245 -0.98179 -0.66134 -0.73508 0.0034811 1.7128 2.7417 2.7157 0.55171 -0.28283 0.2539 -1.1928 0.50911 -0.84286 0.79997 0.28188 -0.14845 -0.47033 -1.3048 -1.5278 -1.0674 -0.78665 -0.10018 0.050094 -1.1463 1.0819 -0.3136 0.46433 -0.22682 -0.39522 0.37018 -1.4973 -1.883 -1.4646 -0.38066
-0.16816 0.5241 1.1493 -1.3589 0.0086512 -0.41665 -1.1778 -1.6488 0.51525 1.3622 1.4434 3.037 0.35411 -0.53704 0.44513 -1.298 0.85035 -0.98046 0.99238 -0.17472 -0.83032 0.37214 -1.9088 -2.0699 -0.87001 -1.0371 -0.45908 0.1387 -0.2023 1.2862 0.4953 0.30148 0.43457 -0.21945 0.83545 -1.0153 -0.97292 -1.5622 -0.32985
-0.018536 0.55599 0.011676 -1.1154 -0.12112 -0.24948 -0.97133 -0.6213 -0.49735 0.4755 1.4142 2.285 0.055987 -0.85109 0.60145 -1.2508 1.5835 -0.33671 1.3248 0.76188 -0.60718 0.64497 -2.2875 -2.3135 -1.9845 -1.1148 -0.74764 0.12431 0.48305 1.0605 1.3111 -0.071225 0.8049 0.57849 1.371 -0.25397 -0.13636 -1.6261 -0.094056
0.27219 0.48253 0.10307 -0.6836 -0.93971 0.010502 -0.58961 -1.1406 -0.56025 -0.044476 -0.068814 1.5808 -0.16872 -1.1708 0.52623 -0.889 1.9429 0.36304 0.91219 1.2431 -0.29346 1.168 -2.1894 -1.973 -3.0288 -1.1117 -0.87232 -0.13518 0.62997 0.40402 1.4315 -0.47086 0.83384 1.2876 1.1941 0.60004 0.45172 -1.1536 0.27859
-0.89544 0.60871 0.36159 -0.45064 -0.95174 -0.38111 -1.1167 -1.4973 0.75526 -0.57444 0.19737 2.0441 -0.42072 -1.3645 0.438 -0.46153 1.8829 1.0782 0.7403 1.1822 0.70679 1.8156 -1.6679 -1.8438 -3.2076 -0.91619 -0.62541 -0.29486 0.25262 -0.3878 0.96778 -0.89802 0.30398 1.4293 0.46681 1.0694 0.77993 -0.07583 0.49248
-1.2318 0.97013 0.50231 0.26567 0.72361 0.40038 0.88597 -1.1075 1.1932 -1.3548 -0.68765 -0.4811 -0.43788 -1.9128 0.27305 -0.46587 1.4291 1.1435 0.45513 1.2817 1.0397 2.1224 -0.9525 -1.4088 -2.5476 -0.62559 0.095711 -0.25815 -0.091237 -0.79848 0.32556 -0.56564 0.018588 1.2232 -0.84931 1.134 0.81657 0.63435 0.56475
-1.5218 0.80685 0.12776 0.51933 0.9585 0.077994 0.40234 -1.3457 1.4844 -0.87218 -0.24491 -0.96241 -0.59435 -1.6493 0.17982 -0.98307 1.1317 1.1848 -0.05617 1.36 1.5337 1.0716 -0.66735 -1.0503 -2.3917 -0.45807 0.65571 -0.21406 -0.17036 -1.032 -0.74716 -0.4431 -0.21926 0.24368 -1.8396 1.0285 1.2064 1.587 0.494
-1.4078 0.93148 0.14209 0.46126 1.3731 0.50459 -0.31113 0.1009 2.2505 -0.92034 -1.745 -0.57463 -0.63275 -0.8448 0.17479 -0.83004 0.86439 0.94759 0.30781 1.2066 1.6926 -0.14712 -0.31713 -0.75194 -2.2048 -0.30959 1.1813 0.028692 0.32592 -0.8569 -1.2295 -0.18441 -0.060361 -0.39479 -1.8973 0.66277 1.0355 1.7746 0.38151
-2.5379 0.65366 -0.74086 0.24833 0.49815 0.054701 0.80155 0.38382 1.638 -0.91119 -0.77046 -0.41059 -0.60712 -0.6644 0.0879 -0.63799 0.28723 -0.3138 0.035122 0.80113 0.84138 -0.6863 0.16832 0.21679 -0.27096 -0.17167 0.99579 0.076201 0.78076 -0.6732 -1.4059 0.22543 0.13601 -1.0319 -1.0892 0.52416 1.0378 1.6168 0.25625
-1.8914 0.77354 -0.76621 0.72672 0.7756 -0.39401 1.1456 -0.015388 0.65721 -1.4176 -1.6544 -1.5723 -0.73325 -0.1852 0.36736 -0.013908 0.29119 -0.55396 0.10303 1.4571 0.58337 -0.74882 0.02579 0.0087491 -0.13029 -0.070831 0.73107 0.11498 0.59388 -0.37842 -0.83299 0.42697 -0.035912 -0.96321 -0.42564 0.099345 1.0455 1.6555 0.12352
-1.8128 1.0906 0.044653 0.81669 1.4874 0.69339 0.89809 0.26927 0.79109 -1.2146 -0.84532 -1.8568 -0.72815 -0.10704 0.21948 0.13431 0.19152 -0.86107 0.48816 1.5196 0.025015 -0.7868 0.27012 0.62489 -0.262 -0.10727 0.43732 0.018746 0.42595 -0.14916 -0.16699 0.19795 -0.44528 -0.76173 0.31132 0.32876 0.62402 1.0658 0.10518
-2.2088 0.98897 -0.2501 0.47615 -0.18351 0.365 1.6141 -0.62277 0.84178 -0.60534 0.16091 -0.10237 -0.59607 0.25202 0.31643 -0.060921 0.22056 -0.43898 0.89125 0.79174 0.17346 -0.94994 -0.13934 1.1148 1.0338 -0.11297 0.44869 -0.45231 -0.085051 -0.49286 -0.10844 -0.98359 -1.4538 -1.1588 0.68118 0.96929 0.037176 1.1483 0.34285
-1.5959 1.2426 0.12673 0.82393 0.32752 0.1485 1.8877 0.22817 1.2366 -0.93405 -1.5148 -1.062 -0.69286 -0.058586 0.14337 0.20816 0.046972 -0.71044 0.032774 0.26765 -0.48228 0.011995 0.95495 0.90061 1.2287 0.044859 0.97762 -0.65906 -0.052291 -0.81676 0.10792 -1.8174 -2.0371 -1.621 0.61309 1.4067 -0.7227 0.56569 0.65213
-2.1389 0.84102 -0.34538 0.49456 -0.28082 1.0316 1.7293 0.4447 0.91161 -0.60016 -0.38922 -1.1623 -0.7959 0.63633 -0.43311 -0.24039 -0.53593 -0.85229 -1.4351 -0.78008 -1.4775 0.17764 1.7146 -0.053307 1.3685 0.48076 1.1464 -0.85563 0.20369 -0.98855 -0.10943 -1.9964 -1.9004 -2.125 0.45402 1.791 -0.61958 -0.53479 0.8382
-1.9304 1.0931 -1.133 0.78387 0.53033 0.81107 1.6087 0.39842 -0.55022 -1.86 1.2577 1.1287 -0.7611 1.5388 -0.62547 0.099382 -0.91754 -0.44827 -1.6371 -1.7125 -2.3786 -0.15877 2.2808 -0.21864 0.66746 0.78593 1.1993 -0.4878 0.52223 -0.63382 0.081527 -1.1803 -1.1414 -1.3561 0.38469 0.90003 -0.35435 -0.94711 0.60422
-1.9475 1.0687 0.44498 0.82874 -0.2742 -0.62329 1.1555 -1.3426 1.5749 1.0685 -0.74212 -0.73926 -0.56808 1.608 -0.88131 0.37586 -1.0963 -0.79505 -1.8891 -1.9655 -3.1049 0.014094 2.9317 0.45085 0.24395 1.0449 0.056585 -0.079382 0.62278 -0.018368 0.24703 0.3817 0.18104 0.22257 0.62571 -0.15958 0.21766 -1.3162 0.088711
-0.58619 0.37674 -0.40227 -0.31572 -0.58573 -1.2829 -0.18859 -2.0032 1.2748 1.6795 -1.3416 0.58907 0.072229 1.7095 -0.53649 0.91338 -0.82809 -0.58527 -1.8652 -1.3842 -2.3734 0.83594 2.2342 -0.050289 -0.091508 0.86573 -1.1885 0.21607 -0.2647 0.35261 0.58898 1.5397 1.3497 1.953 0.044488 -1.633 0.40024 -0.89444 -0.40378
0.1624 0.46015 0.039943 -0.43887 -0.65826 -0.88547 -0.082461 -2.8744 0.30169 2.0225 -0.41057 -0.0043444 0.11806 0.66115 -0.62852 0.56513 -0.61883 -0.3017 -0.59372 -0.57026 -1.0608 0.89694 1.4301 0.29541 -0.86139 0.60638 -2.0185 0.38941 -0.89314 0.61059 1.1191 2.1364 2.0278 2.9502 -0.58146 -2.3292 0.067974 -0.51683 -0.68977
-0.33055 0.27995 0.31881 -0.056384 -0.97533 -1.0587 -0.061955 -2.4146 1.0858 2.4725 0.40998 -1.1672 0.14784 -0.21328 -0.35804 -0.54066 -0.5211 0.46542 0.55709 0.27778 0.44305 -0.52774 -0.32932 0.65319 -0.55859 0.27513 -2.1022 0.14069 -1.2953 0.37691 1.0481 1.7885 1.7564 2.266 -1.0724 -1.9062 -0.11636 -0.16975 -0.42198
-0.45664 0.70362 0.47027 0.066843 -0.56428 -0.77722 0.61271 -1.4947 1.9341 1.019 -0.10149 -0.065403 -0.19868 -1.2133 -0.25711 -0.68736 -0.14638 0.89152 0.83126 1.2341 1.3041 -0.46387 -0.58984 0.23585 -0.55759 0.09011 -1.1204 -0.050493 -0.8631 0.1315 0.80035 0.92846 0.9892 0.74985 -1.3594 -1.5447 -0.20987 -0.12457 0.057844
-1.6702 0.33345 -0.36109 0.15286 0.12939 -0.15059 0.84491 -1.3006 1.0837 0.99441 0.91518 -0.47422 -0.028884 -1.2931 -0.46735 -1.0472 -0.38505 0.88913 0.71847 1.2068 0.90741 -0.60996 -0.68263 -0.24848 -0.59497 0.3607 -0.33148 -0.59 -0.028202 -0.024093 0.022366 0.27156 0.22588 -0.72399 -0.88425 -0.70671 0.38846 -0.73539 0.49954
-1.4414 0.4306 -0.6634 -0.53756 0.36305 -0.45501 0.77616 -1.4728 0.12944 1.1383 -0.81669 -1.1393 0.061697 -0.89681 -0.67152 -0.91232 -0.45302 1.0661 1.0513 0.93943 0.16984 -1.7533 -1.5711 0.33326 -1.1058 0.67298 0.45095 -0.65643 0.4455 0.12821 -0.63164 -0.44862 -0.53429 -1.1895 -0.36216 -0.55072 1.0152 -0.66582 0.41431
-1.5088 -0.039439 -0.90513 -0.56411 0.5489 -0.44905 1.3105 -0.94445 0.48883 1.4766 -0.71476 -0.012534 0.32002 -0.98937 -1.2432 -0.50513 -0.41635 0.41459 0.97324 0.88791 -0.44374 -1.6389 -1.2802 1.3753 -1.75 0.8963 0.87773 -0.13964 0.86926 0.86616 -0.6751 -0.61837 -0.95015 -0.11553 0.47863 -0.30822 0.97349 0.21691 -0.32202
-1.323 -0.0033517 -0.60464 -0.55156 0.19438 -0.16675 1.2694 -2.2191 0.10859 1.1608 -0.06814 -1.6187 0.51454 -0.51516 -1.0841 -0.097046 0.097131 -0.13202 -0.085036 0.35117 -0.3955 -0.67747 -1.4093 1.4347 -1.3086 0.57991 0.97486 0.87532 1.1341 1.4806 -0.50494 -0.76189 -1.397 0.90116 0.59589 0.28408 -0.14829 1.5313 -1.4204
-1.6074 -0.23118 -0.38171 -0.17402 0.98818 0.42999 1.1542 -1.7494 -0.96993 -1.1911 1.691 -2.5168 0.6697 0.16674 -0.5231 0.24588 0.90715 0.14116 0.18775 -0.36493 0.94028 -0.22075 -1.3793 1.1291 -0.083658 -0.17417 1.1847 1.7469 1.0215 1.6515 0.0011356 -0.14317 -1.7119 1.7766 -0.082843 0.63337 -1.7705 2.8648 -2.2394
-2.5251 -0.83215 -0.40986 -0.41676 -0.05914 0.40362 1.9525 -1.7619 0.066887 -0.31038 2.4097 -2.0724 0.66701 0.35797 0.57778 0.93749 1.5678 0.1933 0.083087 -1.1848 1.2401 -1.3044 -0.91005 0.16523 1.0594 -1.3705 1.0404 1.9305 0.86137 1.1428 0.086794 0.70259 -1.6116 1.6294 0.048474 1.4037 -2.6553 2.6859 -2.1928
-1.9463 -0.55314 -0.8531 0.11436 -0.04626 -1.1442 0.79482 -1.5669 0.28445 -0.20892 1.3838 -1.657 0.411 0.80057 1.1422 0.97986 1.841 0.24627 0.65804 -1.7184 2.2331 -1.5037 -0.19461 -1.4905 2.6906 -2.1966 0.70867 1.5051 0.42033 0.33069 -0.080739 0.81791 -1.0062 0.85347 0.29367 1.4255 -2.4268 1.221 -1.3847
-0.40616 0.18925 -0.30162 0.52269 1.1994 0.15208 0.20227 0.49229 -0.13741 -0.24102 -0.35876 -0.064653 -0.3348 1.1238 1.6382 1.2211 1.6996 -0.020337 0.99308 -2.1476 2.1616 0.044295 0.9297 -2.5067 2.5765 -2.3922 0.34476 0.089154 -0.20329 -0.29468 -0.30341 0.65532 0.22123 0.30926 0.95357 0.94666 -0.81058 -0.59299 0.050534
-1.2788 0.90893 0.7414 1.3111 0.70582 0.019683 -0.11901 -0.56499 -2.3418 0.10573 -0.064725 0.79395 -1.2878 1.1173 1.7173 0.91558 1.4366 0.079905 1.2566 -1.8604 2.1474 -0.33211 0.67727 -2.334 1.5451 -2.1772 -0.05106 -1.5482 -0.85974 -0.77376 -0.90755 -0.83298 1.1196 -0.65784 1.3054 0.31683 1.5018 -2.1269 1.6331
-0.62808 0.80357 0.37731 1.2999 0.57433 1.3208 -0.58151 0.29427 -1.8823 -0.1568 -1.6219 0.91888 -1.4707 0.85039 0.45008 0.54586 1.2303 -0.33327 1.0108 -0.66017 1.8738 -0.028127 0.63838 -1.0145 0.44717 -1.2842 0.23378 -2.7055 -1.4316 -1.3634 -1.1576 -1.4425 1.4613 -0.60993 1.3228 -0.40661 2.7432 -2.1894 2.7167
-0.82287 0.92271 0.75783 1.1955 0.27668 1.1281 -0.95753 0.47009 1.3161 0.60454 -1.2411 -0.14382 -1.286 0.8455 -1.1228 -0.4066 0.6664 -1.4054 -0.84158 -0.2297 1.054 1.0872 0.63037 0.73691 -0.45057 0.22333 0.66447 -2.966 -1.3671 -1.9396 -1.3596 -1.9675 1.0789 -0.79502 1.4902 -0.6758 2.901 -1.1361 3.1459
-0.94149 0.84231 -0.057683 1.0665 0.13972 0.64299 -0.17326 0.84448 -0.6782 0.57591 -1.1046 -0.30198 -1.415 1.7023 -1.9347 -0.97471 -0.3947 -1.5817 -0.56163 -0.054071 1.4801 1.9235 0.13349 1.3874 -0.7546 1.352 1.1203 -2.1672 -1.1318 -2.1019 -0.97817 -1.3725 0.37388 -0.49062 0.60223 -1.1405 1.8025 0.076675 2.7049
-0.020682 -0.23587 -0.026306 1.9006 0.0021119 -0.11341 0.068983 1.254 -0.60752 0.45271 -0.22354 -0.29008 -0.98717 1.9419 -2.5637 -1.0532 -1.2762 -2.0006 -1.5197 -0.011588 0.74973 1.6105 -0.44773 2.2068 -0.10861 2.2296 0.92247 -1.0342 -0.41667 -1.743 -0.075535 -0.016688 0.072542 -0.16509 0.011256 -1.0867 0.34882 0.5441 1.7379
0.57044 -0.91724 -0.34388 1.3533 -1.6005 -0.94251 -0.49004 1.0056 0.49451 0.63863 1.31 0.15323 -0.18252 2.4078 -2.8299 -1.3938 -1.6183 -1.9838 -1.1261 -0.013414 1.0338 0.88065 -1.1629 1.8189 0.40994 2.6357 0.1104 0.08871 -0.18531 -1.041 0.75033 0.65039 0.25828 -0.38508 -0.68794 -0.44855 -0.81228 0.12126 0.62165
1.0924 -0.7637 -0.22588 0.37137 -1.5964 1.0072 -0.61656 1.384 0.57089 -0.093914 0.94871 -0.17088 -0.011539 2.2273 -2.5866 -1.0435 -1.8904 -1.362 -0.55951 -0.090875 0.92925 1.6157 -0.95029 1.2135 0.021443 2.7459 -0.63149 1.0364 -0.01265 -0.1388 1.8539 1.7165 0.72623 -0.26577 -1.3109 0.20401 -1.6532 -0.86811 -0.43159
1.5116 -1.7369 -0.72054 -0.423 -2.4614 -0.62767 -0.71623 0.9872 1.456 -0.68967 1.4005 0.56207 0.95258 1.7707 -1.7642 -1.3677 -1.9819 -0.42057 0.17622 0.51249 0.60709 0.55154 -0.52181 0.27925 -0.59807 2.2285 -1.4674 1.4758 0.12321 0.79843 2.3234 1.613 1.3034 -0.49044 -1.7714 0.56247 -1.4284 -1.1681 -1.096
2.0302 -1.8755 -1.1886 -0.063675 -2.28 -0.28942 -0.38353 2.2043 1.2784 -0.89471 1.048 0.061574 1.1646 1.0798 -1.1902 -1.1124 -1.3511 0.88721 0.99392 1.1789 0.41599 -0.82079 -0.32274 -0.29192 -1.3315 1.6526 -1.7806 1.6235 0.19885 1.5106 2.1795 1.9214 1.6046 -0.31851 -2.0692 0.32654 -0.98671 -0.7239 -1.5062
1.8732 -2.0808 -0.98897 -0.25923 -1.3602 -0.27624 0.0389 1.8995 0.9867 -0.14809 0.90459 -0.63391 1.3082 0.23275 -0.81154 -1.1364 -0.44356 1.4922 1.0729 1.948 0.29873 -1.4035 -0.28841 -0.25212 -1.2312 1.1935 -1.8221 1.3033 0.42507 1.4656 1.2776 1.2833 1.0886 -0.59535 -1.0708 -0.21489 -0.53487 -0.010607 -1.3417
2.3737 -2.0122 -1.6838 -0.26334 -0.94408 0.18891 0.62982 1.481 -0.049493 0.10622 0.64306 -1.0516 1.3088 -0.34019 -0.074107 -0.78632 0.077442 1.9967 2.5311 2.3841 0.43193 -1.4953 -0.36753 -0.47068 -1.1049 0.52858 -1.3124 0.95584 0.48128 1.0193 0.018243 0.22225 0.18472 -0.81339 0.0076766 -0.73835 -0.56439 0.67545 -1.0147
1.7788 -1.939 -1.2368 -0.58315 -0.22915 1.1849 0.6954 1.3856 -0.54825 -0.38247 0.92831 -1.5467 1.5498 -0.93355 0.07622 -0.70987 -0.040989 1.5508 1.7813 2.081 -0.60024 -1.2343 -0.92182 -0.68734 -0.74951 0.3548 -0.69417 0.55987 0.66258 0.55747 -0.65625 -0.76251 -0.82714 -0.71409 0.588 -0.71341 -0.55397 0.88672 -0.63715
1.2757 -1.9229 -1.7137 -0.20803 0.11788 1.4721 1.8462 1.895 -0.42427 -1.2652 0.7439 -0.87779 1.5153 -0.79508 0.12374 -0.39344 0.29292 0.88618 1.0759 1.4938 -0.76538 -0.9054 -1.5131 -1.1887 -0.25936 0.23102 -0.088598 0.0078687 0.43707 0.38021 -0.90595 -1.9812 -1.3899 -0.66554 0.69484 -0.2563 -0.24647 0.68032 -0.30492
1.3673 -1.8666 -1.6623 -0.080399 0.44023 2.013 2.1556 2.1426 0.14572 -1.1686 0.4126 -0.73683 1.5135 -0.83806 0.11727 -0.041483 0.45569 0.7379 0.43836 0.77097 -0.53696 -0.55602 -1.171 -0.98687 0.075069 0.18782 0.29942 -0.13095 0.33424 0.2896 -0.54046 -1.5768 -1.4108 -0.40839 0.44919 0.59112 0.40169 0.22864 -0.16696
0.85886 -1.9122 -1.9682 -0.2655 -0.043764 0.78899 1.7962 0.80452 -0.47286 -1.7607 -0.36393 -1.4415 1.5472 -0.55014 -0.084681 -0.27584 0.51435 0.5983 -0.38494 0.30266 -0.93797 -0.48173 -0.75117 -0.80628 -0.19461 0.061762 0.28329 -0.13945 0.061431 0.055534 -0.090594 -0.8644 -0.97796 -0.40235 0.21059 1.2473 1.095 0.051452 -0.067038
1.4248 -1.9568 -1.3332 0.081564 -0.012795 0.88545 1.6458 0.698 -0.74375 -1.9243 -1.1699 -1.1706 1.5453 -0.4903 -0.065577 -0.12768 0.36908 0.61482 -0.33738 -0.10143 -1.3433 -0.57699 -0.055098 -0.081557 -0.34886 0.14001 0.29751 -0.10284 -0.086198 -0.059351 0.17548 0.12897 -0.33446 0.046527 0.31822 1.4406 1.2873 0.26392 -0.015954
1.0665 -1.7998 -1.5844 0.098005 0.77493 1.3745 1.4993 1.3182 -0.9881 -1.2434 -0.018915 -0.96762 1.6137 -0.4335 -0.04652 -0.24974 0.43217 0.7601 -0.084422 0.0090539 -1.1796 -0.49547 0.53627 0.52731 0.03668 0.13721 0.17699 0.019064 -0.099125 -0.14977 0.27228 0.63317 0.067926 0.5988 0.44074 1.2481 1.1974 0.5698 0.0097596
0.79721 -2.1225 -1.8992 0.044514 0.95296 0.98985 1.6858 0.53743 -0.81298 -1.7793 -0.029324 -1.7385 1.578 -0.33424 -0.09598 -0.24636 0.38421 0.99715 0.55391 0.27103 -0.34523 0.062175 1.1931 0.89537 0.46194 0.12527 0.32559 -0.029274 -0.057115 -0.11232 0.1042 0.36881 0.22444 0.71562 0.55669 0.53205 0.47447 0.29302 -0.085626
0.60527 -1.8895 -1.8867 0.22473 1.0126 1.4036 2.0733 0.34229 -0.74033 -1.1585 0.68106 -1.0749 1.6838 -0.29212 -0.038885 -0.43393 0.23011 0.93929 0.35591 0.26644 -0.27315 0.051206 1.2336 1.0765 0.50487 0.091072 0.40478 0.015335 0.16179 -0.1795 -0.19775 0.092159 -0.071288 0.76215 0.1812 -0.11148 -0.29078 0.010991 -0.12818
0.87871 -1.8946 -1.9481 0.35025 1.2775 1.4414 1.9841 0.35046 -0.61736 -0.46677 0.56457 -0.72247 1.6406 0.053818 -0.12793 -0.16981 0.26141 0.724 0.14622 0.22978 -0.40148 0.23046 0.7215 0.58482 -0.023149 0.011564 0.20624 -0.06494 0.14962 -0.26513 -0.45478 -0.27308 -0.35978 0.45736 -0.27287 -0.6771 -0.93227 -0.51452 -0.17719
0.70987 -2.0741 -1.8716 0.17622 1.4579 1.3625 1.9078 0.72559 -0.49293 -0.18778 0.36463 -0.77867 1.6697 0.13585 -0.0068294 0.011371 0.16293 0.49651 0.31801 -0.095966 0.33564 -0.23802 0.56391 0.10953 0.28362 -0.03483 -0.008132 -0.04298 0.24365 -0.30809 -0.46264 -0.25902 -0.31501 0.25685 -0.32526 -1.0696 -1.0989 -0.69176 -0.14556
1.0535 -1.9052 -1.8731 0.32703 1.7238 1.3615 1.7937 0.65058 -1.0141 -0.40506 0.93226 -0.62294 1.6401 -0.15732 -0.2363 -0.19374 -0.068266 0.30853 0.1045 -0.24465 0.23434 -0.34553 0.14781 -0.46337 -0.45796 -0.1298 -0.16947 0.1279 0.16332 -0.38164 -0.43805 -0.24651 -0.12719 0.06052 -0.19223 -1.0711 -0.80909 -0.2753 -0.088352
0.97612 -2.0864 -1.8848 0.37887 1.888 1.4039 1.932 0.37676 -0.45433 -0.93078 0.81331 -1.8611 1.5987 -0.1978 -0.0685 0.039571 -0.16908 0.22142 -0.06593 -0.10458 -0.10392 -0.31625 -0.67295 -0.57125 -0.6573 -0.098745 -0.098999 0.20324 0.24692 -0.39329 -0.5859 -0.38005 0.21299 -0.18925 0.32042 -0.62819 -0.49259 0.11777 -0.036543
0.77238 -1.9897 -1.8812 0.2341 1.4416 1.5707 1.6688 1.0171 -1.3228 -0.74034 -0.020746 -0.6808 1.58 -0.093262 0.13418 0.11851 -0.27011 -0.015264 -0.081664 -0.0022327 -0.083091 -0.124 -0.85661 -0.67329 -0.11211 -0.11295 0.24855 0.3928 0.26688 -0.35993 -0.91897 -0.46166 0.2344 0.095287 0.64867 0.14691 0.16508 1.2006 -0.015766
0.27721 -2.2054 -2.2473 0.12378 1.5228 1.4964 1.8159 0.43252 -0.94856 -0.41746 -0.24334 -1.6685 1.5361 -0.077885 0.1781 0.32327 -0.45483 -0.51167 -0.25261 0.22006 0.098677 0.26687 -0.21267 -0.75782 0.32538 -0.10551 0.54408 0.33727 -0.055549 -0.28093 -1.3911 -0.80565 0.1218 0.10259 0.88479 0.9525 0.41672 1.5098 -0.10886
0.86904 -1.8835 -1.6004 0.13293 1.8791 1.1866 1.8958 0.22672 -0.81804 -1.6668 -0.1382 -1.438 1.5892 0.25301 0.36008 0.17197 -0.58352 -1.1557 -0.61489 0.072664 0.30045 0.62477 0.24492 -0.041226 1.398 -0.15089 1.0453 0.52622 -0.30736 -0.030045 -1.6691 -1.2638 -0.22108 0.23796 0.69372 1.1879 0.65774 1.5548 -0.37637
0.88467 -1.8167 -1.6977 -0.065417 1.4501 1.3258 1.8833 0.8305 -0.68314 -1.3801 -0.24183 -0.52965 1.5405 0.65376 0.43585 -0.11828 -0.52711 -1.9757 -1.2402 0.11465 -0.11382 1.0361 0.77274 -0.060577 1.5438 -0.27355 0.60481 1.1877 0.1443 0.69427 -1.0814 -1.2353 -1.1473 -0.074826 0.26133 1.2231 0.38353 1.0115 -1.1993
0.93208 -1.8152 -1.4924 -0.11506 0.6341 1.1296 2.1813 0.78311 -0.47517 -0.26568 -0.20174 -0.60731 1.5041 1.5058 0.97099 -0.29063 -0.29335 -2.602 -1.8654 -0.37177 0.47292 0.84195 1.1349 0.28166 2.3235 -0.70917 -0.60939 1.7508 1.3416 1.3625 0.11131 -0.45008 -1.7953 -0.23031 -0.29583 0.67993 -0.092394 0.063466 -1.973
1.1839 -1.7246 -1.9972 -0.3174 -0.3547 0.7294 1.7163 0.93869 0.16002 -0.4052 0.78847 0.52111 1.4012 0.43434 2.058 0.81931 0.65537 -1.9414 -1.8529 -1.8139 -0.1568 0.6576 1.8995 -0.15822 1.8374 -2.003 -1.9568 1.8231 2.0965 1.5519 1.5832 0.79613 -1.928 -0.20109 -0.75547 -0.33707 -0.04381 -0.40878 -2.1781
1.4713 -1.5994 -2.2702 -0.28474 -1.6955 0.016766 1.869 0.27917 -0.088639 0.4477 -0.87919 0.68698 1.2492 -0.77647 2.7725 2.3396 1.2934 -0.95994 -1.1001 -2.5024 -0.15501 0.21648 1.1132 -0.17295 1.3589 -2.8698 -2.7111 1.2091 2.0737 1.2474 2.6088 2.1259 -0.95569 -0.20599 -0.6424 -1.0207 -0.1157 -1.38 -1.5758
2.8176 -0.80255 -2.1938 -0.009576 -1.8227 -0.66782 1.1864 1.2139 -0.015177 0.29487 0.54244 1.2392 0.64091 -1.872 2.892 2.6983 1.4914 0.33577 -0.13873 -2.6221 -0.21897 -0.15358 0.10803 0.082303 1.2038 -3.1499 -2.048 0.060461 0.87055 0.26776 2.5093 2.6844 0.67912 0.40971 -0.18017 -1.1375 0.27844 -1.6383 -0.21953
0.28291 0.79792 0.47082 1.2791 0.11722 -0.23515 -1.0016 -0.15403 -0.058849 1.0802 -0.86292 0.647 -1.0306 -2.423 2.7787 2.8563 1.5479 1.4262 1.1899 -1.8445 0.075185 -0.032242 -0.061365 -0.065252 -0.094654 -2.9972 -1.1456 -1.1623 -0.77299 -0.66196 1.5358 2.0072 2.1996 0.35257 0.48843 -0.32915 0.11941 -1.9627 1.1779
-0.78513 0.7507 1.2441 1.1206 -0.04435 0.85434 -0.60346 1.0736 -0.448 -0.1107 -0.18233 1.1269 -1.2519 -2.5804 2.1618 2.2643 1.0092 1.8349 1.9342 -0.78261 0.51776 0.41214 0.1527 0.34107 -0.67956 -2.3344 0.68786 -1.9862 -2.0438 -1.3344 0.09106 0.43855 2.7917 0.39774 0.75265 0.031136 -0.016881 -1.9185 2.2102
-1.125 0.55086 0.25615 0.96173 0.6523 0.91124 -0.3301 0.4313 -0.36291 -0.4479 0.59355 1.4219 -1.1654 -2.5674 0.99001 1.0044 0.32813 1.3288 1.559 0.94871 0.1532 0.88003 0.43172 -0.063832 -1.5819 -1.1314 1.8547 -2.0054 -2.4432 -1.3529 -0.88859 -1.2339 1.9194 0.086243 0.40958 0.15393 -0.12224 -1.162 2.2986
-0.7608 0.95137 0.27665 1.1284 0.97419 1.6566 0.25417 1.0129 0.44578 0.18546 -0.15481 -0.12641 -1.304 -0.50539 0.11961 -0.44519 -0.32557 0.55718 0.50784 1.5246 0.50799 0.85685 -0.05115 0.050445 -1.8482 -0.059371 2.1834 -1.3855 -1.6279 -0.65595 -1.2722 -1.8877 0.41411 -0.16612 -0.40214 -0.1236 -0.38142 -0.091287 1.578
-0.86739 0.91565 0.20549 0.79454 0.74436 1.3764 0.77636 1.152 0.5496 1.3516 -0.12106 -0.033786 -1.261 0.02282 0.097789 -0.64952 -0.24502 0.29464 -0.31974 0.81794 0.22959 0.53657 0.38236 -0.15954 -1.816 0.049543 1.4225 -0.76174 -0.47967 -0.10598 -1.0529 -1.5168 -1.1243 -0.18414 -0.88338 -0.64691 -0.34339 1.318 0.71399
-1.591 0.70662 0.11598 0.87807 0.66913 0.64632 1.5422 0.63419 1.0579 0.94056 -0.16092 -1.0792 -1.0535 0.22456 0.048856 -0.15436 0.10039 -0.17948 -0.54307 0.11825 0.12966 -0.22293 -0.055876 -0.36346 -0.75957 -0.051109 0.059924 -0.5901 0.26064 -0.17591 -0.7188 -0.9291 -1.5113 -0.37622 -0.51298 -0.89248 -0.43854 2.1606 0.43419
-0.2774 0.91375 0.47208 0.94566 0.97983 0.62434 0.12958 0.81484 0.36348 -0.33995 -0.56246 -1.1232 -1.2265 -0.25965 -0.38365 -0.11226 -0.082039 -0.39918 -0.65498 -0.55866 -0.043211 -0.33427 -0.8835 -0.53401 0.45213 0.16708 -0.22046 -0.42266 0.36445 -0.67731 -0.41038 -0.39003 -1.1052 0.052615 0.0066329 -0.51401 -0.073469 2.1187 0.53839
-1.0206 0.76212 0.022597 0.80165 0.56809 0.85679 0.23714 1.3539 -0.044138 0.38419 0.15949 -0.52008 -1.2103 -0.24772 -0.73225 -0.21862 -0.73118 -0.52962 -0.99084 -0.76407 -0.12132 0.26727 -1.2446 -0.62771 1.2555 0.67561 -0.34174 -0.16506 0.35926 -1.4659 -0.14833 -0.54671 -0.472 -0.02465 0.49147 0.58379 0.43882 1.0117 0.82592
-0.68901 0.7681 0.086204 1.3068 0.41821 0.79136 0.13261 0.54428 -0.39562 -0.14624 -0.39248 0.51347 -1.3212 -0.1506 -0.29551 0.083432 -1.0634 -0.35223 -0.77779 -0.91375 0.43804 0.2894 -0.065465 -0.17052 1.3318 0.66943 0.32433 0.31324 0.72834 -1.7299 0.17466 -0.85379 -0.37218 -0.24446 0.1012 0.98487 0.48239 -0.49637 0.87389
-1.5863 0.4029 0.21173 0.67795 0.26355 0.88318 0.057159 1.0916 0.80002 -0.55104 -1.4164 0.22847 -0.93324 -0.46707 -0.30411 0.43834 -2.0743 -0.5051 -1.4497 -0.62329 -0.18091 0.41762 0.76759 0.32524 0.77567 1.2038 0.77675 0.63014 0.85647 -1.3978 0.48797 -0.93147 -0.59944 -0.47493 -0.76613 0.60748 0.31509 -1.6786 0.65489
-1.2257 -0.041001 -0.094456 -0.43709 -0.077681 -0.49924 0.31059 0.70864 1.53 -0.42051 -0.9029 1.0729 -0.1916 0.46247 -0.02472 0.98088 -2.5551 -0.072905 -1.9543 -1.3505 -0.51837 -0.22536 0.17392 -0.05384 -0.30272 1.4963 1.2145 0.6677 0.46193 -0.56786 0.71227 -0.74305 -0.66564 -0.73933 -1.2514 -0.53331 -0.050383 -1.8918 0.27057
-1.0669 0.981 0.60309 0.028234 0.62832 0.085333 -0.26007 1.5813 0.59837 1.1555 0.13392 -0.11528 -0.72803 0.90694 0.28963 1.0081 -2.5272 0.29072 -2.0732 -1.7171 -0.60417 -0.99871 -0.082756 -0.060399 -1.2502 1.4573 1.141 0.80177 -0.083989 0.70317 0.68727 0.28434 -0.38102 -0.45316 -1.4689 -1.1565 -0.41481 -1.4184 -0.49459
-1.0021 0.54139 0.94899 -1.4994 -0.1149 -0.87023 -0.78329 0.27138 0.14836 0.88935 0.36526 -0.021909 0.065576 1.4447 0.63416 0.69248 -1.8725 0.65476 -1.7926 -1.6693 -0.83462 -1.4812 -0.72249 -0.07513 -1.3982 1.0389 0.29339 0.39702 -0.72443 1.3392 0.16779 0.80597 0.65739 -0.16827 -0.65455 -0.98466 -0.4237 -0.31485 -0.80466
-0.046109 0.68874 1.0855 -1.4752 0.6353 -1.0632 -1.6248 0.42164 -0.7658 -0.50754 -1.0379 -0.66259 0.26981 1.1863 0.84019 0.39509 -1.1442 0.4864 -0.98105 -1.2028 -0.94076 -1.8613 -1.1577 -0.48254 -1.4872 0.53733 -0.38829 0.12123 -0.89809 1.6412 -0.15814 1.1025 1.3137 0.28042 0.46341 -0.41777 -0.30174 0.58757 -0.97516
0.044314 0.874 0.9728 -1.2201 0.90233 -1.2823 -1.6623 0.029671 -0.85853 -0.79973 -1.2588 -1.0496 0.19958 0.8772 0.42748 -0.16868 -0.82069 0.15415 -0.99836 -0.29047 -0.70424 -1.0978 -1.306 -0.67879 -0.82154 0.49722 -1.0379 -0.23632 -0.52617 1.2189 -0.63696 0.92659 1.5768 0.69314 1.1223 0.48137 0.24513 1.3329 -0.76687
0.14525 0.95348 0.59507 -1.4957 1.2146 -1.2317 -1.3619 0.4046 -0.081669 -1.316 -1.0154 -0.99414 0.1912 0.46628 0.61194 -0.3614 -0.07904 0.21942 -0.42682 0.21009 -0.13558 -0.29326 -0.63376 -0.35331 -0.39862 -0.041003 -1.0397 -0.45846 0.11103 0.52129 -0.8253 0.70549 1.4248 0.74403 1.203 1.0144 0.87488 1.6725 -0.33951
0.01504 1.272 0.62971 -1.4653 0.3888 -1.1293 -0.95721 -0.14556 -1.3673 -0.72356 -0.8067 -0.99795 0.04058 -0.13838 0.308 0.007382 -0.19756 -0.48311 -0.34741 0.76187 0.11335 -0.071025 0.035811 0.34748 0.66535 -0.062247 -0.8444 -0.503 0.78459 0.11762 -0.81856 0.48706 0.86765 0.61388 0.76013 1.0405 1.0777 1.5083 0.033368
-0.034043 1.1253 0.70352 -1.3854 0.48614 -1.3605 -0.77908 0.57597 -0.78397 -0.33453 -0.77788 -1.0129 0.13829 -0.25246 0.050069 0.50591 -0.51443 -0.83992 0.012037 1.1078 0.10173 -0.02157 0.29619 0.7375 1.0459 0.20385 -0.49197 -0.77199 0.69923 -0.24901 -0.64584 -0.055403 0.33425 0.28928 0.6672 0.58708 0.80553 1.027 0.51432
-0.05382 1.1439 0.69936 -1.6068 0.70152 -1.4299 -1.1704 -0.027651 -0.23144 -0.63154 -0.85793 -0.61274 0.14109 -0.34351 -0.22358 0.93071 -0.39436 -0.94776 -0.29809 0.99419 0.37082 0.24766 0.40788 0.91017 1.4093 0.43966 -0.087808 -0.77696 0.087872 -0.14094 -0.13132 -0.3451 -0.12857 -0.21066 0.58114 0.044458 0.42665 0.22954 0.55367
-0.19297 0.97265 1.2689 -1.5861 -0.15428 -1.4943 -0.67806 0.601 -1.0684 -0.87815 -0.59011 0.38789 0.2262 -0.35008 -0.55022 0.5409 -0.43744 -0.83724 -0.52236 0.77127 0.28702 0.84575 0.4195 0.9613 1.2347 0.64751 0.14129 -0.73444 -0.64247 0.078837 0.27085 -0.50094 -0.4138 -0.4907 0.38551 -0.12857 0.31742 -0.32036 0.39458
-0.2092 0.99639 1.4242 -1.9865 -0.32514 -0.9708 0.084609 0.036569 -0.59942 -0.49021 0.21142 0.002561 0.48185 -0.25029 -0.82896 0.14286 -0.4967 -0.75284 -0.68009 0.69107 -0.41736 0.62424 0.08912 1.0819 1.0058 0.72696 0.48818 -0.57913 -1.2164 0.30808 0.69782 -0.050315 -0.72609 -0.75419 0.28502 0.1552 0.16727 -0.8054 0.22345
-0.33774 0.82581 1.5563 -1.7499 -0.39459 -1.7817 -0.17607 0.94146 0.017637 -0.41659 0.39722 0.70553 0.59616 -0.029999 -1.0059 -0.39386 -0.325 -0.40806 -0.68141 0.45549 -0.49644 0.53393 0.21202 1.2819 0.59954 0.78192 0.77629 -0.43033 -1.2526 0.6899 0.8224 0.40751 -0.99566 -0.60575 0.10499 0.49643 -0.12002 -0.88382 0.033301
-0.42939 0.61571 0.80564 -1.838 -0.71114 -1.8703 -0.2906 0.10356 -0.070766 0.18296 0.33099 0.13333 0.69335 0.41628 -1.0681 -1.0324 0.10376 0.21389 -0.28015 -0.2701 -0.75116 0.94954 0.85604 1.0831 0.12345 0.78298 0.93881 -0.2368 -1.0559 0.81273 0.67999 0.96641 -0.98168 -0.29919 0.31274 0.76923 -0.35424 -0.8606 -0.099126
-0.23298 0.158 0.81503 -2.0203 -0.31562 -2.107 -0.19965 -0.39214 0.013749 -0.84734 0.66944 0.40491 0.84957 0.77697 -1.2287 -1.3737 0.50968 0.30275 0.052113 -0.7041 -0.76603 0.87465 1.0875 0.72553 -0.081977 0.68425 0.78924 -0.038877 -0.51918 0.65963 0.26004 1.0334 -0.5336 0.099377 0.47603 0.45443 -0.44228 -0.50103 -0.20968
-0.007354 0.15134 0.53172 -1.9168 -0.045636 -1.8597 -0.48234 -0.2989 -0.042202 -0.42649 1.3147 0.5353 0.94853 1.1114 -1.1588 -1.4798 0.55625 0.23263 0.74816 -0.6574 -0.89582 1.0544 1.2681 0.66151 -0.36556 0.59973 0.42592 0.1943 0.14309 0.26419 -0.29404 0.74086 0.10946 0.35792 0.36843 0.045838 -0.36985 -0.35925 -0.31165
0.48335 -0.0071235 0.29891 -1.3591 0.16539 -1.2518 -0.80054 -0.1052 0.47652 1.0665 1.1554 0.37716 1.1259 1.107 -1.0368 -1.2197 0.64117 0.090461 0.72176 -0.3919 -0.24861 1.4035 0.97044 0.61987 -0.15993 0.49645 -0.094028 0.40778 0.68892 -0.12846 -0.53994 0.18433 0.44597 0.41472 0.12759 -0.42932 -0.4455 -0.20733 -0.38016
0.67546 -0.32618 -0.065289 -1.3431 -0.17143 -1.2235 -0.77501 -0.53292 0.85101 1.0686 1.0858 -0.081995 1.1759 1.0543 -0.81028 -0.84709 0.5127 -0.27113 0.76817 -0.19396 -0.32271 1.3953 1.0324 0.40643 -0.56232 0.31434 -0.68173 0.54773 1.1637 -0.449 -0.56977 -0.36187 0.54827 0.037687 -0.60041 -0.95687 -0.78393 0.32226 -0.48617
0.93371 -0.40773 -0.29883 -1.3429 -0.33675 -1.2151 -0.90321 -0.36739 1.3729 1.0902 1.2851 0.11777 1.1751 0.63316 -0.6556 -0.34653 0.29345 -0.52429 0.409 -0.037261 -0.25302 0.94027 0.33863 -0.026077 -0.40915 0.13982 -1.0792 0.7013 1.3253 -0.61614 -0.41481 -0.33448 0.39692 -0.81467 -1.602 -0.94644 -1.1751 0.74876 -0.587
0.80315 -0.56181 -0.39786 -1.3783 -0.42361 -1.4388 -0.46569 -0.2951 1.5451 0.48399 1.4493 0.20406 1.2227 0.073459 -0.34404 0.36768 -0.089685 -0.59809 0.27403 0.26639 -0.8402 0.088905 -0.37583 -0.56424 0.37646 -0.10186 -1.172 0.82118 1.3253 -0.48188 -0.0066147 -0.20473 0.24853 -1.0053 -1.9958 -0.77607 -1.1522 1.1638 -0.57727
1.2082 -0.57038 0.15153 -1.5019 -0.54596 -1.0831 -0.53895 -0.90225 1.4601 0.76289 1.4732 -0.42461 1.1719 -0.42315 0.018555 0.77708 -0.1808 -0.57678 0.38835 0.17935 -1.6233 -1.1121 -0.26365 -1.2174 0.82802 -0.3587 -1.0066 0.84246 0.95116 -0.31751 0.23397 -0.2106 -0.05779 -0.6 -1.6282 -0.67837 -0.85945 0.84245 -0.45492
0.74976 -0.47489 0.14861 -1.302 -0.75399 -1.1919 -0.82203 -0.315 0.96735 0.69469 0.8733 0.14611 1.1356 -0.61217 0.36217 1.1951 -0.12965 -0.26593 0.43494 0.20536 -1.6483 -1.5227 -0.25166 -1.2753 1.0937 -0.48196 -0.64853 0.72779 0.20727 -0.15154 0.4848 -0.53493 -0.27709 0.3841 -0.60543 -0.77007 -0.30283 0.011697 -0.21798
0.49722 -0.41628 0.68419 -1.4809 -0.823 -0.83695 -0.371 -1.6085 0.56996 0.60281 -0.17438 1.1596 0.98814 -0.90841 0.54005 1.1027 -0.26771 -0.23419 -0.025729 -0.10566 -1.0575 -1.4743 -1.1062 -1.3687 0.87407 -0.49321 -0.18381 0.51613 -0.51564 -0.18921 0.69748 -0.72656 -0.30502 0.96177 0.47948 -0.98668 0.47141 -1.3227 0.027802
0.1383 -0.30937 0.50334 -1.5798 -1.1317 -0.88436 -0.65819 -2.6597 -0.61444 0.74397 -0.73619 0.90585 0.73986 -0.89655 0.73255 0.59433 -0.32612 0.18432 -0.46546 -0.12425 -0.38409 -0.93699 -1.5273 -1.0855 0.35922 -0.42681 0.12408 0.28461 -1.2103 0.0010838 0.81567 -0.69321 -0.43025 1.2333 1.1007 -0.96714 1.0982 -2.3815 0.18701
0.38702 -0.016252 1.0724 -1.4313 -0.40937 -0.91434 -0.42818 -1.562 0.097921 0.41684 0.16432 1.32 0.76505 -0.62178 0.78044 0.034996 -0.43083 0.57366 -0.45791 -0.24429 -0.37318 -0.47619 -1.6474 -0.37735 -1.427 -0.33152 0.34041 0.099888 -1.4472 0.46397 0.8753 -0.21235 -0.34732 0.82894 1.0655 -0.55622 1.6669 -2.4838 0.20805
-0.26952 -0.079653 0.85528 -1.7847 -0.94843 -1.6815 -0.78739 -1.0054 0.065362 -1.7042 -0.49432 0.54357 0.81412 -0.51871 0.76217 -0.68942 -0.050967 0.94016 -0.58451 -0.56173 0.42904 0.12999 -1.9622 0.40404 -2.463 -0.21853 0.20395 -0.16952 -1.2194 0.84802 0.56508 0.39895 -0.39032 -0.008842 0.21289 0.016702 1.5492 -1.491 0.099123
0.12441 0.25945 0.63211 -1.7485 -0.093951 -1.5032 -0.77184 -1.1641 0.37443 -0.88946 -0.39627 -0.024028 0.75843 -0.4547 0.70485 -1.1432 0.432 1.1162 -0.32367 -0.55913 0.15523 0.074569 -2.0185 1.1867 -2.6235 -0.21483 0.13206 -0.27788 -0.6567 1.0861 0.27722 0.856 -0.196 -0.29407 -0.48289 0.7087 1.0949 0.33473 -0.054815
-0.11203 0.3043 0.15233 -1.7863 0.10798 -1.2416 -0.9706 -1.8495 -0.054945 -1.0679 -0.016604 -1.8221 0.71918 -0.59346 0.45323 -1.2531 0.77682 1.026 0.22622 -0.72417 -0.68695 -0.80839 -1.2843 1.1999 -1.9961 -0.30072 0.08926 -0.45974 0.032449 0.72255 -0.062614 0.90656 0.053327 -0.59117 -0.89725 1.1115 0.47933 1.5279 -0.13146
-0.28691 0.35861 -0.13711 -1.3188 0.54769 -1.3765 -1.1153 -1.5087 0.38672 -2.0084 0.46372 -1.5382 0.64586 -0.33264 0.41801 -1.005 1.1218 1.0727 0.73012 -0.53566 -0.41832 -0.97276 -0.49503 1.3932 -1.0185 -0.38592 0.2232 -0.43328 0.5937 0.12056 -0.27605 0.34386 0.28672 -0.08292 -0.50272 1.2825 -0.019166 1.8775 -0.052655
-0.37446 0.49338 -0.46503 -0.90948 0.60935 -1.2551 -1.2012 -2.1394 -0.59539 -2.2277 1.7272 -1.6878 0.49881 -0.40828 0.05338 -0.71529 0.91074 0.82978 0.57433 -0.45236 -0.47529 -1.1278 -0.39796 1.2514 -0.27385 -0.36785 0.41524 -0.27417 0.87542 -0.74955 -0.40754 -0.39946 0.5961 0.23667 0.39565 1.1985 -0.4391 1.0207 0.10082
-0.59511 0.33114 0.0044231 -0.82345 0.84973 -0.84184 -1.4162 -1.9487 -1.0537 -1.6491 1.2507 -0.71183 0.51881 -0.12457 0.10134 -0.25714 0.57902 0.6588 0.16049 -0.1118 -0.13586 -0.77051 0.21859 1.1253 0.1957 -0.27282 0.45259 -0.081609 1.1411 -1.3903 -0.70552 -0.92444 0.7969 0.56834 1.17 0.9715 -1.0982 0.082077 0.27308
-0.36591 0.51347 -0.28385 -0.769 0.88061 -0.8656 -1.2981 -1.1546 -0.71799 -1.8912 1.1475 -1.0981 0.41269 0.085491 0.1015 0.0859 -0.31709 0.41666 -0.1881 0.25973 -0.38098 -0.14577 0.86508 0.46734 -0.61025 -0.16973 0.53178 0.05847 1.0836 -1.3413 -1.0195 -0.81014 0.95914 0.99536 1.7052 0.818 -1.164 -0.25341 0.4477
-0.41959 0.22712 -0.37234 -1.0282 1.3235 -0.94364 -1.3107 -2.3532 -0.92802 -1.3303 1.5439 -1.338 0.4003 0.27353 0.23893 0.83366 -0.7925 -0.12809 -0.54646 0.7017 0.63813 0.82445 0.90928 -0.38537 -0.70589 0.015814 0.47815 -0.31065 0.67465 -0.89724 -1.2496 -0.39607 0.86122 1.3037 1.8043 0.37911 -1.0884 0.3634 0.63614
-0.27063 0.56293 -0.18448 -1.0306 1.1169 -1.3723 -1.013 -1.8698 -0.65016 -1.1679 2.1303 -1.7624 0.46369 0.3943 0.087839 0.8646 -0.84287 -0.80696 -0.52127 1.0555 1.0864 1.4164 0.97446 -0.29388 -0.33937 0.30616 0.41284 -0.75136 -0.079477 -0.07249 -1.248 0.18075 0.65934 1.9119 1.4442 -0.38108 -1.0382 1.7626 0.73136
-0.2355 0.52484 -0.021693 -1.7062 1.0779 -1.5671 -0.76901 -2.2546 0.11373 -0.95808 1.1812 -2.513 0.43107 0.62204 -0.46916 0.66878 -0.79147 -1.216 -0.36587 1.2111 1.6893 1.9853 0.97228 -0.64527 0.75867 0.65023 0.33968 -1.3907 -1.1055 0.45766 -0.7335 0.98623 0.51624 1.2539 0.43112 -0.74102 -1.1846 2.3535 0.64935
-0.087858 0.75408 1.026 -1.5833 0.077394 -1.5123 -0.37397 -0.54416 0.26952 -0.97069 0.46936 -1.6914 0.56895 0.68973 -0.93437 -0.010177 -0.45402 -1.5229 0.081967 1.3261 2.8559 2.1019 0.066822 -1.4544 2.1114 0.84722 0.13252 -1.6141 -1.7109 0.96417 0.11878 1.6922 0.61855 0.4261 -0.66129 -0.82 -1.2418 1.7464 0.40992
-0.040329 0.22672 0.57609 -1.4903 -0.48842 -1.0698 -0.18121 -0.42026 0.78616 -0.28706 1.0682 -0.61239 0.9124 0.76707 -1.8187 -0.93974 -0.16109 -1.233 0.98312 1.6041 2.2137 1.3153 -0.14947 -2.1466 2.6863 0.93031 -0.13967 -1.3006 -1.8938 1.3596 1.1116 2.1376 0.8146 -1.1273 -1.8285 -0.36951 -0.63174 0.0094027 0.080036
0.58081 -0.32043 -0.10613 -1.6245 -0.51726 -1.3386 0.0655 0.17988 1.8118 -0.55742 0.41366 -0.082035 1.1123 0.57441 -2.218 -1.7411 0.58711 -0.57077 1.9246 2.0993 1.6463 0.43443 -0.1409 -1.9979 2.119 0.91574 -0.37964 -0.64468 -1.2791 1.3939 1.8009 1.8973 0.69349 -2.0095 -2.6611 0.47665 0.40013 -1.6166 -0.23861
0.34463 -0.62817 -0.61786 -1.4748 -0.7651 -0.97723 0.32436 0.85615 1.418 -1.8252 -0.83397 1.1557 1.2088 0.42169 -2.23 -2.2381 1.1508 0.50489 2.6465 2.4529 0.041902 -0.79584 0.33335 -1.6212 0.75615 0.76571 -0.5518 0.18907 -0.31344 1.3066 1.7789 1.0324 0.094287 -1.7509 -2.8735 0.68126 1.3317 -2.3807 -0.46086
0.6725 -1.3234 -1.0569 -1.4407 -0.45003 -0.14274 1.1943 -0.16599 0.6103 -1.0598 -1.7401 0.6606 1.3026 0.15421 -1.9219 -1.9157 1.4152 1.1725 2.7452 2.2903 -0.056152 -2.0964 0.83589 -0.92325 -0.1244 0.49981 -0.36581 0.67078 0.56301 0.77313 1.2284 -0.28379 -0.80322 -1.1199 -2.2365 0.48914 1.8909 -1.7584 -0.5147
0.29377 -1.482 -1.3076 -0.79633 0.14177 0.76401 2.0484 0.054661 0.56457 -0.69961 -1.5849 -0.40767 1.3576 -0.05401 -1.6226 -1.4944 1.7915 1.4159 2.4882 1.7108 -0.42132 -3.0913 0.79658 -0.046939 -0.89771 0.3044 -0.01957 0.94069 1.1052 0.20586 0.44186 -1.5496 -1.7568 0.047171 -0.73396 -0.33687 1.9524 -0.26914 -0.41233
0.51555 -1.4692 -1.3577 -0.13289 0.87637 1.364 2.4724 -0.67719 -0.7453 0.18432 -1.0068 -0.55712 1.4754 0.13001 -1.2894 -1.0188 1.6652 1.4023 1.5157 0.89545 -0.35949 -2.8358 0.66385 0.9583 -0.53437 0.21462 0.31288 0.89746 1.1228 -0.47367 -0.078359 -2.158 -2.1691 0.48696 0.782 -1.1855 1.2032 0.98467 -0.25004
0.33778 -1.9076 -1.7426 -0.28443 1.1487 1.2127 2.037 0.30821 -1.3794 0.64314 -0.010858 -0.029445 1.4484 0.40109 -0.81636 -0.51848 1.3946 1.2585 0.46182 -0.3127 0.26576 -1.8862 -0.2558 1.3031 0.41385 0.16267 0.16623 0.72689 0.86066 -1.1164 -0.47337 -2.1786 -2.0398 0.76616 1.8086 -1.6814 0.045348 1.2964 -0.1366
0.5357 -2.1062 -1.8898 0.21613 1.2265 0.9287 1.7848 -0.058774 -2.0088 -0.90288 -0.5383 -0.69823 1.4 0.51764 -0.6749 -0.2006 0.74905 1.0879 -0.15199 -0.97732 0.54285 -1.1746 -1.0714 0.78449 1.1417 0.12018 -0.2342 0.60635 0.55738 -1.213 -0.68581 -1.4415 -1.197 0.44586 1.9996 -1.1773 -0.7506 0.94707 -0.0535
0.69003 -2.098 -1.7055 0.10397 1.2102 0.74155 1.6594 0.038286 -1.8161 -0.94981 0.11046 0.85503 1.4705 0.068028 -0.5942 -0.21982 0.2185 0.62631 -0.62595 -1.3763 0.6226 -0.37662 -1.7969 0.13194 0.79997 0.10741 -0.60499 0.44555 0.27353 -1.0309 -0.70369 -0.45961 -0.076641 0.14095 1.6177 0.24143 -0.71457 0.33669 0.0052139
1.2168 -2.0478 -1.5123 0.23404 1.7991 0.81527 1.0929 0.1143 -1.1172 -1.0929 0.076932 0.69484 1.5236 -0.13881 -0.28705 -0.085173 0.046781 0.35019 -0.54226 -0.92736 0.3233 0.33071 -0.98228 0.06109 1.1204 0.14916 -0.54459 0.48246 0.20666 -0.46068 -0.59504 0.24981 0.6458 0.066314 0.97505 1.2987 -0.31633 -0.17615 0.021629
0.75894 -2.1451 -1.5496 0.11667 2.1684 1.0454 1.2306 0.59654 -1.3598 -1.6442 -0.49754 0.75772 1.5191 -0.40163 -0.19334 -0.055473 -0.13025 0.22363 -0.15202 -0.47392 0.63332 0.53066 0.22273 0.25328 1.0703 0.16186 -0.16303 0.47286 0.25687 -0.075266 -0.49194 0.50457 0.99917 -0.15142 0.12249 1.6391 0.16005 -0.24088 -0.021771
0.15169 -2.3086 -1.9791 -0.0266 1.5431 0.46928 0.61296 0.19754 -1.7832 -2.1243 -0.61397 0.060344 1.567 -0.26518 0.0096765 0.1055 0.082424 0.10101 0.097508 -0.13425 0.64756 0.27611 0.63251 0.10023 0.64242 0.13648 0.24956 0.40456 0.12417 0.1335 -0.49763 0.41421 0.91933 -0.34646 -0.20295 1.355 0.44692 -0.40931 -0.10849
0.29791 -2.2248 -1.8625 -0.040892 1.4827 0.51533 1.1936 0.53144 -1 -0.44538 0.3445 1.7492 1.5697 -0.17062 0.12473 0.17257 0.05923 -0.23281 0.005832 0.22112 0.13965 -0.12332 0.81488 0.43128 0.54736 0.078353 0.54895 0.38529 0.077695 0.25539 -0.38452 0.36521 1.0486 -0.55416 -0.13809 0.63281 0.11443 -0.75895 -0.20283
0.34956 -2.2468 -1.7041 0.18275 1.6862 0.95329 1.3565 0.72886 -1.2506 -0.42224 0.10264 1.0681 1.5892 0.21786 0.29529 0.025668 0.18951 -0.4166 0.16548 0.56095 -0.13668 0.24305 1.5522 0.85856 0.5586 -0.00219 0.30801 0.26847 -0.11983 -0.041303 -0.55884 0.040226 0.86758 -0.43659 -0.063878 -0.27983 -0.59964 -1.4513 -0.2704
0.89428 -1.9134 -1.2616 0.3376 1.7712 1.0072 1.248 0.82034 -1.2741 -0.43674 0.0094587 1.565 1.6378 0.39068 0.36969 0.11726 0.27491 -0.2882 0.51119 1.2702 -0.092416 0.26021 1.0969 0.10277 -0.39967 -0.13345 0.23226 0.3873 0.09232 -0.44582 -0.98385 -0.7306 0.39059 0.038002 0.047995 -0.84777 -1.151 -1.2486 -0.41274
0.72359 -2.0063 -1.4649 0.12421 1.4599 0.70514 1.2663 0.034111 -1.5748 -0.71084 0.49685 0.91861 1.569 0.036012 0.37764 -0.12529 -0.10522 -0.98771 -0.051422 1.0746 -0.12158 -0.056543 -0.065491 -0.91963 -1.7595 -0.24515 0.26394 0.69833 0.76114 -0.59288 -1.2244 -1.7533 -0.64709 0.14297 -0.11674 -0.65901 -0.98183 -0.65677 -0.73668
0.6248 -1.9504 -2.0229 0.22004 1.1235 1.0203 1.8608 0.35263 -0.90016 0.76041 0.90286 1.3675 1.494 0.36004 0.79309 0.40983 -0.60742 -1.9067 -1.1895 0.75323 0.18615 0.10582 -0.11005 -0.95465 -0.76974 -0.54654 0.51177 1.1985 1.281 -0.19088 -1.1895 -2.1721 -1.7642 -0.20046 -0.068798 0.054064 -0.15292 0.3462 -1.0955
0.6033 -1.948 -1.7192 0.29508 1.1667 1.0969 2.6411 0.37229 -1.2003 -0.46716 -0.91464 -0.44455 1.4064 0.73234 1.3666 1.366 -0.45026 -2.0439 -2.1555 -0.44631 -0.014175 0.075286 0.81304 -0.55298 -0.56704 -1.1311 0.49845 1.1352 1.4748 0.20688 -0.37396 -1.6705 -2.0926 -0.79672 0.70439 0.75811 0.39811 0.59489 -0.97335
0.298 -1.7748 -1.7974 -0.25063 -0.35108 0.34404 2.2009 0.69596 -1.248 -0.965 -1.5427 -0.72408 1.3373 1.0066 2.0804 1.888 0.096136 -2.1275 -2.373 -1.447 -0.56399 0.043726 0.79254 -0.38085 -0.33135 -1.6785 -0.15348 0.37313 0.49389 0.12446 0.34334 -0.49812 -1.898 -1.5143 1.414 0.73137 0.18909 0.50153 -0.25678
1.5196 -1.0314 -0.50919 -0.51503 -1.4368 -0.73369 1.7153 1.0297 -1.159 -0.39821 -0.74429 1.4941 0.94389 0.65182 1.8225 2.0358 -0.086348 -1.627 -2.4798 -1.9533 -1.3444 1.3461 1.0769 -0.41664 -0.82436 -1.445 -0.84416 -0.60759 -0.69887 -0.4527 0.97325 0.89274 -0.73723 -1.3783 1.8562 -0.29479 -0.15064 0.64506 0.71643
1.9553 -0.34154 0.47956 0.15647 -0.77611 -1.4424 -0.010663 0.0084269 -1.2624 1.6804 0.27047 0.73224 0.24181 0.11639 1.2486 1.0321 -0.56831 -1.442 -1.9067 -2.2358 -2.1668 2.2389 1.2963 -0.64645 0.32936 -0.85233 -1.4112 -1.3926 -1.587 -1.0379 1.4183 1.9181 0.43218 -0.41441 1.6392 -1.3802 -0.26428 0.5656 1.4568
1.5667 0.082144 -0.15461 0.60699 -1.5796 -1.0454 0.059282 -0.98946 -1.237 0.35894 -0.104 0.02424 -0.21072 -0.40218 0.65769 0.38851 -0.94455 -0.46406 -0.72813 -1.4961 -1.9617 2.6168 -0.026797 -0.71596 0.35571 -0.23716 -1.2552 -1.3306 -1.4277 -1.2368 1.2304 2.3059 1.1295 1.1311 0.30533 -2.2579 0.066698 0.67858 1.5299
0.75063 -0.74363 -0.18011 -0.26535 -0.85785 -1.1395 0.58589 -0.96387 1.8344 1.6492 -1.2941 -1.095 0.55397 -1.1099 0.090604 -0.45302 -1.3634 0.096473 0.28404 -0.80438 -1.0966 2.6201 -1.4926 -0.75179 0.17523 0.37097 -0.51698 -0.65202 -0.16546 -0.96525 1.173 1.6495 0.84572 2.292 -1.1118 -1.4173 0.90001 0.023243 0.9825
0.52728 -0.92245 -1.0559 -1.0352 -1.9511 -1.0231 -0.004839 -1.7976 1.2552 0.33375 -2.9013 0.95154 0.90876 -1.0858 -0.056347 -0.070618 -1.9384 0.036406 0.66584 -0.41702 0.33777 1.7414 -2.1842 -0.22976 0.57181 0.72968 0.27396 0.47259 0.82178 -0.18927 0.66218 0.54956 -0.1745 2.2391 -2.7821 0.095728 1.7632 -0.20016 -0.14498
0.55743 -0.61114 -0.49798 -1.3728 -1.1009 -0.78112 0.29147 -0.67146 1.3479 -1.5094 -1.3586 0.9586 0.86761 -0.50763 0.39883 0.91285 -1.8282 0.62653 0.43875 -1.0853 1.1982 0.47271 -0.53896 0.89334 0.24983 0.4551 0.66142 1.4041 1.5235 0.92385 0.60667 0.0021819 -0.7821 1.6094 -3.6333 1.979 2.1287 -0.97604 -1.2844
0.56807 -0.35694 -0.33868 -1.2741 -0.85031 -0.6851 0.0032902 -0.25046 1.5143 -1.5018 -0.58783 1.3825 0.76855 -0.18534 1.3704 1.3123 -1.0605 0.57645 0.22834 -1.6857 1.3009 -1.8016 -0.28242 1.9521 -0.093027 -0.53868 0.095878 1.4409 0.84733 2.3001 0.59062 0.1914 -0.67296 0.57371 -3.0027 2.9518 1.2342 -1.3803 -1.9266
0.50397 -0.17738 0.60671 -1.5297 -1.0815 -0.65864 -0.665 0.024807 0.55864 -0.76121 0.013959 0.2893 0.69168 -0.31528 1.9615 1.8522 -0.13038 1.0219 0.53707 -1.7031 1.5857 -2.7761 1.68 2.371 -1.4318 -1.3263 -0.49797 0.6431 -0.30101 3.0672 0.32268 0.82443 0.50438 0.13821 -1.2072 1.8197 -0.44023 -1.0221 -1.8076
0.7013 0.1882 0.72935 -1.5914 -0.25948 -0.71984 -1.1798 0.007378 0.49206 1.4027 0.36611 -0.54357 0.49813 -0.99811 1.8146 1.117 1.3826 1.0023 0.99647 -1.4251 1.2582 -2.5605 2.8455 1.4754 -1.323 -1.8788 -0.57539 -0.47947 -1.0646 3.0877 0.17774 1.2653 1.7203 0.070309 1.3337 0.30103 -1.7618 0.12224 -1.1375
0.28575 0.65801 0.61944 -1.6503 -0.57614 -0.97997 -1.5326 -0.040772 -0.96099 0.067298 0.74186 -0.066888 -0.00047894 -1.0314 1.3579 0.39315 2.5126 1.0457 1.5904 -0.20141 1.4719 -1.5395 1.6905 0.26296 -1.1653 -2.1577 -0.19346 -1.1792 -1.4935 2.3387 -0.28012 0.99126 2.1577 -0.17835 2.3051 -2.0565 -2.0196 1.3253 -0.31547
0.035432 1.3188 1.1614 -0.96156 0.0036095 0.046418 -1.6485 0.57272 -2.3741 1.9408 1.0644 -0.61049 -0.60954 -0.90268 0.78357 -0.088112 3.2174 0.90918 2.0425 0.98533 1.4758 0.19063 0.35891 -0.47731 -0.002795 -2.1873 0.47955 -1.3724 -1.1107 0.86195 -0.48735 0.32395 1.7693 -0.53361 2.3105 -2.796 -1.2753 0.99167 0.58553
-1.0195 1.0181 0.50842 0.82965 0.61517 0.54163 -1.0394 1.0825 -0.63293 2.0677 0.81706 -0.26259 -1.0825 -0.72193 0.29821 -0.52462 3.1922 0.50491 1.8545 1.3796 1.1028 0.37101 -1.3151 -0.64612 0.50096 -1.7415 0.73348 -1.2255 -0.55681 -0.84907 -0.73223 -0.83863 0.78975 -1.0489 1.5261 -2.097 -0.56222 0.40394 1.2735
-0.26624 0.73518 0.30613 1.2464 0.49037 0.96844 0.032431 1.5255 0.21892 0.082016 -0.76595 -0.57827 -1.2393 -0.24923 -0.19057 -0.64528 2.6024 0.29813 1.4863 1.3032 0.36553 1.0176 -1.4223 -0.59096 -0.22038 -1.0179 0.81092 -0.63907 -0.0047782 -2.1588 -0.89291 -1.7644 -0.23093 -1.4662 0.11631 -0.47639 -0.18905 -0.62409 1.5142
-0.22833 0.6494 0.79323 1.2606 0.24825 1.1832 0.25959 1.315 1.0341 0.22028 -0.45516 0.36764 -1.3981 0.021846 -0.41913 -0.45229 1.2741 -0.10911 0.36741 1.2189 -0.069944 1.0362 -1.741 -0.79029 -0.27822 -0.42234 0.36878 -0.036476 0.48021 -2.4902 -0.54563 -1.5781 -0.98168 -1.121 -0.31639 1.2362 0.057657 -0.47236 1.182
-0.30353 0.89331 -0.01038 1.1978 0.27023 0.68696 -0.28228 0.78419 -0.94013 -0.93414 0.16758 0.16045 -1.233 0.25072 -0.040632 -0.15483 0.25323 -0.56287 -0.40558 0.62396 -0.86061 0.07186 -0.39239 -0.77701 -0.85952 -0.089074 -0.19179 0.34246 0.45548 -2.0632 -0.10425 -0.602 -1.172 -0.27239 -0.43676 1.4961 0.076633 0.12016 0.64559
-0.24742 0.7571 0.18213 1.2235 0.10605 0.91193 -0.37017 0.39776 -0.42193 -0.48675 0.29047 -1.2391 -1.1578 -0.27606 0.15143 0.16027 -0.15787 -0.1548 -0.051057 -0.20901 -0.52371 0.2059 0.7543 -0.43677 -0.12697 -0.052343 -0.65131 0.2281 0.46415 -0.9034 0.39818 0.51097 -0.85417 0.34018 -0.13399 1.216 0.21499 0.51992 0.18569
-0.41595 0.75278 0.70411 0.97716 0.16156 0.53142 0.35489 1.1412 -0.040537 0.20643 -0.85071 -0.77038 -1.2562 -0.45606 0.15101 -0.070419 -0.43125 0.10627 0.62653 -0.2879 0.032192 0.5578 0.45281 -0.61385 -0.076608 -0.024756 -0.64622 -0.090147 0.44719 -0.04162 0.64025 0.73192 -0.2893 0.60823 -0.10194 0.021378 0.28854 0.97613 0.019419
-0.40114 0.91217 0.19553 1.4605 -0.4789 0.25247 0.16025 0.071005 0.19148 1.3626 -1.2979 -1.3342 -1.2958 -0.8426 -0.09893 0.40381 -0.028204 0.33821 0.81471 -0.00096864 0.1357 0.51435 0.37892 -0.44427 0.33698 -0.11263 -0.57078 -0.66124 0.48887 0.202 0.4692 -0.30243 -0.099646 -0.28607 -0.32243 -0.94239 1.0214 0.77686 0.41409
-0.66306 0.86775 0.77556 0.92257 0.64517 1.5702 -0.50499 1.2752 0.91403 0.56367 -0.96548 0.6065 -1.3836 -0.67431 -0.086221 0.58813 0.10802 0.45268 0.52837 -0.037373 -0.007789 -0.29819 -0.13756 -0.20015 0.8136 -0.019425 -0.3382 -1.0252 0.38392 0.038233 0.24724 -1.6412 -0.060134 -0.50037 -0.2062 -1.3259 1.764 0.67691 0.8613
-0.84969 0.87497 0.16365 0.63348 0.46332 1.8911 -0.31116 1.1472 0.72803 -0.4237 -0.69901 -0.05669 -1.29 -1.2337 -0.9537 0.77826 -0.06571 0.59476 -0.52394 -0.51606 -1.091 -0.015976 -0.88034 1.3794 0.9406 0.70219 0.30404 -0.95676 -0.33151 0.033958 -0.18737 -2.2559 0.039373 -0.075885 -0.11458 -1.3861 1.4338 0.30925 0.93439
-1.511 0.62125 0.72039 1.5671 0.70615 1.0834 -0.027651 0.47881 -0.97708 -0.28416 -0.25342 -0.41259 -1.2858 -0.89096 -1.3164 0.48175 -0.34794 0.4605 -1.6708 -0.13391 -0.36584 0.4019 -1.6421 1.9667 0.93741 1.1383 0.78668 -0.46611 -0.61148 0.28196 -0.61162 -1.5303 0.32966 0.50727 -0.13531 -0.6161 0.40388 0.093381 0.41548
-0.72004 0.72315 1.252 1.2966 0.54317 0.90834 -0.020409 0.4585 -0.54776 0.12927 -0.83637 -0.26946 -1.1695 -0.15989 -1.2525 -0.22074 0.25657 -0.045282 -2.1748 0.14077 0.14339 -0.076402 -1.7179 1.3113 0.86684 1.0119 1.753 0.38131 -0.79616 0.26594 -1.3475 0.062297 0.64604 1.1298 -0.25878 0.79834 -0.83274 -0.20941 -0.2821
-2.4002 -0.61474 1.4264 0.76514 0.92037 -0.61493 -0.66335 -0.8443 1.0737 -0.60248 1.892 0.74926 -0.21116 0.2686 -0.80081 -0.1447 0.4538 -0.4484 -1.4102 0.30246 0.35775 -0.54948 -0.97251 0.63521 1.0171 0.58546 2.1075 0.41697 -0.6371 -0.084327 -1.9345 1.1668 0.24196 0.18569 -0.34207 1.9038 -1.1666 -0.93452 -0.36205
-1.075 -0.22738 0.27972 0.75527 0.44432 -0.77675 -0.078455 1.0402 1.3341 -1.6063 1.5497 0.52489 -0.23578 1.4792 -0.51301 -0.50665 0.011264 -1.6315 -0.5102 0.56047 0.76187 -0.064874 0.46189 0.39983 0.47109 0.4698 2.331 0.29916 -0.31137 -0.74192 -2.0382 1.473 -0.18736 -1.0875 -0.047841 2.382 -1.2528 -1.5848 -0.027507
-0.5318 -0.057534 0.094321 1.5535 0.48714 0.24784 -0.1693 2.0405 -0.30296 -2.2679 -0.056524 1.5728 -0.77148 2.2471 -0.92189 -0.65836 -0.38319 -2.5914 -0.34216 0.15084 -0.32876 -0.2924 1.2356 0.11652 -0.72238 0.75513 1.5482 -0.30445 0.059409 -1.1477 -1.5929 0.82456 -0.75262 -2.7373 0.75068 1.8737 -0.88132 -1.6357 0.63619
-0.83596 0.32273 0.67185 1.6051 -0.43942 0.63764 0.39134 0.55499 -1.4208 -0.63583 -0.13609 0.39888 -0.97496 3.2278 -0.64487 -0.60177 -0.67639 -3.0246 0.01119 -0.1389 -1.6867 -0.31425 2.1365 -0.90566 -1.4018 0.88121 0.066086 -0.5982 0.63865 -1.2594 -0.56443 0.081524 -1.169 -3.3664 1.3312 0.65256 -0.3865 -0.7894 0.97484
0.93155 -0.14085 0.67417 1.1239 -2.4594 0.12822 0.61624 0.83086 -0.042584 1.7717 0.85002 -0.18836 -0.45053 2.3027 -1.3008 -0.00054644 -1.2904 -2.9194 -0.13491 -0.82256 -3.8562 1.0379 2.0953 -0.45346 -1.2849 1.5408 -1.1273 -0.11077 0.99373 -0.90521 0.79865 0.23029 -1.1649 -1.9921 1.4642 -0.64056 0.010181 0.75919 0.52832
1.5147 -1.299 0.47595 0.12475 -3.2134 -0.62211 -0.73185 -1.1025 0.55491 0.88772 0.65645 -1.0615 0.48574 1.5794 -1.4311 0.4084 -1.8259 -2.595 -0.43466 -1.252 -4.1577 1.8756 1.407 -0.077611 -0.81953 1.8539 -2.4883 1.0031 0.89136 0.08452 2.3382 0.76478 -0.67093 0.53672 0.61301 -1.8635 0.093314 1.8157 -0.76796
1.8975 -0.93503 0.056158 0.17774 -3.019 -0.64332 -0.74652 -2.0889 0.90301 1.0025 -0.048433 -0.43346 0.6583 0.96059 -0.73758 0.78386 -1.4563 -1.23 0.33159 -1.5836 -3.0569 1.48 0.29592 -0.27511 0.46435 1.2337 -2.8296 2.4872 0.45374 1.3818 3.4118 1.3218 0.50073 3.5756 -1.084 -1.4943 0.096764 1.8455 -2.4342
1.1696 -1.2543 0.39357 -0.035218 -3.3973 0.02469 -0.88608 -2.6771 1.9627 0.23067 0.13903 -0.24271 0.87065 -0.76508 0.91845 0.75055 -0.44487 0.76068 1.2048 -1.0714 -1.0454 0.65636 -0.80214 -0.80797 1.2822 -0.35756 -2.5561 2.8661 -0.061709 2.0432 3.5449 1.1763 1.2104 4.6854 -2.2779 -0.38822 0.34631 0.65151 -3.0812
0.99909 -1.1105 1.2363 -0.15457 -3.6674 0.19346 -1.253 -2.4028 0.88668 0.4465 -0.17337 0.4274 0.69185 -1.8293 2.1058 0.70607 0.52231 2.1622 1.4894 0.094106 1.6427 -0.50156 0.12652 0.10541 1.2816 -1.7758 -1.6104 1.6635 -0.84699 1.354 2.4869 -0.46421 1.7355 3.8012 -1.5632 0.71181 0.34478 -0.70503 -2.062
1.1768 -0.26226 1.7428 0.025877 -2.5592 0.95593 -1.336 -2.3331 0.46265 1.0981 0.0084954 0.64617 0.17461 -1.8168 2.4272 0.30398 0.88843 2.7324 1.1646 0.32129 2.7439 -1.6331 0.71012 0.41955 0.037673 -2.2402 0.070684 -0.54469 -1.396 -0.22813 0.68413 -2.161 1.4473 1.4963 0.019641 0.93308 -0.013136 -1.1625 0.20675
-0.078785 0.76211 0.79521 0.54558 -0.81452 0.85331 -0.85567 -0.15369 1.3552 0.072272 -0.67412 0.96395 -0.84212 -1.5306 1.5707 -0.69168 0.32982 2.7091 -0.46573 1.1719 2.55 -0.46778 1.0375 -0.20448 -0.3191 -1.5705 1.3159 -2.2883 -1.3017 -1.6446 -1.1665 -2.9514 0.8152 -1.0542 1.5133 0.098801 -0.94295 -0.70465 2.2912
-0.85009 0.7478 0.81334 0.75845 0.31803 0.60781 -0.31959 0.47302 -0.22317 1.4837 1.3264 0.28701 -1.2114 -0.77785 0.17714 -1.3369 -0.76754 1.8363 -1.7336 1.271 1.441 0.66299 0.69858 -0.67676 -0.22411 -0.080047 1.9726 -2.9606 -0.45641 -2.1824 -2.4595 -2.2868 0.30715 -2.3521 1.8823 -0.72679 -1.1961 0.41748 3.2876
-0.05134 1.149 0.48804 0.94072 0.22319 0.73605 -0.63184 0.044775 -1.0273 1.8197 0.29532 -0.89399 -1.1385 0.12383 -0.99284 -1.0729 -1.6395 0.28858 -2.4207 1.2489 0.18664 1.3143 0.35985 -1.2098 0.0074764 1.3148 1.9025 -2.209 0.48709 -1.769 -2.7299 -0.60977 -0.53972 -2.1104 1.0308 -1.5749 -0.80691 0.97697 2.7868
-0.53229 -0.47767 -0.0038746 -0.43956 -0.3369 -0.99379 0.61559 -0.61346 2.5581 1.4229 -1.1522 0.11093 -0.037595 1.0607 -1.7544 -0.43054 -2.0929 -0.94371 -2.0034 0.9065 -0.75041 1.1662 -0.43412 -1.442 0.6793 2.2998 1.07 -0.75995 1.1754 -0.69829 -1.8362 0.81534 -0.86981 -0.52166 -0.10254 -1.8467 0.24145 1.0752 1.2001
0.56856 -0.79218 0.14944 -1.2828 -1.0085 -1.3874 -0.18419 -1.0019 1.628 1.1503 -1.4034 0.94784 0.80249 1.1232 -1.5409 -0.20111 -2.2232 -1.3237 -1.414 0.30102 -0.55202 1.2947 -1.6365 -1.416 1.136 2.3115 0.11719 0.93965 1.4312 0.61666 -0.58755 1.9305 -1.299 1.0989 -1.369 -1.4063 1.6035 0.068527 -0.65739
0.89576 -0.45832 0.56155 -1.1541 -1.4971 -1.0998 0.30667 -1.0738 1.9958 1.1696 -1.6478 0.72626 0.8602 0.73372 -0.95457 0.53438 -1.7479 -1.0077 -0.71775 0.038207 0.75679 0.45581 -2.1069 -0.093692 1.3118 1.6082 -0.59649 1.9467 1.2689 1.4997 0.43076 2.0147 -1.4337 1.9117 -1.7786 -0.33416 2.2451 -1.0711 -2.0424
0.69526 -0.69312 0.3343 -1.0118 -1.4826 -0.67713 0.32367 -0.14655 1.3377 -0.44334 -1.655 1.4208 0.92932 0.51119 0.3352 1.2584 -0.69754 -0.85279 0.49208 -0.8735 1.5866 -1.0406 -1.6948 1.2908 -0.19109 0.4693 -0.57728 2.1125 0.81922 2.1035 1.1573 1.5692 -1.4395 1.4604 -1.7204 1.2945 2.1055 -1.3814 -2.5836
0.4467 -0.58216 0.39376 -1.4983 -1.3728 -0.79339 -0.26765 -0.25808 0.99049 -0.47303 -0.67523 0.82194 0.92962 0.25172 0.89222 1.3321 -0.13859 -0.33264 0.75294 -1.3295 1.9424 -1.1827 -1.0745 1.6487 -0.78372 -0.48904 -0.66783 1.7364 0.17118 2.6558 1.7254 1.031 -0.77976 0.018347 -0.92767 2.1825 0.59182 -1.4859 -2.5881
0.73933 -0.39152 1.1358 -1.4275 -1.3729 -0.83389 -0.12989 0.89148 1.0457 -0.95292 -0.21058 1.1118 0.83217 0.28526 1.4262 1.0017 0.78512 0.6264 0.74635 -1.8499 1.7242 -1.288 0.55248 1.8808 -0.55399 -1.334 -0.94724 0.8647 -0.70409 2.7548 1.9361 0.94413 0.66789 -1.0055 -0.14364 2.0342 -0.84817 -0.70217 -2.1416
0.54064 -0.13718 1.6567 -1.4155 -2.2026 -0.61577 -0.8936 0.73058 1.2305 -0.30337 0.80214 -0.41947 0.69684 -0.40216 1.697 0.98074 2.3263 1.6672 1.068 -1.0021 0.70314 -1.2619 1.3145 0.78446 -1.4503 -2.1923 -1.1088 0.24526 -1.1669 2.4127 1.5323 1.0897 1.5854 -1.3834 -0.027922 1.2697 -1.5835 -0.16751 -1.4307
1.3048 0.38521 1.5454 -1.2011 -1.3744 -0.36692 -1.7709 0.97465 -0.098357 -0.031752 0.42035 0.232 0.13889 -0.93489 1.5226 0.018333 3.0653 1.9797 2.0889 0.30076 0.19507 -1.2989 1.3485 0.047116 -1.2579 -2.5694 -1.1744 -1.2026 -1.3159 0.75682 0.56382 0.63479 1.8322 -1.2059 0.38587 -0.37308 -1.5455 0.39998 0.11202
1.0399 1.0539 1.1388 0.29329 0.24493 -0.086039 -1.6234 0.97768 0.32939 2.0253 0.97558 0.81255 -0.73524 -1.2143 1.2917 -0.50875 3.0956 2.0222 2.1019 0.74984 -0.051879 -1.2473 1.1812 -0.56518 -0.77891 -2.4689 -0.67979 -2.4752 -1.043 -1.5404 -0.72605 -0.54641 0.88812 -0.90344 1.0153 -1.6792 -0.45646 0.80737 1.9524
-0.69231 0.78676 1.4694 1.7031 1.5135 0.52015 -0.13622 0.27305 -0.33193 0.41957 -1.1156 -1.2047 -1.3467 -1.5078 -0.59311 -0.88121 1.7692 1.5593 1.4189 0.91747 -0.30593 -0.55079 -0.13108 -0.49975 -0.11924 -0.98781 -0.15833 -2.5129 0.024495 -3.0117 -1.7415 -1.5133 -0.19858 -0.56366 1.3904 -2.086 0.23315 0.80584 2.8265
-0.64257 0.7749 0.40066 1.0938 0.72282 1.6805 0.56532 0.41876 -0.35634 0.74487 -0.061186 -0.58192 -1.3802 -1.387 -1.8135 -0.65648 0.17356 0.42935 0.43553 0.46361 -0.85543 0.3477 -1.4023 0.15706 -0.44688 0.57154 0.5029 -1.4127 0.69097 -2.9441 -2.059 -1.5039 -0.76506 0.09858 1.4553 -0.80932 0.85406 0.83951 2.3958
-0.24657 1.0225 1.1177 1.2322 0.65348 0.91477 -0.2015 1.2309 -0.28128 0.74498 -0.53411 0.12601 -1.3617 -1.1415 -1.5626 0.11963 -0.94491 -0.68601 0.18894 0.066196 -0.5398 0.62562 -1.6591 0.14952 0.14584 1.0544 1.064 0.58678 0.87537 -1.2111 -1.3936 -1.1266 -0.75443 0.77108 0.97975 0.72812 0.63331 0.64776 0.7178
-0.8962 -1.4455 0.64466 -0.27254 0.097412 0.35957 -0.90237 0.18159 0.50633 -0.68683 0.53106 -0.12851 0.28382 -0.44995 -0.83278 0.33843 -0.89587 -0.94709 0.0009265 -0.32388 0.23898 1.0142 0.29117 0.80215 0.7246 0.87086 1.2914 1.9592 0.22576 0.44455 -0.18026 -0.1547 -0.22986 1.1326 0.034817 1.5009 0.034134 0.45616 -0.92042
-0.34155 -1.0318 0.84854 -0.36415 0.068057 -0.042117 -1.3324 -0.37795 0.48258 -1.3752 0.85702 -0.48853 0.41069 0.023741 -0.0061438 0.33419 0.10102 -0.52455 -0.39067 -0.16708 0.65167 1.0296 0.55375 0.43293 0.55346 0.17203 1.2282 2.5041 -0.38682 1.4841 0.74212 0.31569 0.23079 0.90713 -0.86775 1.5617 -0.33067 -0.35999 -1.8252
-1.4032 0.41879 1.7082 0.51668 -0.24371 1.065 -0.20073 0.50086 0.76844 0.10017 -0.22101 0.47323 -0.718 0.45696 1.016 -0.33766 0.45263 -0.016852 0.47315 0.14062 0.76915 0.19913 0.62407 0.085145 0.23041 -0.65683 0.85949 1.7856 -0.72479 1.1436 0.92563 0.35402 0.20622 0.1564 -1.3841 0.19605 -0.70946 -0.84905 -1.4127
-1.0535 0.33417 1.3134 1.0936 0.055978 1.2669 0.14009 1.1814 0.70764 2.1773 0.42016 -0.24852 -0.93853 0.71319 2.1256 -0.32962 1.0698 0.31299 0.5596 0.30643 0.96918 -0.69024 1.4332 -0.14394 -0.33328 -1.4966 0.7205 0.30468 -0.87719 -0.17167 0.56818 -0.55669 -0.52837 -0.67555 -1.6409 -0.5913 -0.4056 -0.85436 -0.042011
0.1191 0.61138 0.53412 1.1019 -0.032408 0.56494 -0.20721 1.5229 0.97162 0.71705 0.55409 0.57735 -1.0418 0.82173 1.389 -0.78644 0.69052 0.46227 0.20255 -0.13679 0.36858 -0.86571 0.28052 -0.3108 -0.52138 -0.85953 0.20739 -0.97687 -0.35134 -1.0947 -0.022881 -1.4063 -0.9386 -1.3806 -1.2016 -1.1916 -0.54715 -0.39275 1.1712
0.24169 0.89358 0.46002 0.61011 0.71405 1.1586 -0.87714 1.2082 -0.24679 -0.033535 -0.24347 0.035051 -1.1102 1.197 0.36454 -1.2001 -0.33435 0.35499 -1.2416 -1.0591 -0.50612 -1.6834 -0.47683 -0.1693 -0.77044 0.20117 -0.40709 -1.5279 0.23224 -1.5026 -0.40883 -1.1729 -0.58 -1.7555 -0.67687 -1.0314 -0.48276 0.10082 1.6441
-0.34828 0.74857 0.73288 0.71858 0.37014 0.68928 -0.60737 0.5386 -0.42777 1.3054 0.61317 -1.1878 -1.0627 0.60812 0.090795 -0.61946 -0.83703 -0.091161 -1.1639 -1.0196 -1.2467 -1.685 -0.86711 -0.98244 -0.34172 0.62825 -0.69401 -1.0795 0.66856 -0.87663 -0.63065 -0.66056 0.20633 -1.0811 0.22868 -0.11839 -0.026251 0.60089 1.0922
0.18636 0.87952 0.40863 0.84941 0.57709 0.60333 -0.9751 0.25054 -0.10409 -0.84354 -0.27429 -0.53003 -0.71887 0.060299 -0.046953 0.025829 -0.89856 -0.22915 -0.86856 -0.38508 -1.7184 -1.6282 -0.10731 -0.76098 -0.24181 0.75349 -0.44969 -1.0289 0.49125 0.030713 -0.48702 0.23294 0.82525 0.01946 1.3058 -0.15251 0.33732 1.1952 0.56644
0.34527 0.62457 0.13495 0.24131 0.15089 -0.62079 -1.3438 0.52093 -1.5557 0.87737 -0.2322 -0.30661 -0.52277 0.09215 -0.40025 -0.096164 -0.62333 -0.50452 -1.1599 -0.049723 -1.1859 -0.45824 -0.12671 -0.064649 0.38043 0.85474 0.00058668 -1.3234 -0.24033 0.51717 -0.32775 0.1165 1.2271 0.7093 1.4819 -0.60765 1.1702 1.0343 0.32533
0.046598 0.4902 0.51905 0.16184 -0.23167 0.28738 -1.0139 -0.10716 -0.98999 0.45536 -1.4647 -0.16341 -0.37514 0.6154 -1.2917 -0.50971 -0.3903 -0.41229 -0.78799 0.10555 -0.51917 0.25874 -1.1402 0.041421 1.205 1.1222 0.27616 -1.1614 -0.74468 0.77513 -0.26391 0.4002 1.5018 0.89742 1.3371 -1.4806 1.4093 0.57539 0.11028
0.14635 0.85285 0.7641 0.028859 0.12377 0.12749 -0.59917 -0.72828 -1.3788 0.29281 -0.23415 -0.075443 -0.46518 0.33569 -1.7314 -0.84883 -0.15731 -0.65763 -0.96119 1.1803 -0.46376 0.27372 -1.5869 0.93383 0.9546 1.0397 0.075879 -0.51754 -0.7507 0.64033 -0.33926 0.95641 1.6036 0.5441 0.53402 -1.0285 1.293 -0.0077322 -0.25081
0.15108 0.29791 0.25546 0.23892 -0.070579 -0.30991 -0.95575 0.0068619 -0.20775 -0.074414 0.51663 -0.06704 -0.20935 0.46063 -1.5274 -1.094 0.27049 -0.684 -0.20685 1.989 -0.32466 0.62288 -2.4223 1.5303 0.587 0.86573 -0.14247 0.50046 -0.5844 0.37391 -0.46277 1.2134 1.3248 0.34555 -0.048003 0.15289 0.90029 -0.51701 -0.74312
0.98865 -1.0771 -0.25716 0.53477 -0.18273 -0.26984 -0.65705 0.1651 0.12087 -1.4884 0.14126 0.84873 0.4337 0.3159 -1.2412 -1.3121 0.20366 -1.0495 0.32627 2.1993 -0.2275 0.39584 -1.5938 1.7514 0.65695 0.53107 -0.042566 1.4956 0.038167 0.15764 -0.1461 1.4914 0.19722 0.27169 -0.77407 1.5546 0.080908 -0.69362 -1.1701
0.40599 -0.79014 -0.72767 0.36495 -0.8458 -1.0434 0.81842 -0.40181 -0.91418 -2.5323 1.0274 0.5856 0.30733 0.36203 -0.61859 -1.4567 0.10303 -1.1422 0.81432 2.2347 0.025377 0.088046 -0.79709 1.4161 0.31841 0.029345 -0.54051 2.2416 1.0889 0.066414 0.55075 1.0872 -1.1992 0.030027 -0.97092 2.857 -0.98612 -0.90419 -1.5953
0.76009 -0.4076 -0.61508 0.40583 -0.9934 0.064403 1.2741 -0.17895 -0.84195 -1.7873 1.6336 0.063709 0.15451 0.30914 0.56714 -0.61294 0.2077 -0.72624 1.2819 1.4635 -0.12226 -0.99785 0.84457 1.1533 -0.29436 -0.66571 -0.86534 2.2258 1.9401 0.51771 1.3937 0.46746 -2.411 0.20106 0.026095 2.8707 -1.8333 -0.9883 -1.5227
0.19596 -0.3603 -0.54329 0.22278 -1.7751 1.1423 1.3689 -0.75892 -0.30071 -0.79616 1.3064 0.84486 -0.081154 -0.54598 1.697 0.69228 0.38417 0.23887 1.3309 -0.0021451 -0.33902 -0.6068 2.3012 -0.11942 -0.73527 -1.4328 -1.0278 1.3631 2.0232 0.86852 1.6479 -0.41747 -2.7368 0.066844 0.80404 1.6658 -2.2537 -0.53287 -0.97884
0.92908 0.049708 -1.1508 0.26476 -1.2422 0.44278 1.4983 -0.064839 -0.79755 -0.85998 2.1184 0.21512 -0.40659 -0.84947 1.7004 1.4353 0.99791 1.0165 0.9519 -1.4406 0.33144 0.7795 2.828 -1.1058 -0.77978 -1.5027 -0.77021 0.18407 1.1881 0.80059 1.2565 -1.0692 -1.9486 0.12434 1.2617 -0.076293 -2.0444 0.18661 -0.23066
0.89069 0.35518 -0.27624 0.82749 -0.81332 0.67314 0.23715 0.048864 -1.7656 0.7466 1.8469 -0.32823 -0.61623 -0.98275 1.3236 1.5056 1.2795 1.2472 0.24729 -1.7167 -0.09035 0.76709 1.6856 -1.911 -0.50555 -1.328 -0.1704 -0.64492 0.24601 0.3587 0.3376 -0.87747 -0.55716 0.28113 0.74354 -1.3901 -1.0748 0.86433 0.47746
-0.48431 0.83644 0.87578 0.93645 0.47175 0.7293 -0.33918 -0.79803 -0.51267 0.98715 -0.90059 -0.077606 -1.1266 -0.91338 1.0887 1.3127 1.2083 1.254 -0.098375 -1.5221 -0.02168 0.78381 1.0172 -1.9935 -0.058966 -1.1334 0.33513 -0.87856 -0.75613 -0.3877 -0.38024 -0.31652 0.85343 0.23068 -0.06979 -1.7605 -0.17711 0.76069 0.72211
-0.70113 0.97707 0.76618 1.5224 0.34507 0.29761 -0.47985 0.33664 0.93084 1.2143 -0.1807 -0.50388 -1.1388 -0.82968 0.80923 1.2198 0.92519 0.78183 0.28399 -1.0491 0.37274 0.83966 0.34916 -1.7998 0.58925 -0.74502 0.82143 -0.92531 -1.2392 -0.86662 -0.73948 0.41698 1.3255 0.92439 -0.48076 -1.2514 0.76152 0.13373 0.83563
-0.14447 0.64751 0.53824 1.5099 0.072309 0.96668 -0.16092 -0.83722 -0.20642 -0.10487 -1.0318 0.037969 -1.0904 -0.29329 0.33311 0.059376 0.46653 0.487 0.38587 -0.069088 0.53524 0.59069 -0.12872 -1.5096 0.15364 -0.47686 0.86163 -0.8282 -1.0668 -1.0624 -0.60076 0.60356 1.0091 0.87798 -0.64456 -0.69029 1.0585 -0.32809 0.6928
-0.39167 0.85238 0.34182 1.2337 0.029567 0.76751 -0.19314 -0.38729 -0.0087565 0.73667 -0.77998 0.89838 -1.3198 0.25223 -0.0092525 -0.34336 0.072582 0.15596 0.7969 0.19683 1.4394 -0.097914 -0.31154 -0.64408 -0.36574 -0.13246 0.39076 -0.44631 -0.5535 -0.89647 -0.21214 0.16109 0.079481 0.56025 -0.013412 -0.027734 1.4227 -0.58712 0.3947
0.0054294 1.1353 0.74315 1.3912 0.24546 0.79752 -0.27512 0.90913 -0.37469 0.25737 -0.48111 0.54111 -1.1771 0.1661 -0.033661 -0.03998 -0.29853 0.36739 0.7776 -0.13153 1.1614 -0.031433 -0.059955 -0.47487 -0.24485 -0.17562 -0.21027 -0.088658 0.38739 -0.4557 0.077074 -0.22895 -0.44987 0.1514 0.49791 0.17865 1.1441 -0.37941 0.21453
-0.12321 0.76033 0.083313 1.4244 0.64061 1.1403 -0.0243 0.11781 -0.34437 1.105 -1.9261 -0.90313 -1.307 -0.3223 0.16515 0.15201 -0.32426 0.41291 0.41258 -0.84498 1.1473 1.1092 0.28016 0.49981 -0.38501 -0.17369 -0.73157 0.0040568 0.54607 -0.15254 0.23444 -0.21775 -0.31439 -1.0439 0.48137 0.26662 0.89402 -0.64089 0.073067
-0.40438 0.81221 0.67614 1.1714 0.60814 1.5892 -0.21848 1.3762 0.22132 0.25636 -1.5223 -0.72008 -1.2017 -0.39648 0.077883 0.55795 -0.16701 0.50348 0.19025 -0.42343 0.95977 0.9522 -0.031568 0.18426 -0.60118 -0.061928 -0.60184 0.032584 0.42185 0.092976 0.020346 -0.015574 0.24413 -1.1588 -0.28205 0.021585 0.77646 -0.46969 0.14437
-0.27576 0.85127 0.71339 1.1798 0.69058 1.091 -0.74055 0.79736 0.71779 0.71219 -0.66452 0.10452 -1.3563 -0.83491 -0.0621 0.41827 -0.27488 0.54503 0.72325 -0.26421 -0.54694 0.34278 0.24955 0.79739 -1.467 -0.05224 -0.17701 -0.056537 0.21876 0.26593 -0.28395 -0.27216 0.79714 -1.42 -1.3995 -0.24599 0.35911 0.20971 0.16591
-0.72786 1.0397 0.6073 1.0704 0.52809 1.2017 -1.4246 0.29638 1.3438 0.50918 0.40065 0.20787 -1.3421 -0.70264 0.13549 0.64141 -0.1593 0.33378 0.62412 0.076996 -0.30596 -0.21862 0.022918 0.9148 -0.64611 0.030379 0.15315 -0.082234 -0.12892 0.35555 -0.72025 -0.74941 0.66177 -0.85458 -1.3778 -0.20735 0.26328 0.82545 0.1302
-0.64417 1.0245 1.2388 1.2494 1.0626 0.85258 0.0098572 1.5327 0.41194 0.62261 -1.3884 -0.4304 -1.2931 -0.49727 0.027547 0.52251 0.14973 -0.073375 -0.27104 0.49869 -1.0511 -1.0756 -0.23393 0.84728 0.033191 0.086063 0.63787 -0.21922 -0.38971 0.38826 -0.76187 -0.89863 0.66402 0.21723 -0.70228 -0.50857 -0.13108 1.1261 0.095646
-1.2152 0.78941 0.76378 1.0773 1.3302 2.3592 -0.39287 -0.67703 -0.54707 1.0259 0.40094 -3.0419 -1.2233 -0.27397 -0.12312 0.22936 0.26119 -0.6239 -0.65079 0.52097 -0.50052 -1.0661 -0.19663 0.68246 0.25709 0.10989 0.56053 -0.22351 -0.58578 0.11814 -0.69569 -0.81438 0.13031 0.43398 0.25457 -0.39137 0.13984 0.84643 0.02
-0.86907 0.95218 1.0146 1.1974 0.85976 1.7793 -0.0014465 0.67704 -0.14294 0.66265 -0.80178 -0.48245 -1.261 0.1514 -0.34156 -0.16875 0.21473 -0.49526 -0.24997 0.84412 -0.040909 -0.63112 -0.67161 0.65646 0.28188 0.086129 0.51375 -0.043801 -0.40843 -0.1468 -0.3376 -0.43665 -0.18725 1.319 1.0174 -0.37193 -0.094525 0.97583 -0.030867
-0.84172 0.88338 1.3766 1.4193 0.060245 0.30143 -0.090431 -0.13913 -0.69518 -0.39782 0.57111 0.81695 -1.1602 0.028581 -0.096629 -0.19437 0.017789 -0.84314 -0.84324 0.17783 0.026613 0.04515 -0.54633 1.2891 0.87922 0.070907 0.28502 0.089225 -0.14969 -0.22693 0.17228 -0.1277 -0.35503 1.0853 0.59318 -0.1809 -0.45115 0.21794 -0.056354
-0.67019 0.78421 0.70728 1.4171 -0.43931 0.29606 -0.61887 0.45449 0.16042 0.86925 0.63002 0.22916 -1.3043 0.31925 -0.071014 -0.095731 0.00013491 -0.64133 -0.94188 0.31502 1.2745 0.35651 -0.80689 0.35919 1.6266 0.053614 0.0015857 0.18312 0.046378 -0.29089 0.49931 0.095024 -0.59585 0.63835 -0.042647 0.2647 -1.0963 -0.39649 -0.051656
-0.52304 0.61017 0.48132 1.2178 0.75673 1.8512 0.52025 0.75353 0.32604 -0.64272 0.5392 -0.95487 -1.211 0.18082 -0.098434 -0.12474 -0.048244 -0.21706 -0.50774 0.098057 0.96853 -0.4073 -0.48097 -0.05924 -0.0033371 0.027857 0.036278 0.18294 0.23891 -0.19287 0.78195 0.54568 -0.38022 -0.05117 -0.52842 0.19462 -1.6492 -0.59987 -0.047362
-1.1075 1.0487 1.2079 1.1189 -0.16582 0.27357 -0.043158 0.69364 -0.15839 0.47517 1.1118 -0.2928 -1.1673 0.082267 -0.0075838 -0.13278 -0.28508 0.17419 -0.21391 -0.28031 0.73026 -0.50399 -0.13298 -0.83607 -0.074914 0.017911 -0.091924 0.30007 0.14837 -0.076597 0.33971 0.34454 -0.61949 -1.0299 -0.35661 0.43684 -1.2064 -0.51186 -0.047914
-0.51227 0.70739 0.78715 1.2031 0.22984 1.2673 0.044162 1.3248 -0.14385 -0.52228 -0.041542 0.69357 -1.1778 0.21914 0.20441 0.27632 -0.1945 0.29223 -0.18048 -0.26186 0.17629 -0.58 -0.45718 -1.3738 0.53138 0.0068242 0.056631 0.20286 -0.1038 0.0087419 0.082909 0.5825 -0.14255 -1.1341 0.32582 0.37737 -0.73992 0.014745 -0.021382
-0.57168 0.82702 1.0429 1.3644 0.13761 0.29893 -0.085994 1.3753 -1.193 -0.17256 -0.74244 -0.23733 -1.2464 0.13165 0.32627 -0.023455 -0.070602 -0.23007 -0.44606 -0.71614 -0.38871 -0.27431 0.1092 -1.3681 0.334 -0.018807 -0.026389 0.076701 -0.23497 0.036105 -0.092403 0.7201 0.43378 -1.1118 0.57322 0.59263 0.14873 -0.36355 0.02415
-0.73833 0.81908 0.83879 0.97773 0.28683 0.14779 -0.81485 0.37706 -0.61772 -0.039979 -0.386 0.42321 -1.1778 0.26638 0.10412 -0.40609 -0.14446 0.1416 0.70232 0.049235 -0.73754 0.10414 0.2027 -1.2549 -0.196 0.011526 -0.12082 -0.14034 -0.3766 -0.083788 -0.012642 1.0673 0.82337 -0.63712 0.67755 0.72739 0.74912 -0.50285 0.073068
-0.25676 1.0678 1.0395 1.1686 0.49607 1.1335 -0.20705 0.79103 0.0015267 -0.31473 -1.5002 0.35766 -1.2862 0.013152 0.17943 -0.27809 -0.24941 0.058298 0.68994 0.43855 -1.0342 0.26728 0.78788 -0.59904 -0.44443 0.063669 -0.096741 -0.2472 -0.084776 -0.049061 0.16323 0.90671 1.0589 0.047033 0.2378 0.40991 0.84263 -0.24982 0.076767
-0.74266 1.1117 0.55876 1.1449 -0.25314 0.9116 -0.44709 0.2895 -0.14637 -0.049408 -0.95599 -0.63017 -1.1602 0.055736 0.014515 -0.36343 -0.26202 0.11506 1.2308 0.80663 -0.783 0.46792 0.73349 -0.274 -0.08696 0.10265 -0.10007 -0.17529 0.10881 0.063601 -0.0071754 0.21136 0.62722 0.42177 -0.11553 0.21935 0.64108 0.046126 0.039362
-0.51516 0.88118 0.66315 0.98178 0.39282 1.4377 0.42823 0.22902 -0.32448 0.63711 -1.1036 -0.007742 -1.1442 0.059492 -0.089278 -0.23379 -0.10571 0.099062 0.9757 1.0173 -0.29407 -0.0031878 0.716 -0.18918 -0.22975 0.079422 0.023565 -0.17141 0.065734 0.1249 0.020513 0.070047 0.33766 0.5082 -0.24935 -0.04994 0.22746 0.081512 -2.9946e-05
