39 241
-0.92739 1.4372 0.03961 1.7401 0.16079 0.17207 -0.12421 0.60339 -1.2001 -0.1706 0.46747 1.711 -1.6624 -0.37854 -0.075267 -0.54687 -0.48046 0.54201 0.86386 -0.6131 0.16463 1.2424 0.08575 -0.074061 -0.84714 -0.030384 0.21212 0.096355 0.17091 -0.21829 -0.47766 -0.30233 0.52699 -0.22987 -0.30433 0.36079 0.53745 0.11699 0.073655
-1.3596 1.6488 0.21611 1.4557 1.2987 -0.21633 -0.67611 1.2331 0.021925 -0.46998 -0.29263 2.0104 -1.7832 -0.31328 0.060966 -0.31353 -0.70801 0.32619 0.63776 -0.39514 -0.20178 1.0261 0.17776 0.45983 -0.64975 0.029649 0.36444 0.11556 0.57458 -0.10283 -0.84249 -0.78487 0.67608 -0.1079 -0.49933 0.63984 0.50515 0.027232 0.067884
-1.4743 1.1588 -0.57444 1.2923 0.9087 1.1357 0.41118 1.4952 0.98314 0.84834 0.77208 0.89866 -1.722 -0.03942 0.044949 -0.36775 -0.73337 -0.23151 0.37379 0.22823 -0.12464 0.69105 0.75542 0.77852 -0.67859 0.054666 0.36458 -0.046222 0.77778 0.21789 -0.90071 -0.73092 0.64751 -0.25206 -0.86439 0.53197 0.12189 0.27856 0.084128
-1.0607 1.4291 -0.61268 1.1404 0.23383 1.3919 -1.5263 0.099885 -0.29327 -0.55245 0.38153 0.43049 -1.635 0.082683 0.088376 0.35881 -0.52062 -0.61159 -0.3896 0.18592 0.083964 0.44821 1.0112 0.55279 -0.85584 0.033059 0.27191 -0.060141 0.86853 0.63477 -0.23813 -0.56889 0.2837 -0.167 -0.97159 -0.12462 -0.56606 0.64223 0.03392
-1.1882 1.6666 0.10239 0.83057 0.43465 0.3164 -0.16126 0.22434 -0.24192 0.12898 1.4303 1.5145 -1.6145 0.054518 -0.16359 0.4643 -0.18502 -0.6346 -0.020844 0.26443 -0.49569 -0.30678 0.71878 0.14507 -0.13185 0.099492 0.087278 -0.080001 0.54331 0.92352 0.56109 -0.16312 0.0010564 -0.010099 -0.43633 -0.36119 -0.71222 0.90854 -0.020645
-0.9237 1.4588 -0.40174 0.94107 -0.074612 0.28847 0.637 0.96759 -0.18527 1.2159 1.2904 0.98905 -1.6562 0.11318 0.064945 0.77504 0.12933 0.078941 -0.26265 0.097471 -0.36135 -0.53875 -0.035508 -0.37148 0.46567 0.05965 0.031799 0.016753 -0.22731 0.79546 1.0642 0.64445 -0.3771 -0.25541 -0.31329 -0.74017 -0.6488 0.56943 -0.075011
-1.1782 1.577 0.87673 1.1619 0.15892 -0.67559 -0.44028 1.3467 0.35715 1.0237 0.39885 0.4467 -1.731 0.10477 -0.080256 0.36521 0.55353 0.41794 -0.034483 0.27248 0.070891 0.24721 0.58549 -0.20772 0.61809 0.0077461 -0.035581 0.3168 -0.63676 0.33862 0.85235 0.31333 -0.42957 -0.0084437 -0.17756 -1.0214 -0.21947 0.37917 -0.14641
-1.515 1.072 0.021786 1.2205 0.78554 1.3152 -0.30406 0.04912 -0.25803 0.30787 -0.013748 1.8576 -1.6088 0.12264 0.088231 0.014152 0.50008 0.76555 0.7709 -0.50134 -0.72358 -0.50718 -0.35503 -0.58887 0.0025198 -0.040416 -0.17533 -0.10421 -0.88335 -0.22874 0.11737 0.11218 -0.12953 -0.073745 -0.14722 -0.63972 0.30471 -0.014492 0.17307
-0.98817 1.5653 0.15529 1.383 0.77035 0.98814 -0.11894 0.42457 -0.41506 -0.072257 0.60627 1.2501 -1.6049 0.00028541 0.41967 -0.25892 0.22795 0.54286 0.0016477 -0.21421 -0.33834 -0.71536 -1.1031 -0.18208 0.92679 -0.082399 -0.29444 -0.73954 -0.35385 -1.0118 -0.35732 -1.0569 -0.0060159 -0.20302 0.02668 -0.41498 0.45464 -0.78828 0.87095
-0.82453 1.493 -0.1266 1.8014 0.45635 0.5307 -0.69918 0.38968 0.41202 1.0977 0.94315 1.574 -1.647 -0.12174 -0.36658 -0.44383 -0.092665 0.20978 -0.11468 0.1049 -0.31283 -0.3864 -0.42801 0.25698 0.2978 0.37655 -0.26371 -1.2449 0.26254 -1.3718 -0.80563 -1.5378 0.36756 -0.27133 0.52879 0.66608 0.16413 -0.99892 1.2899
-1.1151 1.8297 0.18098 1.1964 1.2205 1.1464 -0.38322 -0.52345 -1.4878 -0.12511 0.35399 0.86198 -1.7318 -0.26276 -1.2062 -0.019259 -0.89179 0.03177 -1.595 -0.043391 -0.55256 0.22383 -0.17626 0.31872 -1.1953 1.1715 0.55323 -1.7603 0.13169 -1.5877 -1.255 -0.75831 0.41658 0.2218 0.63485 1.2959 0.0026923 -1.234 1.6119
-1.1995 1.9508 -0.36551 1.1808 0.27987 -0.66328 0.29914 1.4157 -0.74478 -0.50015 0.63381 2.6911 -1.7813 -0.18331 -1.3842 0.3489 -1.3056 -0.45268 -1.3263 0.075482 -1.173 0.11685 0.49298 -0.48686 -1.052 1.3655 1.8455 -1.5334 -0.31447 -1.2118 -1.7906 -0.22024 0.46485 1.4118 0.61177 1.2329 0.28764 -0.52638 1.5335
-1.5554 0.23574 0.31169 1.051 0.71336 0.35849 -0.54778 0.11653 0.20163 0.73352 0.62391 0.62598 -0.95573 0.98293 -2.3075 -0.42743 -1.9052 -1.4112 -0.84176 0.5513 0.53454 0.34983 0.97699 0.21052 -1.0158 1.9637 2.7168 -0.9105 -0.72097 -0.27448 -1.4583 0.48611 0.41013 2.0442 0.19746 0.47118 0.42818 -0.071672 1.1311
-1.4587 -0.42912 -0.042318 -0.18583 0.93705 -1.0718 -0.44091 -1.1927 0.23027 -0.031555 0.78248 -0.52883 -0.068845 2.4049 -2.6333 -0.78497 -1.6743 -2.3215 -0.94212 0.64558 1.9979 0.81884 1.413 0.91727 -0.89854 2.3973 2.5988 0.026623 -0.85383 0.76987 -0.25565 -0.10735 0.21194 2.3715 -0.049577 -0.90192 0.1775 0.17035 0.51903
-0.73164 0.81068 0.68826 0.075147 -0.17736 -0.34607 -0.088557 -1.0553 -0.58012 1.4197 -0.39682 0.59202 -0.66811 3.0745 -2.2502 -0.70191 -1.1715 -1.6864 -0.92727 0.4107 1.9979 0.26923 0.29484 0.51164 -1.4077 2.4381 0.94596 0.91886 -0.36021 1.8581 1.4093 -0.25341 -0.45817 1.196 -0.39781 -1.8763 -0.9822 0.024214 -0.37892
0.65827 -1.3255 -1.3573 -0.90355 -1.3109 -0.030289 0.45015 2.6398 0.27477 1.9207 1.8673 0.76231 0.30651 3.2016 -1.3531 -0.99366 -0.32682 -0.79554 -1.5249 0.52684 2.8945 0.033691 -0.91445 -0.25753 -0.47484 1.9456 -1.1453 1.0487 -0.25937 2.028 2.7254 0.037912 -1.1114 -0.64057 -0.3472 -2.5216 -1.6579 -0.47068 -0.82163
1.4199 -1.0772 -0.72094 -0.52418 -1.5012 -0.93438 0.65064 2.9462 -0.075348 0.92747 1.8586 0.33248 0.72848 2.2044 -1.2423 -0.94757 0.65238 0.35242 -1.0627 -0.21905 2.5033 -0.11385 -1.5093 -1.2052 -1.1585 1.591 -2.4963 1.2184 0.066011 1.757 2.7056 0.58061 -1.3961 -2.8634 0.080633 -2.0175 -1.928 -0.6681 -1.2651
1.2876 -1.0594 -0.52467 0.063297 -0.45781 -2.0124 0.021155 2.1469 0.039427 -0.65758 0.56712 -0.40541 0.98596 0.90327 -1.1925 -1.1119 0.93951 1.5629 -0.84617 -1.0495 0.4405 0.26062 -2.5942 -1.616 -2.0107 1.5242 -2.6776 1.0214 0.16202 0.84489 2.0178 1.409 -1.0797 -4.2538 0.34025 -0.80162 -1.4637 -0.59556 -1.3872
1.2869 -1.224 -0.7156 0.40601 0.68598 -1.8822 -0.052026 2.2092 0.25335 -0.52022 -0.51344 -0.33504 1.0792 -0.010724 -0.072868 -0.52875 1.2515 2.0024 -0.23139 -1.3255 -2.5844 0.30631 -2.7907 -2.7558 -2.0489 0.65292 -1.7107 1.0371 0.1035 -0.1057 0.6024 1.5884 -0.011252 -3.491 0.25715 0.35512 -0.27953 0.53605 -1.4211
0.696 -1.4636 -1.1184 0.59602 0.69507 -1.5228 -0.76347 1.6812 -0.48093 -0.92296 -1.2649 -1.8767 1.1591 -0.23362 -0.04345 -0.92267 0.84922 2.0052 0.63182 -0.87263 -3.1886 0.52048 -1.8265 -2.4748 -1.2839 0.22625 -0.72819 0.82312 0.15314 -0.50573 -0.73002 1.2886 1.0555 -1.2298 -0.18245 1.0014 0.95372 1.4404 -1.2469
0.80536 -1.2576 -1.5073 0.67752 0.50053 -0.73613 -1.147 0.67119 0.40944 -1.4512 -0.95614 -1.514 1.1558 -0.12554 0.10661 -0.86319 0.52594 1.2006 1.1036 -0.32971 -2.7633 0.27823 -1.1885 -1.3351 -0.35982 -0.0019284 -0.025605 0.21707 0.2791 -0.62654 -1.1371 0.56558 1.6613 1.19 -0.73757 0.74715 2.0616 1.664 -0.68387
1.2429 -1.1893 -1.6049 0.6683 0.48658 -0.79218 -0.74346 -0.77701 0.82154 -2.0536 -1.5245 -1.6817 1.0373 -0.26671 0.24649 -0.67966 0.43753 0.62659 0.8353 0.35778 -1.9689 -0.1284 -1.4294 -0.3514 0.23788 -0.11548 -0.056005 0.060802 1.0057 -0.36974 -1.0712 -0.16715 1.6949 2.2412 -1.5674 0.05168 2.0765 0.9101 -0.43142
1.2124 -1.0433 -1.4259 0.70941 1.4523 -0.86308 -0.22265 -0.86501 0.52203 -1.5203 -1.8767 -1.0338 1.039 -0.026714 0.19313 -0.16698 0.38327 0.61925 0.67421 1.0591 -0.7893 -0.9405 -1.5196 0.43409 0.76075 -0.25562 -0.31416 -0.033244 1.4338 -0.34658 -1.1654 -0.23669 1.2269 2.2745 -1.8147 0.062209 1.423 -0.0057155 -0.3134
0.93934 -1.055 -1.4694 0.90295 1.2086 -0.72113 -0.53424 -0.42378 0.060461 -2.0062 -1.2741 -0.73598 1.0476 -0.36726 0.036054 0.47157 0.29143 0.34238 0.49425 1.4936 0.35962 -2.1877 -1.5485 0.92274 0.11659 -0.32824 -0.30336 0.16101 1.8382 -0.69536 -1.3461 0.12508 0.40267 1.6558 -1.3158 0.86706 0.6187 -0.7966 -0.31235
0.53552 -1.0903 -1.754 1.0759 1.1259 -0.69895 0.1992 0.24253 -0.41136 -2.6568 -0.9306 -0.77181 0.99959 -0.59852 0.16114 1.0453 0.0099935 -0.78093 0.79284 1.3173 0.67499 -2.53 -0.996 0.96698 -0.29395 -0.39079 -0.29049 0.56121 1.6848 -1.2479 -1.0864 0.0177 -0.12739 0.55666 -0.35988 1.7935 -0.44485 -1.0113 -0.20842
0.92797 -1.242 -1.3082 1.0264 1.1241 -0.21933 0.38383 0.27991 -1.7448 -3.2 -0.4135 -1.1399 0.83603 -0.48571 0.57006 1.899 -0.56921 -1.1232 0.96595 0.95437 0.64783 -2.1217 0.012427 0.66863 -0.91831 -0.54148 0.0032513 0.81552 1.0738 -1.5994 -0.36728 -0.23658 -0.47158 -0.75589 0.94079 2.1781 -1.2585 -0.35202 0.011881
0.61803 -1.1221 -0.73892 0.90288 0.78459 -0.18216 0.944 0.28057 -2.3953 -3.4319 -0.013833 -1.7254 0.75969 -0.45051 0.97178 2.0382 -1.3373 -0.62883 0.42907 1.0967 0.18799 -1.75 1.2116 -0.33783 -0.86373 -0.4787 -0.044607 0.59329 0.066519 -1.3727 0.78157 -0.34323 -0.58012 -1.2603 1.949 1.5024 -1.4817 0.34687 0.33711
0.63039 -0.75617 -0.21233 0.50862 -0.41304 0.17676 0.80341 -0.47383 -2.2167 -2.3822 -0.96022 -1.6835 0.64748 -0.42473 1.1454 1.8354 -1.7949 -0.41571 0.195 0.74992 -0.93534 -0.61705 1.6098 -0.99584 -0.33274 -0.26663 -0.21106 -0.045534 -1.2275 -0.6915 1.3242 -0.043365 -0.93608 -1.0408 2.2636 0.17149 -1.1899 1.1379 0.62134
0.56835 -0.15015 0.86078 -0.14461 0.67304 0.30383 0.54236 0.4039 -1.9792 -0.96268 -0.93742 -1.9512 0.49085 -0.69386 0.97828 1.192 -1.7443 0.25827 0.4993 0.36944 -1.0941 0.80006 1.1488 -1.2304 0.17138 0.0022522 -0.33725 -0.78114 -2.0296 0.17542 1.2425 0.4578 -1.2849 -0.23147 1.9904 -1.2445 -0.30379 1.4293 0.66967
0.25345 -0.011914 0.13924 -0.85681 0.9172 -0.66198 1.2867 0.066592 -2.5945 -0.92245 -1.7884 -1.5245 0.65823 -0.71195 0.49346 0.19481 -1.5524 0.8063 0.80825 -0.37523 -0.82702 1.3476 0.39007 -1.3149 1.0114 0.19669 -0.45146 -1.2965 -2.2473 0.81482 0.51303 0.60414 -1.0902 0.44509 1.1104 -1.8572 0.34662 1.2625 0.55773
0.28199 -0.078332 0.094578 -1.0017 0.56967 -0.17617 1.2274 -1.512 -1.3321 -1.7031 -1.8163 -1.1166 0.7658 -0.86943 -0.13227 -0.65872 -1.143 0.98555 0.9298 -0.66417 -0.34189 1.4371 -0.59564 -0.78738 1.5337 0.34451 -0.37572 -1.2722 -1.4415 0.96779 -0.46702 0.36835 -0.79292 0.64076 0.2456 -1.1544 0.86954 0.82362 0.33227
0.10441 -0.34199 0.19108 -0.82747 1.2765 1.057 0.76926 -0.87202 -0.53774 -2.4809 -1.5482 -1.2503 0.82953 -1.0937 -0.67982 -1.1336 -0.67198 0.12857 1.0586 -0.70497 -0.41612 1.3819 -1.1306 -0.48994 1.6994 0.4406 -0.24436 -0.83209 -0.36096 0.81288 -1.0359 -0.26766 -0.053049 0.62321 -0.29237 0.31583 1.3101 0.25695 0.17292
-0.13958 -0.4835 -0.40108 -1.1068 1.1079 1.0121 -0.015088 -0.4586 -0.72769 -2.3031 -2.1224 -0.23599 0.86825 -1.1309 -0.77076 -0.64188 -0.49589 -0.26506 1.0155 -0.90024 -0.0076839 1.2806 -0.33201 0.15905 1.6035 0.40315 0.13547 -0.27402 0.42528 0.48874 -1.2007 -0.98463 0.62079 0.091038 -0.44801 1.5523 1.4729 -0.26644 0.076652
-0.31703 -0.65356 -0.59541 -1.2082 0.90739 0.99676 0.016294 -0.27811 -0.5357 -2.1563 -1.9141 0.19993 0.90396 -0.98577 -0.7113 -0.43939 -0.45579 -0.45807 0.22662 -0.35493 0.26214 0.79151 0.88619 0.91904 1.5426 0.43896 0.50117 0.10508 0.70787 0.33896 -0.93352 -1.4201 1.0465 -0.54486 -0.37908 1.6501 1.4444 -0.86814 0.032658
-0.75778 -0.83938 -0.55831 -1.2602 0.72489 0.9258 0.39065 -0.55511 -0.47451 -2.2146 -1.7784 0.060774 1.0164 -0.68201 -0.61128 -0.26927 -0.39259 -0.9085 -0.52337 0.28058 -0.50319 0.77043 1.4369 1.5498 1.0606 0.46513 0.89863 0.18445 0.11693 0.57372 -0.74789 -1.1084 1.0578 -1.022 -0.34927 0.81079 0.74839 -1.33 -0.047507
-0.82257 -0.82254 -0.33963 -1.5821 0.47004 0.66066 0.29227 -0.80623 -0.31262 -1.341 -1.3288 0.46747 1.1282 -0.45485 -0.55513 -0.093696 -0.1247 -1.2545 -0.8491 0.59364 -1.2792 0.82016 1.2168 1.7978 0.13451 0.46003 1.2485 0.16989 -0.37396 0.91238 -0.22472 -0.048908 0.71242 -0.69657 -0.316 -0.11402 -0.21182 -1.6386 -0.29186
-0.55904 -0.95018 -0.30577 -1.39 0.42925 0.56999 0.69727 -1.0316 0.20453 -0.66803 -0.086821 0.77573 1.2382 0.14287 -0.49803 -0.61247 0.34431 -1.2364 -0.54542 0.53488 -1.3147 0.51214 1.0966 1.2726 -0.51494 0.31663 1.5179 0.13654 -0.6093 1.1475 0.43105 0.96904 0.28472 0.43855 -0.66253 -0.54128 -1.0064 -1.5089 -0.61228
-0.60071 -1.0986 -0.45367 -1.3273 0.27776 0.41094 0.76017 -1.3224 0.49079 -0.89901 0.2408 0.14247 1.2721 0.73599 -0.44398 -0.9161 0.76835 -0.7187 0.10477 0.80326 -0.75036 0.23654 0.84543 0.63749 -1.151 0.051932 1.5014 0.3329 -0.3418 0.8681 0.80494 0.94665 -0.207 1.1781 -1.1335 -0.53277 -1.7535 -0.56818 -0.98307
-0.78723 -1.1691 -0.75513 -1.2493 -0.57855 -0.18563 0.57055 -2.1333 0.19615 -1.1605 -0.25054 -0.16241 1.3044 1.315 -0.40441 -0.91416 1.1609 -0.41654 0.75569 0.68833 0.11446 -0.3511 0.57783 0.077187 -1.5012 -0.29734 0.91892 0.8462 0.8383 0.53305 0.96999 0.20512 -0.74391 1.3208 -1.3013 -0.54921 -1.7577 0.41651 -1.2998
-0.13474 -1.2543 -1.5488 -0.60595 -0.33245 0.72385 0.80667 -1.6533 -0.098264 -0.75437 -0.70822 -0.58974 1.1832 1.5234 0.022656 -0.53543 0.98287 -0.22924 0.2148 0.14102 0.38698 -1.1526 0.44802 -1.1925 -0.56817 -0.78415 -0.50964 1.3518 1.9492 0.24737 1.1026 -0.63167 -1.2794 1.0898 -0.6337 -0.23254 -1.1269 0.96667 -1.4603
0.095717 -1.2902 -1.2794 -0.3959 0.33222 1.344 1.6929 -1.1162 -0.07264 -0.69995 -0.75006 -1.2617 1.0407 1.3229 0.83991 0.6494 1.1723 0.25217 -0.26194 -0.47999 0.78661 -1.5509 0.23509 -1.4091 0.10045 -1.3159 -2.2027 1.5031 2.5621 -0.32296 0.95816 -1.2211 -1.5187 0.32235 0.5563 0.019958 -0.088619 0.99985 -1.1814
0.79712 -1.2817 -0.99895 -0.12023 0.0053078 1.5559 0.98614 -0.43702 -0.69093 -0.17022 -0.38261 -0.98213 0.79693 -0.12371 1.4376 1.6792 1.2029 0.91962 -0.60064 -0.92603 1.1154 -0.5162 0.57459 -0.91991 0.12972 -1.7425 -3.1648 1.0882 2.1842 -0.59779 0.50082 -1.0378 -1.4561 -0.79417 1.424 0.20025 1.1157 0.34097 -0.48084
0.77753 -0.72812 -0.74943 -0.47827 -0.096517 -0.27376 0.45126 -1.2241 -1.4525 -0.3735 -2.036 0.73686 0.3481 -1.5964 1.6709 2.4175 0.50282 0.7209 -1.1445 -1.5241 0.3968 0.48224 0.56509 -0.22606 0.30227 -1.682 -3.1136 0.25693 1.0989 -0.78337 -0.029559 -0.56479 -0.61202 -1.3311 1.838 0.16872 1.8799 -0.091551 0.32436
0.27043 0.20211 0.54066 0.38523 0.28565 -0.33552 -0.18308 -0.81363 -1.6293 -1.1173 -1.6726 -0.12189 -0.13256 -2.3881 1.6247 2.3648 0.2933 0.42225 -1.3118 -1.9698 -1.0342 0.8084 0.68541 0.52372 0.076421 -1.3603 -1.6389 -0.54329 0.12168 -0.56033 -1.0889 0.23675 0.49355 -1.0932 1.4248 0.075165 2.0584 -0.15042 0.94125
-1.4972 0.37425 0.73702 0.56832 0.76658 -0.1481 -0.21056 -0.49208 0.55167 0.16374 -1.1266 -0.87663 -0.46164 -2.8291 1.2309 2.2103 0.28121 0.42877 -0.9965 -1.0658 -0.84279 1.6355 0.52053 1.7471 -0.050954 -0.99657 0.25442 -1.0703 -0.81434 -0.17998 -1.6693 0.94873 1.5791 -0.27408 0.69585 0.19406 1.5195 0.68602 1.0426
-1.5913 0.27869 1.0035 -0.39854 0.54974 0.048945 -0.58522 -1.1877 0.88443 0.15737 -0.48897 -0.51852 -0.2798 -2.2836 0.66633 1.9934 0.35427 -0.91966 -0.27747 -0.26527 -0.48671 1.8863 0.75515 2.3384 0.0025757 -0.60214 1.735 -1.0568 -1.3403 0.12698 -1.6018 1.3695 2.1512 0.78095 -0.32615 -0.43715 0.13733 1.5684 0.63029
-1.5818 0.35293 1.2036 0.030837 0.42216 -0.32923 -0.98069 -2.9091 0.017528 0.31896 0.16159 -0.87742 -0.21589 -1.205 0.18675 1.1919 0.17202 -1.6419 0.056606 0.47498 -0.43899 1.3885 0.92052 2.0042 1.8215 -0.41827 2.2916 -0.41606 -1.7574 0.63802 -0.83008 1.452 1.4337 0.94943 -1.0707 -0.2896 -1.244 1.5264 -0.079153
-1.7804 0.28767 1.5762 0.36694 0.32355 -0.53817 -0.059482 -0.86319 1.1314 0.024568 1.5214 0.1228 -0.4228 -0.23861 0.20825 0.55133 0.5795 -1.4542 0.66081 1.1447 0.33987 0.22645 -0.35609 0.6925 2.5067 -0.65673 1.7775 0.29889 -1.8651 0.72837 0.67877 1.2973 0.36464 0.9353 -1.0982 -0.088689 -1.6829 0.70962 -0.63373
-1.6789 0.48344 2.04 0.42788 -1.6236 -0.63734 0.091958 -1.3614 1.0808 0.37169 0.43518 0.57937 -0.53515 0.056637 0.70321 -0.11416 1.2857 -0.8219 1.1866 0.81779 0.66128 0.19323 0.5226 0.028939 1.9738 -1.0952 0.74324 0.49653 -1.3719 0.48853 1.4199 1.1673 -0.60045 0.30881 -0.89372 0.23538 -1.6188 -1.3452 -0.57997
-1.5798 0.49235 1.6531 0.56563 -0.93083 0.29813 0.38649 -1.2248 1.0288 0.68262 0.9304 2.397 -0.72771 0.11942 0.96997 -0.58559 1.0711 -0.1224 1.5227 0.22028 0.85188 0.15386 0.79263 -0.11695 1.4591 -1.264 -0.061913 -0.043918 -0.96648 -0.33315 1.6241 0.3241 -0.93643 -0.068168 -0.4116 0.57224 -0.72052 -2.5676 0.059486
-1.8786 0.59448 1.0276 0.96878 -0.12001 1.1135 1.0698 -0.33879 0.62063 -0.90436 -0.6587 1.7905 -1.1414 -0.10903 0.73226 -0.61702 0.78432 0.238 1.7496 -0.14959 -0.075846 -0.47507 0.8171 -0.90232 -0.5096 -1.0302 -0.10504 -0.77019 -0.60125 -0.96776 1.2567 -0.79472 -0.64639 0.11663 -0.26519 -0.12583 -0.13862 -2.8656 0.75134
-1.3689 1.3798 0.88253 1.5305 -0.11556 1.1891 -0.4689 -1.5061 0.96263 1.8391 0.33923 0.95788 -1.3684 -0.25007 0.12336 -0.87223 0.26448 0.9306 0.93857 -0.065434 0.56363 -0.3247 0.62497 -0.3073 -1.7169 -0.59649 0.29617 -0.86649 -0.32098 -0.86248 0.58639 -1.7656 -0.271 0.29942 -0.43534 -0.51662 0.54104 -1.893 0.96784
-1.5924 1.4163 0.93 1.2563 -0.0024207 0.99131 -0.59644 -1.1731 0.64231 1.169 1.0863 1.1287 -1.469 0.073762 -0.28332 -1.013 0.023671 0.90274 -0.038164 -0.20915 1.0351 -0.14467 0.37247 -0.14559 -2.5396 -0.24529 0.68736 -0.4809 -0.33978 -0.62065 -0.111 -2.0016 0.026131 0.8312 -0.33662 -0.90678 1.1066 0.054248 0.69397
-2.0962 0.75455 1.4421 1.0877 -0.61203 1.5904 0.38227 -1.0656 0.41181 0.79161 -0.62548 -0.79967 -1.2869 0.54272 -0.10968 -0.94412 -0.031513 0.58564 -0.90174 -0.24147 0.89651 -0.94659 0.018359 0.63158 -1.5507 -0.13147 0.93495 0.327 -0.27984 -0.10078 -0.40869 -1.1761 -0.21723 0.37728 -0.28245 -0.50373 0.81204 1.6138 0.13183
-1.8556 0.28234 0.61627 0.51509 -0.24173 0.42468 0.51612 -0.10633 0.78393 0.90148 0.25508 -0.55937 -1.0387 0.67454 -0.027516 -1.1702 -0.13159 0.19131 -1.0866 -0.016237 1.4355 -0.89163 -0.63758 0.91727 -0.45943 -0.16952 0.8131 0.93843 -0.21179 0.29656 -0.099131 -0.24699 -0.29116 0.3999 -0.21847 -0.13406 0.67111 2.5133 -0.30106
-1.2326 0.39714 -0.11313 1.0541 0.90046 0.54508 0.050455 0.48091 0.80128 0.60825 0.35337 -0.61371 -1.2301 1.0506 0.60917 -1.2789 0.17904 0.52947 -0.76173 -0.55626 1.1214 -0.56472 0.15856 0.84504 0.7064 -0.42758 0.45825 0.98991 0.4133 0.4286 -0.26618 0.44128 -0.47012 -0.050237 0.29944 -0.14475 -0.23022 2.0135 -0.29325
-0.97141 1.4401 0.06776 1.4589 0.31003 -0.080841 -0.13337 -0.28326 -1.3972 0.066028 0.9838 0.24834 -1.5962 1.2136 1.0986 -1.2129 0.44386 0.73309 -0.60861 -0.5797 1.7264 -0.81447 0.052342 1.1419 1.716 -0.57302 0.037797 0.053603 1.1001 0.10139 -0.63327 0.6432 -0.36296 -0.93335 0.5674 -0.41758 -0.86838 0.66337 0.46107
-0.93836 1.449 -0.16508 1.1273 -0.49309 0.068548 -0.70269 0.17765 0.23599 1.363 2.0679 0.5489 -1.5844 1.0635 1.1636 -0.20694 0.43502 -0.18471 -0.36404 -0.81104 0.64258 -0.37416 -0.59747 0.061352 1.6785 -0.39319 -0.24331 -1.5831 1.3716 -0.8843 -0.83871 0.64962 0.0014773 -1.1492 0.89341 -1.1061 -1.4957 -0.89888 1.6502
-0.89297 1.7222 -0.15504 1.2716 0.66331 0.64292 -0.77209 0.23369 0.25404 1.4121 0.87975 1.3968 -1.7919 0.74336 -0.19523 0.19979 -0.072323 -0.61407 -0.13404 -0.54654 -0.22323 0.18797 -1.0629 -0.46014 0.48845 0.53922 -0.20216 -2.4568 1.487 -1.8056 -0.51283 0.43961 0.16687 -1.3387 0.52249 -1.3169 -1.7195 -1.9692 2.3697
-0.79516 1.5127 -0.24529 1.4571 0.53575 0.37975 0.3298 2.1717 -0.83214 0.32933 0.85417 0.99759 -1.6135 0.88294 -1.6529 0.39111 -1.0837 -0.33047 0.16427 -0.57205 -0.2394 0.79499 -1.4308 -1.4122 -0.58177 1.6172 -0.15962 -2.0857 1.1713 -2.319 -0.096537 -0.041012 0.27003 -0.60546 -0.28143 -0.69522 -0.70454 -2.1337 2.2672
-0.38552 1.6345 0.39649 1.1889 -0.44193 -0.43923 -1.0821 -0.16788 0.51193 -0.55221 0.10963 1.3963 -1.3684 0.97114 -2.0137 1.0643 -1.9141 -0.13897 -0.099159 -0.39957 -0.5522 -0.31867 -2.0894 -1.6396 -1.3413 2.1573 -0.22512 -0.43454 1.1179 -2.0437 0.18915 -0.52859 0.13887 -0.20459 -0.71426 0.41319 0.24281 -1.2911 1.207
-0.42252 -0.10095 0.054929 0.96621 -0.020979 0.40923 -0.75725 -0.7202 0.31895 -0.77184 0.37771 -0.53539 -0.48631 0.68916 -1.7633 1.39 -2.651 -0.61531 -0.49971 -0.39852 -0.42655 -0.73221 -1.4293 -0.7815 -1.9453 2.3716 -0.55003 1.1596 0.78428 -0.99289 0.34592 -0.95757 0.49292 0.33415 -0.74921 1.6025 1.1169 -0.27516 -0.093749
-0.00086211 -0.56643 0.44705 -0.63319 -0.21792 0.38073 -1.1407 -0.042057 0.24025 -0.74064 -0.63445 -0.2113 0.19299 0.46842 -0.93081 1.6369 -2.8184 -0.14871 -0.82501 -0.38427 -0.55092 -0.57062 -0.24569 -0.26141 -1.5692 2.0642 -0.67073 2.2248 0.45046 0.31994 0.06651 -1.1301 0.50419 0.58916 0.046967 2.259 1.2302 0.87364 -1.2716
-0.025108 -0.23 1.2724 -1.3653 0.034739 0.03251 -0.89675 0.22096 -0.82613 -1.0578 -0.25265 -0.59493 0.26899 0.20991 -0.045102 1.4634 -2.3404 0.28049 -1.2918 0.30904 0.43046 -0.67478 0.78614 0.20888 -1.0379 1.5148 -0.55962 2.2489 0.11735 1.9473 -0.004578 -0.49899 0.2773 -0.046567 0.43778 1.8042 0.83214 1.368 -2.0884
-0.37747 0.3424 1.35 -1.6732 -0.15933 -0.40422 -0.73489 0.63409 -1.2629 -0.48195 0.21447 -0.9606 0.33825 0.081101 1.2411 1.8078 -1.5034 -0.48543 -1.8422 0.15576 0.20657 -0.26769 1.223 0.4083 0.08792 0.57948 -0.43279 1.2234 -0.53226 2.6704 -0.43137 0.51049 -0.1474 -0.75089 0.67499 1.0445 0.50952 1.1937 -2.1183
-0.14785 0.69644 1.6977 -1.6339 0.066427 -1.1766 -0.62672 0.22134 -0.51285 -0.098172 0.45697 -0.6015 0.39609 -0.057897 1.309 1.5076 0.077466 -0.47391 -0.95912 -0.16937 -0.90632 0.018431 1.3689 0.60872 0.16453 -0.18008 -0.29044 -0.28485 -1.142 2.1556 -0.6901 1.2826 -0.68896 -1.2933 0.5166 0.21134 0.26486 1.1582 -1.5313
-0.093532 0.73306 1.668 -1.5293 -0.028148 -1.7162 -0.68966 -0.1989 0.091225 0.53358 0.24349 -0.41996 0.48871 -0.12269 0.65902 0.69223 0.61159 -0.56932 -0.086217 -0.41327 -1.4109 0.48406 1.5129 0.60081 0.39592 -0.42953 -0.14896 -1.479 -1.6272 0.94422 -0.54101 1.4873 -0.40866 -0.57793 -0.083234 -0.46224 0.35046 0.98342 -0.52579
-0.18729 1.0586 2.3957 -1.4326 -1.0119 -1.491 -0.83973 -0.23265 -0.26083 0.56778 0.45259 -0.21521 0.22656 -0.17112 -0.2688 0.042037 0.34894 -0.94267 0.16796 -0.65316 -1.3883 0.01733 1.0652 0.67202 1.2986 -0.39632 0.17667 -1.509 -1.4487 -0.34595 -0.44412 0.70654 0.024814 0.47022 -0.4043 -1.0016 0.54551 0.84834 0.3494
-0.089055 0.9057 2.3405 -0.4878 -0.39749 -0.094113 -1.5357 -1.2607 -0.52904 0.64256 0.21161 -0.31003 -0.12817 -0.10461 -0.68718 -0.27929 0.0086453 -1.2469 0.31182 -0.34261 -0.73027 -0.46143 0.48436 1.1119 1.6382 -0.14253 0.67014 -0.97093 -1.1385 -0.72451 0.10508 -0.13197 0.26225 1.0361 -0.22576 -1.2761 0.58256 0.21046 0.88451
-0.41507 0.52159 1.639 -0.98144 -0.44824 -0.24443 -1.1214 -1.1524 -0.30921 1.0688 1.0597 -0.35233 -0.073921 0.24454 -0.79041 -0.5172 -0.20897 -0.95597 0.11078 -0.16174 -0.30039 -0.37875 -0.059831 1.4892 1.3723 0.22628 1.0255 -0.2374 -0.73954 -0.57008 0.57324 -0.60377 0.31631 1.2347 0.47564 -1.1685 0.24947 -0.64385 1.0124
-0.49326 -0.083167 1.2374 -1.7515 -1.3501 -1.2309 -1.4323 -0.83976 -1.1354 0.89202 1.2847 1.4769 0.20157 0.82016 -0.86023 -1.0012 -0.35334 -0.39157 -0.34463 -0.18702 0.13828 0.18787 -0.40321 1.4044 0.8259 0.65279 1.0397 0.16285 -0.16323 -0.036737 1.0361 -0.24586 -0.089226 0.96321 0.88304 -0.80308 -0.62159 -1.0579 0.59837
0.014178 0.15381 1.7228 -1.6285 -1.4315 -1.2913 -0.726 -0.49841 -0.68277 0.50363 1.964 1.5104 0.45025 1.1215 -0.60949 -0.87878 -0.44635 -0.35366 -0.66627 -0.16133 0.673 0.67446 -0.75976 1.0535 0.34734 0.80127 0.42908 0.76006 0.62353 0.6376 1.3451 0.69811 -0.3252 0.61993 0.81672 -0.25569 -1.1849 -1.2462 -0.43482
0.31481 0.20735 1.5357 -1.415 -1.1112 -1.2498 -1.1266 -0.77282 -0.24605 0.39496 2.0897 0.62403 0.60001 1.2361 -0.46666 -0.38168 0.07525 0.30468 0.202 -0.50592 0.72831 0.85108 -0.72128 0.067649 -0.090817 0.51242 -0.84154 1.3235 0.82036 1.2491 1.4235 1.2887 -0.38987 0.25544 0.23775 -0.058045 -1.4199 -0.84818 -1.6956
0.7782 0.057855 1.072 -1.3317 -0.89725 -1.0655 -1.6214 -0.52668 0.10924 0.12512 1.929 0.22042 0.63957 0.77729 0.42521 0.25312 0.69317 1.1067 1.0907 -0.59175 0.65423 0.98919 -0.38818 -0.26198 -0.81289 -0.39022 -2.201 1.4068 0.38715 1.6631 1.6396 1.398 0.10829 0.45513 -0.25936 0.2084 -1.3137 -0.32763 -2.513
0.73159 -0.0027142 1.0102 -1.2897 -0.80015 -0.88024 -1.63 -0.40261 0.40739 -0.083401 1.6422 0.29872 0.58122 -0.4279 1.074 -0.14599 1.2529 1.4305 1.1261 -0.67811 0.65866 0.51168 -0.69068 -0.84041 -0.38767 -1.4262 -2.8976 1.2399 -0.11748 1.8174 1.2857 0.57823 1.0209 0.32367 -0.58846 0.35082 -0.78401 0.31149 -2.4998
0.59232 -0.3541 1.3062 -1.2443 -0.45891 -0.14976 -1.7059 -0.028406 0.30127 0.4027 1.0002 0.67861 0.45173 -1.7786 1.2253 -0.32614 1.8583 2.026 1.4236 0.11854 1.6235 0.27923 -0.35677 -1.1768 -0.1864 -2.1931 -2.2082 0.57644 -0.63475 1.5215 0.20549 -0.25294 1.6169 0.12193 -0.50195 0.51135 -0.4034 0.68134 -1.5807
0.28796 1.1367 2.1481 -0.64129 -0.15926 0.073177 -1.7976 -0.015723 0.19966 0.35318 1.5377 0.48731 -0.43875 -2.4028 1.4306 -0.29594 2.6536 2.1485 1.0664 0.98166 0.89294 -0.051408 -0.040771 -1.0708 0.27849 -2.5289 -0.83422 -0.0073189 -0.69867 0.8614 -0.60234 -0.44571 1.6653 -0.31158 -0.38233 0.53307 -0.081335 0.034178 -0.25257
-0.63107 1.6943 0.96559 0.37988 0.29944 -0.21916 -1.6096 0.10023 0.10741 -0.94141 0.86418 0.66081 -1.1474 -1.9797 1.3207 -0.77208 2.641 1.1002 0.6091 1.4979 0.77751 0.19531 0.29636 -0.96055 0.32632 -2.3323 0.56884 -0.56872 -0.82555 -0.3433 -1.0766 -0.68115 0.93981 -0.84096 -0.32074 -0.026491 0.14807 -0.2973 1.1355
-1.5988 1.0418 0.62759 1.0197 1.4352 0.72485 -0.8448 1.8413 0.46094 0.25872 0.33677 -0.11126 -1.4852 -1.7351 1.0235 -1.134 2.3658 0.78684 0.66416 1.6392 0.44358 -0.27006 0.034633 -1.1005 -0.55361 -1.7559 1.0381 -0.99335 -0.37548 -1.8469 -0.83215 -0.64043 0.051313 -1.0386 -0.38264 -0.21765 0.72366 -0.5432 2.089
-1.3131 1.3673 0.89599 2.0063 1.1327 0.027061 -0.21743 -0.33672 0.042442 0.28559 0.57384 1.066 -1.6197 -1.1341 0.39064 -1.3379 1.4189 0.74376 0.31864 1.486 0.13731 -0.30554 -0.43457 -0.84252 -0.38773 -0.79014 0.8797 -1.0813 0.080117 -2.849 -0.26816 -0.87944 -0.51066 -1.4933 -0.39049 -0.52853 1.0032 -0.32701 2.4498
-0.70902 1.3646 0.37649 1.3828 -0.46127 0.0058526 0.051846 0.6864 0.94353 0.65186 0.29222 0.90355 -1.535 -1.0491 0.074236 -0.66397 0.075892 0.80506 -0.018855 1.0785 -0.89835 -0.62532 -0.088449 0.3723 -0.50695 -0.0071437 0.54491 -1.0644 0.24847 -3.2808 -0.0087968 -1.1204 -0.86946 -0.8547 0.27664 -0.15983 1.0823 0.21005 2.2633
-1.4433 1.5314 0.43568 1.6943 0.84571 1.1448 -0.12856 0.49695 -0.75294 -0.11166 -0.40696 -0.85937 -1.556 -0.81561 -0.18824 -0.8686 -1.1393 0.58803 -0.72338 0.85371 -1.5842 -0.46792 -0.66192 0.37953 -0.37784 0.65502 0.19281 -0.964 0.4957 -2.5967 0.16013 -1.2241 -0.89814 -0.3928 0.67386 0.028364 0.80743 0.50774 1.6538
-1.3821 1.8845 0.13794 1.2543 1.4141 0.041477 -0.11588 0.35211 -0.046169 -1.1909 0.61814 0.37434 -1.4543 -0.9566 -0.63944 -0.93843 -2.0287 0.83012 -0.93603 0.3825 -0.43434 0.37414 -0.15199 0.52766 -0.092616 1.0893 0.38121 -0.9424 0.43477 -1.4609 -0.14739 -1.1145 -0.76672 0.54296 1.252 0.32777 0.44642 1.0635 1.0201
-2.5039 1.2338 0.22883 0.47275 1.8222 -0.17591 0.028019 -0.96797 -0.65614 0.0010111 1.8231 -0.051669 -1.2035 -0.84142 -1.0198 -0.34212 -2.0168 1.0018 -1.5363 0.20928 -0.89736 0.59364 -0.33585 0.75409 0.50671 1.2682 0.68075 -0.6394 0.9788 -0.20794 -0.52599 -0.31147 -0.73178 1.1374 1.1668 0.83834 0.12345 0.65021 0.31959
-1.959 0.62339 -0.43837 -0.2559 1.3822 -0.60617 0.75124 -0.75425 0.23841 -0.25923 0.23035 0.042205 -0.71271 -0.37688 -1.2374 -0.17421 -2.0052 0.3133 -1.7226 0.01346 -0.14815 1.4595 0.39975 1.1175 1.3391 1.2937 1.2191 0.28162 1.3329 0.82401 -0.9968 0.28719 -0.60087 1.1134 0.45888 0.39149 -0.77608 0.16168 -0.45524
-1.7422 0.78397 -0.20958 -0.65473 1.0353 -1.0061 0.025697 0.23862 1.327 0.56988 1.024 1.1828 -0.49299 0.063245 -1.0579 0.44495 -1.4998 -0.12226 -0.95019 -0.28585 0.57088 1.4257 0.70981 0.35342 0.31214 1.0557 1.2549 0.87173 1.1465 1.434 -0.87205 1.2047 -0.64896 1.1932 -0.5206 0.29481 -1.099 -0.30706 -1.0399
-1.7394 0.39637 0.36981 -0.68402 1.1815 -1.4311 0.075202 -0.55376 0.79489 -0.77227 1.1047 0.68311 -0.40353 0.67528 -0.090393 0.97729 -0.84783 -0.42691 -0.73831 -0.45749 1.0812 0.90461 0.10076 -0.85162 0.36733 0.47666 1.5593 0.5095 0.38171 1.5989 -1.1162 1.6643 -0.57163 0.27952 -1.2423 -0.20156 -1.0324 -0.55814 -0.86011
-2.0982 0.38014 0.10485 -0.75014 1.8123 -1.0576 -0.23147 0.38634 1.2756 0.25546 1.9505 1.2459 -0.36411 0.77764 0.025048 1.0684 -0.098977 -0.22186 0.16477 -0.72969 0.89929 -0.24362 0.40055 -0.50442 0.35434 0.035983 1.912 -0.34488 -0.65654 0.97658 -1.7215 1.5413 -0.69358 -0.33453 -0.96795 -0.31852 -0.36816 -0.1846 -0.0049669
-1.6233 0.57129 0.75932 -0.86622 1.2717 -1.0056 -0.29231 0.47978 1.6561 0.27649 1.021 -0.069577 -0.37991 1.9288 -0.82858 0.17514 0.076553 -1.6716 0.76601 -0.79935 0.24744 -0.3392 0.17264 -0.55978 0.1436 0.44623 1.798 -1.276 -1.2295 0.1845 -2.2652 1.3778 -0.73967 -0.9532 -0.30691 -0.47854 0.023778 -0.54894 1.0139
-1.4753 1.2516 1.1056 -0.83318 0.88586 -1.3769 -0.10853 0.2579 0.43738 -0.023182 -0.81412 0.74879 -0.68539 2.6992 -1.3142 -0.29192 -0.25815 -2.6278 1.1155 -1.37 0.30317 -0.0084113 0.063887 -0.53387 0.047259 1.062 1.129 -1.3056 -1.1604 -0.32133 -2.0511 0.95583 -0.43232 -1.0724 0.36294 -0.66143 -0.069139 -0.74296 1.5118
-0.8694 0.31739 0.50135 -0.28871 1.0609 -0.17186 -0.49899 0.62961 0.023004 0.62402 0.42584 1.303 -0.53557 2.7832 -1.7635 -0.47323 -0.43697 -3.3338 1.3008 -1.4757 -0.55909 0.12203 -0.65318 -0.77289 -0.63386 1.5614 -0.25692 -0.61026 -0.30489 -0.17357 -0.63806 0.67416 0.35491 -0.85602 0.65704 -0.18093 0.16994 -0.95436 1.1436
0.71593 -0.98369 -0.31541 -0.74398 -1.513 -0.20294 -1.234 -0.044227 1.3879 0.10614 1.2217 1.2274 0.43492 2.2814 -1.9048 -0.61848 -0.38745 -3.114 1.6289 -1.1745 -0.87738 0.2704 -0.46571 -0.5248 -0.82593 1.8612 -1.3562 0.34426 0.48808 0.31714 0.57016 0.046144 1.5846 -0.8225 0.54498 0.21474 -0.016043 -1.1371 0.22444
0.67716 -1.0464 0.19865 -1.4188 -1.1486 -0.040648 -1.93 0.25586 1.2639 -0.63535 0.66802 0.33414 0.86315 1.7118 -1.6482 -0.19021 -0.14799 -2.5997 1.7182 -0.25769 -0.90366 0.88491 0.09596 -0.19998 -1.4402 1.8487 -1.8691 1.2636 0.91686 0.97143 1.7546 -0.58523 2.4695 -0.33784 0.13266 0.6902 -0.041644 -0.84185 -0.8755
0.32313 -1.0718 0.083948 -1.3155 -1.6319 0.51781 -1.7183 -0.48165 1.5086 -0.48391 -0.12557 -0.47136 1.0042 0.93957 -0.72632 0.41194 0.15849 -1.9838 0.95033 0.88221 -1.198 0.73785 0.11997 -0.83815 -1.9601 1.2711 -1.5272 1.4756 0.64837 1.3969 1.7007 -1.2369 2.6232 -0.18603 -0.29492 0.58607 0.15118 -0.26941 -1.5343
0.50211 -0.96443 0.40779 -0.97068 -1.7844 0.95647 -1.0938 -0.6446 1.1453 0.080284 -0.62021 -0.61226 1.0919 0.28649 -0.011612 0.59989 0.98495 -0.74853 0.51198 1.9561 -1.0901 0.14833 0.41249 -0.68664 -1.8469 0.47484 -0.93923 1.1127 -0.013081 1.3187 1.2956 -1.5219 1.845 0.069376 -0.6033 0.1486 0.68414 0.54182 -1.5148
0.62143 -0.92462 0.6833 -0.50083 -1.7453 1.0789 -0.069035 -0.54034 1.6268 0.75439 -0.073536 -0.33609 1.0839 0.40781 0.0090432 0.10958 1.4782 -0.9866 -0.10532 2.4564 -1.1678 -0.001071 0.53132 0.044329 -1.1804 0.1277 -0.54349 0.40554 -0.65026 0.7107 0.65425 -1.3476 0.48133 0.24017 -0.48372 -0.26736 1.0448 0.94441 -0.93814
0.83096 -1.0882 0.51367 -0.28595 -2.0581 0.54761 0.20637 -1.1101 1.5555 0.22051 -0.05374 -1.3242 1.0477 0.39135 0.046987 -0.062037 1.4888 -0.77701 -0.62012 2.2869 -0.78481 -0.034327 0.19188 0.77973 -0.65569 0.030858 -0.42607 0.023716 -0.66464 -0.25264 0.093465 -0.86748 -0.87327 0.22133 -0.27649 -0.62473 0.57092 0.9022 -0.31547
0.99258 -1.0092 0.36581 0.23435 -2.1848 0.24403 0.69993 -1.2731 1.5008 -0.01548 0.23749 -1.467 1.0653 -0.02613 0.0029311 -0.38416 1.1497 -0.8066 -1.0263 1.5846 -0.87058 -0.20787 -0.27988 0.59072 -0.52171 0.012797 -0.49942 -0.0049284 -0.080177 -0.88239 0.33017 0.029352 -1.6938 0.2263 -0.025425 -0.62329 -0.079076 0.88588 -0.068848
0.80428 -1.0126 0.17122 0.334 -2.4229 0.064776 0.93267 -1.3728 1.1482 0.10885 0.35444 -1.1645 1.0451 -0.21013 0.045808 -0.30521 0.72301 -0.68842 -0.67935 0.81222 -0.79683 -0.34925 -0.38947 0.22847 -0.2324 0.033795 -0.31795 -0.017705 0.36797 -1.2243 0.41252 1.0044 -2.2182 0.16538 0.33442 -0.2821 -0.6329 0.98183 -0.036816
0.65326 -0.90642 0.22991 0.60558 -2.4258 0.14346 1.2437 -1.3125 1.4908 0.16702 0.81311 -1.0591 1.0899 -0.12979 0.011168 0.091902 0.34363 -0.45327 -0.063372 0.13147 -0.70987 0.08375 -0.38274 0.17261 0.51698 0.016604 0.16875 0.017181 0.85209 -1.3466 0.72676 1.6056 -2.563 0.56971 0.54203 0.019064 -0.65284 1.0209 -0.0817
0.44165 -0.97897 0.11846 0.42718 -2.6272 -0.32165 0.95416 -1.7709 0.92948 -0.036387 -0.060009 -1.244 1.1073 -0.08653 0.02084 0.33719 -0.21809 -0.22731 0.71994 -0.9963 -0.53669 0.50446 -0.2956 -0.2966 0.9389 -0.030168 0.28377 0.112 0.89738 -1.3714 1.06 1.2476 -2.5628 0.87527 0.4369 -0.037942 -0.35848 0.76568 -0.14716
0.63591 -0.92886 0.4305 0.36923 -2.496 0.3259 0.87198 -1.6707 1.2922 0.096634 0.25039 -0.99787 1.0891 0.21007 0.057728 0.77074 -0.70157 0.25679 1.2112 -2.1438 0.1472 0.48676 -0.27801 -0.4731 1.0901 -0.085117 0.059497 0.32397 0.72731 -1.2704 1.4055 0.24456 -1.9663 1.1121 -0.023244 -0.096452 0.21139 0.28605 -0.19973
0.96682 -1.1148 0.65163 0.2861 -2.5799 0.4927 0.34416 -2.1258 1.9711 -0.56034 0.4678 -0.55927 1.0359 0.11355 0.23971 0.90995 -1.1192 0.85245 0.95618 -2.6826 0.5417 0.34952 -0.50427 -0.17016 1.1334 -0.14845 -0.41742 0.54263 0.49444 -1.0435 1.4742 -1.1387 -0.68996 0.98779 -0.73237 -0.061646 0.8201 -0.14746 -0.24324
0.74008 -0.8774 0.59003 -0.11115 -2.4572 1.3417 -0.77911 -1.7257 2.1538 -0.12331 -0.26331 0.018035 1.0194 -0.11763 0.50986 1.0654 -1.3956 1.5267 0.23018 -2.5801 0.99786 0.093174 -0.45503 0.5589 1.0479 -0.24025 -0.97249 0.74269 0.050909 -0.69141 1.0925 -2.1119 0.79822 0.48482 -1.2635 0.17289 1.0637 -0.63592 -0.24508
0.92118 -0.86159 1.1564 -0.58653 -1.9678 1.4246 -1.8052 -0.71231 1.4552 -0.064616 -0.094657 0.10553 0.97305 -0.62155 0.80617 1.0462 -1.6676 1.7817 -0.9447 -2.0267 1.0331 -0.85905 -0.3158 0.88773 0.66254 -0.33721 -0.92369 0.64636 -0.25092 -0.16632 0.34301 -2.2796 1.9196 -0.12519 -1.4289 0.45277 0.90346 -0.89913 -0.18941
0.48605 -0.53694 1.1419 -0.85833 -1.382 0.55881 -1.7333 -0.95972 1.6454 -0.74237 0.66541 0.0070343 0.95545 -1.0652 1.1549 0.79047 -1.6139 1.7467 -1.7993 -1.0314 0.87733 -1.5869 -0.023265 1.1988 -0.014889 -0.37825 -0.47664 0.33037 -0.63573 0.34502 -0.43697 -1.6095 2.3461 -0.80061 -0.9627 0.64943 0.36504 -0.88202 -0.067869
0.35445 -0.35534 1.4169 -1.329 -0.89326 -0.32726 -1.7547 -0.78162 1.0904 -0.54374 1.07 -0.0048352 0.81885 -0.97251 1.1199 0.61232 -1.2867 1.3433 -2.3012 0.0095419 0.34161 -1.8365 0.17501 1.3815 -0.23763 -0.37919 0.36839 -0.20328 -0.93145 0.85829 -0.76785 -0.45042 1.965 -0.76768 0.0042995 0.79555 -0.19299 -0.42517 0.10027
0.077437 -0.026071 1.6423 -1.7269 -0.85015 -0.76536 -1.4662 -0.81862 0.16433 -0.32654 1.4627 -0.016696 0.69684 -0.74174 0.97291 0.18048 -0.97666 0.93798 -2.1203 0.63888 -0.2855 -1.4631 0.57852 1.0773 -0.36791 -0.32735 1.0924 -0.72308 -1.1526 1.1982 -0.79495 0.48799 1.1002 -0.3755 0.9656 0.66726 -0.73603 0.090787 0.27407
-0.20151 0.32254 1.3022 -1.7012 -0.9423 -1.1336 -1.2801 -1.0092 -0.07743 -0.28906 1.5184 -0.52947 0.67649 -0.14579 0.53285 -0.26305 -0.48741 0.78057 -1.6621 0.68671 0.052149 -0.93103 0.94742 0.5671 -0.051385 -0.20562 1.3874 -1.0128 -1.2556 1.2421 -0.52203 1.0836 0.22221 0.37375 1.5467 0.26919 -1.2204 0.42877 0.37893
-0.018012 0.2713 1.4397 -1.7211 -0.95967 -1.1341 -1.2023 -0.92688 -0.37985 0.26677 1.3763 -0.033725 0.67589 0.39011 0.12543 -0.76929 0.074353 0.57356 -1.2555 0.61593 0.25446 -0.026811 0.90428 0.10873 0.10328 -0.033951 1.078 -1.0816 -1.007 1.0897 -0.13192 1.6199 0.077109 1.0733 1.5604 -0.47799 -1.5752 0.69434 0.30602
0.18862 0.20756 1.3213 -1.8955 -0.58647 -1.4375 -1.0431 -1.2399 -0.027568 0.37688 1.6112 -0.44029 0.66488 0.83199 -0.3136 -1.0887 0.35172 0.56391 -0.765 0.42063 0.82237 0.68111 0.54904 -0.62687 0.45976 0.070532 0.19495 -0.84277 -0.5095 0.77061 0.25248 2.1145 0.39504 0.85529 0.88962 -1.3738 -2.0723 0.60969 0.082289
0.37866 0.00092487 0.78861 -1.4898 -0.18001 -1.9175 -0.92576 -0.53773 0.5283 0.39502 1.5702 0.19867 0.72368 0.61373 -0.58808 -1.152 0.50368 0.78935 0.39483 0.90937 1.4977 0.9953 -0.1435 -1.5475 0.87657 0.016029 -0.66027 -0.43876 0.20995 0.47455 0.47631 2.4646 0.54275 0.17017 -0.25787 -1.4933 -2.1965 0.35119 -0.19117
0.67679 -0.08349 0.57076 -1.2802 -0.45222 -1.9807 -0.96568 -0.41498 0.78993 0.61446 1.2227 0.031961 0.74632 0.08495 -0.65407 -0.95487 0.64484 1.11 1.3943 1.2519 1.1571 0.41087 -1.198 -2.848 0.88127 -0.10193 -1.0974 -0.089744 0.74479 0.33777 0.095578 2.2702 0.46074 -0.96524 -1.1725 -0.85105 -1.3558 -0.45668 -0.37684
0.75743 -0.23351 0.35492 -1.3751 -0.4473 -1.4775 -0.93021 0.24591 0.80992 0.1676 0.27524 0.46642 0.74803 -0.34824 -0.50291 -0.47276 0.76169 1.1421 2.196 1.1791 0.42527 -0.45348 -1.1247 -3.2791 0.65984 -0.25022 -0.97777 0.42188 0.88859 0.46493 -0.56582 1.2313 -0.0084574 -1.6539 -1.8867 0.063578 0.0090734 -1.1426 -0.72198
0.1488 -0.32467 0.16797 -1.1165 0.056817 0.067347 0.32771 0.84831 1.0793 -0.57042 -0.90959 0.76197 0.62511 -0.54233 -0.51108 -0.13811 0.81959 0.54146 2.5048 1.1164 -0.60413 -1.081 -0.60956 -2.5319 -0.38959 -0.39162 -0.439 0.59521 0.55955 0.49763 -1.158 -0.31571 -0.27271 -1.5865 -1.8865 0.79313 1.7517 -1.3937 -0.78838
0.021299 -0.49972 0.60539 -0.96935 0.64925 0.51383 0.38516 -0.33352 -0.28354 -1.4373 -2.5879 0.86736 0.52376 -0.72447 0.12912 -0.021005 1.2335 0.032965 2.0823 0.95996 -0.97996 -2.2482 -0.30205 -1.6718 -0.9103 -0.97862 0.25626 0.90906 0.015804 0.43218 -1.284 -1.9378 -0.51313 -1.0542 -1.4802 0.61695 2.7095 -1.2264 -0.75594
0.011973 -0.30001 0.71023 -0.74866 0.69612 0.66656 0.0060961 -0.98526 -0.56896 -0.26913 -1.9056 0.21224 0.42367 -0.46251 0.13829 -0.21154 1.2828 -0.44562 0.82319 0.86682 -1.3619 -2.6807 -0.049966 -0.036956 -1.2921 -0.98192 0.41025 1.3275 -0.31339 0.39441 -0.63856 -2.3989 -0.62962 0.19395 -0.0067777 0.2721 2.6868 -0.011573 -0.85208
0.14934 -0.70297 0.35565 -0.31257 -0.36109 0.68174 0.21689 -1.1707 -0.57729 0.30357 -0.78951 -0.84709 0.36564 0.058671 0.85961 -0.409 1.2905 -0.70204 -0.601 0.37482 -1.3389 -2.7877 -0.18896 1.0563 -1.4903 -1.1481 0.24099 0.83307 -0.69519 0.33831 0.65977 -1.6245 -0.54217 1.4937 1.6842 -0.25547 1.6251 0.99259 -0.59641
-0.097016 0.47967 0.34686 0.40257 -0.66602 0.55938 0.293 -0.8025 -2.6967 -0.16713 -1.2931 -0.75971 -0.54684 -0.22519 1.5825 -0.48747 1.4861 -0.26306 -0.64692 0.26944 -0.038263 -0.84472 -0.12351 1.6402 -0.10689 -1.6515 -0.20177 0.2323 -1.3497 0.17592 1.9283 -0.040868 -0.64086 2.314 2.8532 -0.44495 -0.051373 1.6844 -0.35911
0.0952 -0.42647 -0.071634 0.0077877 -0.41253 -0.21036 0.87899 -1.0664 -2.4935 -0.75975 -0.12532 -0.57455 -0.038638 -0.42227 0.95405 -1.088 1.7297 1.1146 -0.23913 0.27715 1.3785 0.35889 -0.75222 0.84417 0.634 -1.5853 -0.38353 -0.72433 -1.6912 -0.26661 2.2175 1.258 -0.71689 1.8879 3.1402 -0.3352 -1.2855 1.4252 0.22615
0.2306 0.98898 -0.010637 0.47866 -0.015616 -0.62285 0.64908 -1.3709 -2.8937 -1.4168 -0.47109 -0.98247 -0.57098 -0.55417 0.53012 -2.211 1.3797 2.1102 0.5243 -0.24415 1.9621 1.7311 -0.62505 -0.021307 1.2599 -1.3306 -0.41339 -0.71736 -0.94119 -0.77129 1.2324 1.5252 -0.77909 0.68167 1.7392 0.20241 -1.6052 0.48994 0.4929
-0.48996 1.521 0.33405 1.1361 0.67768 0.36988 0.27133 -0.20807 0.052407 -0.54542 -0.2309 1.3558 -1.4025 -0.41808 0.060573 -2.478 0.89334 2.0978 1.1056 -0.66556 1.4801 2.5134 -0.58073 -0.73939 0.88697 -0.95302 -0.53263 -0.17239 0.5622 -1.072 -0.53729 0.76699 -0.66203 -0.49961 0.22322 0.92631 -0.7103 -0.31968 0.51615
-0.38665 -0.15372 -1.147 1.789 1.7437 0.78647 0.40205 1.2431 -0.11014 -0.79202 -0.72193 0.107 -1.0046 -0.91932 0.71688 -1.4236 0.57933 1.4525 1.4687 -0.66876 1.2857 1.7187 0.19735 -0.85142 0.83023 -1.1915 -0.16149 0.10116 1.8297 -1.0357 -1.7609 -0.15785 -0.076617 -1.3454 -1.5023 1.0871 0.36461 -1.0578 0.69712
-0.40038 0.07729 -2.825 1.1997 1.3747 1.3878 -0.14464 1.0043 0.70155 -0.59827 -1.1584 0.49326 -1.0699 -1.1345 0.55336 -0.50786 0.28379 0.45434 0.66974 -0.70861 0.69755 0.81567 0.65586 -0.18521 0.18366 -0.84208 0.64969 -0.10797 1.9513 -1.1609 -2.1873 -0.88823 0.58163 -1.6421 -1.9912 1.5476 1.17 -1.124 1.0892
-0.26944 0.65515 -1.9676 0.98888 1.24 1.2423 -0.27623 -0.17438 -0.17012 -1.64 -2.0818 -0.03132 -1.2878 -0.45959 0.48092 -0.026153 -0.098724 -0.26721 0.40719 -0.36294 -0.37982 -0.60063 0.88979 0.46596 -0.6298 -0.28796 1.7235 -0.94009 0.98219 -1.0541 -1.6005 -1.0933 0.79713 -1.2988 -1.4199 1.5341 1.2011 -1.4677 1.6464
-1.1544 1.6332 -0.3176 0.82169 1.0685 1.1542 0.29413 0.23053 -0.70113 -0.16893 -0.54325 0.76693 -1.6377 0.46796 -0.009948 0.20392 -0.7678 -1.0115 -0.053954 0.23055 -1.0216 -0.53615 2.1047 1.0213 -0.76561 0.31154 2.2006 -1.4189 -0.56916 -0.88795 -0.85207 -0.48872 0.80785 -0.31863 -0.2282 1.2877 0.85205 -1.1652 1.6576
-1.2812 1.6951 -0.23426 1.5256 0.68872 0.04527 -0.5601 0.15491 -0.5468 -0.02885 -0.18382 -0.17026 -1.71 1.2215 -0.72465 -0.07797 -0.70989 -0.72401 -0.24025 0.30006 -0.49349 -0.61255 2.4783 1.0286 -1.8116 0.8267 2.0131 -1.9829 -1.7557 -0.55888 -0.14965 -0.077518 0.40866 0.28755 0.86254 0.077387 -0.24144 -0.84795 1.6107
-0.42076 0.68511 -1.1623 1.2257 1.0125 1.7576 0.037592 0.0088102 -0.50099 0.63446 0.22551 0.16912 -1.22 1.7784 -1.4501 -1.4685 -0.93774 -0.87491 0.044481 0.41765 0.10203 0.32227 2.3861 1.2994 -1.696 1.2133 1.3441 -1.6504 -1.6692 -0.3224 0.46966 0.11542 -0.050476 0.42965 1.0252 -1.3244 -1.2598 -0.64329 1.3803
0.74856 -0.90685 -2.4652 0.011883 0.39092 0.82871 0.83294 -0.22768 -0.35214 2.1501 -0.067768 -1.187 -0.25293 2.3197 -2.4454 -2.2324 -0.97064 -0.6245 0.17201 0.28 -0.36556 0.76613 0.91171 -0.15409 -1.9578 1.7998 0.29195 -0.59703 -0.26613 -0.076165 0.7516 -0.30324 -0.34177 0.60543 1.1281 -1.9929 -1.7925 0.1847 0.80804
0.73046 0.098893 -2.3584 0.25396 0.68647 0.97811 -0.20182 0.1244 -0.58227 1.6675 -0.53217 -2.2201 -0.53929 2.2157 -2.1827 -1.6115 -1.1845 -0.23168 -0.088041 0.14749 -0.22152 0.91267 0.31502 -0.96083 -2.0487 2.0003 -0.84601 0.66646 1.5381 0.54772 1.1578 -0.66635 -0.58734 1.0823 0.83384 -2.2005 -1.841 0.95564 0.041022
0.78983 -0.14504 -2.549 -0.056621 0.055964 1.186 0.42193 0.20208 0.4176 1.2823 0.67716 -1.1492 -0.50894 1.5104 -1.4488 -0.46792 -0.70691 0.29317 -0.77879 -0.18427 0.88854 1.4471 -0.36369 -1.5095 -1.2235 1.7062 -1.3781 1.2148 2.3569 0.91596 1.037 -1.1162 -0.23856 1.7295 0.39071 -1.6779 -0.86895 1.6818 -0.46236
0.98565 -1.4935 -2.4561 0.20453 0.50087 0.99712 0.2759 -0.578 0.39788 0.48897 -1.1723 -1.7643 0.29805 0.75534 -0.70867 0.31407 -0.10893 0.73872 -0.7587 -0.41331 1.6616 1.7173 -1.2589 -1.7907 -0.0051929 1.3237 -1.3935 1.0654 1.9293 1.1939 0.58336 -1.134 0.19917 1.7041 -0.46064 -1.5054 -0.22812 1.7965 -0.67747
1.4966 -1.1647 -2.2905 -0.20428 0.73339 0.25452 -0.29027 -0.053288 0.63676 1.021 -1.5355 -3.059 0.65714 0.71728 -0.93148 0.88825 0.090336 0.7446 -1.606 0.12749 2.1911 1.1668 -1.5642 -1.5096 0.62894 1.408 -1.1648 0.88744 1.3582 0.85618 -0.078416 -0.64989 0.91065 1.1555 -1.397 -1.139 0.80011 1.2865 -0.81949
1.5363 -1.3001 -2.1048 -0.069997 1.36 0.56838 0.25551 1.8468 1.736 1.0642 -1.7928 -1.2221 0.7033 0.25331 -0.46594 1.053 0.4973 0.57755 -1.8207 0.34959 2.574 0.064319 -2.0108 -1.4144 0.87857 1.0801 -1.152 0.61144 0.93176 0.40379 -1.0339 -0.19985 1.2358 0.20087 -1.9718 -0.87862 1.5363 0.39782 -0.89526
1.2443 -0.94018 -2.1513 0.044194 1.0126 -0.11302 -0.064169 1.9449 1.8507 0.10419 -2.3021 -1.2261 0.70872 -0.20847 0.077141 1.5156 0.48517 0.21344 -1.4958 1.0778 2.7673 -0.68519 -2.1988 -0.038371 1.0991 0.53474 -1.1344 0.60642 0.51737 -0.1064 -1.7228 0.43419 0.84245 -1.019 -1.9836 -0.35584 1.6151 -0.4475 -0.93576
1.4484 -1.1574 -1.1231 0.45306 1.0692 -1.2397 0.38075 2.4282 0.61855 -0.89449 -1.5496 -1.0707 0.83151 -0.72999 -0.074678 1.6145 0.40493 -0.88175 -1.2267 1.3425 1.7739 -1.5253 -2.6446 0.64571 0.62664 0.34757 -0.65155 0.24469 0.076725 -0.6995 -1.7842 0.73716 0.4081 -1.9015 -1.2418 0.5967 1.2671 -0.80797 -0.63272
0.98815 -1.2966 -1.5658 0.70229 0.59742 -0.85828 0.97245 2.5564 0.026402 -1.5533 -1.8223 -0.4362 0.89565 -0.70934 0.0019234 1.5036 -0.03629 -1.656 -1.1394 1.1513 0.5194 -2.2317 -1.9301 0.79436 -0.18321 0.2977 -0.079246 0.13716 -0.58673 -0.93931 -1.2489 0.80491 -0.32087 -2.0551 -0.14919 1.7319 0.27149 -0.58855 -0.36984
0.99856 -1.2918 -0.50348 0.40841 1.0623 -0.66381 1.5441 2.8919 -0.32204 -1.5875 -1.122 -1.3287 0.97495 -0.5933 0.033577 1.1916 -0.44252 -1.7289 -0.6732 1.0483 -0.16221 -1.7947 -0.96914 0.78813 -0.18812 0.19992 0.47805 0.32124 -0.89436 -0.83889 -0.25753 0.51393 -0.7677 -1.487 0.81977 2.4821 -0.21726 0.099694 -0.36641
0.7064 -1.1736 -0.60967 0.075856 -0.47974 -1.1408 1.1862 2.5022 -0.74286 -2.0102 -0.7375 -1.9771 0.98394 -0.40058 0.2866 0.71012 -0.70721 -1.6374 -0.32114 0.64326 -0.43595 -0.88355 0.35485 0.46343 0.26713 0.02433 0.68908 0.24866 -1.1446 -0.32608 0.42953 0.14586 -0.91695 -1.0443 1.3274 2.1917 -0.32042 0.75441 -0.39944
0.84555 -1.0788 -0.59802 -0.16048 -0.55293 -1.2283 1.3329 2.3172 -1.1456 -1.1946 -1.2549 -1.0078 0.96004 -0.060367 0.38607 0.46124 -0.70171 -1.3749 -0.72438 0.20756 -0.76834 -0.49334 1.0683 0.37987 0.63178 -0.094566 0.85637 0.078295 -0.78967 0.16906 1.0029 -0.0089192 -0.8448 -0.73866 1.0425 1.8002 -0.1903 0.79538 -0.31906
0.73633 -0.95357 -0.64862 -0.25334 -0.58511 -1.3801 1.3227 1.6971 -0.67326 -1.4897 -1.15 -1.1368 0.92051 0.20709 0.29491 -0.11478 -0.46017 -1.076 -0.88532 -0.08696 -1.3005 -0.10821 1.3397 0.35522 1.0352 -0.18596 0.56852 -0.077377 -0.28489 0.41212 1.0464 0.19438 -0.60914 -0.66239 0.58805 1.0976 0.33207 -0.03579 -0.13865
0.9882 -0.90465 -0.41076 -0.17714 -0.48144 -1.3504 1.5006 2.316 -0.57911 -0.32322 -0.93864 -0.16739 0.85745 0.57026 0.18445 0.23544 -0.26152 -0.21706 -0.44978 -0.11487 -1.2335 -0.0076195 2.0631 0.46634 1.1437 -0.1991 0.10498 -0.044104 0.27919 0.19535 0.83983 0.69707 -0.54421 -0.5404 0.34286 0.82848 0.40903 -0.91434 0.018696
0.87925 -0.88987 -0.77675 -0.24327 -0.75462 -1.7772 1.3678 1.6804 -0.89987 -0.37491 -0.97114 -0.20596 0.83674 0.26197 0.25533 0.32904 -0.2016 -0.34514 -0.13989 -0.29803 -1.5523 0.091932 2.0111 1.1177 -0.047812 -0.1431 -0.38953 0.15924 0.80205 -0.27502 0.52124 0.73402 -0.75799 -0.40575 0.40114 0.18463 0.033062 -1.5061 0.12607
1.1806 -0.97103 -0.66839 -0.32477 -0.66947 -1.9784 1.1901 0.8687 -0.6277 -0.22183 -0.2886 -0.68493 0.79829 0.10174 0.33515 0.72276 -0.48091 -0.24216 0.15424 -0.67207 -1.7442 0.10895 2.361 0.85428 -0.7617 -0.087588 -0.7131 0.41974 0.83694 -0.64202 0.31332 0.44992 -0.99948 -0.041019 0.70966 -0.81292 -0.34198 -1.105 0.14636
1.3921 -0.90502 -0.094465 -0.36305 -0.72796 -1.4134 1.0335 1.0332 -1.0113 1.1861 -0.42033 -0.17728 0.78904 -0.21009 0.52388 1.0309 -0.81547 -0.14067 0.13258 -1.1798 -1.874 0.65852 1.5627 0.24433 -1.2106 -0.043999 -0.7332 0.52969 0.76783 -0.7129 0.53966 0.16011 -1.0537 0.6396 0.73165 -1.5732 -0.48968 0.10889 0.12041
0.7815 -0.59499 -0.2851 -0.4606 -1.0024 -1.2795 1.0301 0.17694 -0.68229 1.0984 0.45778 -1.572 0.82904 -0.39543 0.83493 1.3343 -1.0555 0.22791 0.20672 -1.4817 -1.1624 1.1833 0.71249 0.21545 -0.61702 -0.018948 -0.62461 0.49129 0.40187 -0.40121 0.59347 -0.063529 -0.80943 0.99314 0.54132 -2.27 0.16226 0.87974 0.080513
0.87047 -0.51186 0.35553 -1.0184 -0.67318 -1.2408 0.40077 -0.10243 -0.30789 1.8641 -0.41282 -1.7584 0.80846 -0.72536 0.99297 1.3534 -1.138 0.37583 0.088841 -1.7989 -0.55372 1.0753 -0.22321 0.44602 0.1298 0.011366 -0.1592 0.16283 0.045275 0.050777 0.40543 0.11102 -0.52222 1.0919 -0.074907 -1.9214 0.71658 1.3044 0.0066199
0.76898 -0.2865 0.58469 -1.2936 -0.67298 -1.6766 -0.16357 0.039249 0.52096 0.94339 -1.0141 -1.2979 0.791 -0.69187 1.0173 1.2575 -1.0033 0.55279 0.016097 -1.8269 -0.39838 1.0206 -1.1643 1.102 0.46403 0.010609 0.18862 -0.27768 -0.39605 0.59578 -0.1331 0.38837 -0.080714 0.60616 -0.50179 -1.269 0.94149 1.0456 -0.041279
0.65717 0.09903 0.66987 -1.5485 -0.37132 -1.6228 -0.48481 0.31108 0.73867 0.093719 -0.0062574 -0.52462 0.80135 -0.3216 0.74363 1.1475 -0.74204 0.41046 0.39177 -1.9527 -0.050026 0.56312 -1.2369 1.2887 1.0515 -0.049411 0.66133 -0.7598 -0.63437 1.0427 -0.76828 0.84615 0.40635 0.092391 -0.5642 -0.088238 0.48183 0.55998 -0.10621
0.44845 0.12816 0.99888 -1.5952 -0.35799 -1.53 -0.99988 0.28857 0.20403 0.12781 0.90345 -0.28071 0.81894 -0.26552 0.45811 0.7507 -0.20957 -0.048493 0.73378 -1.5526 -0.19257 0.36431 -1.2455 1.7439 1.1723 -0.05472 0.99719 -1.0943 -0.86428 1.3779 -1.3749 0.86091 0.89676 -0.3955 -0.23855 0.96589 -0.48164 0.053255 -0.18099
0.51539 0.32608 1.2366 -1.4926 -0.2883 -1.0887 -0.97409 0.018057 0.32732 0.080295 1.5293 -0.50583 0.81308 0.19717 -0.1181 0.50725 0.28355 -0.72984 1.258 -1.2037 -0.47605 0.19699 -0.34321 1.1303 0.98885 -0.12451 1.0851 -1.0841 -1.1169 1.5412 -1.5716 0.27004 1.3767 -0.59932 0.18957 1.17 -1.1209 -0.097956 -0.25301
0.57906 0.11398 1.0803 -1.5721 -0.64411 -0.64506 -1.6821 -0.10643 0.26512 0.068952 1.3058 -0.60812 0.73267 0.75563 -0.55943 0.079743 0.88324 -1.3789 1.1384 -0.58297 -0.9935 0.68252 0.28536 0.20663 0.62652 -0.2383 0.97228 -0.7464 -1.3402 1.4689 -1.2061 -0.62864 1.4492 -0.2463 0.43672 0.77332 -1.741 0.28492 -0.35635
0.59284 0.018158 1.2026 -1.2901 -0.80641 -0.63499 -1.5313 -0.30705 0.82473 -0.056528 1.2856 0.159 0.75071 1.0242 -0.73632 -0.45276 1.3938 -1.7816 0.64844 0.048018 -0.87075 0.78381 0.29257 -0.23081 1.1327 -0.35764 0.56945 -0.15218 -1.6047 1.2649 -0.40462 -1.3617 1.2294 0.16127 0.48172 0.17853 -1.6943 0.24797 -0.42179
1.0964 -0.43106 1.1243 -0.90344 -1.5707 -0.10602 -1.6486 -0.37218 0.89762 0.38901 0.43341 0.36608 0.64578 0.98545 -0.59874 -1.0919 1.7922 -1.7197 -0.17006 0.43811 -0.501 0.97078 -0.042699 -1.138 1.7262 -0.50111 0.11347 0.35921 -1.5557 0.71284 0.59525 -1.3222 0.47209 0.50745 0.058686 0.18898 -1.3281 -0.47468 -0.42403
1.4684 -0.45277 0.73889 -0.28015 -1.8135 -0.43935 -1.0355 -1.1097 1.6401 0.56852 0.85319 0.096471 0.54234 1.0617 -0.36849 -1.6878 2.0325 -1.309 -0.65673 0.5052 -0.40214 1.0474 0.18082 -1.6638 0.98594 -0.65925 -0.25359 0.59763 -1.0744 -0.012731 1.455 -0.89022 -0.28976 0.54473 -0.3061 0.67109 -0.7524 -1.5397 -0.27923
1.3623 -0.52847 0.48501 0.21518 -2.163 -0.84235 -0.87736 -0.6 0.87199 0.31363 1.1731 1.296 0.43649 0.94088 -0.070236 -1.9986 1.8107 -0.55885 -0.70463 0.039537 -0.20611 0.65507 0.72161 -1.7909 -0.29628 -0.75717 -0.36816 0.42524 -0.2145 -0.8397 1.8508 -0.31408 -0.66455 0.50356 -0.6782 1.0042 -0.059476 -2.0664 0.054767
1.3577 -0.1893 -0.20997 0.63588 -1.9619 -1.3657 -0.80312 -0.38943 1.819 -0.35459 -0.65273 1.7553 0.25164 0.62627 0.11226 -1.8613 1.374 0.24727 -0.77826 -0.27812 0.079051 0.27839 1.2316 -1.4353 -1.1263 -0.67097 -0.3387 0.08345 0.56115 -1.3339 1.6456 0.11444 -0.31761 0.47358 -0.62299 0.73025 0.4837 -1.6324 0.51656
1.7653 -0.38598 -0.85095 0.91949 -1.9768 -1.2331 -1.4177 -0.78584 1.9487 0.68365 -1.1891 0.022372 0.046215 0.58806 -0.044219 -1.3771 0.67793 0.82632 -0.73422 -0.37285 0.27222 -0.091009 1.4032 -1.3593 -1.6125 -0.40997 -0.24954 -0.33137 1.1125 -1.3511 0.79946 0.28259 0.55192 0.53923 -0.57015 -0.015939 0.86969 -0.31639 0.9422
1.765 -0.21356 -0.81781 0.88373 -1.469 -0.99163 -1.6868 -0.69732 1.5333 1.5447 -0.9435 -0.76703 -0.002991 0.67311 -0.21697 -1.0266 0.29904 0.95185 -0.47172 0.13565 0.31174 0.09034 1.2767 -0.87051 -1.8241 -0.019416 -0.41752 -0.46946 1.2373 -1.1723 -0.24281 0.2646 1.5539 0.55248 -0.34451 -1.413 0.85418 1.2508 1.1259
1.8155 -0.41112 -0.79548 0.88703 -1.4292 -1.1722 -1.5935 -0.45203 1.2446 2.1414 -0.6327 -0.92345 0.031169 0.50409 -0.50615 -0.48875 0.018482 0.51411 -0.37567 0.82799 0.76364 -0.46983 0.67958 -0.27106 -0.60556 0.40163 -0.82764 -0.37536 1.0047 -0.86205 -1.1584 0.43657 2.0291 0.5004 -0.11375 -2.559 0.66306 2.145 0.98948
2.0173 -0.58817 -0.72359 0.56632 -1.0166 -1.8203 -1.0122 -0.59389 1.3035 1.5922 -0.73463 -0.86148 0.21929 -0.030783 -0.51197 -0.16194 -0.3161 -0.053868 -0.50867 1.9272 0.94629 -0.27631 -1.1523 -0.20909 1.0584 0.69751 -1.1867 -0.20125 0.97482 -0.77443 -1.3013 1.0701 1.587 0.49698 -0.12847 -2.7525 0.38585 1.8111 0.62803
2.0359 -0.64198 -1.0698 0.87417 -1.3048 -1.5087 -0.41137 0.014344 1.6685 1.148 -0.79961 -0.35263 0.42853 -0.45651 -0.57836 -0.068878 -0.49672 -0.78173 0.052207 2.3958 0.96235 -0.16618 -2.3646 -0.3124 1.544 0.79071 -1.1825 0.024222 0.98461 -0.6729 -0.64018 2.054 0.52828 0.32771 -0.053234 -1.6926 0.52006 0.14595 0.19783
1.9385 -0.82154 -0.9922 0.79969 -1.6587 -1.662 -0.046584 0.51791 1.06 0.7246 -1.5401 0.80572 0.58197 -0.8538 -0.54139 0.45224 -0.77376 -0.76933 1.2579 2.2173 1.2129 -0.35098 -2.561 -0.041832 0.98585 0.77525 -0.79593 0.14412 1.0197 -0.6237 0.54716 2.5324 -0.64548 0.015573 -0.39556 0.10543 0.95432 -1.5551 -0.12595
1.5203 -0.84235 -0.94324 0.32306 -1.9876 -1.6973 0.94483 0.081913 1.5291 -0.75708 -1.1611 0.93556 0.67068 -1.0843 -0.43614 0.90988 -0.90715 -0.30311 2.5103 1.6355 1.2878 -0.56366 -1.9076 0.7291 -0.24021 0.67363 -0.44262 0.28765 0.72742 -0.55598 1.7557 2.0548 -1.1774 -0.33955 -0.57543 1.3666 1.0407 -2.2397 -0.25605
1.2148 -0.91089 -0.75984 0.15565 -2.257 -0.59141 1.0862 0.44097 1.0749 -1.0163 -0.96934 0.57707 0.75024 -1.0595 -0.30667 1.1153 -1.1801 0.67637 2.9192 1.1391 0.80846 -0.9291 -1.1635 1.2463 -1.3528 0.55639 -0.12081 0.34013 -0.0401 -0.20873 2.1879 0.85938 -1.1554 -0.67399 -0.53871 1.8913 0.4117 -1.7195 -0.24989
1.0796 -1.1228 0.0079388 -0.24856 -1.7272 0.59529 0.9858 1.1915 0.68434 -0.66634 -0.42293 -0.30742 0.87147 -1.0954 -0.15459 0.85969 -1.2454 1.6477 2.9921 0.8056 0.4698 -1.1072 -0.38485 1.1971 -2.0517 0.49532 0.017867 0.32331 -0.79645 0.12949 1.8647 -0.55537 -0.67671 -0.95889 -0.25291 1.4574 -0.47061 -0.47307 -0.19789
1.0649 -1.0349 0.1375 -0.33648 -1.0692 1.4591 0.94579 1.1499 0.72449 -0.47159 0.40769 -1.3036 0.97544 -1.0427 -0.044236 0.40752 -0.95475 2.1882 2.5695 0.54288 0.24937 -1.232 0.38002 0.5853 -1.7627 0.46931 -0.0061641 0.32687 -1.3536 0.48163 0.90388 -1.6112 -0.1818 -1.0165 0.070224 0.5349 -1.1272 0.74194 -0.19815
0.97595 -0.96155 -0.10794 -0.60225 -0.59766 1.5063 1.1878 0.78632 0.13426 -0.42616 0.34699 -1.2822 1.0136 -1.0513 0.03955 -0.11661 -0.78386 2.2901 1.6125 0.70909 -0.38249 -0.96356 0.17645 0.10769 -1.028 0.40407 0.015394 0.26267 -1.3754 0.55548 -0.21226 -2.1714 0.069595 -0.91424 0.33526 -0.3163 -1.2682 1.5509 -0.25766
0.5015 -0.97207 -0.2828 -0.97743 -0.087998 1.5251 1.4458 0.7112 -0.32718 -0.43636 -0.41868 -1.2601 1.092 -1.081 0.20974 -0.74235 -0.56472 1.969 0.57714 0.85702 -0.83195 -0.87227 -0.3887 -0.51017 -0.26296 0.2885 0.098335 0.1864 -0.91122 0.41028 -0.92221 -2.0157 -0.022988 -0.53212 0.63097 -0.80386 -0.84759 1.4798 -0.29822
0.26935 -0.9206 -0.48287 -0.76703 0.0325 1.7456 1.72 0.50386 -0.063106 -0.42802 -0.50912 -1.0983 1.1663 -1.0391 0.21349 -0.9489 -0.4663 1.3552 -0.082918 0.7724 -0.8489 -0.60066 -0.60613 -0.84608 0.52754 0.17838 0.38909 0.094113 -0.29157 0.31832 -1.1924 -1.3623 -0.42413 0.10857 0.78471 -0.53191 -0.26842 1.0755 -0.29519
0.16725 -0.97546 -0.50975 -0.89879 0.26451 1.8558 1.8447 0.27389 -0.19205 -0.80489 -0.38345 -0.99999 1.1782 -0.87057 0.2232 -0.75557 -0.39101 0.97128 -0.36525 0.46781 -0.60241 -0.10479 -0.78582 -0.66435 0.6367 0.11085 0.60178 -0.035109 0.41176 0.11605 -0.97431 -0.6371 -0.65753 0.62514 0.91644 -0.07865 0.15049 0.5515 -0.23137
0.088042 -0.76712 -0.79531 -0.98414 0.63125 1.4081 1.9196 0.21675 -0.55248 -1.2102 -0.68029 -1.1057 1.1583 -0.48381 0.21702 -0.61555 -0.30754 0.61669 -0.48619 0.13548 -0.2839 0.28488 -0.6514 -0.35164 0.83625 0.02637 0.68476 -0.066378 0.86708 0.01308 -0.65416 -0.10887 -0.63929 0.7353 0.92894 0.2525 0.28865 0.084667 -0.13851
0.01328 -0.74747 -1.0655 -1.0721 0.37355 1.246 1.8662 -0.010807 -0.17485 -1.0346 -0.70868 -0.43538 1.1416 -0.3242 0.15385 -0.19589 -0.43142 0.55984 -0.44554 -0.014453 0.14574 0.59436 -0.50796 -0.43301 0.77774 -0.0013869 0.5116 -0.092324 1.1237 -0.095412 -0.50012 0.23955 -0.58737 0.66692 0.81236 0.50907 0.20229 -0.21465 -0.051545
-0.10913 -0.72836 -0.86589 -1.2767 0.60008 1.0697 1.7732 0.16045 -0.018108 -1.3403 -0.80293 -0.53501 1.1633 -0.13673 0.13637 0.27333 -0.41186 0.36075 -0.28692 -0.14344 0.26043 0.98546 -0.24072 -0.35347 0.65524 0.01503 0.25379 -0.018798 1.3835 -0.11514 -0.3246 0.30331 -0.61422 0.67272 0.62045 0.587 0.22247 -0.62088 0.0070835
-0.014173 -0.7537 -0.97042 -1.2191 0.57942 1.2009 1.6708 0.45659 0.28613 -1.0521 -0.84506 -0.12352 1.1471 -0.16305 0.10388 0.74675 -0.49262 0.17726 -0.062503 -0.45589 0.47026 1.2353 0.013873 -0.2326 0.28628 0.034174 0.29768 0.18511 1.3383 0.074729 -0.52314 0.073481 -1.0178 0.59697 0.35543 0.48471 0.54187 -0.63259 -0.051266
-0.094361 -0.77679 -0.5142 -1.3486 0.81524 1.3985 1.8526 0.6647 0.77441 -1.2288 -1.0654 -0.29151 1.1805 -0.12178 0.21796 1.3099 -0.46489 0.20303 -0.15702 -0.75547 0.91044 1.2509 0.24481 0.02044 -0.22636 0.018687 0.50716 0.37775 1.1307 0.2001 -0.7958 -0.52012 -1.51 0.39803 -0.18653 0.36054 0.89809 -0.29171 -0.22861
0.063507 -0.69501 -0.23409 -1.4595 0.7058 1.2992 1.6644 0.30818 0.97027 -1.2525 -0.81582 -0.31441 1.1838 0.18559 0.46508 1.6044 -0.26384 -0.32486 -0.41627 -1.5493 1.0238 1.1904 0.20679 0.50864 -0.1148 -0.085124 0.81034 0.69868 0.71732 0.49421 -1.0116 -1.008 -1.7804 -0.15881 -0.83394 0.69618 1.3506 0.13337 -0.60282
-0.22921 -0.57469 -0.10765 -1.7198 0.6483 1.1356 1.1129 0.73611 1.1738 -1.0505 -0.99712 -0.6853 1.1782 0.56247 0.66309 1.8033 -0.16793 -0.84421 -1.1173 -2.3268 0.7836 0.59622 0.37801 1.1365 0.25033 -0.28686 0.74485 0.82274 0.31262 0.86953 -0.98246 -0.74858 -1.4796 -0.7573 -1.5285 1.0088 1.2673 0.41965 -1.0513
-0.14186 -0.44521 0.57105 -1.6578 0.6548 0.85207 0.7948 1.418 1.591 -0.64013 -0.52284 -0.73163 1.1477 0.88395 1.1805 1.7426 0.22685 -1.1449 -1.495 -2.889 0.20521 -0.21141 1.3175 1.9998 0.35016 -0.76464 0.13213 0.75524 -0.26157 1.2735 -0.32694 -0.089603 -0.45294 -1.3371 -1.9512 1.0153 0.85761 0.13998 -1.485
0.32953 -0.11568 0.89603 -1.4104 0.033716 0.55209 -0.49727 1.4811 1.6334 -1.2308 0.071076 -0.23161 1.0208 0.80678 1.3882 1.7822 0.8081 -1.1801 -1.0488 -2.7609 -0.22156 -1.2837 1.6696 1.8941 0.45468 -1.3003 -0.72427 0.51352 -1.0588 1.4219 0.49072 0.60413 1.0246 -1.6306 -1.8727 0.44749 0.10885 -0.25097 -1.6339
0.7153 -0.022274 1.1094 -1.4654 -0.36663 -0.33121 -1.1285 1.0568 0.84512 -0.46328 0.75574 0.48469 0.7903 0.29915 1.506 1.1614 1.4666 -0.76608 -0.65889 -2.1525 -1.1899 -1.9947 1.5538 1.9073 0.099342 -1.9211 -1.2713 -0.097476 -1.7054 1.1802 1.0122 0.76116 2.188 -1.1452 -1.1747 -0.1543 -0.61867 -0.11101 -1.1949
0.77016 0.84328 1.4331 -0.99373 -0.27714 -0.32396 -1.5286 0.29775 0.25458 1.0061 1.8356 -0.26344 0.2327 -0.36586 1.4581 0.25898 1.6878 -0.16599 -0.45646 -0.8456 -1.83 -2.4722 1.1447 1.4216 -0.14273 -2.2861 -0.97881 -0.79264 -2.3534 0.52831 0.83243 0.22906 2.1919 -0.37503 -0.14282 -0.61712 -1.0395 0.36226 -0.12609
0.46681 0.82814 1.809 -0.36435 -0.4109 0.55869 -1.4572 0.26458 -0.9932 0.73424 0.94798 -0.076546 -0.21213 -0.68078 0.97645 -0.45114 1.8437 0.15756 -0.42092 0.1048 -1.3181 -2.1083 1.2904 0.97989 0.42927 -2.1569 0.18572 -1.6402 -2.2955 -0.39704 0.021034 -0.5103 1.4371 0.93288 1.284 -0.69114 -1.7186 0.80784 1.3489
-0.28193 1.0861 1.0043 0.26952 0.11556 0.29825 -1.3492 -0.4551 -1.0432 0.46898 1.5408 -0.90931 -0.82082 -0.35686 0.20177 -1.4896 1.5466 -0.15716 -0.7849 0.068989 -0.92411 -1.5466 0.60864 0.23687 1.0807 -1.3823 1.537 -2.0665 -1.8207 -1.2488 -0.54831 -1.2257 0.35226 1.626 2.4828 -0.45826 -1.9816 0.80828 2.5534
-0.27195 1.2099 0.73424 0.29834 0.3223 -0.19381 -0.22164 -0.63673 -1.4688 0.17736 1.4999 -0.38282 -1.0603 0.62151 -0.88025 -1.9422 0.86074 -0.7512 -1.4837 -0.015197 0.24104 0.2253 0.48469 -1.0168 1.23 -0.24714 2.3126 -1.8384 -0.93352 -1.7113 -0.61656 -1.1843 -0.24914 1.5193 2.7595 -0.4433 -2.2929 0.15731 3.0051
0.18721 0.82245 0.46103 0.75487 -0.28083 -0.59402 -0.95528 0.25513 -1.0425 1.1672 1.794 1.4349 -0.95116 1.6078 -1.4142 -2.1506 0.026835 -0.72063 -2.2416 -0.15101 0.67884 1.5665 0.66487 -1.6369 1.2002 0.7842 1.8783 -1.1238 0.021398 -1.4531 0.089704 -0.28358 -0.02462 1.0141 2.2004 -0.25268 -1.8672 -0.70661 2.494
0.74478 0.25841 -0.60846 0.30209 -0.88576 -1.4783 -1.7878 -0.44795 -1.5386 0.87533 1.1291 1.6518 -0.41823 2.2807 -1.5955 -1.7385 -0.35014 -0.69299 -1.9323 -0.23725 0.95274 2.1229 0.40882 -2.7796 0.72283 1.4973 0.58386 -0.13838 0.60861 -0.72678 0.96279 1.0589 0.59744 0.14521 0.76408 -0.88873 -0.78006 -1.2783 1.2607
1.4716 -0.31531 -0.32459 0.15119 -1.1491 -1.6497 -1.4731 0.98672 1.1351 1.6878 -0.52465 0.30384 0.0037222 2.0189 -1.5026 -1.5547 -0.35446 -0.042937 -1.1289 0.13365 0.76841 2.1159 0.16507 -2.7033 -0.1571 1.6769 -1.0158 0.47125 0.97589 0.054023 1.596 1.9638 1.1886 -0.2832 -0.68048 -1.3249 0.63929 -0.92113 -0.057309
1.6639 -0.54371 -0.78857 -0.24183 -0.43208 -2.2175 -1.1577 0.54946 1.0652 1.0637 -1.0344 0.87679 0.31388 1.4199 -1.0806 -1.1859 -0.19643 0.63019 -0.11731 0.92007 0.48387 1.5394 -0.98816 -2.0713 -0.80331 1.2934 -2.1609 0.80882 0.97532 0.58089 1.8569 2.0509 1.1979 -0.57528 -2.1622 -1.2624 2.247 0.083765 -1.0966
1.8382 -0.3273 -0.89724 0.10448 -0.31053 -1.8826 -1.0301 0.35626 1.2613 0.55881 -1.9268 0.097674 0.40961 0.32167 -0.79186 -0.73632 0.055161 1.4816 0.45284 1.416 0.33271 0.40713 -1.2106 -0.66221 0.013845 0.79472 -2.5039 0.5775 1.2113 0.69903 1.2198 1.6105 0.66644 -0.43804 -2.7777 -0.31228 2.6034 0.68038 -1.4212
1.7186 -0.54452 -1.1432 0.17802 0.11432 -1.3571 -0.11774 0.448 0.83137 0.87902 -1.0651 0.44775 0.54934 -0.53449 -0.4485 -0.45807 0.4632 1.8799 1.0403 1.2841 -0.001863 -1.5919 -1.3552 0.8323 0.83365 0.20822 -2.2034 0.2446 1.412 0.48943 0.5072 0.88076 0.011663 -0.46649 -2.644 0.9552 1.93 0.49897 -1.1014
1.8042 -0.63874 -1.1612 0.44127 -0.12122 -0.8346 -0.37983 0.79476 0.76274 -0.44392 -0.68911 0.67326 0.39731 -1.2512 -0.74294 0.1799 0.53859 1.5166 1.2386 1.1539 0.11694 -2.1829 -0.24919 1.2096 0.49467 -0.022464 -1.5108 0.21908 1.6078 0.02265 -0.25462 0.58945 -0.24705 -0.76413 -1.6259 1.6339 0.58808 -0.54695 -0.69948
1.0427 -0.98695 -1.2812 0.071594 0.84834 -1.4011 -0.035155 0.34427 -0.29265 -0.079105 -0.14674 1.5769 0.54797 -1.5298 -0.64337 0.80226 0.42153 1.5101 1.082 1.0703 -0.36024 -2.7487 0.40677 0.97372 0.039164 -0.035749 -0.91078 0.4149 1.4584 -0.59524 -0.60995 0.49568 -0.11933 -1.1616 0.026718 1.819 -0.70641 -1.3006 -0.26381
0.99235 -0.73613 -0.74883 0.76763 1.2353 -0.45623 0.12608 0.95183 -1.301 0.052867 0.27569 1.3403 0.19233 -1.7389 -0.27976 1.4191 0.12681 1.188 1.4836 1.0747 -1.0433 -2.455 1.1084 0.49063 -0.73939 -0.18731 -0.062974 0.93325 0.70684 -0.92588 -1.2295 0.82881 -0.45025 -1.1224 1.4529 0.90088 -1.0247 -1.1751 -0.25139
0.34074 -1.4936 -0.51732 0.44345 0.95567 -0.66856 0.34794 0.39439 -1.6682 1.2373 -0.1962 0.67785 0.41962 -1.8285 0.095743 1.449 -0.35079 0.9239 1.7954 1.1062 -1.7823 -1.4188 1.5273 -0.24465 -1.3091 -0.12641 0.24648 1.1469 0.3323 -1.2685 -1.8779 0.78876 -1.1381 -0.45356 2.6418 -0.31492 -0.60381 -0.23465 -0.32482
0.44563 -0.84611 0.0085867 0.67115 1.3279 -0.29703 0.62766 -0.38847 -2.4538 1.0045 -0.72015 -0.19832 0.50295 -1.1979 0.61931 1.081 -0.66807 -0.42971 2.3777 0.32054 -1.4532 0.19033 0.96018 -0.27176 -1.3229 -0.3746 0.59015 1.5192 0.61651 -1.1462 -1.8215 0.078875 -2.0667 0.70216 2.8717 -1.6852 0.18129 0.99674 -0.59267
-0.075856 -0.74244 0.40904 0.15024 1.1982 1.0176 1.2285 -0.84708 -1.9846 1.7508 0.045067 -0.17465 0.21048 -1.3701 1.0329 1.5468 -1.3676 -1.0915 2.0565 -0.61081 -1.0811 1.4689 -0.12206 0.12931 -0.15271 -0.45536 0.55294 1.5893 0.96806 -0.43032 -1.2417 -0.94811 -2.5512 1.9855 1.9747 -2.4809 0.89378 1.3099 -1.0203
-0.35301 -0.56901 0.10078 -0.30672 1.2365 1.1033 0.81925 -1.4804 -0.84913 1.1464 -0.98658 -0.30752 0.3079 -0.9535 2.0641 2.4381 -1.3393 -1.1129 1.4574 -1.8029 0.022392 2.1251 -1.3438 0.69132 0.82821 -0.95842 0.28655 1.3299 0.40134 1.0247 -0.013723 -2.0694 -1.594 2.1751 0.40308 -2.0319 1.0257 1.0837 -1.2432
0.05587 -0.17506 -0.18704 -0.49128 0.010757 1.7697 -0.15307 -0.49125 -0.048775 0.99554 0.054759 0.27017 -0.079218 -0.99941 2.3151 2.4475 -0.74927 -0.99591 0.45418 -2.4434 1.4968 1.7501 -2.1506 1.1255 0.4298 -1.4443 0.16816 0.20853 -0.77441 2.5089 0.8869 -1.9777 -0.064372 1.6749 -0.89609 -0.77938 0.73659 0.18471 -1.0585
-0.86419 0.23845 1.8201 -1.0912 -0.022828 1.579 -0.82829 -0.2351 0.35568 -0.057982 0.49646 1.3381 -0.16303 -0.88496 2.4416 1.3257 0.81006 -0.521 -0.70332 -1.6451 1.659 0.87881 -1.9793 1.353 0.71738 -1.8415 -0.07682 -1.4576 -1.9594 2.7846 1.264 -1.4539 1.4625 0.13228 -1.475 0.51426 0.041248 -0.63517 -0.07217
-0.44066 1.4657 2.921 -0.918 0.29582 0.75453 -1.8291 0.19557 0.53793 -0.51051 0.4923 1.1892 -0.62178 -1.1074 1.2394 0.76077 1.9168 0.19566 -0.57507 -0.80795 1.4882 0.18716 -1.3137 1.3272 0.31454 -1.6839 0.30305 -2.0379 -2.734 1.9883 1.2238 -0.55524 2.3866 -1.1013 -1.2356 1.3922 -0.83328 -0.77436 0.65597
-0.82885 1.7527 2.2253 0.10186 0.59867 0.62987 -1.6736 1.4139 -0.64309 -1.434 0.92 -0.78217 -1.1679 -1.0191 -0.075718 -0.11398 2.1645 0.55551 -0.76802 0.019987 0.2881 -0.21652 -0.74712 0.6904 -0.453 -0.95349 0.406 -1.8894 -2.5068 0.39937 0.61929 -0.055505 2.1674 -1.2596 -0.74481 1.6433 -1.1881 -0.45203 1.074
-1.0883 1.7392 0.3729 1.6674 0.61206 0.2574 0.15658 0.22508 -0.3531 -0.026202 1.548 1.2941 -1.6619 -0.40593 -0.17415 -1.5703 2.0304 0.65745 -0.58587 1.0344 -0.056144 -0.32155 -0.03827 -0.24027 -0.62108 -0.85506 0.73293 -0.61122 -1.6588 -0.99415 -0.16291 -0.19838 1.3536 -0.69319 -0.04046 1.5765 -1.238 0.38499 0.98232
-1.472 -0.018383 0.97719 1.7681 0.97106 1.2712 -0.72411 0.3881 0.11929 -0.36033 0.74122 0.35626 -1.0796 -0.53421 -0.32567 -1.8527 1.4568 0.34794 -0.84304 1.3479 -0.12805 -0.45331 0.60143 -0.28955 0.2374 -0.56348 0.64014 0.60401 -0.12806 -1.9118 -0.73028 -0.44262 0.091854 0.38447 0.43197 1.0782 -0.99863 0.55548 0.51193
-1.0444 -0.21906 1.0118 1.1591 0.21745 0.59654 -0.84767 -0.3736 -0.055572 -0.45941 1.0405 -0.031048 -0.6953 -0.092383 0.24773 -1.2443 0.55949 -0.013485 -0.9478 0.97198 0.28484 0.20127 1.1002 -0.71153 0.80883 -0.3311 0.38759 1.2263 0.96542 -1.7644 -0.85965 -0.58774 -0.76177 0.72363 0.56698 0.66312 -0.42551 0.43009 0.10317
-0.93544 1.6441 0.63742 1.1127 1.059 0.29224 0.26589 0.35436 -0.19678 -0.50435 -0.3016 0.5096 -1.5551 -0.076249 0.83795 -0.49919 -0.40136 -0.4467 -1.4505 0.21526 0.89007 0.41195 0.79938 -1.1109 0.035595 -0.40933 0.34252 1.0695 0.98721 -0.93914 -0.47944 0.035855 -1.1039 0.34737 0.44843 0.038726 0.010789 0.015426 -0.19666
-1.2885 1.6 0.37943 1.5481 0.73051 -0.82815 -0.095386 0.82862 -0.84457 0.25985 0.87817 1.2526 -1.617 0.035245 1.5163 -0.5746 -0.086308 -0.51657 -1.4149 0.22243 0.89457 0.41982 1.1684 -0.68884 0.41562 -0.77054 0.24437 -0.57248 0.30361 -0.43174 -0.091015 1.2121 -0.91631 -0.56186 0.18994 -0.28855 0.56482 -0.37034 0.29369
-1.034 1.7711 0.057867 1.5345 0.46557 -0.2252 0.1046 1.5594 0.25381 0.6828 0.21281 0.83896 -1.5875 -0.0045032 1.0231 -0.47737 0.16394 -0.28516 -0.5851 -0.27374 0.26437 0.36194 0.65451 -0.26358 0.48438 -0.65492 0.89022 -2.0514 -0.3392 -0.45951 0.0087096 1.9068 -0.33807 -1.2123 -0.086242 -0.11636 0.68224 -0.54594 1.2267
-1.4315 1.5217 0.28083 0.86227 -0.0077611 -1.1846 -0.21946 0.7666 0.75068 0.68665 -0.40215 0.6169 -1.6931 0.29835 -0.89002 -0.72952 -0.45973 -0.27734 0.82655 -0.44101 -0.54756 0.60684 0.62117 0.040583 -0.1889 0.2537 1.4189 -3.1002 -0.69299 -1.23 -0.47429 1.2971 -0.0013485 -1.2605 -0.6088 -0.056249 0.60179 -1.2516 2.2329
-1.1257 1.6273 0.60426 1.6388 0.41049 -0.21185 -0.64763 0.95825 0.37948 0.878 0.078775 0.65963 -1.6759 1.3172 -1.7317 -1.0098 -0.99934 -0.56928 0.92483 -0.065726 -0.85218 0.11782 0.85754 -0.058532 -0.81045 1.0117 1.5992 -2.6753 -0.76588 -1.5374 -0.48626 0.19784 1.1091 -0.58609 -0.95501 0.42981 0.40903 -1.4407 2.6548
-0.88152 1.7458 0.19089 1.3624 0.39388 -0.12537 -0.74785 -0.25907 -0.1518 -0.16964 0.67161 1.0657 -1.6712 1.7985 -2.8133 -1.5095 -1.6245 -1.2498 0.19488 0.1141 -1.1081 -0.75839 0.96874 0.46038 -1.5921 1.9159 0.98292 -1.2803 -0.26364 -1.2315 -0.15639 -0.87974 1.8707 0.029735 -0.83724 0.15786 -0.19624 -1.1981 2.2193
-0.6776 -0.049684 -0.75532 0.25114 0.81353 1.4771 0.066602 0.1845 0.66155 1.0027 -0.0099522 0.30999 -1.074 1.9761 -2.9387 -1.4148 -1.9061 -0.69584 0.055718 1.4508 -0.6497 -0.98426 1.3311 0.38217 -1.8729 2.699 -0.033997 -0.032581 0.43693 -0.40186 0.28339 -0.64753 1.7949 0.36039 -0.054482 -0.26243 -0.72874 -0.4373 1.3138
0.50579 -0.47693 -0.89654 0.18236 -0.63647 -0.46092 -0.028558 0.39454 -0.53651 2.0982 0.56576 -0.19201 -0.30209 1.6515 -2.6372 -0.98418 -2.1287 -0.51521 -0.41344 2.1788 -0.5952 -0.6231 0.70405 -0.56786 -2.1986 2.9083 -0.67329 1.5818 1.171 0.67572 0.55084 0.093787 1.0601 0.29559 0.47663 -1.0729 -0.88758 0.76379 -0.18384
0.55138 -1.5732 -1.4645 -0.88339 -1.4462 -0.88119 -0.035811 -0.12904 -0.64352 1.6924 0.60534 -1.7421 0.43916 1.3439 -1.8692 -0.51573 -1.4321 -0.44346 -0.014668 2.143 -0.38499 -0.083607 0.48935 -1.0267 -1.4235 2.586 -1.0798 2.3281 1.2079 1.3443 0.59987 1.1084 -0.070278 -0.081014 0.65903 -1.7071 -0.5739 1.6957 -1.6231
0.31341 -1.0735 -0.56504 -0.9727 0.35007 -0.51651 2.0305 -0.02203 -0.60076 2.1164 0.12284 -1.1703 0.88558 0.98062 -0.42011 0.069627 -0.67907 -0.39984 0.36198 1.6816 -0.64815 -0.22485 -0.69257 -0.64389 -0.16845 1.6815 -0.8875 2.4388 0.83696 1.6245 0.41788 1.6067 -0.78047 -0.20348 0.26679 -1.533 0.1587 2.2057 -2.3875
0.44658 -0.89222 -0.4567 -0.79146 0.2868 0.0029362 1.8876 -0.28404 -0.24802 0.57835 -0.95416 -1.6356 0.90529 0.48619 0.25704 0.15097 -0.28984 0.31123 1.6825 1.5706 -0.79406 0.1843 -1.2903 -0.74397 0.75037 0.75206 -0.55919 1.7197 0.037427 1.0819 -0.13563 0.94743 -1.1876 -0.2512 -0.24854 -0.98368 0.71717 1.604 -2.2974
0.69339 -0.96652 -1.0646 -0.49738 -0.36392 0.84461 1.6335 -0.5845 0.30896 1.1251 -0.7276 -0.20515 0.87226 0.58203 0.80808 0.13235 0.12683 -0.1565 1.6772 1.053 -0.80966 -0.21476 -1.3862 -0.36799 1.4416 0.059636 -0.33275 0.66163 -0.44264 0.47826 -0.11935 -0.22798 -0.99667 0.03643 -0.48213 0.24522 0.90674 0.59099 -1.5553
0.88045 -0.71742 -0.85635 -0.72569 -0.64935 1.037 1.6764 -0.40372 -0.51376 0.6386 0.015631 -0.059092 0.7561 0.60319 0.6989 -0.48257 0.05133 -0.82878 1.0436 0.30971 -0.81993 -0.63079 -1.0719 0.32415 1.214 -0.22671 -0.31915 0.070845 -0.37065 0.12364 -0.008904 -1.2945 -0.75105 0.3085 -0.76817 0.81391 1.2937 -0.5139 -0.77372
0.97484 -0.58587 -0.86406 -0.68421 -0.38416 1.1833 2.0994 -0.81348 -0.49996 0.53212 -0.32843 -0.10999 0.72783 0.36725 0.58982 -0.38091 -0.0093462 -0.064089 0.21629 0.50929 -0.56804 -0.85102 -0.31165 0.70043 0.87912 -0.28267 -0.61344 -0.4572 -0.12487 0.22261 0.96721 -1.3464 -0.60491 0.59459 -0.45433 0.96644 0.95217 -1.3393 -0.24364
0.94238 -0.43042 -0.89455 -0.84817 -0.92075 1.0069 2.091 -1.1707 -1.0796 -0.065462 -0.18275 -0.043492 0.68978 0.061835 0.50745 -0.23497 0.0040693 0.23025 -0.031237 0.48353 -0.29636 -1.1332 -0.22766 1.3953 -0.048308 -0.29786 -0.90384 -0.80787 0.52289 0.65767 1.7099 -0.92438 -0.82892 0.91417 -0.16881 0.73761 0.23616 -1.2927 -0.054516
0.90129 -0.18596 -1.2254 -0.77762 -0.29512 0.79498 2.3557 -0.98393 -1.1556 0.58821 0.19201 0.20482 0.70126 -0.17954 0.071207 -0.20816 0.54778 1.0422 -0.32584 -0.12873 0.12683 -0.93875 0.089262 1.0681 -0.7697 -0.29003 -1.1147 -1.167 0.83074 0.97895 1.6698 -0.23842 -1.3326 0.96323 0.1886 0.48111 -0.51359 -0.7201 0.027138
0.90202 -0.38963 -1.0366 -0.59296 0.2177 0.47849 2.2831 -0.89761 -0.94962 0.56096 0.021176 -0.12663 0.57303 -0.64952 -0.52112 0.33674 0.92397 1.6876 -0.44271 -0.87088 0.67853 -0.96131 0.17873 0.64072 -0.70452 -0.31006 -1.1174 -1.2273 0.81991 0.82337 1.0456 0.23984 -1.2879 0.64449 0.55281 0.49494 -1.1133 0.20499 0.14512
0.8036 -0.35352 -1.2574 -0.55643 -0.5683 1.2818 2.1073 -0.8013 -1.6735 0.71888 2.1056 -0.36315 0.50976 -1.1617 -1.0375 0.77233 1.2386 2.2043 -0.062502 -1.2232 0.88983 -0.55923 0.43564 0.037518 -0.31297 -0.23485 -0.73099 -0.78124 0.50171 0.22129 -0.01589 0.63414 -0.60569 -0.17306 0.5405 0.61466 -1.1887 1.1786 0.29227
0.70144 -0.73564 -0.93119 0.21476 0.92356 0.49131 1.3465 -0.27609 -1.8356 0.51008 0.63468 -1.4274 0.4599 -1.3363 -1.1911 0.69513 1.097 1.519 0.24 -1.2981 0.62155 -0.17881 0.57663 -0.36195 0.17847 -0.097693 -0.047342 0.39639 -0.0074831 -0.27283 -0.68764 0.83664 0.31102 -0.83962 0.77324 0.42971 -1.1335 1.3036 -0.070194
0.069514 -1.2823 -0.21845 0.4138 1.4407 0.47388 0.93398 -0.16237 -1.9342 0.49148 -0.11683 -0.43031 0.43141 -1.0683 -1.024 0.48164 0.85631 1.0791 0.46736 -1.0114 -0.20203 -0.21172 1.1014 -0.85795 1.3229 0.063567 0.35444 1.7297 -0.57212 -0.79331 -1.1477 0.64913 0.94507 -0.9855 0.76701 0.10817 -0.32773 1.505 -0.79558
-0.39783 -1.5042 -0.19513 0.61248 1.5578 1.0893 0.90206 -0.20293 -1.4856 0.92475 -0.078661 0.17735 0.51782 -0.76574 0.21384 0.46879 0.65394 0.98956 0.80267 -0.41671 -0.48367 0.47299 0.696 -1.2255 1.2786 -0.57102 0.58721 2.7673 -0.76765 -0.82593 -0.9517 0.20322 0.9588 -0.85057 0.53059 -0.75971 0.28848 1.1084 -1.5217
-0.24314 -1.34 -0.86779 0.32967 0.80899 1.1371 1.0687 -0.46333 -1.0892 1.6168 0.24664 0.38754 0.60064 -0.83323 1.4608 -0.10616 0.097052 0.37744 0.81854 0.041824 -0.56132 0.7098 0.59863 -0.18899 2.3681 -1.2537 0.44134 2.956 -0.36442 -0.37629 -0.97497 -0.77809 0.24135 -0.073614 0.43026 -1.6589 0.68305 0.089814 -1.935
0.16213 -1.3706 -0.66654 0.42566 0.98259 1.3122 1.0982 -1.5653 -1.9066 2.086 -0.31665 1.5277 0.59534 -0.44417 2.6809 -0.34143 0.056971 0.13226 0.39937 -0.094233 -0.92913 0.45785 -0.64294 -0.088492 2.04 -1.8395 -0.1062 1.9522 0.51315 0.23717 -0.83025 -1.2857 -0.44498 1.1836 0.31042 -1.7315 0.48203 -0.73586 -1.5354
-0.026998 0.50562 -0.36571 0.6589 1.3401 2.1234 1.3915 -0.81165 -0.8422 0.73107 0.016587 -0.006198 -0.58049 -0.46751 3.2047 0.25496 0.51431 -0.27184 -0.81692 -0.7384 -0.13514 0.68213 -1.4548 -0.0077572 1.1513 -2.3544 -0.43433 0.44997 1.0098 0.64381 -0.58235 -1.1485 -1.0003 1.8988 0.62676 -1.1381 0.03673 -1.8193 -0.61315
-0.82894 0.77286 -0.87402 0.30218 1.8443 0.95911 1.0565 -0.51148 -0.83317 1.2033 0.24271 2.6545 -0.95992 -1.1182 2.9529 1.177 0.86785 -0.20405 -0.80739 -0.83247 1.6952 1.1209 -1.6448 -0.31051 0.3331 -2.4428 -0.45943 -1.2387 0.61071 0.47492 -0.61564 -0.48998 -0.86332 1.8566 0.61176 0.19212 -0.098239 -1.5992 0.67298
-0.46765 1.6075 -0.56093 0.61746 1.3039 1.032 0.53175 -1.684 -1.4194 -0.68232 -0.42154 2.1972 -1.2237 -1.2239 2.1653 0.88403 0.8188 -0.52491 -0.75133 -1.3983 1.9678 1.678 -1.1098 0.012633 -0.64573 -1.92 0.019353 -2.1511 -0.24786 0.1199 -0.37736 0.56402 -0.27997 0.90777 0.1044 1.004 -0.072211 -1.3672 1.5554
-0.70965 1.8175 0.13068 1.504 0.46196 -0.36519 -0.20574 -0.027202 -0.094496 -0.18156 0.18609 0.93621 -1.63 -0.83631 0.9266 0.40189 0.73926 -0.87182 -0.58475 -1.326 1.7752 1.2281 -0.4289 -0.28541 -0.45884 -0.99668 0.57603 -2.263 -0.98008 -0.29272 -0.0090185 0.60801 0.45138 0.010027 -0.83061 1.3609 0.21662 -0.78253 1.7908
-1.4033 1.6983 0.81061 1.3901 0.80858 0.996 0.55684 2.1038 0.39572 0.28014 -0.58505 0.72473 -1.7295 -0.56453 0.26125 0.21272 0.79795 -0.63821 0.076207 -0.99937 1.6578 0.82909 -0.091835 -0.15355 -1.3546 -0.62594 0.68914 -1.6711 -0.83355 -0.5707 0.58799 0.83118 1.2688 -0.74886 -1.6157 0.81597 0.24246 0.30662 1.395
-1.0263 1.5464 -0.17585 1.2028 0.8745 0.99462 -0.72368 0.16568 0.75636 0.61604 0.15273 0.30045 -1.5817 -0.45723 -0.25803 -0.18585 0.3826 -0.18238 -0.13508 -0.21825 1.8639 -0.22164 0.51352 0.23285 -0.96596 -0.26724 0.47348 -0.74531 -0.3228 -0.60775 0.62135 0.51906 1.2141 -1.456 -1.4003 0.048044 0.23071 0.84462 0.75986
-0.99677 1.7072 -0.55885 1.3034 0.61911 0.93561 -0.08465 0.93287 0.23109 -0.046577 -0.45776 1.1213 -1.6423 -0.2304 -0.31382 -0.26675 0.019771 0.17366 0.52402 0.33843 0.39924 -1.0162 0.022936 0.26686 0.27998 -0.086059 0.29755 -0.077045 0.28218 -0.53159 0.25519 0.050785 1.0068 -1.6214 -0.90585 -0.37532 0.36061 1.5706 0.41141
-1.3259 1.302 -0.38913 1.5678 1.0411 0.72124 -0.36131 0.9079 -0.3628 0.35032 -0.028471 0.82978 -1.7309 -0.18715 -0.14981 0.081961 0.086792 -0.1742 0.11237 0.19694 -0.55271 -0.81519 -0.38093 -0.0063883 0.5448 -0.069538 0.23381 0.40686 0.59046 -0.24599 -0.17472 -0.24502 0.17332 -1.5687 0.12753 -0.26118 0.52048 1.1095 0.12821
-0.96682 1.4838 -0.10154 1.3766 0.65947 0.054708 0.40968 1.7152 -1.6583 0.13904 0.20006 0.17223 -1.6284 -0.18253 0.075674 0.56743 0.036266 -0.20008 0.0045894 0.61034 -0.4263 -0.79951 -0.36545 0.72221 1.2612 -0.07715 0.21402 0.60221 0.25012 -0.10413 -0.43413 -0.71624 -0.43293 -0.72685 0.88762 0.30661 0.59128 0.38802 0.010029
-1.2931 1.4733 0.31851 1.4218 0.80977 1.4038 0.44503 0.74528 -0.58456 0.071065 0.3169 1.6974 -1.7921 -0.072524 0.30822 0.41984 -0.040328 -0.32978 -0.37214 -0.04294 -0.90901 -0.080767 0.20961 1.0898 0.92996 -0.070612 0.19398 0.48879 -0.423 -0.078201 -0.21142 -0.63679 -0.77775 -0.24321 1.0383 0.67939 0.46539 -0.023229 -0.024632
-1.5549 1.559 0.47395 1.3873 0.53116 1.2406 0.0034846 0.35112 0.13224 -0.16925 -0.90509 1.2175 -1.7111 0.087278 0.57845 -0.0026344 -0.085535 -0.55135 -0.60489 -0.32575 -0.90223 0.4653 0.33761 0.94888 0.93337 -0.070781 0.24633 0.25347 -0.87389 0.010326 -0.12116 -0.80453 -0.8843 0.19592 0.65801 0.6299 -0.056535 -0.71827 -0.0013795
-0.97689 1.7466 -0.068523 1.2597 0.65765 0.5711 0.16593 -0.2499 -0.85633 0.071532 1.9048 2.5113 -1.6452 0.018844 0.5109 -0.36629 0.023752 -0.39911 -0.80662 -0.74216 -0.81425 0.71833 0.60495 0.85174 0.67654 -0.11263 0.18843 0.038264 -0.72099 0.070439 0.010934 -0.67528 -0.41612 0.61279 0.055594 0.32108 -0.22827 -0.75244 0.011412
-1.1598 1.9785 -0.20216 1.4127 0.33709 -0.10874 -0.38981 0.35544 -0.19749 0.69144 0.97797 1.5427 -1.7908 0.20172 0.45243 -0.55406 0.03369 -0.40293 -1.3132 -0.6397 -0.083309 0.16649 0.67773 0.74023 -0.1284 -0.059386 0.11459 -0.089942 -0.37223 0.064994 0.091464 -0.49549 -0.14437 0.58774 -0.26402 0.18699 -0.13604 -0.6939 0.024791
