39 189
0.18875 1.3815 -0.10722 0.90534 0.35613 0.77464 1.0436 1.4037 -0.016932 -0.16971 -1.7884 0.17147 -1.526 0.039976 -0.014511 0.53744 0.10704 -0.7844 -0.55516 -0.66235 -1.1125 -0.2983 -0.052344 0.45939 -0.57407 0.0053835 -0.038089 -0.078057 -0.15758 0.049152 0.47966 0.24365 -0.11125 -0.10002 0.027359 -0.0034933 0.18104 0.33743 -0.039307
0.08536 1.3445 0.3555 1.0403 0.30278 0.32812 -0.059858 0.61525 -0.69363 0.2987 -3.1053 -0.78988 -1.4735 0.043458 -0.16186 0.44397 -0.0027644 -0.52184 -0.41449 -0.71301 -1.3177 -0.23499 0.053595 0.66556 0.36968 -0.033052 0.0054205 0.078051 -0.19203 0.16211 0.84509 0.59889 0.1653 0.24384 -0.1091 0.075043 0.76351 0.15682 -0.020446
0.47816 1.41 0.34542 1.0833 -0.86863 0.11556 0.34531 -0.03737 0.1369 -0.32003 -1.4618 -0.31129 -1.4621 -0.036268 -0.067752 0.30246 0.24397 -0.030699 -0.14136 -0.81693 -1.1432 -0.24753 -0.11175 0.66182 -0.43612 -0.036031 0.028908 0.21701 -0.36447 0.2761 0.90227 0.75888 0.3708 0.91946 0.18499 0.28559 1.2211 -0.19318 -0.027409
0.10608 1.3473 0.47624 0.94119 -0.48545 0.14042 0.37181 0.21989 -0.54218 -0.32272 -0.65676 -0.39909 -1.5746 0.084231 0.13965 0.31304 0.31091 0.38441 0.41724 -0.24898 -0.61028 -0.49992 0.13219 1.8272 -0.37548 -0.0042908 0.0059176 0.32212 -0.417 0.28068 0.81785 0.62853 0.35544 1.4442 0.5164 0.58218 0.93272 -0.56531 0.043703
0.23051 1.14 0.21358 0.81059 0.20756 0.50342 0.10646 -0.17072 -0.23144 0.13299 -1.343 1.4 -1.5634 0.069251 0.18878 -0.040207 0.4146 0.41151 0.52135 -0.17485 0.23921 0.21538 0.49551 2.2616 -0.59718 -0.050546 -0.059092 0.23317 -0.39264 -0.14874 0.072617 0.2026 0.33019 1.2061 0.70866 0.7264 0.2694 0.21026 0.087647
0.069723 1.4319 0.2286 1.4642 0.64383 0.7037 -0.32436 0.11241 -0.46453 -0.40036 -1.6 -1.7129 -1.5205 -0.0022485 0.23527 -0.11957 0.38402 0.75346 0.49146 -0.34319 0.64288 0.54298 0.94613 1.6727 -0.65068 0.046715 -0.031774 0.13831 -0.38776 -0.34892 -0.59721 -0.43107 0.1485 0.7768 0.57397 0.22914 -0.93128 0.37374 0.08264
0.45046 1.6235 0.63151 1.3049 0.57812 1.3066 0.71358 0.44453 -1.1246 0.47964 0.72115 -0.59663 -1.4644 -0.10646 0.26484 -0.17357 -0.043986 -0.066149 0.22531 -0.12608 0.45272 0.60486 0.97358 1.2211 0.070312 0.081458 0.037126 -0.13561 -0.23826 -0.56079 -0.90168 -0.84307 0.19766 0.056478 0.0038837 -0.29735 -1.5191 0.87087 0.05642
0.25323 1.46 0.18173 1.5088 -0.17246 0.48645 -0.49443 0.79828 0.56736 0.97522 0.14564 -1.4211 -1.5656 0.10929 0.32739 -0.30408 -0.048456 -0.4387 -0.27098 0.031376 0.73109 0.42389 0.36439 0.43105 -0.030599 0.064668 -0.074873 -0.48319 -0.033234 -0.60795 -0.78064 -0.71904 0.014432 -0.67287 -0.56865 -0.87019 -1.6324 0.66179 0.064477
0.2939 1.5314 0.18505 1.2719 0.39159 0.69164 -0.074992 0.69927 0.83858 0.93639 0.56941 -0.33153 -1.425 0.078375 -0.078009 -0.37059 -0.31478 -0.6048 -0.73993 0.03433 0.34403 0.31286 0.17655 -0.20817 0.71347 0.033383 -0.32162 -0.5828 0.55504 -0.55039 0.17396 -0.33451 -0.12659 -0.93081 -0.90743 -1.0369 -1.1048 0.20726 0.23706
-0.229 1.4803 0.19019 0.52802 -0.48548 0.57775 0.2368 0.33401 -0.32403 0.9846 -0.13175 0.74246 -1.5215 -0.23734 -0.38061 -0.085548 -0.50566 -0.37076 -0.4257 -0.36879 -0.46932 -0.35834 -0.44144 -0.92968 0.25222 0.17658 -0.73045 -0.57274 1.0306 -0.52539 0.8637 0.11805 -0.22162 -0.98438 -0.68685 -0.96488 -0.46618 0.070882 0.42436
0.70319 1.6383 -0.18236 1.3464 0.081425 0.19358 0.032639 1.1116 -0.089501 -0.065355 -1.4156 -0.44399 -1.4717 -0.53313 -0.33083 0.68029 -0.74348 0.23218 -0.34462 -0.13452 -0.57884 -0.69352 -0.75196 -0.36165 0.29205 0.40813 -0.77771 -0.31456 1.1226 -0.35968 1.3859 0.35093 -0.063524 -0.30974 -0.12549 -0.62755 0.5474 -0.30687 0.55229
0.21842 1.2899 0.070762 1.1523 -0.2149 -0.21268 -0.070149 0.51393 -0.20395 0.39789 -0.46213 -1.1565 -1.4751 -0.94262 -0.47948 0.9644 -0.72009 0.72212 -0.2303 -0.27003 -0.53587 -0.3443 -1.1519 -0.47955 0.28482 0.56034 -0.20778 -0.61754 0.32882 -0.57796 0.93022 0.091275 0.092038 0.066391 0.59113 0.24723 1.1827 0.38732 0.81435
-0.16923 1.1091 0.67565 0.53981 -0.087005 1.0003 -0.45752 -0.54232 -1.0771 0.19166 0.015222 -0.28482 -1.2305 -1.0142 -0.541 1.059 -0.81436 1.3721 -0.14357 -0.10591 -0.13429 0.098527 -0.75607 0.60412 0.086034 0.72974 0.95585 -1.0847 -1.2348 -0.70559 -0.22035 -0.37727 -0.24815 -0.021182 0.70251 0.83819 0.64599 0.80722 1.1227
-0.71468 1.2896 1.2072 0.35378 0.54098 -0.21627 -0.46854 0.29405 0.31442 -0.065482 -0.050304 -0.28833 -1.0706 -0.38578 -1.2818 0.29304 -1.4448 0.75885 -0.34029 -0.1837 -0.52479 0.3967 0.069013 0.89379 1.0596 1.3244 1.8682 -1.2652 -2.1911 -0.74414 -1.3512 -1.0214 -0.38595 -0.22802 0.60401 0.96787 0.25309 0.81878 1.3412
-1.0788 1.0902 1.0773 0.26695 1.2892 0.44255 -0.074146 0.096666 -0.0040697 -1.117 -0.8651 0.81898 -0.92828 0.95602 -1.6974 -1.1474 -1.5707 -0.16677 -1.0206 -0.61302 -0.57552 0.29816 0.35944 0.18596 1.4047 1.8293 1.8597 -1.0251 -2.0414 -0.72794 -2.0787 -1.0853 -0.53848 -0.45506 0.19828 0.41696 -0.45067 0.68037 1.2114
-0.86765 1.0062 1.0089 -0.057346 1.3645 0.093801 0.17296 0.75777 -0.35679 0.09776 0.55403 -0.27276 -0.87656 1.5306 -1.9632 -1.7664 -1.5964 -0.93345 -1.7833 -0.70894 -0.67945 0.73137 0.27849 0.17896 1.1475 2.1642 0.93817 -0.1367 -0.77781 -0.2714 -1.7584 -0.75447 -0.49031 -0.094103 0.16329 -0.12872 -0.40468 0.10446 0.56262
0.9123 -0.14849 -0.36974 -0.53888 0.1736 -0.57572 -0.69803 -0.42091 0.48678 0.75757 -0.049976 0.67516 0.098633 1.4703 -1.8709 -1.4836 -1.9658 -1.5222 -1.5385 -0.82034 -0.83065 0.33759 -0.0039152 0.0051687 1.3018 2.2551 -0.35993 0.73937 0.98362 0.37045 -0.7072 0.16078 -0.1519 0.14111 0.093693 -0.39816 -0.45361 -0.0041359 -0.28751
1.5476 -0.40044 -1.3499 -1.0162 -1.0264 -1.5092 -1.519 -0.98651 -0.40062 0.83182 -0.23782 0.96948 0.43228 1.0919 -1.4176 -0.90401 -1.7053 -1.7248 -1.5505 -0.96722 -0.51988 0.71706 -0.012879 0.11969 1.2794 2.0162 -1.2969 1.5817 2.1969 1.2074 0.67078 1.0042 0.29754 0.38635 -0.38777 -0.27497 -0.48426 -0.20659 -1.3534
0.86463 -0.38444 -0.505 -1.3524 -0.66282 -1.7161 -1.1579 -1.0021 0.78086 -0.35502 0.2373 1.1777 0.80619 0.50443 -0.76475 0.1332 -0.89292 -1.0319 -0.81505 -0.73964 -0.35372 0.51348 -0.31171 -0.74665 1.3013 1.4445 -1.51 1.7857 2.3017 2.0683 1.6833 1.2657 0.67852 0.019048 -0.45116 0.034632 -0.22245 -0.46766 -2.0512
0.26365 -0.14919 0.22147 -2.0309 -0.60446 -1.6234 -1.0384 -0.19973 0.51193 -0.80203 -0.48823 1.6223 0.85958 -0.39386 0.062174 1.2564 -0.099473 0.051929 -0.17254 -0.16646 -0.17402 -0.061042 -0.13149 -0.46859 0.72659 0.40124 -1.0887 1.3611 1.2758 2.1189 1.7033 1.287 0.98483 -0.6762 -0.80683 0.40569 0.10307 -1.0468 -2.2256
0.46736 -0.25244 -0.070711 -1.4295 -0.79368 -1.4393 -1.2962 -0.2178 0.8332 -0.1511 -0.01175 1.9069 0.82835 -0.58923 0.30023 1.4504 0.71522 0.6505 0.25665 0.072956 -0.92217 -0.097967 0.12723 -0.20118 0.66238 -0.2249 -0.58301 0.66708 -0.1227 1.5622 0.89549 0.84457 1.0368 -1.0515 -0.45596 0.71156 0.87218 -1.4019 -1.9347
0.908 -0.19293 0.55193 -0.84751 -0.33317 -1.0852 -1.2654 -0.43292 0.1889 0.54468 -0.80722 1.2514 0.75218 -0.38292 0.26891 0.65957 1.0599 0.53135 0.43947 0.49169 -1.4082 -0.47601 0.60141 -0.0032893 -0.41434 -0.71639 -0.29599 0.17026 -0.87771 0.75871 0.079007 0.49296 1.0194 -0.64812 -0.0044172 0.45807 0.39032 -1.2733 -1.3535
0.63603 -0.24007 0.63242 -0.82298 -0.14346 -1.3334 -1.2235 -1.4621 -0.06658 0.5989 -0.46946 1.65 0.50736 -0.58544 0.21957 0.21082 1.1586 0.36516 0.53901 0.89338 -1.5862 -0.11275 0.78368 0.70681 -0.81448 -1.0974 -0.51071 0.12691 -1.022 -0.082039 -0.31024 0.32322 0.84873 0.55025 0.33429 0.18725 -0.015558 -0.75277 -0.86062
0.2399 -0.024175 0.56769 -0.39532 -0.089524 -1.3846 -1.2698 -2.6046 0.050464 0.069721 -0.025859 2.0548 0.31946 -0.94822 0.38035 0.33652 0.95634 0.35523 0.65826 1.353 -0.96393 -0.03146 0.48162 -0.19901 -0.97755 -1.331 -0.49164 0.19595 -0.61021 -0.72106 -0.35457 0.28115 0.35075 1.389 0.69075 -0.13865 -0.41703 -0.086687 -0.15631
0.012094 -0.062277 0.3029 -0.6144 -0.10248 -0.95019 0.033038 -2.0206 0.36165 0.24517 0.09834 0.083763 0.15836 -1.257 0.4517 -0.17984 0.62798 0.19546 0.78708 1.2536 -0.10479 0.34398 0.57236 -0.19052 -0.51214 -1.2956 0.39504 -0.12411 -0.52382 -0.99166 -0.42934 -0.10721 -0.47834 1.786 0.17764 0.02476 -0.5848 0.11649 0.70139
-0.44752 0.0013087 0.38179 -0.50471 -0.37929 -0.67084 0.030989 -1.6891 0.61942 0.94959 0.56633 0.87304 -0.25902 -0.96222 0.47257 -0.21749 0.10954 -0.0070418 0.87294 0.99371 0.40334 0.63551 0.42311 -0.44379 -0.75939 -0.86559 1.6863 -0.75482 -0.75973 -0.83872 -0.68196 -0.72801 -1.144 1.3143 -0.22621 0.31186 -0.17695 0.3587 1.5417
-0.42009 0.14031 0.80765 0.10405 -0.03052 -0.40276 0.39678 -1.2855 0.32356 0.84814 -1.4781 0.65599 -0.4553 0.14978 -0.02853 -0.43364 -0.089548 -0.21213 0.22919 0.2082 0.99859 -0.078952 0.86451 -0.39511 -0.73243 -0.20268 2.5387 -1.322 -1.0246 -0.7013 -0.91264 -1.0334 -0.88105 0.90315 -0.65859 0.17357 0.16852 -0.13977 2.0453
-0.80622 0.23654 0.16438 -0.22848 0.094654 -0.22027 -0.024164 -1.1192 0.45895 1.4486 -0.67717 1.2198 -0.43203 1.4698 -0.60961 -0.87015 -0.09878 -0.65614 -0.48012 -0.23112 0.90189 -0.21822 0.97663 -0.5063 -0.21728 0.59777 2.1416 -1.6227 -1.3089 -0.5805 -0.92153 -0.6916 0.15994 0.90385 -0.39712 -0.31374 0.85181 -0.25796 1.944
-0.55098 0.24234 0.32832 -0.9694 -0.31406 -0.38033 0.0020609 -1.8797 1.0145 0.49312 -0.34398 0.42992 -0.13486 2.2281 -1.1619 -1.6497 -0.45022 -1.1122 -0.55126 0.24975 1.322 -0.44696 0.65273 0.12124 -1.0777 1.2557 0.79539 -1.3862 -0.95526 -0.096901 -0.28839 0.24327 1.316 1.0134 0.034456 -1.3844 0.5217 -0.54936 1.3533
1.0412 -0.3548 -0.19501 -0.42902 -0.56612 -1.4157 -0.80016 -0.80436 -0.51236 1.7845 -0.056641 0.17677 0.25946 1.9637 -1.6056 -1.9023 -0.68896 -1.2053 -0.082918 1.299 1.9189 0.09733 -0.11449 0.94346 -1.1052 1.5256 -0.86172 -0.74521 -0.43256 0.47105 0.81186 1.1724 1.6094 1.1876 -0.16553 -2.2413 0.042923 -0.052785 0.43615
2.1412 -0.80426 -0.80604 -0.50308 -1.2867 -1.5188 0.17246 -0.53402 0.40815 2.1155 -0.81931 0.12877 0.642 1.373 -1.7898 -1.5927 0.041492 -0.44116 0.51398 1.9262 2.3649 -0.14085 -1.4319 -0.13397 -1.3591 1.5065 -2.0914 0.17521 0.33581 0.99728 1.7913 1.7004 0.86508 0.3557 -0.47308 -2.6336 -0.24837 1.3222 -0.36011
1.8994 -0.96906 -1.5672 -0.90451 -1.6941 -0.74221 0.96218 0.4771 -0.078111 1.5441 0.17759 -0.65462 0.7419 0.29637 -1.5101 -1.6607 0.44822 0.49392 1.2888 1.9611 2.5694 -0.65448 -2.5825 -0.34908 -0.2062 1.1744 -2.2793 0.78448 0.77036 1.169 2.1698 1.4766 -0.68328 -0.8173 -1.214 -2.0545 0.060892 1.937 -0.8053
0.99384 -1.1886 -1.2876 -0.9309 -1.0842 0.13864 2.5385 1.244 1.0782 0.0013415 -0.043905 -0.27628 0.88734 -0.81807 -0.9237 -1.1903 0.66065 1.2946 2.0977 1.5605 1.6854 -0.93722 -3.5202 0.21525 0.94872 0.85616 -1.4841 1.0223 1.0569 0.89656 1.7246 0.66015 -1.965 -1.7806 -1.1934 -0.50532 0.76155 2.0966 -0.81512
0.75258 -1.3704 -1.3365 -0.022124 0.037629 0.33316 1.9481 1.3622 -0.041094 -1.4658 -1.191 -0.82571 1.08 -1.169 -0.75955 -0.76421 0.97027 1.8675 2.022 0.23468 0.83166 -1.7752 -3.2883 0.83436 1.3819 0.56155 -0.11566 0.9417 1.242 0.6431 0.75115 -0.36583 -2.6671 -2.2689 -0.89665 1.1411 1.119 0.98968 -0.55357
0.63805 -1.2867 -1.9158 -0.24292 0.25676 0.72562 1.7095 1.5093 -0.92988 -2.6477 -0.49743 0.76103 1.0723 -0.64877 -0.49831 -0.20116 1.2902 2.0079 1.4465 -0.84927 0.069305 -1.8121 -2.1159 0.73943 1.7903 0.50788 0.87209 0.70421 1.0933 0.11895 -0.33677 -1.0853 -2.2338 -1.745 0.031684 2.4682 1.3224 0.0083015 -0.30836
0.69976 -1.3292 -1.7979 0.36678 0.57013 1.3292 1.2839 1.0836 -1.6418 -2.2416 0.62385 1.6653 1.1993 -0.006555 -0.18744 0.0078766 1.2161 1.5131 0.90583 -1.7827 -0.66771 -1.8861 -0.94081 1.5679 1.2188 0.46303 0.90192 0.58703 0.87267 -0.35473 -0.973 -1.1802 -1.0305 -1.0407 1.2112 2.55 0.9769 -1.0257 -0.094845
0.59692 -1.7081 -1.8934 0.27843 0.71679 1.3382 0.7238 0.70214 -1.674 -2.1402 0.66915 0.96144 1.155 0.21306 -0.061552 0.32694 0.73733 0.88073 0.53932 -1.5712 -0.66523 -0.79111 0.3748 2.4339 1.0164 0.41325 0.20434 0.35526 0.28005 -0.90725 -1.2094 -1.055 0.085623 -0.22401 1.5668 1.7376 0.27836 -1.6373 -0.059414
0.81131 -1.4102 -1.3829 0.63286 1.1861 1.2966 0.47266 1.0382 -1.5823 -1.6911 0.54869 1.2374 1.3195 0.06773 -0.020727 0.48972 0.64826 0.68973 0.17341 -1.2995 -0.63097 0.040855 0.70324 1.8824 -0.20448 0.45915 -0.44373 0.1511 -0.06065 -1.1651 -0.94956 -0.88802 1.1014 0.28667 1.2816 0.80662 -0.63269 -1.1173 -0.03799
0.94651 -1.3159 -1.2376 0.78953 1.2036 1.276 -0.14543 0.268 -1.6766 -2.1919 1.4592 0.67838 1.4259 -0.31111 -0.0022535 0.04068 0.044817 0.25088 -0.24455 -0.90341 -0.30603 0.22499 0.63081 1.0821 -0.63025 0.41694 -0.71879 0.024571 -0.33246 -1.1227 -0.56489 -0.5126 1.5926 0.23685 0.24578 0.0046484 -1.1764 -0.67457 -0.083914
0.949 -1.4241 -1.2901 0.6116 1.0639 1.1566 -0.070712 0.74915 -1.261 -1.0516 2.2542 1.3612 1.4523 -0.57076 0.029539 0.038619 -0.40137 0.12907 -0.43269 -0.033804 -0.2832 0.065726 0.58821 0.92385 -0.10477 0.40266 -0.48369 0.12236 -0.1348 -0.89451 -0.24498 0.016829 1.8666 0.04497 -0.58864 -0.080201 -1.1297 0.010973 -0.13288
0.48946 -1.3914 -1.5247 0.66307 1.2222 1.2379 -0.019587 0.49413 -1.1087 -1.7544 1.8116 0.58936 1.5331 -0.80376 -0.046316 -0.034711 -0.63016 0.15756 -0.15342 0.79511 -0.36486 -0.30709 0.4426 0.50718 -0.34144 0.30932 -0.042831 0.21005 0.23546 -0.35861 0.0035367 0.5266 1.4428 -0.37849 -0.97994 0.01631 -1.0978 -0.25066 -0.13529
0.064141 -1.5444 -1.9855 0.19736 0.79821 0.90193 -0.08047 0.62706 -1.6594 -1.2119 1.407 0.54612 1.5568 -0.58628 0.20107 0.2855 -0.52214 0.31126 0.1681 1.3616 -0.47338 -0.77831 0.6334 -0.14287 -0.3577 0.30224 0.40367 0.22673 0.36863 -0.011686 0.046106 0.77707 0.50217 -0.40537 -0.70876 0.32873 -1.0023 -0.55294 -0.16236
0.040841 -1.5531 -1.3109 -0.1666 1.2347 0.66033 0.9431 0.25786 -1.6848 -1.205 1.7871 1.1839 1.5927 -0.38664 0.25469 0.32211 -0.49979 0.18397 0.49289 1.1186 -0.84653 -1.1799 0.64244 -0.63357 -1.0084 0.25257 0.67478 0.14371 0.26812 0.10225 0.09782 0.66274 -0.4117 -0.094176 0.11582 0.38751 -0.896 -0.59283 -0.22381
0.014275 -1.2885 -1.1574 0.19117 1.58 1.4512 1.4858 0.26891 -2.1111 -1.2355 1.6153 0.42753 1.6594 -0.035105 0.24894 0.49771 -0.48703 0.21701 0.77213 0.76907 -0.72644 -0.81076 1.164 -0.56404 -0.84872 0.17303 0.46064 -0.11979 -0.17215 -0.15772 -0.16302 0.31657 -0.98191 0.45767 1.2288 0.028421 -0.93964 -0.49006 -0.3562
0.48006 -1.0473 -0.83987 0.33676 1.5081 1.637 1.4913 -0.38068 -2.5886 -0.74626 1.6405 0.3254 1.7429 0.16731 0.16433 0.32112 -0.47623 0.39933 0.84881 0.3509 -0.36112 -0.040762 0.97373 -1.1282 -1.249 0.017355 0.13658 -0.12989 -0.23562 -0.67941 -0.43655 -0.14421 -0.86835 0.97416 2.1733 -0.47226 -1.0342 0.00022159 -0.43929
0.15193 -1.351 -1.3951 -0.13546 0.99488 1.7851 0.85497 -0.38976 -2.65 -0.18855 1.0981 -0.51056 1.6756 -0.013474 0.051298 -0.021158 -0.80043 -0.073349 0.61695 -0.05892 0.15646 1.0119 0.52685 -1.8287 -1.1957 -0.14905 -0.2874 0.02268 -0.26369 -1.2539 -0.64472 -0.53557 -0.64966 0.97686 2.6229 -0.92063 -1.0465 0.085807 -0.45646
0.20269 -1.31 -1.1118 -0.22497 1.4523 2.014 0.85178 -0.20114 -1.8868 0.15714 0.99997 -0.18584 1.6771 -0.14824 0.1421 0.1635 -1.4886 -0.44232 0.29559 -0.059897 0.51612 2.0589 -0.0079595 -2.1232 -0.8641 -0.28857 -0.39766 0.41929 0.006601 -1.3235 -0.78374 -0.88141 -0.47969 0.91015 2.6501 -0.68234 -0.37314 0.44009 -0.35145
0.25354 -1.4372 -1.4133 -0.57623 1.6879 1.7469 0.93861 0.34385 -1.4447 -0.16724 -0.052031 -0.79965 1.5255 -0.41389 0.29734 0.10945 -2.0942 -0.50998 0.008001 -0.21003 0.6439 3.1417 -0.23479 -2.2132 -0.90817 -0.40372 -0.31452 0.76317 0.20092 -0.95138 -0.85663 -1.1204 -0.60558 0.59141 1.8714 -0.16784 0.55841 0.5134 -0.22645
-0.062629 -1.2924 -1.0788 -1.0122 1.0165 1.6874 1.3577 0.44047 -0.22051 -0.96133 -0.39724 -0.29192 1.4745 -0.37338 0.72508 0.2609 -2.06 -0.78152 -0.56423 -0.44091 1.0838 3.9481 -0.045804 -1.7374 -0.58836 -0.4166 -0.11746 0.82208 0.1483 -0.08792 -0.86969 -1.3039 -1.0282 0.019068 0.58976 0.3449 1.7072 0.6309 -0.066293
0.02281 -0.88238 -0.66798 -1.6294 0.72779 2.0749 1.3815 0.53455 0.28105 -1.0926 -0.7211 -0.86134 1.4412 -0.48772 1.0041 0.27468 -2.1184 -1.4347 -1.1384 -0.97067 0.98637 3.6451 0.20187 -0.96222 -0.39028 -0.44584 0.14183 0.54951 0.1018 0.81722 -0.67141 -1.4176 -1.2468 -0.62893 -0.93642 0.64163 2.5309 0.81864 0.064558
-0.22259 -0.91214 -1.1149 -2.4355 0.7387 1.5661 0.47225 0.11872 1.5808 -0.29442 -0.93309 -1.2909 1.3398 -0.33292 1.129 0.33349 -1.6254 -1.5345 -1.6755 -1.5704 0.42634 2.9557 0.48265 0.60545 0.042921 -0.37143 0.21612 0.055941 0.33981 1.3862 -0.00011553 -1.1729 -0.84641 -1.2515 -2.0318 0.45445 2.5203 1.1621 0.15222
-0.27974 -0.68798 -1.131 -2.2757 0.12091 0.73203 -0.052344 1.5988 2.8596 0.33911 -0.72325 -0.99494 1.2816 -0.17518 0.99141 0.24454 -0.93541 -1.3296 -2.2031 -1.9439 -0.11467 1.8935 0.8192 1.615 0.29791 -0.32034 0.1635 -0.24877 0.81122 1.5598 0.72727 -0.61422 0.052222 -1.3801 -2.645 -0.23366 1.5666 1.7319 0.16822
-0.42065 -0.39265 -0.75109 -2.6948 -0.46829 0.2287 -0.38308 1.1276 2.3943 0.094505 -0.20957 -0.5655 1.1919 -0.13303 0.82294 0.86313 -0.31676 -0.81651 -2.3199 -1.5059 -0.57584 1.0032 0.57941 1.9523 1.2402 -0.23278 -0.0062445 -0.60745 0.85946 1.0748 1.0299 0.046912 0.73761 -1.4102 -3.0345 -0.63356 -0.19082 1.8203 0.013885
-0.11408 -0.36555 -0.82806 -2.3688 -0.3899 -0.51428 -0.94709 0.39763 2.2352 -0.19466 1.0162 -0.54339 1.1905 -0.28857 0.75199 1.4205 -0.14557 -0.46105 -2.0109 -0.87781 -0.95461 -0.36168 -0.32557 1.4377 2.2634 -0.24294 0.056447 -0.82748 0.75943 0.84684 0.89857 0.90995 0.91407 -1.0336 -2.803 -0.4322 -1.3247 1.3421 -0.28743
-0.28129 -0.28608 -0.61418 -2.2366 -0.67045 -0.97969 -1.1594 -0.088949 2.2257 0.25096 1.3461 -0.20297 1.1941 -0.29171 0.2589 1.2404 -0.2103 -0.089051 -1.6725 -0.69951 -1.6501 -1.6382 -0.24516 0.25681 2.4801 -0.38544 0.25796 -0.61489 0.3162 1.0403 0.41779 1.6289 0.84014 -0.35668 -2.0132 0.13801 -1.6247 0.34135 -0.81911
-0.28072 -0.14307 0.55969 -2.3459 0.093387 -0.90784 -0.61331 -0.1922 2.1832 0.10167 0.97398 0.70275 1.2085 0.0048621 -0.07508 1.3761 0.43735 -0.050933 -0.73873 -0.61389 -1.3947 -2.0684 0.34475 -0.23949 2.1916 -0.70261 0.40457 0.033431 -0.13929 1.651 0.13431 1.8859 0.7206 0.15614 -0.47126 0.58008 -1.2224 -1.0897 -1.3044
-0.88243 -0.15621 0.44103 -2.8273 -0.16425 -1.3551 -0.87918 -0.35321 1.3046 -0.92416 0.21706 1.9563 1.0117 0.19441 0.23449 1.4313 1.1437 -0.24843 0.23899 -0.042626 -0.95204 -1.929 0.52836 -0.51069 1.8934 -1.3143 0.25003 0.95009 -0.41492 2.3654 0.10771 1.7542 0.94087 0.83038 1.0677 0.29701 -0.53272 -1.9499 -1.4564
-0.53698 -0.52557 -0.0041017 -2.6053 -0.44099 -1.7556 -1.4206 -0.76852 0.1012 0.37155 -0.47445 1.8448 0.79728 0.21423 0.81901 1.0753 1.9583 -0.12074 0.73133 0.16593 -0.97495 -1.079 0.47952 -0.67651 0.46215 -1.8683 -0.04453 1.3286 -0.62494 2.3927 0.75789 1.3746 1.4434 0.94977 1.8027 -0.41216 -0.1518 -2.525 -0.97688
0.063741 -0.45019 0.99161 -1.5059 -0.72007 -0.44394 -1.5582 -1.0148 -0.29451 0.94002 0.72099 1.4779 0.42146 0.063062 1.3609 0.65954 3.0138 0.15838 1.0326 0.69375 -0.31521 -0.0785 0.29806 -0.64494 -0.37987 -2.1362 -0.573 1.0176 -0.45092 1.532 1.3662 0.75156 1.5526 0.8572 1.9211 -1.1354 -0.037092 -2.2528 -0.01839
0.14141 0.22791 1.0387 -0.57771 -0.71553 -0.068439 -0.53926 -0.85905 0.48778 0.51656 0.95233 1.7103 -0.2054 -0.015903 1.5276 0.66381 3.5328 1.1337 1.5618 1.7386 0.046952 0.45401 -0.38568 -0.53173 -1.4863 -1.8561 -0.91563 0.083395 -0.39828 0.030796 1.4961 0.005544 1.0464 0.64483 1.2778 -1.3295 -0.32106 -1.0242 1.0129
-0.43639 0.82269 0.95142 -0.098836 -0.21137 -0.24207 -0.6458 -1.5386 1.578 0.49934 -0.091159 0.15821 -0.57925 -0.75638 1.5392 0.84289 2.9368 1.6122 1.3018 2.0955 0.13016 0.97659 -1.3698 -0.7133 -1.4311 -1.3475 -0.79353 -1.0937 -0.34959 -1.6231 0.83706 -0.78292 -0.402 -0.14804 0.10792 -0.65169 -0.072559 -0.11271 1.7478
-0.67992 1.047 1.1449 0.94469 0.54405 0.049948 0.44759 -0.082861 1.6921 -0.17355 -0.51889 1.1244 -0.72738 -1.0769 0.86609 0.28147 2.0479 1.8751 0.61491 1.4452 0.012472 0.8461 -1.4159 -1.3398 -0.98277 -0.63561 -0.22037 -1.7856 -0.71367 -2.7833 -0.38303 -1.1363 -1.6201 -0.49869 -0.90581 0.41748 0.25958 0.62859 1.7483
-0.66194 0.72218 0.96964 1.1198 1.4099 0.79744 1.4048 -0.57627 0.57406 -1.2903 -0.48665 -0.173 -0.53195 -0.88101 -0.090872 0.23359 1.0208 1.3188 -0.018707 0.1181 -0.51792 -0.039405 -0.52429 -0.44197 -0.87483 0.059406 0.80886 -1.3911 -1.0966 -2.7574 -1.5771 -0.90576 -1.9878 -0.3555 -1.5522 1.4549 0.72162 0.64004 0.91976
-1.3757 0.78873 1.5989 0.77417 1.1365 0.23025 0.90228 -1.0831 1.188 -1.0887 -0.53374 0.2022 -0.49301 -0.36591 -0.56756 -0.28466 -0.19938 0.60563 0.0056832 -0.26776 -0.48141 -0.7244 0.049536 -0.20499 -0.60285 0.24706 1.1678 -0.27419 -1.235 -1.996 -2.3987 -0.55348 -1.4742 0.31289 -1.4864 1.5311 0.50097 0.42005 -0.32686
-1.119 0.54015 1.1618 1.1158 1.4809 0.35586 -0.021704 -1.2001 1.3626 -0.67816 -0.72148 0.55798 -0.39141 0.38328 -0.011206 -0.79599 -0.58611 -0.58669 -0.15874 -0.72927 -0.21703 -1.1499 0.88576 0.10466 -0.43783 -0.31121 1.3076 0.80416 -1.2888 -0.70961 -2.044 -0.18112 -0.64357 1.3483 -0.98451 0.8332 -0.37682 0.15711 -1.1767
-1.0296 0.35708 1.2053 0.62487 0.75274 -0.5723 -0.87664 -1.8937 0.70256 0.40614 0.54683 -0.067228 -0.31287 0.45128 0.37964 -1.3675 -0.51239 -1.491 -0.39087 -0.85402 0.47344 -1.3855 1.0237 -0.66853 -0.43488 -0.97215 1.0858 1.149 -0.52316 0.70163 -1.432 -0.12661 0.080613 1.9289 -0.57504 -0.1419 -0.67381 -0.49327 -1.2104
-0.82736 0.4628 0.31389 -0.27366 0.90409 0.32835 0.084819 -1.1881 0.41896 0.049918 -1.0963 -0.56183 -0.51367 1.1298 0.74666 -1.4828 -0.01904 -1.3104 -0.16754 -0.76189 1.4836 -1.5444 0.70021 -1.0191 -0.69069 -1.2159 0.6271 0.69425 0.48417 1.5682 -0.066294 0.35828 0.71686 1.8923 0.079912 -1.0713 -0.54811 -0.3916 -0.50776
0.11166 1.3414 0.20188 0.7909 -0.24652 0.27773 0.26668 0.093027 -0.50488 0.53081 -0.24742 0.53488 -1.2821 1.2692 0.92674 -0.86158 0.69841 -1.6037 -0.23036 -0.07337 2.1943 -1.5866 -0.14833 -1.0452 -1.4408 -1.2395 0.022835 0.035025 1.3785 1.5855 0.68557 0.43351 0.51482 0.8453 1.1377 -1.219 0.51929 -0.012034 0.31639
-0.81129 0.95993 -0.421 0.58097 -0.65343 -0.086939 -0.13822 -0.39753 -0.94689 -0.19396 -1.8209 -0.95416 -1.4792 1.1326 0.84722 -0.20962 1.4499 -0.63242 0.46944 0.24561 2.3827 -0.86735 -0.72728 -0.858 -0.70657 -0.98954 -0.67943 -0.65914 1.3761 0.66804 1.2176 0.38123 0.28304 -0.74602 1.9608 -0.86204 0.75491 0.17257 0.91142
0.40297 1.3273 0.16332 1.0326 0.098749 -0.12966 -1.1276 0.83562 -0.17236 0.20924 -1.4815 -0.43808 -1.3393 0.4883 0.38677 0.39746 1.4237 -0.57277 0.14631 -0.36953 1.5956 0.46303 -0.76474 0.23215 -0.47936 -0.57549 -0.76599 -1.024 0.62739 -0.19214 1.5081 0.41573 0.037926 -1.7976 1.9479 -0.095536 0.76556 0.76128 1.1446
0.57748 1.1519 0.46455 1.8951 -0.98102 -0.31045 0.024458 1.3449 -0.99107 -0.7871 -1.1237 -2.0219 -1.3166 0.25719 -0.05747 0.28512 0.74305 0.39329 0.39747 -0.058038 0.48449 1.178 -0.76094 -0.20588 -0.874 -0.08369 -0.69802 -1.7559 -0.53052 -1.1288 0.86356 0.052204 0.10564 -2.3386 1.2325 0.45024 0.39427 0.86973 1.4194
0.30677 1.204 0.728 1.8785 0.5415 1.0155 0.14214 1.199 -0.32858 -0.60371 -0.65783 -0.24917 -1.2998 0.2834 -0.28973 -0.019431 0.72732 0.6277 0.62649 0.17688 -0.051672 1.1136 -0.32693 0.10185 0.055932 0.14578 -0.0586 -2.2748 -1.4901 -1.8013 0.49175 -0.36533 0.066323 -1.5933 0.6295 1.0262 0.013319 1.3143 2.0037
-0.4032 1.0818 0.43965 1.293 -0.73818 0.22798 -0.74038 0.84796 1.2895 -0.75866 -0.58355 -0.70541 -1.4511 -0.062486 -1.6764 -0.93436 -0.10449 0.34639 0.33883 0.19718 -0.9646 1.1742 -0.020933 -0.061387 0.64433 0.92889 0.36079 -2.4953 -1.8658 -1.9261 -0.52034 -1.1534 -0.4133 -0.53267 0.031868 1.1746 0.1854 0.64524 2.5508
0.40356 1.2075 -0.0033279 1.456 0.48936 0.55427 0.083497 0.1319 0.5525 -0.57549 -1.7215 -1.5106 -1.4415 0.53562 -2.5114 -1.6021 -1.1882 0.35751 -0.53198 -0.34573 -0.5066 1.6887 0.97308 0.13038 1.2226 2.1345 0.60871 -2.1282 -1.2398 -1.719 -0.52516 -1.3237 -0.41288 0.47845 -0.51331 0.88728 0.27262 -0.44583 2.6729
0.10214 0.61115 -0.32743 1.8909 0.33035 0.64846 -0.32969 0.086884 0.16866 -0.41936 -1.6211 -0.6224 -1.1355 0.79581 -3.0138 -2.1893 -1.5451 -0.39457 -1.273 -0.54021 -0.20174 0.98138 1.0017 0.094078 -0.26419 3.0156 0.52809 -0.70606 0.11651 -0.66181 -0.45189 -0.99822 -0.20069 1.4351 -0.94322 0.42808 0.73331 -1.0725 1.7612
0.54828 -0.90421 -0.841 0.96924 -0.030821 0.12435 -0.46582 -0.062698 1.2488 -0.068993 -0.89081 0.2896 0.040127 0.97846 -3.0898 -1.5642 -1.4493 0.06652 -1.1506 -0.19711 0.4769 0.26752 0.98437 0.51258 -0.36428 3.3919 -0.032468 0.71016 1.18 0.34852 -0.30131 -0.40273 0.25337 1.4161 -1.47 -0.1737 0.72816 -1.3144 0.078218
1.3645 -1.1644 -1.2873 0.012443 -0.20472 -1.0281 -0.50821 1.3215 1.9151 1.0436 -0.34761 -0.0043697 1.0194 0.69089 -2.5378 -0.75626 -1.0897 -0.30731 -1.298 -0.22391 1.1791 0.12743 0.85316 1.1562 -0.62433 3.1275 -0.53982 2.0065 1.6842 1.1308 0.099171 -0.019888 0.46449 1.0743 -1.6537 -0.32418 0.51589 -0.62338 -1.6445
0.74288 -1.2483 -2.0182 -0.080978 -0.48815 -0.80175 -1.0631 0.47853 1.0997 0.39324 -0.88722 -1.9056 1.269 0.52399 -1.5915 -0.26374 -0.82944 -0.21308 -1.3003 -0.0034684 1.4042 -0.64013 0.69143 0.99773 -1.1177 2.2064 -0.89407 2.4394 1.3552 1.5883 0.057056 0.11445 0.55837 0.2195 -1.6025 -0.45883 0.1072 0.081133 -2.6191
0.99613 -1.4599 -0.87801 0.15239 0.22436 -0.83835 -0.38713 1.1795 0.89951 0.43454 -0.55103 -1.4386 1.3205 0.018682 -0.49204 0.096052 0.049305 -0.057682 -1.2298 0.25729 1.3194 -1.6688 0.48327 0.8259 -1.0984 0.97305 -0.7523 1.9849 0.9693 1.4308 0.41763 0.33363 0.76276 -0.26275 -1.2602 -0.33421 -0.36947 1.5064 -2.4984
1.1852 -1.2166 -0.67925 0.86466 0.050512 -0.99849 -0.20933 1.6912 0.37354 0.72108 -0.17952 -1.5488 1.3957 -0.34635 -0.13604 0.37058 0.65635 0.062651 -0.95338 0.63178 0.84973 -1.8413 0.22789 0.83576 -0.0031142 0.27068 -0.5433 1.1621 0.47023 0.78305 0.4688 0.63589 0.63528 -0.63477 -0.4851 -0.38907 -0.71572 2.524 -1.612
0.89241 -1.5419 -1.0649 0.31383 -0.3286 -1.524 -0.58109 1.912 -0.28564 0.89876 -0.077128 -1.2261 1.3071 -0.27209 -0.029744 0.61335 0.57728 0.32766 -0.81122 0.90932 1.0295 -1.6302 0.39941 0.44306 1.6434 0.090481 -0.24765 0.34642 0.19497 -0.19164 0.65027 1.1029 0.52622 -0.70973 0.27865 -0.62985 -1.1249 2.5661 -0.63843
0.74669 -1.4271 -1.2405 0.54164 -0.25923 -2.1824 -0.16206 1.9059 -0.60945 1.0734 0.31143 -1.2833 1.3279 -0.34143 0.072026 0.29258 0.22509 0.4596 -0.25789 0.88352 0.45131 -1.5484 -0.064797 -0.29668 2.2648 0.064639 -0.15306 0.12827 0.030567 -0.52804 0.67929 1.4665 0.33163 -0.62757 0.43473 -0.95427 -1.308 1.567 -0.13133
0.66124 -1.2328 -1.0232 0.79867 -0.04872 -1.9755 0.32823 1.8931 -0.48524 0.99348 0.33283 -0.55338 1.4102 -0.44666 -0.031074 0.4692 -0.058737 0.93729 0.58801 1.1409 0.28553 -1.2565 -0.66295 -0.91103 2.6009 0.054486 -0.22882 -0.080137 -0.12245 -0.36339 0.3594 1.576 0.13322 -0.73233 0.27126 -1.1544 -1.0859 0.24948 -0.08151
0.5329 -1.3805 -0.54965 0.699 0.48464 -1.4334 0.43385 2.0811 -1.1345 0.86223 -0.76119 0.66731 1.3762 -0.54663 0.074033 0.48961 0.083921 1.0037 1.2242 1.1624 0.13688 -1.1735 -1.1996 -1.1562 2.4581 0.080437 -0.056995 -0.22132 -0.11853 0.020785 -0.17062 1.0038 0.098511 -0.72358 0.10481 -0.78779 -0.55632 -0.82237 -0.17544
0.78306 -1.3477 -0.40724 0.52758 0.80954 -0.96795 0.81318 1.8456 -1.3396 0.18265 -0.84992 1.3624 1.4033 -0.59747 -0.16106 0.2945 0.03483 0.72316 1.5391 1.0461 -0.087074 -1.2729 -1.4028 -1.3524 1.9899 -0.045741 0.14162 -0.20098 -0.38058 0.28281 -1.0251 0.056489 0.1964 -1.2007 0.36652 -0.28487 0.28582 -1.6677 -0.2871
0.38343 -1.4146 -0.43906 0.55063 1.0269 -0.33247 1.1671 2.2441 -1.438 -0.25579 -1.0436 1.2547 1.4038 -0.37557 -0.22342 0.16644 0.21254 0.27598 1.2382 1.1424 -0.62039 -1.311 -1.3118 -1.2434 0.98229 -0.16423 0.33674 -0.040262 -0.13039 0.42743 -1.5143 -0.54305 0.51958 -1.5244 0.87343 0.21661 0.88627 -1.9203 -0.32656
-0.061911 -1.4029 -0.85657 0.55327 0.65223 -0.4106 0.92349 1.9532 -1.9609 -0.72426 -0.98995 1.3351 1.3876 -0.27365 -0.20963 -0.040466 0.35264 -0.53434 0.69884 1.545 -1.4544 -0.46246 -1.1911 -0.35262 0.14888 -0.28125 0.49309 0.36466 0.48733 0.34064 -1.5953 -0.79043 0.83033 -1.5739 1.5495 0.47106 1.255 -1.7296 -0.26026
0.015971 -1.5559 -0.81379 0.81543 0.62073 -0.21888 1.4904 1.5859 -2.2486 -0.66304 -1.302 1.2111 1.2656 -0.088383 0.033011 0.42289 0.64437 -1.0875 0.58895 1.9101 -1.8819 0.10746 -0.85996 0.058133 -0.29004 -0.32317 0.40156 0.58037 0.96716 -0.058975 -1.2342 -0.26381 0.54813 -1.1149 1.8743 0.4395 1.1319 -1.5186 -0.19854
0.49081 -1.4472 -0.36765 1.1147 0.49066 -0.25755 2.0949 0.82708 -2.3407 -0.72894 -1.6387 1.0138 1.236 0.16887 0.30545 1.0111 0.39204 -1.4615 0.32431 2.2392 -2.248 0.98559 -0.66067 0.44771 -0.68116 -0.38129 0.13485 0.65054 1.078 -0.46075 -0.68547 0.57586 -0.48023 -0.23555 1.5617 0.23028 0.55284 -1.6246 -0.18695
0.26751 -1.5956 -0.51722 0.89078 -0.31183 -0.41528 2.8747 -0.15526 -1.1948 -1.1537 -0.80725 1.1569 1.0979 0.14347 0.46538 1.3237 0.092692 -1.4739 0.91656 1.8457 -2.1874 1.5483 -0.67379 0.56147 -1.51 -0.43023 -0.33525 0.48556 0.45202 -0.97232 -0.29488 0.98948 -1.8299 0.30245 1.1401 0.078916 0.072134 -1.6253 -0.27325
0.4824 -1.1665 0.3022 1.3457 -0.56422 0.32469 3.499 -0.2238 -1.1591 -1.2024 -0.65583 0.89367 1.1565 -0.14358 0.6349 1.3857 -0.14858 -1.5626 1.6693 0.70885 -1.6795 1.8079 -0.81061 0.44392 -2.3495 -0.52516 -0.66004 0.4553 -0.023755 -1.165 0.12545 0.91458 -2.7753 0.77834 0.44219 0.36766 -0.69797 -1.0766 -0.38929
0.28317 -1.093 0.63518 0.74437 -0.96625 -0.049537 3.9352 -0.54755 -0.23744 -1.2928 -0.54331 0.13856 1.0218 -0.55738 0.66008 1.0187 -0.7243 -1.5523 1.8601 -0.71143 -1.5737 1.8879 -0.62222 0.148 -2.5654 -0.68709 -0.63132 0.59921 -0.15549 -1.1165 0.30165 -0.011087 -3.0676 0.91975 -0.029753 1.0629 -0.97595 0.63378 -0.7339
0.05588 -1.0924 0.49771 0.69555 -1.0794 1.2899 2.8973 -0.96858 -0.41054 -1.6966 -0.71571 -1.0071 0.90833 -0.70787 0.95056 1.1157 -1.1631 -1.1777 1.6496 -1.6329 -1.104 1.6845 0.069213 -0.79592 -2.2232 -0.87484 -0.066738 0.95246 -0.3812 -0.44176 0.48632 -1.1742 -2.5288 1.1364 -0.83505 1.6557 -0.56628 1.6846 -1.075
-0.0088945 -0.98584 0.88741 0.85194 -1.4443 2.2869 2.1458 -0.69987 -0.016514 -1.8415 -1.1247 -1.8895 0.693 -0.74833 1.2846 1.1807 -1.2819 -1.1032 0.91201 -2.6794 -0.76917 1.5842 1.0695 -0.82426 -0.40172 -1.4301 0.5972 1.2272 -0.59705 0.52958 0.66961 -1.9714 -1.2541 1.6218 -1.6053 1.8822 0.2401 1.77 -1.192
-0.36121 -0.86543 0.59097 -0.040745 -1.8905 1.6974 1.1672 -1.9501 0.63254 -1.5352 -1.0982 -1.5438 0.51951 -0.17571 1.8755 0.63243 -0.61485 -0.89019 -0.14711 -2.9978 0.014995 0.40751 1.7441 -0.25727 -0.26853 -1.8755 1.0301 1.0446 -0.75074 1.3411 0.87819 -2.1903 -0.18528 2.0175 -1.9138 1.6814 1.2249 1.1472 -0.90015
-0.56716 -0.37102 1.3518 -0.46214 -1.7801 1.507 1.3626 -1.3429 1.1123 -0.56193 -1.833 -1.0753 0.26995 0.27942 2.1984 0.21096 -0.10697 -0.46767 -1.0921 -2.3414 0.83898 -0.48583 2.4059 0.30217 -0.21823 -2.0962 1.2232 0.50415 -0.70743 1.722 1.1843 -1.5873 0.85656 2.4903 -1.8515 0.85585 1.6395 0.25387 -0.21203
-0.39107 0.25274 2.0633 -0.074181 -2.1047 1.1486 -0.19932 -1.0433 0.95479 0.78217 -1.2377 1.0159 -0.4415 0.68336 2.1968 0.28264 0.50816 0.11001 -1.6271 -2.12 1.7779 -0.8775 2.8543 1.0316 -0.17056 -1.9832 0.83774 -0.25789 -0.64666 1.4224 1.4287 -0.69513 1.1553 1.6653 -1.2058 -0.21198 1.5029 0.032299 0.48651
0.39017 0.69293 0.65782 0.50778 -2.0715 -0.02231 -0.43727 -0.29195 -0.66881 0.73114 -0.4331 -2.0792 -0.86119 1.0852 1.9461 0.11336 1.057 0.55555 -1.4468 -1.4925 2.888 -1.2523 2.2725 1.7502 0.00077283 -1.7139 -0.22638 -1.3999 -0.41571 0.81301 1.8469 0.41466 1.0844 0.054009 -0.13729 -1.8323 0.73672 0.16283 1.3903
0.37836 0.80135 0.57489 0.72436 -1.5926 0.61142 -0.16358 0.20172 -1.1308 1.466 -0.52349 -2.2303 -1.0036 0.97005 1.5816 -0.45481 1.1989 1.199 -1.3227 -1.239 2.0411 -1.4643 1.3763 1.9647 -0.34643 -1.2839 -1.4604 -2.1592 -0.16091 -0.24076 2.0137 1.2456 1.047 -1.6812 1.0764 -2.9155 -0.36405 0.88497 1.9413
0.60567 0.93145 1.6815 0.9889 -1.3208 -0.054346 -1.1132 1.2573 -0.1292 2.4251 0.041422 -1.4976 -1.0066 -0.2874 0.22432 -0.15293 0.91668 2.3446 -0.42555 -0.73089 0.85184 -0.42211 -0.61673 1.2511 0.14865 -0.21355 -2.4194 -2.2646 0.17402 -1.3892 1.6828 1.2475 0.95768 -2.9012 1.6662 -3.0638 -1.3394 0.97531 2.0399
0.871 1.0798 1.0955 0.75074 -1.1956 -0.26203 -0.54505 2.0054 -0.52496 1.5838 0.8181 -0.23566 -1.1139 -1.3409 -0.46161 0.12826 0.1719 2.8739 0.3071 -0.51955 -0.18917 0.77828 -1.687 0.49781 1.4029 0.38271 -2.4475 -1.8321 0.16922 -1.8815 0.72146 0.93041 1.2698 -2.5138 1.5512 -2.1465 -1.8425 0.83753 1.6776
0.54832 1.4324 0.79706 1.1252 -0.097021 -0.44891 -0.96892 0.41029 -1.2128 1.5819 0.45667 -1.1893 -1.2339 -2.2471 -0.72344 0.11937 -0.77094 2.7784 0.18671 -0.037628 -1.1825 0.81518 -2.4863 -0.24797 0.94472 0.72708 -1.4062 -0.68312 -0.16024 -1.4841 -0.57101 0.19243 1.3287 -1.6231 0.78174 -0.44423 -1.4955 -0.070611 0.79975
-1.2723 0.0077741 1.5158 1.2608 1.4207 0.78616 -1.3752 -0.34079 0.20356 -1.2409 0.16179 3.7542e-05 -0.48637 -2.59 -0.93056 -0.30179 -1.1282 2.3043 0.1992 0.81129 -1.4285 0.88793 -2.0958 -1.0224 0.81306 0.93897 0.089402 0.31343 -0.28068 -0.69892 -1.6214 -0.17865 1.1801 -0.18964 0.15042 0.78705 -0.67417 -0.82071 -0.034237
-1.3138 0.33788 0.58207 0.42885 1.6105 0.66261 -0.86519 -0.090856 0.44767 -1.1021 -0.043676 -0.9014 -0.52973 -2.2727 -0.65441 -0.22425 -0.93457 1.6148 0.01229 1.1106 -1.409 1.0354 -1.3238 -1.0322 0.28015 0.79347 1.7533 1.4819 -0.09457 0.19488 -2.3435 -0.21441 0.52016 0.91013 -0.21748 1.6834 0.30636 -0.73595 -0.9491
-2.3539 0.43346 1.4074 -0.56003 1.4769 0.18973 -0.1682 -0.67381 -0.034757 -1.0285 -0.70392 -0.86136 -0.39271 -1.1662 0.015093 -0.19667 -0.92464 0.54211 0.052037 1.1359 -0.37094 0.98385 -0.65143 -0.51292 0.15032 0.29702 2.4582 1.8073 0.33023 0.95555 -2.3542 -0.12867 -0.29479 1.1736 -0.48544 1.4349 0.85124 -0.47792 -1.4199
-2.0702 0.2868 0.9792 -0.079371 1.2166 -0.29293 0.37259 0.13076 0.86891 0.18676 -0.72904 0.40341 -0.25346 0.28645 1.2197 -0.10483 -0.54516 -0.55963 -0.15196 0.79825 -0.022732 0.38556 0.24885 0.053125 -0.14817 -0.47181 2.1131 1.341 0.027193 1.4028 -1.6509 0.11356 -0.67454 0.93022 -0.66915 0.81276 0.88674 -0.51831 -1.3703
-1.803 0.6872 0.59254 0.35854 1.333 -0.14432 0.59534 -0.7353 0.35923 -0.62652 -0.073604 -0.50339 -0.55719 0.68226 1.0787 0.20892 0.28626 -0.84682 0.036859 0.44509 0.04209 0.32326 0.065039 0.079226 0.091951 -0.70339 1.1438 0.56807 -0.12163 1.4666 -0.66988 0.12318 -0.59578 0.14304 -0.75923 0.30786 0.72028 -0.71885 -0.82421
-1.3026 1.0146 0.91527 0.11302 1.236 0.60004 -0.20173 -0.23023 0.6257 -0.75503 -0.12568 -1.0431 -0.81205 0.71536 1 -0.38599 0.82272 -0.65757 0.24942 0.22508 0.10939 0.1279 -0.012372 0.38698 -0.70248 -0.90179 0.16973 -0.32599 -0.41787 0.74977 0.048611 0.15503 -0.41171 0.11471 -0.40419 0.1565 0.207 0.090122 -0.12434
-0.87002 1.3481 1.3761 0.1113 0.52012 0.60165 -0.32945 -0.3162 0.7619 -0.99919 0.13205 -0.3802 -0.97652 0.73516 1.0512 -0.275 0.86159 -0.60222 0.099715 0.33856 -0.13194 -0.29589 0.11207 0.70283 -0.96438 -0.80756 -0.13521 -0.49145 -0.55231 -0.065174 0.4025 -0.11269 0.0055413 0.25829 -0.27289 0.56904 -0.055492 0.90518 0.288
-1.1344 1.1442 1.0353 0.46107 0.43335 0.16715 0.39109 -0.15984 0.6733 -0.63035 -0.62599 -0.61195 -1.0489 0.57064 0.70236 -0.59927 0.42962 -0.57626 0.12732 0.111 0.31824 -0.040459 0.54741 0.098689 0.52117 -0.61675 -0.36213 -0.63724 -0.084604 -0.5707 0.65205 -0.014418 0.46084 0.35114 -0.12691 0.56589 -0.42127 1.3946 0.59223
-1.7947 1.1789 0.38181 0.73693 0.86372 0.17766 0.59586 -0.42751 0.22096 -0.36318 -0.070575 -1.6969 -1.1269 0.50013 0.4268 -0.65568 0.37221 -0.14199 -0.1153 0.54014 0.45058 -0.07927 0.95432 0.056399 1.1658 -0.38157 -0.47691 -0.8051 0.29088 -0.82098 0.58104 0.2807 0.42605 0.15908 -0.027936 0.094871 -0.4864 0.95874 0.66152
-0.59623 1.5321 0.56495 1.2019 0.50829 -0.14853 0.8951 -0.41907 0.30209 0.25693 0.81644 -0.94329 -1.0519 0.15783 0.27383 -0.34988 0.10509 0.30897 0.33603 1.0118 0.49851 -0.1904 0.72922 -0.18745 0.84562 -0.16249 -0.4533 -0.73829 0.67269 -1.1194 0.32099 0.34198 -0.053204 -0.46454 -0.15275 -0.52994 -0.39599 -0.29856 0.64506
-0.77565 1.4768 0.022445 0.2435 0.47002 0.7714 -0.22984 0.064319 0.65622 -0.20805 -0.42044 0.86119 -1.3066 0.053793 -0.046558 0.10198 -0.36014 0.023446 0.55199 0.71077 0.11191 -0.24331 0.2167 -0.18184 0.66061 0.028752 -0.7274 -0.74244 0.687 -1.2262 0.080376 0.19181 -0.89958 -0.78259 0.25189 -0.95448 -0.62064 -0.62325 0.58672
-0.50292 1.4527 0.73149 0.48703 0.93378 0.33498 0.73254 0.52068 0.63816 0.67822 -0.10615 0.52992 -1.1834 -0.050211 -0.26409 0.19054 -1.0909 -0.060849 0.47023 -0.045915 -0.30322 -0.21741 -0.17121 -0.62934 0.17839 0.21513 -0.19974 -0.97617 0.025584 -0.7096 -0.2462 -0.72547 -1.4885 -1.0178 0.20902 -0.61198 0.049675 -0.51327 0.76421
-1.3075 1.4603 1.0404 0.45421 0.96551 1.0252 1.9356 0.086327 0.22181 -0.19313 -0.43692 -0.34871 -1.0774 -0.74786 -0.51414 0.26775 -1.0966 0.20602 0.20027 -0.58181 -0.51299 0.44227 -0.55463 -1.0186 0.28878 0.37309 0.45768 -1.2797 -0.89621 -0.4742 -0.4352 -1.3012 -1.6671 -0.91003 0.14948 -0.29392 0.85131 0.091895 1.229
-1.3856 0.90607 0.74716 0.18953 0.26464 0.64827 1.1002 -0.61802 0.02959 -0.35223 -0.40242 -0.72886 -0.99004 0.18457 -1.0833 -0.39451 -0.72303 -0.20963 -0.90048 -1.0916 -0.97775 -0.10642 -0.14099 0.27401 0.029262 0.89349 1.0845 -1.2868 -1.2474 -0.39818 -0.52163 -1.4486 -1.2882 -0.53927 0.2397 0.034759 2.0539 0.94704 1.6438
-1.2048 1.1892 0.29686 -0.76102 0.72282 0.58976 -0.39712 -0.9878 0.071468 -0.33706 -0.44511 -1.1345 -0.90557 0.78071 -1.7226 -1.1775 -1.3438 -0.67118 -1.3017 -1.8493 -1.1451 0.015105 -0.4012 1.0109 0.8797 1.6632 1.1712 -0.69731 -0.9183 -0.56668 -0.37444 -0.93893 -0.36122 -0.15244 0.19198 0.044344 2.5793 1.0016 1.6761
-1.5943 1.1079 0.90033 -0.1428 0.99179 0.30358 -0.44193 -0.46997 1.8239 -0.585 -1.0128 1.3311 -0.79823 1.1915 -1.7571 -1.2722 -1.6389 -0.54754 -1.6063 -1.788 -0.91273 0.4811 -0.17582 2.4026 1.648 2.209 0.16202 0.1599 0.01045 -0.45154 0.090561 -0.060472 0.77922 0.189 0.46437 -0.34447 1.92 0.50318 1.037
0.29715 0.12112 -0.58562 -0.32719 0.057873 -1.0428 -1.1289 -1.0379 -0.32374 0.37772 0.73911 0.59084 -0.22297 0.91532 -1.3136 -0.90396 -1.5942 -0.2842 -1.2769 -0.87991 -0.77339 0.54297 -0.44543 3.0133 1.3479 2.4061 -0.68083 1.0472 0.67826 0.092681 0.42679 0.51602 1.3266 0.22806 0.11566 -0.51016 0.81856 -1.0769 -0.038616
0.12806 -0.38391 -0.4767 -1.4699 -0.13877 -1.0323 -0.8547 -1.256 0.42305 -0.53746 1.2891 0.93097 0.78197 0.41361 -1.0269 -0.51945 -1.3594 -0.2216 -1.0239 -0.094733 -0.77568 0.54043 -0.82546 3.052 0.7191 2.1877 -1.4137 1.6234 1.1463 0.6432 0.5838 0.87411 1.0954 0.42582 0.18286 -0.75295 -0.97203 -1.6539 -1.191
-0.32358 -0.038882 -0.27197 -1.7399 0.2836 -0.8396 -0.5253 -1.454 1.1031 -0.69368 2.7047 1.2305 0.96443 -0.096071 -0.3805 -0.37549 -1.3282 -0.044755 -0.57578 -0.19295 -0.75526 0.23523 -1.1232 2.2652 -0.72627 1.6143 -1.2964 1.6443 1.1574 1.1535 0.39471 0.54789 0.2756 0.82284 0.01858 -0.30082 -2.2742 -1.2512 -2.0339
-0.6334 0.19093 -0.13255 -1.7853 0.32145 -0.75998 -0.66561 -1.7311 0.95244 -1.1464 2.5742 0.48447 0.99498 -0.92678 0.42287 0.45956 -0.68902 0.406 -0.239 -0.060074 -0.1067 1.0121 -1.3823 0.77879 -0.47877 0.69697 -0.65545 1.2114 1.3851 1.2109 -0.062558 0.052226 -0.10615 1.3255 -0.23317 0.25781 -2.8592 -0.36983 -2.0777
-0.77816 0.26491 -0.10148 -1.8137 0.61465 -1.0201 -0.69217 -1.6991 1.3151 -1.5103 2.427 0.60744 0.92063 -0.82108 0.6422 0.62182 0.013291 0.1334 -0.58987 -0.35534 0.4233 0.3729 -0.78398 -0.44914 -0.45394 -0.10842 0.13347 0.29261 1.5023 1.0699 -0.68182 -0.21227 -0.14133 1.5779 -0.4736 0.88181 -2.2525 0.79865 -1.4654
-0.83348 0.22839 -0.24413 -1.6053 0.36322 -1.07 -1.2575 -1.5181 1.0431 -1.724 1.8322 -0.050423 0.89102 -0.44254 0.43675 1.3951 0.0092059 -0.40599 -0.90733 -0.18393 1.0729 0.060186 -0.46495 -1.3583 -0.14751 -0.28101 1.0092 -0.60488 1.2397 0.69118 -1.2405 0.32068 -0.31557 1.0668 -0.89764 1.3273 -0.90339 0.50163 -0.68922
-0.8644 0.25875 0.092966 -1.5426 0.46683 -1.4861 -0.97065 -1.0489 1.3352 -1.7655 1.9971 0.43179 0.80988 -0.094745 0.089846 1.7746 0.1244 -0.85366 -0.64969 -0.36706 1.548 -0.15594 0.22956 -1.2219 0.59195 -0.24465 1.4026 -1.0523 0.57753 0.65096 -1.2159 1.194 -0.21695 0.35496 -0.57054 1.489 0.31297 0.11719 -0.30994
-1.1768 0.39058 0.51808 -1.6421 -0.00021075 -1.7966 -1.183 -0.7369 1.0195 -1.438 1.1637 0.67072 0.7536 0.57643 -0.28662 2.0423 0.41915 -1.3254 0.42577 -0.61536 1.3021 -0.39438 0.83709 -0.69553 -0.080728 -0.33797 1.5585 -1.1257 -0.95011 1.1397 -0.87314 1.6275 -0.24859 -0.43177 -0.46632 1.4296 0.84416 -0.53726 -0.4627
-0.86987 0.49858 1.9096 -1.9143 -0.32436 -1.9886 -0.52887 -0.091325 1.167 -1.476 1.1876 0.8108 0.72685 1.265 -0.7111 1.3006 0.90428 -1.5873 1.0875 -0.51676 0.99596 -0.45072 1.6231 -0.21148 -0.29486 -0.57466 1.4112 -0.86204 -2.352 1.5252 -0.2011 1.4904 0.097109 -0.78783 -0.22761 0.67414 0.52921 -0.7724 -0.77393
-0.66487 0.11453 1.6789 -1.4732 -0.75446 -1.3021 -1.6478 0.18958 0.71399 -0.70267 1.2861 1.2432 0.79131 1.762 -0.99742 -0.034063 1.5386 -1.5999 1.4163 -0.54524 0.61721 -0.64578 1.7745 -0.23341 -0.75183 -0.85573 0.68676 -0.3725 -3.0817 1.5245 0.56716 0.80389 0.51664 -0.62548 -0.082051 -0.074122 -0.35027 0.053896 -0.80135
0.31347 -0.18633 1.9291 -0.97867 -1.2021 0.23244 -1.9798 -0.42685 0.73765 -0.30533 1.7405 -0.60094 0.49047 1.924 -0.9596 -1.3022 2.1335 -1.0622 1.779 -0.19326 0.51653 -0.43112 1.1458 -0.45197 -0.56582 -1.2247 -0.19043 0.17138 -2.4153 0.87646 1.1505 -0.13563 1.1859 -0.37123 -0.059469 -0.74864 -1.0707 0.58218 -0.43758
0.85862 -0.48481 0.64425 -0.30601 -1.655 0.002069 -1.6111 -0.16314 0.57037 0.87742 1.5771 -0.20349 0.19768 1.5158 -0.76925 -2.046 2.3723 -0.54479 1.6605 0.21453 0.46077 -0.52914 0.92425 -1.3311 0.12727 -1.2958 -0.89163 0.39471 -1.1816 -0.13182 1.1874 -1.148 1.6213 0.056267 -0.12972 -0.79581 -1.0709 1.2485 0.3093
1.0758 -0.4729 -0.051502 0.20535 -1.5464 -0.32134 -1.4463 -0.046887 0.38935 0.47462 1.1094 -0.085581 -0.0731 1.0313 -0.54551 -1.9189 1.9633 -0.017133 0.7073 1.3437 0.45168 -0.5912 0.51173 -1.8575 0.33922 -1.054 -1.0973 0.15186 0.24343 -1.1909 0.61944 -1.8906 1.4544 0.011671 -0.33365 -0.59828 -0.46518 1.2715 1.1636
1.0498 -0.24719 -0.30942 0.64963 -1.1515 0.55745 -1.0456 0.40954 0.65464 -0.56092 0.26882 0.55429 -0.42343 0.55202 -0.56074 -1.7962 1.4008 0.042024 -0.28702 1.739 0.79819 -0.78106 0.4582 -1.726 1.1319 -0.44255 -0.74369 -0.26693 1.0261 -1.7649 -0.13605 -2.1189 0.76033 -0.3718 -0.5113 -0.33085 0.64095 0.94069 1.6974
0.90754 -0.35636 -0.0074044 0.82859 -1.1115 0.59641 -0.66347 0.57523 0.18272 0.35567 -0.4721 1.2975 -0.29473 0.36833 -0.81599 -1.0083 0.61196 -0.21787 -0.9396 1.7859 0.41594 -0.90704 0.15112 -1.2399 1.3117 0.21746 -0.30959 -0.45213 1.0923 -1.6424 -0.58791 -1.848 -0.32337 -0.76436 -0.48518 0.17799 1.5811 0.41666 1.7872
1.0326 -0.69784 -0.37169 0.77019 -1.028 -0.18168 0.24152 0.25114 -0.21628 0.55779 -0.36785 0.35092 -0.12005 0.4651 -1.0688 -0.71542 0.073707 -0.67259 -1.6553 1.4397 -0.1449 -1.3098 0.42593 -0.41568 1.3941 0.79335 -0.069981 -0.10066 0.87499 -1.2332 -0.51845 -1.2672 -0.95366 -1.0201 -0.27464 0.19446 1.7628 -0.45111 1.307
1.4045 -0.95317 -0.83313 0.78188 -1.6847 -0.58496 0.35858 0.74733 -0.34557 1.0439 0.25327 0.7903 0.088635 0.49705 -1.0282 -0.55768 -0.14099 -0.70494 -2.2177 0.91762 -0.40834 -1.2159 0.89409 0.58957 0.96812 1.197 -0.13135 0.46875 0.57619 -0.72694 -0.092696 -0.45883 -1.3129 -0.59672 0.20353 0.21168 1.4158 -0.6932 0.53949
1.4105 -1.2781 -0.73144 0.43926 -2.076 -1.642 0.69522 0.20465 -0.59424 0.50357 -0.012015 1.8642 0.33128 0.35405 -0.61843 -0.49952 -0.3012 -0.63398 -2.1204 0.42143 -0.58241 -1.1166 0.48675 0.82455 0.41923 1.1665 -0.34065 0.87319 0.68289 -0.34051 0.36972 0.5875 -1.2337 -0.28305 0.73219 0.085586 0.82407 -1.0719 -0.25809
1.6382 -1.2403 -0.85217 0.49661 -2.1773 -2.0981 0.22145 -0.31639 -1.4048 0.55662 0.27489 1.9599 0.53733 0.17652 -0.27677 -0.11617 -0.42615 -0.38697 -1.5976 -0.1269 -0.39451 -0.58728 0.5561 0.91196 0.45587 0.89861 -0.42985 0.92859 0.64698 -0.015423 0.30351 1.5668 -0.96 -0.058933 1.1322 0.11344 0.45231 -1.412 -0.89584
1.4723 -1.0554 -0.68183 0.70412 -1.5986 -2.0306 0.2212 0.11022 -0.76377 1.4388 0.81415 1.5004 0.74278 -0.0098763 -0.020831 0.25029 -0.3582 -0.14535 -0.80833 -0.31225 -0.61528 -0.20572 0.7714 1.0131 -0.41063 0.53101 -0.25235 0.63539 0.61269 0.17951 0.02071 1.9433 -0.54897 -0.12535 1.5607 0.092059 0.37979 -1.4599 -1.1807
1.2718 -0.98126 -0.73855 0.3827 -1.9231 -2.3242 0.30051 -0.25583 -1.4905 1.094 0.34854 0.9283 0.80418 -0.12155 0.187 0.19115 -0.13926 -0.38275 0.19961 -0.47907 -0.45114 0.50539 0.98544 1.3427 -1.3223 0.080292 0.079701 0.45544 0.51504 0.040315 -0.21001 1.9839 -0.51224 -0.38708 1.4508 -0.34321 -0.29288 -1.2451 -1.2236
1.463 -1.1854 -0.66218 0.12288 -1.8594 -2.4029 0.12373 0.0716 -0.66025 1.538 1.078 1.2409 0.6714 0.031483 0.18571 0.41065 -0.143 -0.58087 0.7912 -0.3991 -0.73311 1.326 0.46184 1.3117 -1.4879 -0.3157 0.057453 0.52253 0.64882 -0.092818 0.1749 1.9145 -0.58056 -0.12876 1.1505 -0.61013 -0.9185 -0.23918 -1.1515
1.4628 -1.1386 -0.42704 0.33619 -2.2316 -1.7804 -0.01341 -0.53365 -0.72405 2.0039 1.4822 0.66584 0.60487 0.29964 0.36265 0.6969 -0.46662 -0.5311 1.4922 -1.0116 -0.98668 1.4275 0.0068733 0.1215 -1.3947 -0.63817 -0.7441 0.94261 1.2824 -0.56021 1.2165 1.5708 -0.54663 0.12725 0.11146 -1.0491 -1.4191 0.76383 -0.86199
1.2672 -1.0193 -0.6444 0.46612 -2.7752 -1.2957 -0.21328 -0.63793 -0.01899 1.8348 1.7118 0.094036 0.43854 -0.11791 0.74341 1.1244 -0.3517 0.26282 2.2993 -1.1016 -0.53268 1.5446 0.0085964 -0.26717 -0.85729 -0.95419 -1.8635 1.2335 1.3293 -1.0645 2.3162 1.0752 -0.13169 0.55693 -0.68431 -1.0555 -1.2774 1.043 -0.4265
1.7692 -0.93063 -0.18404 0.38977 -2.5335 -1.037 -0.30401 -1.3252 0.65464 1.0944 1.8555 -0.067729 0.31705 -1.4298 1.445 2.0681 -0.97955 1.4126 2.5268 -1.1201 -0.27478 0.63791 -0.94129 -0.75879 -0.21972 -0.98062 -2.4861 1.0002 0.81097 -1.2198 2.9596 0.13102 0.88983 0.86878 -0.93272 -0.65233 -0.41943 1.0038 0.12996
1.827 -0.59031 0.28709 -0.31792 -2.024 0.012929 -1.545 -1.08 0.62009 1.381 -0.14397 -0.31832 0.15232 -2.5613 1.6556 2.0408 -1.6808 2.6526 2.3852 -0.56288 -0.037498 0.45424 -1.2307 -0.85594 -0.12851 -0.82614 -2.1711 0.22573 -0.27252 -0.806 2.4973 -1.1282 1.4938 0.84003 -1.0175 -0.36254 0.15935 0.65105 0.67504
0.6713 -0.30581 0.70985 -0.023357 -1.163 0.85953 -0.97182 -0.398 0.4735 1.5473 0.54573 0.42924 -0.23987 -3.0901 1.5372 1.6489 -1.8581 3.6426 1.7129 0.40705 0.37975 0.23528 -0.7122 -0.47807 0.11359 -0.49135 -0.76359 -0.85934 -1.5593 0.32396 0.93644 -2.1643 1.7271 0.60374 -0.4383 0.10817 0.97027 0.15326 1.0371
-1.2062 0.33998 2.2369 -1.2647 0.17108 0.94236 -1.3163 -0.49654 -0.32578 -0.1817 0.87822 1.0367 -0.19733 -3.3153 1.0656 0.85145 -1.2712 3.6805 0.50588 0.94974 0.70223 -0.15212 -0.84965 -0.14534 0.18019 -0.11371 0.86187 -1.5195 -2.1758 1.1919 -0.82437 -2.3047 1.0832 0.36832 -0.16916 0.27331 0.78588 -0.3597 1.1394
-1.9084 0.29532 1.2694 -1.6084 0.97598 1.326 -0.33937 -1.0572 0.49551 0.34517 0.84421 -0.44406 -0.07178 -2.4719 0.33952 -0.067516 -0.63932 2.6095 -0.76162 1.3738 0.49134 0.14084 -0.90899 0.76798 -0.11325 0.32907 2.0394 -1.745 -2.2257 1.8061 -2.1151 -1.544 0.28836 -0.078319 -0.019373 0.30575 0.11796 -0.64809 0.8416
-1.7664 0.2191 0.90235 -1.463 1.8861 0.5743 0.60681 -0.2436 0.89065 1.2154 1.1449 0.064867 0.050619 -1.277 -0.22207 -0.90819 -0.28274 1.6966 -0.88034 1.0026 0.61808 0.21139 -0.57038 0.034754 -0.72634 0.59356 2.3313 -1.3348 -1.2546 1.7182 -2.3431 -0.45091 -0.65317 -0.68687 -0.15043 0.38114 -0.59491 -0.24011 0.32769
-1.9446 -0.032232 0.85942 -0.76757 1.9598 -0.46063 0.13007 -0.20952 0.13005 -0.35566 0.63907 0.27361 0.15452 -0.33358 -0.66315 -1.3656 0.68981 0.82851 -0.60811 0.94635 0.32763 0.04737 -0.22329 -0.3886 -0.6909 0.50731 1.641 -0.55031 -0.26229 1.1556 -1.8477 0.62116 -0.94228 -1.3078 -0.74731 0.41372 -0.90985 -0.06091 -0.15643
-1.4407 -0.21387 0.51443 -0.99045 0.85936 -0.65983 0.1016 -0.28508 0.73069 0.084053 1.2115 -0.17571 0.32349 -0.067857 -0.60856 -0.69746 0.95839 0.35262 -0.44594 -0.027601 -0.40772 -0.35996 -0.40915 -0.81154 -0.015608 0.32518 0.69975 0.27477 0.5243 0.72287 -1.146 1.0354 -0.60534 -1.4297 -0.69234 0.53001 -0.15503 -0.28382 -0.49866
-1.8498 -0.17505 0.26886 -1.036 1.647 0.5871 0.12332 0.45301 0.32838 0.29548 0.48214 -0.52115 0.26702 -0.039085 -0.36394 -0.6375 0.68631 -0.041271 0.24405 0.15836 -1.3075 -0.95947 -0.13935 -0.68248 -0.61365 0.21477 -0.043884 0.81774 0.78483 0.29534 -0.57674 0.74232 -0.19571 -1.0178 -0.50391 0.3657 0.23438 -0.7944 -0.66049
-2.0624 -0.23007 0.43223 -0.48441 1.8179 0.5077 0.61553 -0.83293 -0.073024 -0.26823 0.3698 -0.2798 0.28078 -0.13133 0.076529 -0.36281 0.93613 0.077319 0.72707 0.29476 -1.096 -0.56697 0.47668 -0.18412 -1.3324 -0.057578 -0.0078174 0.98377 0.58511 0.18453 -0.67154 -0.10842 0.37593 -0.2237 0.060193 0.26477 0.50978 -0.98522 -0.76218
-1.8932 -0.30139 0.45681 -0.33579 1.8662 0.038443 -0.43665 -1.7931 0.29226 0.18589 -0.13134 -0.037849 0.24796 -0.38709 0.32757 -0.1684 1.1977 -0.058759 0.26535 0.44768 -1.117 -0.77374 0.085442 -0.29025 -1.5675 -0.35827 0.23918 1.1145 0.60618 0.028758 -0.80632 -1.1892 0.30538 0.83235 0.84069 -0.38962 0.46685 0.19259 -0.7697
-1.6836 -0.16253 -0.010052 -0.60688 1.5324 0.38392 1.1331 -1.8275 -1.0061 0.67124 0.64375 -0.98535 0.34093 0.087744 0.64958 0.083648 1.0128 -0.83494 -0.66145 0.55682 -0.85941 -0.30816 0.022864 -0.045453 -1.4353 -0.60836 0.54795 1.1167 0.23592 -0.23278 -1.128 -1.5192 0.29903 1.2704 1.1667 -1.2273 0.36144 1.3454 -0.65706
-2.0521 0.08856 0.4637 0.53608 1.5935 0.618 0.25213 -0.80475 0.079459 0.42913 0.88947 -2.0874 0.062555 0.29073 1.1665 0.19172 0.69564 -1.0251 -1.3816 0.62478 0.12252 0.53523 -0.71173 0.12464 -0.22686 -0.74197 1.1493 0.6367 -0.72057 -0.29173 -0.75734 -0.82506 -0.47856 1.4207 1.2719 -0.86535 0.45224 1.8582 -0.46482
-2.253 0.087975 0.22114 0.29782 0.85643 -0.060904 0.80631 -1.5319 -0.45326 -0.093172 0.31102 -2.1093 -0.11624 0.54137 1.4776 -0.13721 0.7942 -1.4611 -1.4151 0.79181 0.62274 1.0207 -1.644 0.27431 0.51712 -0.9172 1.7632 -0.023739 -1.618 -0.37057 -0.058084 0.30355 -1.2618 0.94748 0.3779 0.093752 0.51453 1.6036 -0.25121
-1.4937 0.4797 0.57864 0.091969 0.59555 -0.68275 0.97232 -1.2794 -0.016456 0.17642 0.11634 -1.5651 -0.3528 1.5121 0.95172 -1.3231 0.81474 -1.0971 -0.96506 -0.53505 0.75141 1.0034 -0.85728 0.39713 0.94801 -0.94698 2.297 -1.2696 -1.9828 -0.41386 0.32844 1.5075 -1.7733 0.6673 -0.79383 1.5175 0.39827 0.68527 0.21672
-1.5366 0.95982 0.65205 0.25947 0.70287 -1.8995 1.142 -1.0538 1.0756 -1.6458 0.57943 0.59921 -0.32116 2.7408 0.71861 -1.9918 0.32811 -0.88618 -0.26839 -1.19 0.58212 0.20464 0.28888 0.79 0.98644 -0.90636 2.1247 -2.2667 -1.7045 -0.70044 0.49805 2.1459 -1.6653 0.64633 -1.6265 2.504 0.28771 -0.38345 0.8197
-1.0487 1.0939 -0.27405 0.7547 -0.36224 -1.1155 1.0456 -0.86628 1.0975 -2.0035 0.72222 -0.28424 -0.60051 3.4442 -0.52313 -2.351 0.23062 -0.70101 1.0025 -1.6653 1.3935 -0.53091 1.4385 0.60625 0.80746 -0.39738 0.97729 -2.5609 -0.57625 -0.80579 0.36445 2.0168 -0.66594 0.69864 -1.6265 2.205 -0.57464 -1.4585 1.1767
0.57562 0.33944 -2.1817 0.81965 0.54696 0.030415 -0.72986 -0.38768 -0.070175 0.83155 1.456 -1.2387 -0.62352 3.5091 -1.4795 -2.6073 -0.094645 -0.74096 1.8078 -1.7226 1.5145 -1.2647 2.3506 0.68836 -0.16885 0.12515 -0.72687 -2.4407 0.42374 -0.87131 0.57372 0.58791 0.40881 0.77819 -0.37375 0.82192 -1.3987 -1.1374 1.5248
1.6607 0.81943 -1.4492 0.59162 0.22692 0.10828 -1.4265 -0.50721 -0.12427 1.24 1.4733 -1.1658 -0.9281 2.9353 -2.1233 -2.0285 -0.33228 -0.493 1.9508 -1.4836 1.5924 -1.3144 2.6402 -0.75606 -1.2678 0.42705 -2.1527 -1.2406 1.5645 -0.8121 0.55083 -1.2865 1.6937 0.56241 1.1492 -1.3012 -1.7958 -0.088323 1.4573
2.1636 -0.74372 -1.9685 0.21497 -0.3445 0.96438 -0.70569 0.65553 -1.1432 1.7605 0.30835 -0.1943 -0.24895 1.6443 -2.4594 -1.4193 -0.85923 0.064854 0.41525 -0.49037 1.9333 -0.081486 1.3765 -1.379 -0.16089 1.1294 -2.7939 -0.20689 2.0365 -0.46817 0.42493 -2.3516 2.17 0.5939 1.8726 -2.797 -1.3829 0.85082 1.1318
2.4963 -0.58023 -2.259 -0.012093 -0.48615 0.96355 -0.83452 0.64322 -0.83673 2.3452 1.3995 -1.1393 -0.09326 0.38313 -2.0551 -0.2185 -0.75613 -0.09026 -0.81151 0.90641 2.2455 1.0864 -0.74554 -2.0034 0.60649 1.4402 -2.5098 1.1098 1.7919 0.030915 -0.045427 -2.2412 1.9349 0.12309 1.3077 -2.8647 0.24019 1.0554 0.38151
1.7257 -0.84322 -1.9648 0.32746 0.026052 0.68035 -0.94373 0.93954 -0.08978 1.3434 -0.92693 -1.7885 -0.11452 -0.39674 -1.8506 0.038664 -0.67229 -0.1563 -1.4056 1.1589 2.3062 1.115 -1.6991 -1.5065 0.47669 1.4363 -1.5786 1.7991 1.4317 0.35273 -0.51652 -0.82264 1.242 -0.81442 -0.25534 -1.4113 1.2575 0.17367 -0.46344
1.3503 -1.4496 -2.8526 -0.37333 0.35169 -0.92664 -0.13182 1.9382 1.1617 0.53021 -0.3052 -0.30752 0.54777 -0.6996 -0.61849 0.36629 -0.37445 -0.44676 -1.5173 1.3296 1.675 0.59665 -1.7036 -0.26864 0.38369 0.88793 -0.691 1.8865 0.93514 0.042471 -0.63931 0.56982 0.30581 -1.9596 -1.1767 0.70088 1.7005 -0.43743 -0.93642
1.7248 -1.2895 -1.654 -0.033823 0.13958 -0.97002 0.46949 2.6244 1.0226 -0.27404 -0.79345 -0.11548 0.59874 -0.74387 -0.24478 0.78273 -0.45657 -0.67295 -0.83438 1.6431 0.79671 -0.29004 -1.0417 0.20959 0.25 0.66468 -0.25072 1.9902 1.135 -0.20809 -0.47419 1.4402 -0.44283 -2.6693 -0.94917 1.9636 0.59321 -0.55991 -1.2941
1.4941 -1.3863 -1.3757 -0.42027 -0.71612 -1.0609 0.10036 2.6147 0.12771 -0.7459 -0.11088 -0.59293 0.53796 -0.72786 0.21739 1.0366 -0.79323 -0.96997 0.025284 1.2626 -0.48713 -0.41095 0.36565 0.47943 -0.13871 0.32653 -0.46488 1.4445 1.0661 -0.68329 -0.038008 1.5698 -1.2633 -2.6869 -0.14129 2.144 -0.48596 -0.069099 -1.1463
1.355 -1.0167 -1.9489 -0.11828 -1.1873 -0.46984 1.1241 2.3028 -0.89893 0.40273 0.77489 -0.40079 0.48145 -0.85118 0.9759 1.6798 -0.8143 -0.7342 0.64873 0.39383 -1.3802 -0.14985 1.299 -0.75162 -0.35275 -0.35618 -0.80604 1.3779 1.4639 -0.52196 0.54258 1.2221 -1.7664 -1.9144 0.71102 1.1428 -0.79173 0.82301 -1.1111
1.1255 -0.86839 -1.2532 -0.58288 -0.7603 -0.060135 1.3307 1.1635 -0.5833 0.98742 0.62808 -1.523 0.55324 -1.5114 1.1261 1.7736 -1.3476 -0.46706 0.82051 -0.37519 -2.0357 0.28931 1.5293 -0.81491 0.52451 -0.43775 -0.84345 1.0074 1.8 0.0043168 1.1926 0.9017 -2.01 -0.88896 0.36204 -0.52676 -0.57237 1.5716 -0.98487
0.46246 -0.9915 -0.93846 -1.0353 -0.86058 -0.01264 0.63805 0.48635 0.82583 1.6932 -1.1227 -1.2194 0.43373 -1.8498 1.5473 2.965 -1.0596 0.07433 1.1669 -0.80625 -1.8348 0.73815 0.72369 -0.78091 1.4484 -0.7329 -0.29481 0.63172 0.9372 0.81446 1.1322 0.60068 -1.771 0.37473 -0.37685 -1.4207 0.83479 1.7013 -0.83686
0.51941 -0.32087 -0.14573 -1.2226 -0.53601 -0.47883 0.18905 0.87039 1.1978 1.7032 -1.7608 -0.028801 0.099965 -1.7956 1.5741 3.5318 -0.6641 0.79965 1.5381 -1.8601 -1.8161 -0.13812 -0.42761 -0.70541 1.9093 -1.0623 0.46319 0.56057 -0.23415 1.7462 1.1432 0.27283 -0.98395 1.2729 -1.0324 -1.5925 1.805 0.57992 -0.87927
-0.50957 -0.27645 0.59335 -1.7892 -1.0909 0.28617 -0.29421 0.021256 0.33766 1.2638 -0.61201 0.78026 0.22661 -1.2594 1.7819 2.4314 0.2154 0.69722 1.4728 -2.1404 -0.76703 -0.6199 -0.63898 0.80506 2.1492 -1.3837 0.87599 0.15892 -1.8033 1.902 0.86308 -0.39844 -0.085586 1.4653 -1.1764 -1.1229 1.9565 -0.77796 -0.5828
-0.95308 0.31911 2.2436 -1.1355 -0.70609 1.1315 -0.39863 0.28926 0.26899 0.15869 0.12462 0.98063 -0.28173 -0.95215 1.9229 1.6249 0.9562 1.3062 1.2088 -1.5164 -0.22668 -0.95804 -1.0586 1.9417 1.2435 -1.5202 0.94286 -0.10392 -2.4648 1.5446 0.53772 -1.002 1.1695 1.4175 -0.31409 -0.49519 0.90951 -1.8283 -0.15286
-0.71366 0.37611 1.9769 -0.78097 0.54384 2.0075 -1.5806 -0.86372 -1.6115 0.12389 -0.39926 1.0504 -0.54772 -0.652 1.6323 0.76188 1.3341 1.3992 0.55915 -1.1101 0.060399 -1.0512 -1.2657 1.7477 0.27741 -1.4363 0.83026 -0.61835 -2.3384 0.6594 0.093542 -1.3678 1.7157 0.5656 0.22895 -0.30343 -0.72682 -2.3892 0.41802
-0.25204 0.74983 0.66932 -0.37369 -0.16699 1.2844 -1.7858 0.58487 0.017914 1.0798 1.0955 0.89714 -0.82166 -0.35582 1.4799 0.054388 1.3781 1.4386 0.041332 -0.16538 0.37391 -0.48725 -1.1303 0.58397 -0.64911 -1.2788 0.65071 -0.83779 -1.7395 -0.033133 -0.87816 -1.3236 1.681 0.20516 0.86726 -0.047719 -1.6483 -2.0355 0.76714
-0.96256 1.0378 1.1768 -0.10592 1.1156 0.88691 -1.0206 0.44897 0.20862 0.038947 0.67598 0.51968 -1.0632 -0.022726 0.9958 -0.87471 1.1146 0.81794 -0.61288 0.41303 -0.00011868 -0.39074 -1.2255 -0.024081 -1.4617 -0.83154 0.55837 -0.95823 -0.92224 -0.18795 -1.32 -0.75948 1.1846 -0.21215 0.59976 0.050072 -1.9356 -0.94655 0.80847
-0.78941 1.1719 1.4589 -0.041189 0.77814 0.29276 -1.3651 0.57477 -0.88453 -0.72122 0.45594 0.67419 -1.0987 -0.06473 0.87579 -0.60193 1.0093 0.026991 -0.78806 0.88612 0.22068 0.38619 -1.176 -0.52117 -1.7738 -0.58975 0.61058 -1.0538 -0.57146 -0.1904 -1.7392 -0.16472 0.45134 -0.57854 0.14556 0.66008 -1.3096 0.4261 0.65068
-1.291 1.2119 1.4986 -0.10161 0.77751 1.3055 -0.23665 0.14842 -0.55076 -0.73862 -0.040176 -0.20249 -1.0496 0.23336 0.37271 -0.52741 1.201 -0.26358 -0.50507 0.60213 -0.19856 -0.32055 -1.1393 -1.6223 -0.98356 -0.48172 0.58579 -0.82537 -0.39508 -0.12882 -1.2654 0.32839 0.064627 -0.38707 0.4086 1.4052 -0.78513 1.2435 0.30783
-0.44493 1.152 0.63732 0.43654 0.55252 0.58093 -0.54879 -0.42284 -0.9825 -1.5057 0.074972 -1.1096 -1.1494 0.64382 0.073978 -1.1239 1.0133 -1.1472 -0.3276 0.60986 -0.52327 -0.21587 0.18274 -1.289 -0.1103 -0.40766 0.54745 -0.57449 -0.31712 -0.25343 -0.66469 0.3495 -0.42827 -0.057147 0.19185 1.4813 -0.24461 1.2628 0.11613
-0.61964 1.3956 0.75085 0.61083 0.22537 0.60339 -0.72862 0.33732 0.11829 -0.61744 -0.46387 -0.99939 -1.251 0.70473 0.051645 -1.3103 0.89478 -0.86499 -0.19315 0.69941 -0.27921 0.71537 0.98127 -1.2646 0.033481 -0.42643 0.10086 -0.12739 0.15582 -0.78124 -0.21706 0.25352 -0.37641 0.51807 0.22757 1.2483 0.6233 0.9068 0.083333
-0.11362 1.0876 0.22952 1.2911 -0.067316 0.2648 -0.94603 0.52893 -0.58485 -0.85948 -1.1284 0.46716 -1.4282 0.71026 0.1002 -0.7709 0.73466 -0.85624 -0.25277 0.066059 0.205 0.26245 0.80601 -1.2448 0.080983 -0.42871 -0.17 0.049276 0.69353 -1.0217 0.55248 0.29451 -0.30829 0.34001 -0.52149 0.27815 0.99835 0.41825 0.16827
-0.29315 1.1417 0.10683 0.70959 -0.58369 0.41654 0.18773 -0.7372 -0.68685 0.54324 -0.59347 0.6442 -1.4095 0.38315 0.15227 -0.43818 0.023333 -0.78372 -0.039057 0.19938 0.41878 -0.097775 1.113 -0.45547 0.60958 -0.33512 -0.26749 0.071242 0.7686 -0.99575 0.80018 0.43317 -0.23403 -0.31534 -1.0509 -0.12697 1.3149 -0.064987 0.29428
-0.093453 1.3146 0.027436 0.84648 0.04507 0.5628 0.0072497 0.21342 0.58449 0.52823 -1.1939 -0.40553 -1.4283 0.48563 0.10431 -0.35495 -0.27308 -0.17124 0.17901 0.31232 -0.21195 -0.76723 0.68875 0.24456 0.36462 -0.18102 -0.25663 -0.0031515 0.46971 -0.479 0.98726 0.31379 -0.10105 -0.24123 -0.62838 -0.53777 1.1642 -0.41886 0.27333
-0.1509 1.3375 0.65646 0.99778 -0.44305 0.82106 -0.79824 0.47812 -0.78089 -0.57181 -1.5325 -1.1138 -1.4768 0.31739 0.16604 -0.18207 -0.27981 0.25698 0.44596 0.16728 -0.59244 -0.73116 0.77992 0.56112 -0.2611 -0.075861 -0.19942 -0.13094 0.32355 0.1151 0.73963 -0.018666 -0.038522 -0.10518 -0.09341 -0.6975 0.27646 -0.72801 0.21496
0.03224 1.3448 -0.059289 0.3654 -0.71376 0.24668 -0.40913 0.43899 -0.99396 0.62865 -0.047529 0.42773 -1.5187 0.2636 0.088496 -0.084883 0.078415 0.42609 0.1261 -0.078759 0.32258 -0.58139 -0.13096 0.51641 -0.30704 -0.11754 -0.2851 -0.17518 0.23462 0.30853 0.32055 -0.28914 0.22439 0.32982 0.82365 -0.35312 -0.7028 -0.73717 0.1678
0.24727 1.3146 0.092515 0.60088 0.23668 0.86942 -0.095787 -0.49921 -1.2247 0.3977 -0.37594 0.28992 -1.4476 0.12067 -0.052948 -0.014459 0.040717 0.27262 -0.041811 0.35071 0.0088677 -0.33719 0.091363 -0.095283 -0.4638 -0.019668 -0.2667 -0.18748 0.31236 0.31533 -0.0098141 -0.33172 0.34621 0.47228 1.1429 -0.32178 -1.4964 -0.93991 0.16382
0.14249 1.2132 -0.068978 0.97998 0.17601 1.0429 -0.27861 -1.0058 -1.2704 1.0528 -0.54853 -0.15716 -1.4879 0.051709 -0.071425 -0.035347 0.085683 0.41827 -0.13561 0.66694 0.12934 0.6276 0.30869 -0.88726 -0.96059 0.062434 -0.25512 -0.071826 0.30098 0.019507 -0.32591 -0.22572 0.24624 0.28198 1.0667 0.026939 -1.4439 -0.92272 0.16266
-0.037805 1.3483 0.20805 0.89736 -0.0008721 0.35303 -0.063314 1.0473 -0.55357 -0.41052 -0.38862 -0.66453 -1.5597 -0.074855 -0.059291 0.33237 0.24705 0.26095 -0.065018 0.46806 0.40307 0.86139 -0.099898 -1.7824 -1.7451 0.099317 -0.17033 0.031105 0.24622 -0.042603 -0.39204 -0.17514 -0.1004 0.4996 0.68613 -0.10488 -0.88886 -0.62963 0.07199
0.039645 1.2645 0.31328 0.7806 0.024201 0.51358 0.22128 0.29401 -0.206 0.51821 -1.9505 -1.5009 -1.4108 -0.11537 -0.025093 0.26103 0.0073269 -0.1395 -0.29669 0.34968 0.68113 0.87184 0.020721 -1.5804 -1.4446 0.086285 -0.098974 0.038718 0.15293 -0.11718 -0.42909 -0.14525 -0.21659 0.35692 0.11548 -0.11123 -0.26834 -0.16049 0.0093039
