39 265
-0.69026 0.98035 0.69355 0.8617 0.10078 0.61067 -0.43557 0.022279 0.091347 0.99309 0.15326 -0.70392 -1.4417 -0.057244 -0.014797 -0.41434 0.56173 0.37064 -0.086174 0.37956 -0.094722 -1.0319 -0.15371 0.38795 2.4132 0.15971 0.14439 -0.08123 -0.084501 -0.57845 -0.18639 0.20097 -0.023921 0.3368 0.34859 -0.048595 -0.703 -0.18918 -0.0049185
-0.65073 1.0442 0.41726 1.605 0.24556 0.26895 0.83651 0.70659 -0.24773 0.49451 0.33288 1.0837 -1.3601 0.12006 -0.059165 -0.51103 0.012461 0.2178 0.18763 0.40664 0.35428 -0.81646 -0.45104 -0.11308 2.1717 0.17622 0.099945 -0.17803 -0.0036505 -0.58896 -0.1969 0.31077 -0.06309 0.10373 0.40421 0.22209 -0.76883 -1.0746 -0.046624
-0.81731 1.0253 0.22925 0.94644 0.062993 0.19714 0.18252 0.088858 0.21703 1.3145 0.36187 1.2688 -1.3136 0.12165 -0.12575 -0.52437 -0.30917 0.072429 0.15281 0.31346 0.31989 -0.4174 -0.10146 -0.75604 2.1445 0.13946 0.023766 -0.26638 0.18531 -0.4707 -0.14532 0.34927 -0.18564 -0.26176 0.75599 0.41132 -0.63816 -2.0025 -0.10026
-0.72029 0.9052 0.45822 1.592 0.92677 0.83266 -0.41077 -0.4235 -1.9137 0.6537 0.69057 1.6547 -1.2672 0.039845 -0.25736 -0.36268 -0.16899 0.12442 0.37588 0.27966 -0.11278 -0.50347 0.25935 -0.56436 0.53208 0.085691 -0.10488 -0.24344 0.49298 0.034092 -0.071165 0.094113 -0.28301 -0.4133 0.90233 0.61812 -0.15114 -2.0265 -0.11874
-0.40194 0.91525 0.22441 0.37291 0.061227 0.96887 0.26371 0.98811 -0.22607 0.26844 -0.49982 0.91074 -1.2843 0.03054 -0.36426 -0.12956 -0.28151 0.12355 0.47336 0.058589 -0.37743 0.36492 0.3047 -0.65307 -0.48659 0.028048 -0.22972 -0.024736 0.6786 0.32995 -0.31327 -0.0020884 -0.10111 -0.017843 1.0893 0.43216 0.55672 -1.4638 -0.10006
-0.63039 0.85533 0.19201 0.62784 0.065161 0.48414 0.22611 0.37974 0.027896 1.2289 -0.98991 1.826 -1.3265 -0.021195 -0.34938 0.24045 0.055852 0.04444 0.20308 -0.050222 -0.10579 0.64423 0.56868 -0.47101 -0.2764 0.023033 -0.24329 0.19793 0.56425 0.49603 -0.46975 -0.22981 -0.14995 0.38918 0.63683 0.049794 1.2087 -0.16997 -0.065287
-0.76449 0.70179 0.28524 1.3976 0.50597 0.94678 0.58035 -0.26761 -0.9437 1.3283 0.2309 -0.1205 -1.3183 -0.2622 -0.11663 0.47885 0.21657 -0.51197 0.23474 0.26742 0.27098 1.2421 0.59873 0.28649 -0.18152 -0.005784 -0.021725 0.34749 0.15549 0.40645 -0.42554 -0.19526 -0.22533 0.37617 -0.14584 -0.54209 1.7263 0.2158 -0.0012801
-0.65531 0.65144 0.2554 1.1123 0.51978 0.81299 0.49746 -0.04088 0.58124 0.85395 -0.28136 1.1189 -1.2841 -0.2529 -0.038737 0.41865 0.54623 -0.49026 0.064185 -0.13596 0.30324 0.36818 0.2106 1.3404 0.02542 -0.013817 0.45739 -0.06986 -0.81286 -0.11814 -0.18335 -0.19624 -0.38845 0.55552 -0.23697 -0.81704 1.2029 0.24459 0.19775
-0.77474 0.66612 0.68139 1.0307 0.28696 0.61618 -0.63496 0.057758 0.042525 1.8785 -0.14604 1.5058 -1.2469 0.11115 0.077649 0.083128 0.26167 -0.4545 0.17651 -0.36446 0.13317 0.21648 -0.58914 1.8364 -0.28316 0.040781 1.2042 -1.096 -1.7643 -0.779 0.01568 -0.85983 -0.72238 0.73935 -0.096489 -0.71392 0.24683 -0.37544 0.88027
-0.94359 0.94017 0.82432 1.393 -0.55056 1.4187 0.70639 0.86747 0.14366 0.81199 0.76006 1.1967 -1.3134 0.63021 -0.56029 -1.1166 -0.20841 -0.35295 -0.13594 -0.53496 1.0244 0.68464 -0.4543 1.1172 0.18164 0.33839 1.8837 -1.7665 -2.0081 -1.2993 -0.084914 -1.8145 -0.65414 0.77444 0.46992 -0.848 -0.85078 -0.97054 1.5716
-0.65268 0.8055 0.27313 0.99122 -0.58079 0.58273 0.049181 1.1471 0.076728 0.74851 1.0235 0.85546 -1.3382 1.4956 -1.7177 -2.1328 -0.94546 -0.55747 -1.2763 -1.0191 1.3265 0.89805 -0.4817 0.87631 -0.9911 1.3375 1.983 -1.9225 -1.1207 -1.2784 -0.2208 -2.3491 -0.60767 0.52479 -0.00588 -0.77095 -1.3558 -1.1329 1.9278
-0.39932 0.82509 0.1136 1.289 0.10296 0.87151 -0.30316 -0.60089 -0.095024 0.52902 1.6508 0.67368 -1.2278 2.4928 -2.1452 -2.32 -1.4111 -0.61364 -2.6087 -1.1546 1.1904 0.99709 -1.5213 0.13462 -1.445 2.0531 1.3887 -1.0115 0.61298 -0.82971 -0.5378 -1.4144 -0.12718 -0.38243 -0.8754 -0.50413 -1.1433 -1.3444 1.5498
0.19247 -0.42279 -1.1658 0.91388 0.26254 0.65389 -0.31148 1.7231 0.82445 1.0718 0.68884 0.73534 -0.72071 2.7988 -2.3999 -1.4603 -1.657 -0.76652 -2.9877 -1.3052 1.0521 0.059296 -1.5814 -0.35379 -1.5924 2.515 0.31563 0.55239 2.0398 0.0063228 -0.84276 0.04315 0.61412 -0.76105 -1.4716 0.4731 -0.96497 -1.0254 0.26499
1.2853 -1.5379 -1.4697 -0.50715 -0.96143 -1.5269 -1.6689 1.9003 1.8863 0.58538 0.53868 0.085199 0.71725 2.5143 -1.9372 -0.27387 -1.4915 -1.3148 -1.9301 -0.65638 0.41244 -0.67081 -0.90225 -0.53045 -2.0287 2.4273 -1.0444 2.4582 2.7938 0.91981 -0.51496 1.6174 1.0675 -1.5342 -1.8738 1.3247 -0.57522 -0.50142 -1.4519
2.0665 -0.96148 -0.78172 -0.26356 -1.1287 -2.5491 -1.5234 1.4773 0.57237 -0.91049 0.36317 -0.23368 0.84618 2.0645 -0.87545 0.75892 -0.90255 -1.8736 -1.5353 -0.011321 0.23555 -1.2592 0.14463 -0.70218 -2.6244 1.6054 -2.5163 3.702 2.2662 1.8634 0.6957 3.0775 1.2459 -1.9068 -1.1839 1.5299 -0.44168 0.92776 -3.1709
1.8562 -1.2213 -0.13767 -0.20992 -1.5896 -1.541 -0.72118 1.8476 -0.74366 -1.0447 0.88367 -0.66105 1.0556 0.96056 1.2855 1.9307 0.0080305 -1.0815 -0.3059 0.38584 -1.3736 -2.1552 0.2367 -0.83375 -1.8919 -0.0072796 -3.5415 3.2758 0.82198 2.0839 1.8497 3.3499 1.0241 -1.0778 0.15382 1.4943 -0.24562 2.3841 -3.7615
1.8675 -0.98178 -0.11536 -0.35143 -2.0054 -0.51831 -0.73896 0.39955 -0.73366 0.7763 0.61712 -1.4795 0.93491 -1.0067 2.3007 1.7863 1.2424 0.47866 1.9641 0.72712 -1.7464 -1.6026 0.87601 -1.0814 0.0010437 -1.7568 -3.675 1.9217 -0.45265 1.6127 2.4637 2.9171 0.77884 -0.17279 1.4602 0.78367 0.083646 3.1182 -3.1032
2.1115 -0.41231 0.077813 0.38016 -2.4741 -1.3466 -0.35299 0.76142 -0.65925 1.5324 0.22769 -2.1972 0.41248 -2.401 2.0606 0.79216 1.5182 1.1427 2.5943 1.0726 -0.68791 -0.17427 1.6886 -0.83354 0.99509 -2.4025 -2.8032 -0.046023 -1.2211 0.69766 1.903 1.3781 0.54097 0.85387 1.9781 -0.1207 0.29268 2.6411 -1.4558
1.4865 1.0468 0.43219 0.36983 -0.91845 -0.74103 -0.57523 0.20713 -1.2782 0.31223 -0.79695 -0.63485 -0.55681 -2.9491 2.016 0.46394 1.4994 1.8566 2.4779 1.2402 -0.45177 0.74029 0.96905 -0.54581 1.6169 -2.569 -1.145 -1.23 -1.072 -0.37881 0.86896 -0.18483 0.043508 0.78487 1.2895 -0.97944 0.5005 1.3778 0.34739
-0.26855 0.81324 0.28613 1.1579 0.29001 1.0485 -0.7806 -0.24304 -0.0605 0.53311 -0.55307 0.88907 -1.2525 -3.1735 1.3547 0.25415 1.2397 1.9681 2.0179 1.2361 -0.38373 0.71975 -0.048909 -0.53295 2.1088 -2.1231 0.55835 -1.6515 -0.36459 -0.80776 -0.40727 -1.0778 -0.22659 0.27233 -0.043601 -1.2623 0.45866 -0.051348 1.4973
-0.82099 0.5526 -0.08878 1.3744 -0.12431 0.87788 0.88248 1.6202 -0.055591 1.324 0.18429 0.22519 -1.3849 -2.7032 0.56346 0.0035004 0.62809 1.7689 1.9056 0.73124 -0.39455 0.59211 -0.1935 -0.25338 1.9327 -1.299 1.8652 -1.5838 0.17756 -1.0322 -1.4874 -1.8068 -0.459 0.52014 -0.98428 -1.0066 0.29775 -1.0272 2.0345
-1.0014 0.81703 0.44486 1.136 0.49213 1.5813 1.1385 0.50815 0.042454 0.71797 0.37663 0.041853 -1.4059 -1.5018 -0.021285 0.32698 0.35802 0.37709 0.86112 0.85863 -0.20185 -0.17808 -0.22803 -0.083887 0.7009 -0.45066 2.3273 -1.326 0.35564 -1.1676 -1.6075 -2.2277 -0.46754 0.45602 -0.88854 -1.181 0.41963 -0.68916 2.0416
-1.146 0.69557 0.17118 1.0889 0.26538 0.94108 0.56949 -0.63213 -0.21148 0.88534 -0.84042 0.47495 -1.3473 -0.38077 0.010988 0.77162 -0.096313 -0.2837 -0.32852 0.48348 0.45028 -0.80775 -0.9334 -0.19175 0.3923 0.11091 1.8358 -1.0256 0.048528 -1.1587 -1.1807 -2.3189 -0.40328 0.49953 -0.19207 -1.07 0.56246 -0.411 1.6144
-0.87834 0.79148 0.18359 1.0645 0.72535 1.0855 -0.10339 0.32021 -0.25726 0.72339 -0.54782 0.76933 -1.3151 -0.088246 -0.62278 0.55563 -0.70047 -0.17784 -1.0383 0.39691 0.063093 -0.38196 -2.0161 0.25515 1.5713 0.70047 0.87209 -0.80957 -0.40521 -1.1511 -0.24464 -1.6958 -0.62482 -0.097309 0.6261 -0.051199 1.1914 -0.35538 1.1768
-0.7686 0.97855 0.87983 1.1879 -0.47474 0.89989 1.0168 0.20295 -1.4565 -0.097819 -0.62819 0.61782 -1.3254 -0.059364 -0.87772 -0.014126 -1.1277 -0.28558 -1.4889 0.13098 0.42621 0.31327 -1.4169 0.67763 0.70069 0.91488 0.31211 -0.73173 -0.60959 -0.93044 -0.23169 -1.031 -0.8072 -1.265 1.2005 1.2702 1.5312 -1.1583 0.98316
-1.0437 0.55825 0.85493 1.1327 -0.20585 0.55713 0.63862 1.6401 -0.62176 -0.26081 -0.079586 1.0978 -1.1221 -0.068569 -0.95085 -0.053434 -1.3964 -0.11128 -1.7357 -0.25092 -0.38862 0.54974 -0.087827 1.8219 -0.14793 1.1797 0.69323 -0.43662 -0.38916 -0.44477 -0.78634 -0.251 -1.2986 -1.7579 1.0242 1.8676 1.0295 -2.0245 0.78095
-1.0775 -0.43907 0.20773 0.061228 0.17878 -0.45691 1.9666 0.71769 0.041298 -1.4474 0.89907 2.2616 -0.33314 0.18265 -1.0663 -0.088994 -1.5851 -0.78078 -1.9116 -0.8527 -1.7766 1.1865 0.6156 2.0353 -0.91726 1.5687 1.4487 -0.30883 0.053011 0.32087 -1.4685 0.31889 -1.3411 -2.0274 0.11677 1.1848 -0.090052 -1.517 0.52929
-1.0975 0.14274 0.15518 -0.2681 0.2042 -0.22389 0.26118 -0.0023984 0.59657 -0.037265 0.35312 -0.0030074 -0.51695 1.0587 -1.2671 -0.14944 -1.3548 -1.4859 -1.2976 -1.7798 -2.2396 1.2819 0.6628 1.5977 -1.3798 1.7211 1.8705 -0.1496 0.23108 1.3108 -1.7859 0.54715 -0.92271 -0.58671 -0.67376 0.18275 -1.4812 -0.61718 0.064259
-1.0194 -0.033667 0.31414 -0.20688 0.1387 -1.1302 -0.54834 -1.3275 -0.21557 1.6734 1.5383 0.20412 -0.10999 2.022 -1.2405 0.13917 -0.52811 -2.4967 -1.1112 -1.8604 -2.5727 0.19644 0.55191 0.60375 -1.5113 1.5564 1.5938 -0.29689 0.021352 1.8382 -1.0399 0.2535 0.24533 1.4054 -1.3562 -0.61052 -2.1685 0.83508 -0.26616
-0.35161 -0.22809 0.64105 -0.44482 -1.6121 -1.0416 -0.84682 -1.5221 0.82129 0.60614 1.7616 -0.17971 0.46442 2.4256 -1.1134 0.27921 0.63925 -2.7767 -1.1116 -1.6442 -1.134 -0.31871 0.30536 -0.39114 -1.0264 1.2936 0.57348 -0.26905 -0.36438 1.6843 0.40718 -0.17871 1.4041 2.8326 -0.99181 -0.56647 -2.2583 1.4129 -0.44352
0.7105 -0.81065 0.7441 -0.15449 -2.933 -0.34883 -1.154 -1.3083 0.16592 -0.49027 0.98936 -0.2505 0.60505 2.4087 -1.6437 -0.25873 1.0176 -2.1903 -1.5303 -0.42048 0.37238 -0.76882 -0.41397 -1.2542 0.39768 1.3185 -0.70346 -0.13741 -0.92276 0.90319 2.1881 -0.21571 1.8289 3.1284 -0.050818 0.086751 -1.4721 1.0538 -0.4346
1.255 -1.203 0.52192 0.36949 -3.2535 -1.4163 -1.0925 -1.445 -0.40749 -0.093615 0.54116 0.19423 0.69497 1.9151 -1.5186 -0.6455 1.1699 -0.84528 -1.4233 0.37831 1.7445 -0.24777 0.024624 -1.9343 0.21861 1.0693 -1.6409 0.23881 -1.061 -0.13965 3.0652 0.24663 1.5222 2.145 0.77775 0.66353 -0.35562 -0.022341 -0.31904
1.2623 -1.1968 0.21478 0.79557 -2.8619 -2.0973 -0.62329 -0.5005 -0.0535 -0.12696 0.19768 0.49785 0.9231 0.99942 -1.2667 -1.1641 0.97032 0.83724 -1.3599 0.87826 2.0155 0.068347 0.86367 -1.5355 -0.2405 0.91317 -1.9134 0.74549 -0.53538 -0.84301 2.8572 1.2675 0.61501 0.95875 1.3347 0.49251 0.44154 -1.2375 -0.29959
1.2993 -1.5831 -0.14431 0.66348 -2.2729 -2.4487 -0.54679 0.14618 -0.62074 0.62131 -0.76177 0.39898 1.0643 0.14354 -0.88976 -1.2987 0.37895 1.7359 -0.73545 0.82693 2.1738 0.86043 0.97919 -0.96007 -0.79028 0.94084 -1.558 0.69297 -0.073043 -1.2843 1.7217 1.8936 -0.15001 -0.43197 1.2114 -0.78861 0.67486 -1.144 -0.22006
1.2378 -1.6126 0.033304 0.88845 -1.3842 -2.3943 -0.067188 0.65736 0.32089 1.5822 -0.23629 -0.023823 1.2879 -0.18887 -0.68284 -0.95497 -0.25198 2.136 0.49922 0.61395 1.9974 1.411 0.083004 -0.87922 -1.4126 0.86098 -0.86003 0.54921 0.21209 -1.2235 0.44227 2.2208 -0.5573 -1.2024 0.94011 -2.1679 0.21268 -0.33954 -0.29134
1.1324 -1.7444 -0.41539 0.54647 -1.0522 -1.9947 0.23008 0.52501 0.91036 0.58519 0.05764 -0.79979 1.5124 -0.32624 -0.62474 -0.88646 -0.75055 1.8868 1.1935 0.19913 0.90881 1.5632 -1.1457 -0.94033 -1.3383 0.71121 -0.32691 0.35916 0.020679 -0.85446 -0.3311 1.8938 -0.58191 -1.6247 0.20933 -2.3777 -0.32514 0.70728 -0.45981
1.0697 -1.8402 -0.52323 0.39561 -0.91259 -1.3028 -0.35327 1.1849 0.83567 0.30109 -0.39456 -0.78223 1.614 -0.32898 -0.45835 -0.95993 -0.87702 1.6247 1.8349 0.044928 0.31606 1.6459 -2.3638 -1.1345 -0.63203 0.52049 -0.067192 0.40511 -0.20254 -0.1545 -0.6374 1.2197 -0.36293 -1.4177 -0.34879 -1.2225 -0.30689 1.2963 -0.51557
1.0943 -1.8934 -0.33697 0.21605 -0.061838 -1.1191 -0.14302 1.1582 1.2411 -0.21846 -1.0329 -1.0164 1.6186 -0.37792 -0.38489 -1.253 -0.99604 1.3321 2.1433 -0.086282 -0.13251 1.1811 -2.5025 -1.4819 0.076382 0.31214 -0.052143 0.41533 -0.26731 0.38747 -0.61468 0.39085 0.10249 -1.0295 -0.73762 0.15215 -0.10153 0.9018 -0.46473
0.85649 -1.9873 -0.8106 -0.11611 -0.1666 -1.0103 -0.34231 0.40705 1.5837 -1.2746 -1.3818 -0.6386 1.7123 -0.28115 -0.10736 -1.1564 -0.44232 1.1509 2.3083 0.0083403 -0.22941 0.90156 -1.6578 -1.2219 0.21879 0.16511 0.066265 0.29258 0.019551 0.58001 -0.51314 -0.46358 0.28686 -0.53813 -1.0209 1.4371 0.69704 0.3631 -0.33808
0.96267 -2.0706 -1.0565 -0.16307 0.31057 -0.070473 -0.1313 0.71928 1.6391 -1.604 -1.8203 -0.20875 1.6744 -0.44084 -0.087425 -1.2971 -0.2168 0.90599 1.6883 0.4243 -0.81666 0.44164 -1.1979 -1.1053 -0.14952 0.081436 0.21433 0.11554 0.45576 0.52902 -0.45161 -1.0983 0.1366 0.16976 -1.2268 1.9655 1.486 -0.065923 -0.23134
0.72813 -2.0067 -1.3281 -0.29282 0.51275 0.42188 -0.017544 0.54112 1.8871 -1.0885 -1.5077 -0.30875 1.7052 -0.17238 -0.1034 -0.89672 -0.13749 0.81988 1.1935 0.3749 -0.39155 -0.056065 -0.17285 0.043003 0.1058 0.047492 0.23379 -0.12304 0.69717 0.16985 -0.52975 -1.4044 -0.18725 0.55685 -1.3595 1.8084 1.5686 -0.12046 -0.15823
0.88892 -1.7575 -1.3799 0.32333 0.51211 1.0254 0.027711 0.66801 1.8305 -1.1126 -1.2913 -0.97704 1.7297 -0.037268 -0.1848 -0.50528 -0.11942 0.60085 0.64288 0.0073158 0.26527 -0.83181 0.64396 0.80691 -0.030165 -0.032748 0.34619 -0.17806 0.7843 -0.069664 -0.4564 -1.1951 -0.33788 0.50982 -1.3511 1.6234 1.0293 0.077382 -0.14856
0.43933 -2.0732 -1.6057 -0.011507 0.55527 0.095964 0.38625 -0.095696 1.1943 -1.3962 -2.3099 -1.159 1.6903 -0.05242 -0.26305 -0.21193 -0.16722 0.25293 0.1999 -0.17092 0.29348 -1.2241 0.99928 0.9063 -0.10409 -0.055024 0.11937 -0.0875 0.41233 -0.31771 -0.30619 -0.75768 -0.18954 -0.259 -1.1513 1.1711 0.1508 -0.23224 -0.13653
1.0828 -2.1168 -1.0537 -0.26473 1.2692 0.11542 0.16869 0.76589 1.3145 -0.62805 -0.5163 -0.2046 1.7025 0.13457 -0.3057 -0.13204 -0.34845 0.28331 -0.053908 0.00030564 -0.18609 -1.7196 1.428 0.48411 0.055558 -0.12779 0.064518 0.13685 -0.013916 -0.30905 -0.027392 0.034567 0.21347 -0.56332 -0.52598 0.76534 -0.057594 -0.64195 -0.11368
0.80802 -2.2507 -1.4922 -0.35785 0.55722 0.23384 -0.65386 1.1078 0.38875 -0.63187 -0.44345 -0.38849 1.6436 -0.036349 -0.18676 -0.28909 -0.65654 0.36818 0.12217 -0.01406 -0.67678 -1.9498 1.7522 0.49327 -0.40555 -0.14467 0.026647 0.33153 -0.51295 -0.17246 -0.0010484 0.53825 0.51623 -0.68273 -0.034621 0.34443 0.0080178 -1.1429 -0.16654
0.75214 -2.2392 -1.3917 -0.22719 0.60765 0.75055 -0.13222 0.88271 0.39908 -0.21899 -1.057 -0.57372 1.63 0.076656 0.015445 -0.48973 -0.49132 0.48159 0.74593 0.36352 -0.34791 -1.5309 1.7816 0.89141 -1.1004 -0.18808 0.15722 0.50084 -0.46258 0.14465 0.092613 0.70613 0.67844 -0.1235 0.82169 -0.029726 0.49453 -1.0256 -0.17606
0.94918 -2.1508 -1.5751 -0.44651 1.0972 0.45467 0.44305 -0.35231 -0.27186 0.70849 -1.3652 -0.71415 1.5633 0.029467 0.14642 -1.013 -0.44415 0.14402 0.80762 0.70348 -0.95441 -1.3781 1.5037 0.71001 -1.667 -0.31648 0.36163 0.56411 -0.27069 0.39415 -0.026125 0.35039 0.55651 0.47935 1.3566 -0.49131 0.82412 -0.22307 -0.19644
0.59628 -1.9847 -1.7383 -0.60087 1.2148 0.81474 0.065082 -0.49335 -0.71961 0.59772 -0.80239 -1.8418 1.5846 0.39259 0.38618 -0.6534 -0.18033 0.57 0.92544 1.0304 -0.29663 -0.31819 1.4932 1.3423 -1.2392 -0.34995 0.5114 0.54595 0.015744 0.46441 -0.36478 -0.25645 0.069607 0.74053 1.5412 -0.80488 0.5941 0.8092 -0.23122
0.8624 -2.1664 -1.8707 -0.65626 1.5151 1.0173 0.91449 0.56992 -0.24142 0.64434 -0.10937 -1.873 1.4646 0.4692 0.59413 -0.72262 -0.047826 0.26484 0.68816 0.79116 0.21186 0.2224 0.924 1.8842 -0.78779 -0.40704 0.79821 0.55388 0.24238 0.52208 -0.78704 -0.79113 -0.2868 0.76353 1.2269 -0.85416 0.05717 1.8491 -0.27916
1.1571 -2.0044 -2.2133 -0.75305 0.75751 1.1536 0.64734 -0.24465 -0.60497 1.0371 0.53047 -1.7034 1.2777 0.79331 0.72692 -0.60105 0.21269 -0.30462 0.32475 0.45907 0.48735 0.824 0.47862 1.4672 -0.09583 -0.54628 0.59698 0.65336 0.022122 0.45991 -1.4552 -1.3046 -0.78681 -0.11262 0.14612 -0.64571 -0.96362 1.5239 -0.45896
1.2964 -1.7361 -1.8384 -0.26492 1.6243 1.5901 0.99519 0.99007 0.41197 1.3207 0.64755 -1.4074 1.2926 1.2884 0.92489 -0.57075 0.37474 -0.97572 -0.37445 0.39709 0.11641 0.56493 0.32063 0.75184 1.1153 -0.70474 0.058689 0.83797 0.22892 0.3498 -1.0045 -1.1717 -0.79098 -0.46338 -0.65491 -0.32673 -1.5034 0.98587 -0.74141
1.2047 -1.4854 -2.1533 -0.38186 1.015 1.2287 1.0929 0.32163 0.3281 0.93748 0.7648 -1.5215 1.1925 1.0755 1.3391 -0.68327 0.50173 -1.6821 -0.98746 -0.39078 -0.47726 -0.18031 0.51694 0.00016789 0.56589 -0.99858 -0.7488 0.85229 0.30662 -0.0034567 -0.33471 -0.51305 -0.74317 -0.44472 -1.0597 -0.023289 -1.1158 0.29245 -0.90578
1.8685 -1.375 -2.2239 -0.32909 0.4942 0.62448 0.77078 -0.08874 0.41363 1.1401 0.14529 -1.2289 0.91425 0.43944 1.7208 -0.23894 0.48479 -1.0315 -0.85107 -0.41073 -0.21123 -0.60047 0.25809 -0.35478 0.64995 -1.467 -1.8788 0.8141 1.0395 0.12816 0.52777 0.47497 -0.42909 0.29862 -0.50905 -0.0071396 -0.72079 -0.042669 -0.96722
2.2938 -1.0926 -2.3925 -0.25139 -0.42944 0.31971 0.91271 -0.0099541 -0.37315 0.89044 0.38438 -0.3464 0.73045 -0.14274 1.7861 -0.17541 0.14116 -0.94334 -0.39848 -0.6657 -0.21821 -0.74405 0.46355 -0.18782 0.63196 -1.7356 -2.0617 0.0022466 1.0791 0.10005 1.0527 1.081 0.22087 0.88715 0.21908 -0.19953 0.072162 0.49827 -0.44807
1.9047 -0.58928 -2.6598 -0.044887 -1.1759 -0.036684 -0.060611 -0.13644 -0.76239 1.7571 0.14746 -1.8188 0.18381 -1.5228 2.0935 1.172 0.79694 -0.31383 0.22015 -0.34955 0.55231 -0.18065 0.33294 -0.58375 0.96192 -2.013 -1.2637 -0.88709 0.54726 0.07536 0.8856 0.87441 0.37169 0.56856 0.59519 -0.38062 0.24526 0.42105 0.34563
1.2044 0.062237 -1.962 -0.049892 0.73896 0.87634 0.49339 0.21937 -0.77733 1.2357 0.30146 -0.65452 -0.43338 -1.6971 1.1619 0.68397 0.53238 0.023667 0.50124 0.028471 0.84238 0.067768 0.084443 0.24848 1.283 -1.5042 -0.4561 -1.3034 0.33214 0.068357 0.79443 0.39566 0.59442 0.29551 0.72917 -0.99328 0.13323 0.4731 0.83666
1.025 0.044662 -2.1022 -0.3184 0.20038 1.2665 0.18022 0.6632 0.070614 1.7718 0.58694 -0.65408 -0.46171 -1.0825 0.527 0.38432 0.42743 0.22067 0.33636 0.001547 0.34494 0.21889 -0.30574 -0.097807 1.0557 -0.98823 0.77253 -1.6412 -0.53329 -0.23 0.1912 -0.01679 0.67926 -0.018857 0.15344 -0.82293 0.72006 -0.06546 1.2625
-0.67852 0.78644 -0.65485 1.0102 0.1006 1.0471 0.84622 0.81585 0.32496 1.0141 -0.63066 -0.08661 -1.077 -1.1899 0.35416 0.85893 0.45041 0.34558 0.28397 0.37521 0.4449 0.55478 -1.1828 -0.17656 1.4119 -0.80406 1.6711 -1.3642 -0.61874 -0.15685 -0.10035 -0.14229 0.7509 -0.28345 -0.41207 -0.54514 0.91167 -0.55954 1.4424
1.0127 -0.83855 -2.5712 -0.098262 -0.26468 0.68733 0.80549 0.72439 -0.20929 1.2039 1.1441 0.49021 -0.33611 -0.36385 -0.29339 0.065682 0.37657 -0.10611 0.29678 0.86766 0.70367 -0.10008 -0.66204 1.04 0.73526 -0.18237 2.2145 -1.2129 -0.93611 -0.48807 -0.17832 -0.20565 0.70429 -0.41598 -0.92537 -0.041043 1.2456 -0.95789 1.6191
1.5208 -0.25962 -2.3361 0.21888 -0.31904 0.43956 0.22776 -0.1098 -0.69308 0.75928 -0.16534 -0.19446 -0.46171 0.99397 -0.7468 -0.3394 0.24009 -0.018199 0.25395 1.133 0.10491 -0.60234 -0.81633 1.4686 0.37366 0.58465 2.0403 -0.75183 -0.661 -0.55179 0.0096445 -0.27877 0.35638 -0.78589 -1.0561 0.24537 0.21246 -1.1806 1.5178
-0.49587 0.53057 -0.99677 0.53279 0.47602 1.0045 0.75917 0.92785 0.34904 0.060643 -0.074224 0.00060105 -1.2651 1.8665 -0.98362 -0.80772 -0.43549 0.043822 -0.034393 1.0646 -0.29898 -1.0793 -0.57042 1.5271 -0.2263 1.1149 1.1275 -0.54013 -0.21518 -0.63153 0.083499 -0.15934 -0.046935 -1.0544 -0.74137 -0.22631 -1.1928 -1.1859 1.1862
0.8173 -0.41619 -2.0613 0.34111 0.45067 1.8356 2.2731 1.7147 -0.83228 1.2256 2.5749 0.26154 -0.42377 1.4184 -0.57629 0.031912 -0.23674 0.28189 -0.073162 1.0047 -0.5817 -1.099 -0.74331 -0.0096392 -0.31747 1.1697 0.28398 -0.42817 -0.1524 -0.55986 -0.22085 0.059965 -0.48912 -1.139 -0.80636 -0.18695 -2.2266 -1.4233 0.79161
2.3709 -0.89318 -2.2148 0.36146 -0.32268 1.1333 1.8012 0.20703 -0.5367 0.48941 1.6663 -0.04281 0.45493 1.4835 -1.2936 -0.5289 -0.63478 -0.099486 0.16132 0.83204 -0.99914 -1.3531 -1.1466 -0.58106 -1.139 1.5737 -0.79333 0.10144 0.38963 -0.26806 -0.24446 0.4495 -0.71933 -1.0406 -0.40213 -0.37565 -2.5378 -1.3312 0.11954
2.1025 -0.8156 -2.2062 -0.13298 -0.017835 0.21822 1.9034 -0.013819 -1.5375 0.26941 1.0303 -0.25898 0.368 1.7074 -1.316 -0.76737 -0.7693 -0.38902 0.26785 0.24201 -1.7544 -2.0994 -0.89841 -1.8758 -1.8259 1.7213 -1.4349 0.55757 0.5377 -0.22401 -0.036066 0.96464 -0.6948 -0.24133 -0.039153 -0.19446 -1.0977 -1.2434 -0.51699
2.2936 -0.9832 -2.2248 -0.23769 0.44626 0.64979 1.6089 -0.20983 -1.5168 0.00070805 -0.25998 0.011526 0.61971 0.28026 -0.4357 0.34264 -0.70528 -0.10966 0.6365 -0.033815 -1.7323 -1.3884 -1.2364 -2.552 -1.9588 1.0425 -1.7397 1.216 0.96768 0.16262 0.34539 1.1338 -0.43587 0.57692 0.81087 0.071421 0.3316 -0.54772 -0.98747
1.9773 -1.3412 -2.2765 -0.27119 -0.37225 1.532 1.6638 -0.68905 -1.8777 -1.0182 -0.65012 -2.0103 0.81823 -0.59112 -0.050101 0.63076 -0.65107 0.20828 1.4955 0.0081848 -0.69194 -1.1502 -1.0834 -1.197 -2.233 0.53744 -1.533 1.2147 0.76416 0.33303 0.54859 0.59532 -0.042824 1.0821 1.5306 0.17498 1.7292 0.116 -1.0136
1.9147 -1.0853 -2.0121 -0.26795 -0.12497 1.8934 1.7807 -0.69814 -2.753 0.044378 -0.89049 -1.6938 0.91471 -0.53391 0.15034 0.63109 -0.38431 0.27408 1.6707 0.050951 -0.42778 -0.1625 -0.91304 -0.27511 -1.9833 0.45381 -0.47843 0.86894 -0.14941 0.35621 0.5706 -0.54515 -0.020048 0.74568 1.5548 0.42897 1.843 0.97714 -0.64172
1.685 -0.86096 -1.6838 -0.48437 0.18444 2.1379 2.2971 -0.78158 -1.9741 -0.35159 -0.066566 -1.4789 0.9758 -0.67544 0.46552 0.55723 -0.28558 0.49135 0.86528 0.10827 -0.32888 0.42115 -0.71415 0.38675 -1.6426 0.25858 0.10686 0.62753 -0.72441 0.36429 0.30198 -1.748 -0.4328 0.05601 1.3057 0.09205 0.86767 1.2792 -0.44429
1.6877 -0.91355 -1.7161 -0.58584 0.20954 2.3675 1.5065 -0.44101 -2.0996 -1.1299 0.30209 -2.5685 0.90993 -0.5453 0.79206 0.096581 -0.19832 0.86436 -0.070043 -0.12847 -0.48547 1.0088 -0.57253 0.28144 -0.50149 0.068229 0.35451 0.378 -1.027 0.45242 -0.021829 -2.2652 -0.698 -0.18811 0.29195 0.079424 -0.0087852 1.3297 -0.44407
1.6217 -0.76189 -1.8246 -0.53179 0.582 2.1424 1.8819 -0.64312 -1.4478 -0.90122 -0.075266 -2.1841 0.93187 -0.38628 0.70335 -0.4873 -0.038482 0.49989 -0.90885 -0.79382 -0.56596 0.93902 -1.0718 0.22702 -0.66661 -0.041872 0.63159 0.085863 -1.0016 0.65472 -0.41478 -2.0392 -0.52856 -0.34344 -0.47334 0.23097 -0.44818 1.5035 -0.38835
1.3628 -0.62418 -1.8163 -0.47875 0.8245 1.7796 1.8052 -0.9501 -1.2087 -1.0185 -0.30678 -2.4493 1.0084 -0.027927 0.68064 -0.81207 0.37078 0.21913 -1.6858 -0.93398 -0.68331 0.18522 -0.57731 -0.22101 -0.071361 -0.16767 0.64009 -0.25288 -0.44335 0.65242 -0.74723 -1.3402 -0.27198 -0.38749 -1.0546 0.25306 -0.3506 1.282 -0.35883
1.3633 -0.31737 -2.237 -0.47542 0.8437 1.4703 1.5033 -1.4925 -1.119 -1.1959 -0.50452 -2.1316 0.89492 0.22149 0.67276 -0.90516 0.70572 -0.010273 -2.147 -0.57722 -0.90386 -0.12167 -0.25499 -0.25411 0.86161 -0.29879 0.49835 -0.45975 0.27321 0.46476 -0.7598 -0.1762 -0.036732 -0.43568 -0.89442 0.39014 -0.16403 1.0838 -0.31727
1.5282 -0.33252 -2.3554 -0.37679 0.37602 0.75651 0.43019 -1.1347 -1.793 -1.427 0.03184 -2.449 0.86462 0.32191 0.3818 -0.5409 0.70092 -0.35924 -1.9618 -0.79843 -1.0754 -0.60135 -0.48046 -0.17769 1.0469 -0.42756 0.20468 -0.79752 1.0381 0.19687 -0.4794 1.0481 -0.044498 -0.14981 0.14499 0.28729 -0.020709 0.18637 -0.1079
1.8302 -0.22395 -2.3487 0.041529 0.48777 0.13722 1.0452 -1.3421 -1.9379 -1.1337 -0.1758 -1.6791 0.72353 0.35154 0.074793 -0.095386 0.69931 -0.71436 -1.1014 -0.94045 -1.2218 -0.48134 -0.34852 -0.1265 0.72266 -0.46428 -0.19846 -1.0497 1.3896 -0.018557 0.088724 1.3804 -0.1276 0.38978 1.4029 0.36521 -0.7603 -0.25875 0.27853
1.907 -0.21043 -2.5541 0.29683 0.39725 -0.15616 1.23 -1.644 -1.8291 -1.3183 -0.23977 -1.3664 0.56891 0.2845 -0.37378 0.77715 0.75081 -0.38026 -0.24591 -0.84715 -0.82448 0.67188 0.037644 -0.3341 0.29841 -0.27508 -0.55189 -1.094 1.4023 -0.11523 0.56307 0.8343 -0.047515 1.2349 1.9932 0.18879 -1.2894 0.08555 0.69584
1.7021 -0.41046 -2.1207 0.068891 0.1605 0.038235 0.62754 -2.2914 -1.952 -1.6206 -0.57884 -1.192 0.52526 -0.1172 -0.73253 1.1038 0.63461 0.16719 -0.41993 -0.8182 -0.28796 2.1148 0.20834 -1.6834 0.71866 0.10335 -0.78021 -0.92076 1.2907 -0.14289 0.50968 -0.21754 0.39195 1.7259 1.1861 -0.47513 -1.2028 0.55937 0.87546
1.6642 -0.47258 -1.99 0.22095 -0.3666 0.88365 0.012283 -2.5902 -1.5969 -1.4249 -0.41779 -2.1422 0.53141 -0.44534 -1.073 1.5518 0.49729 0.30072 -0.74041 -0.96054 0.83023 2.1779 -0.3856 -1.9499 1.164 0.48896 -0.78705 -0.45906 0.92624 -0.24791 -0.096331 -0.83511 1.0174 1.5021 -0.74185 -0.874 -0.72792 0.75682 0.69871
1.845 -0.80332 -1.4209 0.49861 0.57468 0.93824 0.02094 -1.7835 0.058754 -0.97081 -0.71993 -1.9508 0.69744 -0.70134 -1.139 1.9956 0.53577 -0.059211 -1.2622 -0.082815 1.2713 1.1964 -1.0773 -1.6985 1.2752 0.66476 -0.59337 0.1355 0.82701 -0.51415 -0.597 -0.44367 1.291 0.60364 -2.1816 -0.7205 -0.30528 0.53082 0.26376
1.387 -1.1176 -1.5403 0.51213 0.95512 -0.94502 -0.31608 -1.0702 0.9291 -1.1187 -2.7852 -0.72192 1.0814 -0.8537 -0.94737 2.1109 0.30371 -0.4644 -1.3896 0.86977 1.2843 -0.37129 -1.0492 -1.7702 1.3681 0.64951 -0.42724 0.7718 0.58944 -1.0116 -0.74038 0.5002 0.90366 -0.51636 -2.4966 -0.26374 -0.31066 0.042585 -0.2351
1.3108 -1.3326 -0.9697 0.67104 0.66647 -1.0851 0.12275 -0.28709 -0.1928 -2.2055 -2.1825 0.21535 1.1968 -0.99024 -0.55925 2.4136 -0.28789 -0.6332 -0.92694 0.91268 0.63917 -1.0502 -0.88579 -2.3836 1.5495 0.47591 -0.25995 1.2201 0.35691 -1.4023 -0.3616 1.6766 -0.12919 -1.0269 -1.672 0.21244 0.18476 -0.9626 -0.57778
0.96896 -1.3386 -0.52292 0.78526 -0.51749 -1.2673 1.4962 -1.0313 -1.5127 -3.0378 -1.6497 -0.51123 1.1227 -1.0753 -0.042753 2.4766 -1.087 -0.87749 0.028324 0.39286 0.13861 -1.781 -1.0035 -2.2283 1.0631 0.17318 -0.087139 1.3691 -0.036879 -1.3752 0.31756 1.8268 -1.0858 -0.72391 0.01171 0.52829 0.88184 -1.8546 -0.65076
0.77092 -1.285 -0.12929 0.19616 -0.83569 -0.57227 1.5686 -1.3487 -2.6644 -2.0889 -2.6758 -0.57109 1.1223 -1.06 0.49253 2.5007 -1.5321 -0.57221 1.1688 -0.11296 -0.14906 -1.4986 -0.68006 -1.1136 -0.38211 -0.10012 0.19067 1.1662 -0.64847 -0.81167 1.0053 1.163 -1.4568 0.4407 1.3644 0.78168 1.912 -2.0534 -0.50001
0.69457 -1.0384 0.38007 -0.19346 -0.38883 0.18472 0.43727 -1.6539 -1.0378 -1.6914 -4.0755 -0.38267 1.0835 -0.97329 0.86432 2.0003 -1.7842 0.12255 0.98374 -0.84923 0.27014 -0.11215 -0.10698 -0.67497 -1.1142 -0.19177 0.45124 0.71246 -1.1093 0.026307 1.057 -0.1009 -1.1648 1.0944 2.0397 0.74524 2.6708 -1.6264 -0.28962
0.50445 -0.94399 0.68266 -0.86453 -0.042282 0.070635 -0.07242 -0.76469 -1.3081 -2.4981 -3.9803 -0.02132 1.0319 -0.68933 0.97918 1.4121 -1.5428 0.83812 0.77316 -1.4595 1.4131 0.90995 0.2124 0.60111 -1.1749 -0.21011 0.6717 0.19402 -1.3872 0.65551 0.29064 -1.1226 -0.60021 0.92369 1.3135 0.71876 2.9196 -0.84563 -0.1636
0.062112 -0.62781 0.75697 -0.94683 0.071271 0.089368 -0.080664 -0.82214 -1.4344 -2.6417 -2.9236 -1.2569 1.0297 -0.43377 0.93292 0.89761 -1.0397 0.49038 0.036579 -1.3278 1.4591 1.1869 0.024621 2.1718 -1.5694 -0.27635 0.84142 -0.15559 -1.2973 1.0503 -0.78491 -1.0971 -0.1212 -0.17 0.44596 0.97918 2.7755 -0.42513 -0.15099
0.21052 -0.43158 0.86173 -1.0923 0.28952 -0.27718 -0.1839 -0.092304 -0.92944 -2.5376 -2.2021 -1.4091 0.9513 -0.10106 0.794 0.39586 -0.62695 -0.19169 -0.46089 -1.1089 1.0284 0.54245 0.67609 3.211 -1.7495 -0.34433 0.80886 -0.40463 -1.0803 0.97211 -1.56 -0.89 -0.15148 -1.284 0.014093 1.2837 1.312 0.055466 -0.13175
0.28424 -0.3582 0.77108 -0.93308 0.50027 0.082254 -0.44139 0.58239 -0.76697 -2.0329 -1.2041 -1.7064 0.88445 0.27065 0.69711 0.024728 -0.1896 -0.91541 -0.45471 -1.2767 0.12335 0.99242 1.5984 3.4839 -1.6496 -0.38935 0.65743 -0.50844 -0.68011 0.76062 -1.3164 -0.45476 -0.36937 -1.3424 0.06682 1.5315 -0.33421 0.82179 0.0097906
0.34538 -0.30268 0.86522 -1.1399 -0.41533 -0.31535 -0.7906 -0.24663 -0.65835 -1.808 -1.0229 -1.9656 0.79397 0.43718 0.41301 -0.21913 -0.068766 -1.5377 -0.6488 -1.7994 -0.40834 1.047 1.9654 2.5233 -1.0749 -0.38502 0.38939 -0.49707 -0.17482 0.47879 -0.54317 -0.39696 -0.17766 -0.86889 0.35266 1.0279 -1.3489 1.4106 0.19773
0.54409 -0.18821 0.82208 -1.1618 -0.72384 -0.45668 -1.4531 -0.47921 -0.64322 -1.1039 -0.46588 -1.9931 0.68179 0.49982 0.26249 -0.095274 0.16496 -1.4358 -0.72182 -1.7441 -0.42473 1.082 2.41 1.8483 -0.43944 -0.24255 0.11761 -0.46834 0.12175 0.2095 0.43355 -0.44937 0.46963 -0.22306 0.19576 0.29688 -1.5587 1.6318 0.35996
0.64231 -0.079164 0.65436 -1.0499 -1.3779 -0.44161 -1.8223 -0.69546 0.005854 -0.80237 0.66631 -2.2258 0.62748 0.49849 0.16976 0.12431 0.12617 -1.0085 -1.0714 -1.2433 -0.38568 1.2281 2.304 1.3608 0.19402 -0.079137 -0.082066 -0.36229 0.17599 0.06727 0.99908 -0.22285 1.1305 0.09031 0.035475 -0.33668 -1.4932 1.6947 0.44022
0.49938 -0.20731 0.53169 -1.0216 -1.9371 -0.89028 -2.6948 -0.84303 -0.060553 -0.46225 -0.24741 -2.4862 0.63202 0.45872 0.026125 0.0901 0.11457 -0.33427 -1.0857 -0.59442 -0.32951 1.3123 2.0163 0.98356 0.67069 0.076956 -0.28193 -0.35746 0.079749 -0.14492 0.91503 0.022433 1.4036 -0.090504 -0.52706 -0.97718 -1.756 1.6627 0.38308
0.89558 -0.15354 0.92935 -0.75703 -1.0589 -0.9986 -2.2569 0.19917 0.48546 0.55212 0.13604 -1.5533 0.74721 0.3125 -0.080753 0.029268 0.078792 -0.12946 -0.88486 -0.057635 -0.29261 1.0153 1.4958 0.0031435 1.4405 0.21334 -0.46976 -0.29823 -0.040447 -0.16059 0.43596 0.40086 1.4338 -0.32786 -1.151 -1.2521 -1.6396 1.2897 0.24092
0.85735 -0.15765 0.98955 -1 -0.98034 -1.4139 -1.8419 -0.32679 0.6698 0.45489 0.55397 -1.4528 0.79479 0.083286 -0.21599 0.10881 -0.10563 -0.081721 -0.77366 0.54022 -0.65694 0.12425 0.88033 -0.94353 1.949 0.27047 -0.50817 -0.19136 -0.16598 -0.0090619 -0.20041 0.59646 1.015 -0.46337 -1.6957 -1.2066 -1.302 0.5256 -0.058672
0.90366 -0.25175 0.77543 -1.1316 -1.1184 -1.6156 -1.7179 -1.2716 0.86477 0.44177 0.35337 -1.347 0.81876 -0.1657 -0.212 0.04106 -0.088777 -0.28424 -0.47716 1.1285 -0.86578 -0.51501 0.39428 -0.91679 1.8815 0.23743 -0.38349 0.097356 -0.16371 0.4073 -0.31342 0.82112 0.28485 -0.11664 -1.7699 -0.58196 -0.65767 -0.12408 -0.51723
0.83197 -0.22707 0.61176 -0.96644 -1.5137 -1.2305 -1.9302 -0.82134 0.51722 0.53443 -0.52665 -0.36571 0.88246 -0.22411 -0.22901 -0.23038 0.17084 -0.65911 -0.17285 0.89209 -0.94831 -1.3709 0.17918 -1.1321 1.3735 -0.040066 -0.42116 0.56617 -0.1869 0.89743 -0.12137 0.85209 -0.35954 0.28525 -1.0953 0.051209 0.024595 -0.53221 -1.0221
0.57592 -0.40327 0.79364 -1.1523 -1.8288 -1.5225 -1.2892 -1.475 -0.27495 0.19988 -1.0391 -0.25557 0.92066 -0.22846 0.096862 -0.11137 0.73059 -0.46547 0.35221 0.34757 -0.38306 -1.8368 0.6946 -1.2077 1.4584 -0.52969 -0.78558 0.83082 -0.10523 0.96421 0.55636 0.80971 -0.47722 0.39114 -0.11748 -0.011323 0.73117 -0.46292 -1.4176
0.41905 -0.38085 0.78865 -0.92883 -1.899 -1.5351 -0.76394 -1.2193 -0.52436 0.47291 -0.8716 -0.37994 0.91242 -0.64865 0.59936 -0.16968 1.2371 -0.23774 0.40714 0.18931 -0.35869 -1.4383 0.83123 -0.75802 1.1411 -1.1176 -1.2864 0.81521 -0.11809 0.82102 1.218 0.63244 0.080353 0.8151 1.5709 -0.34521 1.3981 -0.22141 -1.3798
0.88724 -0.34665 0.69394 -0.48058 -1.7224 -1.2861 -1.1039 -0.95409 -1.0369 0.94793 -0.63044 -0.19258 0.56684 -1.381 0.79445 -0.18741 1.2616 0.5926 0.74893 0.49699 -0.41659 -0.70992 0.045593 0.32934 1.1055 -1.6798 -1.6588 0.51362 -0.22015 0.33726 1.5559 0.621 0.85207 0.62705 2.4826 -0.71422 1.715 -0.13874 -0.91168
0.58811 0.12508 0.7987 -0.10209 -1.5179 -0.84152 -1.8511 -1.134 -1.3263 1.4228 -1.0014 0.37146 0.014488 -1.9882 0.81623 -0.41513 1.5077 1.2018 0.81283 0.97882 0.63081 1.2815 -0.17962 0.84748 1.1013 -1.8555 -1.5207 -0.011996 -0.092684 -0.21524 1.5532 0.76221 1.2266 0.77052 2.5905 -0.6537 1.349 -0.29476 -0.14405
-0.23154 0.5273 0.41108 0.34254 -1.6974 -1.1556 -1.3997 -1.9181 -0.4827 1.1389 -0.9295 0.17144 -0.46799 -2.578 0.86867 -0.40711 1.2478 1.87 1.312 1.6981 0.32156 1.8791 -0.21345 1.3624 1.1815 -1.7414 -0.50982 -0.43206 0.028137 -0.63541 0.72767 0.82227 1.042 0.55302 1.6458 -0.1462 0.27409 -0.88134 0.69268
-1.2329 0.35223 0.56412 0.080775 -0.37023 -0.23918 -0.36887 -1.3471 -0.4804 -0.32923 0.067298 1.0673 -0.87493 -2.8177 0.54706 -0.23389 0.81169 2.1735 1.5527 2.1026 0.74853 2.563 -0.33297 1.3768 0.51983 -1.3395 0.95352 -0.60541 0.15487 -0.81758 -0.1639 0.85043 0.29781 0.09514 -0.30716 0.25404 -0.65714 -1.0704 1.0905
-1.6183 0.22249 0.39949 0.67128 -0.10096 -0.83779 0.75579 0.15458 2.009 0.3315 0.052814 0.61905 -0.83765 -1.8912 0.19823 -0.22043 0.35226 1.5315 1.9186 2.07 0.58102 2.0179 -0.16729 0.59664 -0.26432 -0.7429 2.2389 -0.44276 0.12858 -0.41758 -1.1764 0.3555 -0.80866 0.27784 -1.7401 0.45363 -1.5152 -1.1749 1.0363
-2.0614 0.66002 0.43696 0.53622 0.92538 0.53439 1.3308 -1.2595 0.83178 1.0655 0.92309 0.94893 -0.9469 -0.58923 0.12533 -0.20787 0.34038 1.0407 2.1019 1.4006 0.67374 0.59646 0.2997 -0.073752 -0.18361 -0.47166 2.5976 -0.11845 0.062805 -0.0019073 -1.6972 -0.046764 -1.7037 0.167 -2.7924 0.02354 -1.5345 -0.93256 0.61627
-2.0849 0.34104 0.57047 0.47769 1.1006 0.73107 0.79555 -0.11171 1.7024 0.83082 0.39325 0.21065 -1.0467 0.39312 0.3305 -0.16992 0.65379 0.11294 1.7027 0.38599 0.88427 -0.67647 0.36755 -0.90815 -0.66649 -0.38606 1.883 0.029198 0.083905 0.39895 -1.5173 -0.93181 -1.9175 0.50497 -2.4624 -0.7123 -0.7121 -0.31389 0.16868
-1.3893 0.48925 0.38636 0.30606 -0.30344 1.3994 0.78471 -1.2402 0.72037 0.84669 -1.0317 -0.057856 -0.89297 0.77927 0.28437 -0.13507 0.64746 -0.46603 1.5725 -0.55544 0.90828 -1.7754 -0.55407 -0.90463 -1.0337 -0.45523 0.87511 0.011964 0.12592 0.25468 -0.97035 -1.8903 -1.7666 0.053415 -1.3591 -1.0564 0.059191 0.11637 0.066251
-1.0559 0.61361 0.14281 0.88513 0.24335 1.3444 0.977 -0.59491 -0.025053 0.7396 -0.46016 0.75711 -1.2214 0.86121 0.17369 -0.0923 0.97235 -0.70982 0.43738 -0.89077 1.4275 -1.8086 -1.1501 -0.40037 -0.4577 -0.46276 0.16096 -0.17437 0.15451 -0.32951 -0.25512 -2.4434 -1.5652 -0.56089 -0.05011 -0.49942 0.62652 0.31345 0.23005
-1.1015 0.71856 0.47878 1.2185 0.067829 1.3517 0.54106 0.85698 -0.42513 0.14883 -0.69039 0.16046 -1.32 0.77621 0.22936 -0.0016014 0.67144 -0.46586 -0.80668 -1.5901 0.49426 -1.5991 -1.032 -0.21939 -0.11626 -0.32217 0.066427 -0.11561 0.29576 -0.95637 -0.083329 -2.3005 -1.0053 -0.95185 0.84382 0.39635 0.42981 0.16387 0.58715
-1.1576 0.5834 0.29269 1.2726 -0.31343 1.492 -0.021826 0.6617 -0.068196 -0.062163 -0.33158 -0.83424 -1.3366 0.6924 0.066201 0.063254 -0.014941 -0.39708 -1.685 -2.3124 -0.0023412 -0.85583 -0.38192 -0.023956 -0.59155 -0.058089 0.52138 -0.5645 -0.24446 -1.3856 0.28474 -0.96886 -0.068047 -1.398 1.0402 1.0037 -0.018249 -0.20662 1.0386
-1.1805 0.7224 0.4335 1.4905 0.11523 0.90018 -0.041451 0.28205 -1.162 -0.24912 0.51582 0.78977 -1.4306 0.98912 0.14641 0.35789 -0.74651 -0.79415 -1.6759 -1.9113 -0.22507 -0.51936 -0.15415 -0.25387 -0.70785 0.35473 1.069 -1.3158 -1.0759 -1.2037 0.69359 0.37342 1.128 -0.78766 1.0833 1.0423 -0.3821 -0.19147 1.5674
-0.75221 0.59183 0.46618 0.79489 -0.062453 -0.56329 -1.8932 -0.5852 -0.17378 -0.094682 -1.1107 -0.0060444 -1.2193 1.7095 -0.74126 -0.73711 -1.0491 0.0071412 -0.94335 -0.87331 -0.92224 -0.21543 0.39678 -0.42756 -0.58335 0.99216 1.0905 -1.9047 -1.8723 -0.64549 1.1594 1.0399 1.6928 -0.1615 0.84547 0.35889 -0.71241 -0.45203 1.9495
-0.28229 0.61794 0.25946 0.25159 -1.0272 -0.47548 -2.3059 -1.0506 -0.62418 0.82017 -1.0544 -0.7774 -0.95755 2.2205 -1.6032 -1.6607 -1.1848 0.6897 -0.47862 0.0019367 -0.57713 0.30181 0.64079 -0.7794 -0.51397 1.8608 0.38406 -2.0447 -1.8338 0.20902 1.5575 1.0846 1.5249 0.47189 0.51695 -0.41952 -0.36986 -0.29052 1.8304
0.094089 0.93132 0.74311 0.32212 -0.93281 -0.03167 -0.79658 0.66828 -0.88728 0.010721 -0.45333 -0.11693 -0.86841 2.0688 -2.2986 -2.5137 -1.073 1.1356 -0.33626 0.20166 -0.14901 0.46943 -0.06953 -1.1743 -1.5606 2.5581 -0.76786 -1.4545 -0.63208 0.7723 1.2209 0.38086 0.80622 0.87575 0.081176 -1.3435 -0.20525 0.15815 1.1586
0.92658 -0.75226 -0.88063 0.3428 0.87688 0.98062 -0.14669 -0.46908 -0.49302 0.47529 -0.91472 -0.79948 -0.023049 1.5139 -2.5531 -2.2662 -0.33387 1.6999 0.051672 0.67731 0.2882 0.20387 -0.75135 -0.61819 -0.79474 2.7348 -1.6365 -0.55637 0.53922 0.95346 0.44078 -0.24071 0.16449 0.67865 -0.46364 -1.3764 -0.041876 0.78006 0.12467
1.2615 -1.3032 -1.4148 0.023912 1.0498 0.32538 -0.30626 -0.35708 0.30235 0.60461 -1.1012 -0.61979 0.91886 0.66753 -2.7389 -1.6426 0.03217 1.8978 -0.49567 0.44016 0.32452 0.010187 -1.5657 -0.92129 -0.1945 2.5561 -1.9517 0.73673 1.7852 0.76267 -0.74899 -0.68601 -0.0039337 0.90289 -1.0668 -0.94555 0.22242 1.4819 -0.96953
0.89969 -1.5104 -1.6927 0.0079456 1.3427 -0.83477 -1.3587 -0.34163 -0.61605 -0.73528 -1.7991 -1.5178 1.3826 -0.057415 -2.3256 -1.0587 0.12507 1.1686 -0.85034 0.21681 0.48507 -0.40338 -1.3348 -0.9969 0.19359 2.074 -1.5107 1.6063 2.2209 0.38792 -1.6605 -0.41584 0.35613 1.3237 -1.343 -0.1166 0.48896 0.95811 -1.6919
0.87129 -1.6351 -0.90519 0.44733 1.5946 -0.34057 -1.1571 -0.15238 -0.18893 -0.65744 -1.593 -0.72099 1.4892 -0.69866 -1.152 0.30902 0.18537 -0.080867 -1.1708 0.42037 1.4844 -1.3922 -1.649 -0.55481 0.62483 1.2077 -0.65473 1.9858 2.0366 0.043403 -2.0062 0.53848 1.1943 1.5233 -1.0536 1.0269 1.1519 0.29379 -1.8498
0.44579 -2.1289 -0.83529 0.34224 1.4842 -0.63359 -0.6643 0.087612 -1.0414 -1.2458 -1.7763 -0.45502 1.5488 -0.55241 -0.60483 1.0199 0.34151 -0.58731 -0.39025 1.4146 2.2523 -1.8236 -0.94068 0.15418 0.51321 0.47848 0.028896 1.6684 1.1588 -0.47536 -1.8428 0.94925 1.3122 0.7708 -0.47022 1.7527 1.334 -0.74681 -1.5446
0.44282 -2.0397 -1.0525 0.41439 1.16 -0.39697 0.32667 1.1715 -1.1608 -0.90704 -1.6366 0.050419 1.5833 -0.27404 -0.21113 1.2266 -0.00055125 -1.1813 0.28235 2.2888 2.3702 -1.4181 0.26882 0.76593 0.14328 0.15028 0.63922 1.1692 0.33212 -0.97237 -1.385 1.0588 0.30575 -1.0093 0.61066 2.4812 0.83264 -1.6554 -1.084
0.3373 -2.0354 -0.96868 0.31477 0.56969 -0.89551 0.15266 1.2345 -2.116 -1.4164 -1.6385 -0.47832 1.6286 -0.2127 0.051526 0.70797 -0.7251 -1.9166 0.20057 1.9722 1.519 -1.3387 1.174 0.96445 -0.97915 -0.072867 0.73782 1.3581 0.21069 -1.0188 -1.0371 0.33259 -1.376 -2.7695 1.605 1.8268 -0.076382 -1.6105 -1.0027
0.76305 -1.8573 -0.35148 0.46068 0.36189 -0.37816 1.3823 2.4946 -1.959 -0.61164 -0.9061 -0.64412 1.5772 0.301 0.51702 1.1054 -1.2004 -2.1504 0.5164 0.76563 -0.1081 -0.37786 2.2029 0.67327 -1.7111 -0.39542 0.50675 2.1279 0.29815 0.037281 -0.055249 -0.034013 -2.5672 -3.4393 1.8546 0.63026 -0.49669 -0.17353 -1.5104
0.50599 -1.7551 -0.21302 0.010644 -0.24099 -0.16866 1.8344 2.0819 -1.8687 -0.2152 -0.84126 -1.2865 1.5677 0.50932 1.3499 1.4881 -1.0687 -2.1521 0.11514 -0.65134 -1.8652 0.94169 1.7067 0.041463 -1.5592 -0.98676 -0.47831 2.4094 0.47844 1.2954 1.1378 -0.087498 -2.5571 -2.5242 1.9762 -0.82699 -0.60161 1.7437 -2.0015
0.33571 -1.8549 -0.52098 -0.67457 -1.3861 -0.26313 1.2709 1.0095 -2.0066 0.73262 -0.61719 -1.6358 1.3523 0.29301 2.77 1.4118 0.23472 -1.18 0.2608 -1.6716 -2.5873 1.2362 1.2493 0.23968 0.072658 -2.0092 -1.7457 1.8838 0.26131 2.0093 1.9922 -0.41224 -1.6196 -0.51548 1.7985 -2.0532 -0.16491 2.8581 -1.8007
1.0212 -1.4545 0.18251 -1.0303 -1.4813 0.046795 -0.1245 -0.28588 -1.3129 1.3481 -1.4378 -2.0503 1.0235 -1.0762 3.0349 1.4758 1.0912 -0.16964 0.16392 -2.0607 -2.1247 1.8969 0.014186 -0.013362 1.2893 -2.7321 -2.3983 0.55763 -0.19035 1.7987 2.6888 -0.22563 0.048486 1.0838 0.7131 -2.2817 0.45039 2.8745 -0.82726
1.0744 -0.10382 0.42988 -0.26869 -1.8269 -0.83708 -0.9109 -0.90049 0.1519 -0.032847 -1.7954 -1.2927 0.31095 -2.0839 2.8889 1.6163 1.6553 0.77244 -0.2807 -1.8571 -0.98432 2.8247 -1.0138 0.36708 2.0717 -2.6414 -2.2537 -1.3114 -1.0062 0.39794 2.3788 -0.15208 1.6008 1.8059 -0.12633 -1.8916 0.99059 1.6914 0.80829
0.50347 1.4624 0.4585 1.5823 -0.26517 -0.14982 -1.4214 -0.68318 -1.2993 -0.0078367 -0.39508 0.35905 -0.91388 -2.6695 2.2457 1.0246 1.7432 2.157 -0.037293 -0.46252 -0.58559 1.6133 -1.6767 0.85732 2.6783 -2.1053 -0.90873 -2.6186 -1.7913 -1.3503 1.503 0.011632 2.3655 1.2953 -0.86743 -0.20846 1.1545 0.069177 2.2926
-1.4652 0.63676 1.0589 1.2841 0.13481 0.12252 -0.35169 0.89462 0.64558 -0.47411 -0.84476 0.43603 -1.2742 -3.014 0.93572 -0.28814 0.68039 2.3317 0.075988 0.81129 0.11793 1.1313 -1.6483 1.749 2.4424 -0.92774 0.7294 -3.0849 -2.0289 -2.8575 0.06641 -0.1947 2.1065 0.079691 -1.2227 1.1414 0.26577 -1.59 3.029
-1.966 0.58321 1.0258 0.87586 0.11027 -0.90861 -0.82503 0.40555 1.88 -0.84814 -0.3409 0.19773 -0.72732 -2.2632 -0.44435 -1.0029 -1.0824 2.0018 0.0068032 1.4563 -0.18661 0.98498 -0.081304 1.5635 1.189 0.37379 2.1818 -2.1826 -1.1262 -2.7293 -1.2029 -0.39969 0.78236 -0.59231 -1.21 1.7808 -0.86517 -2.2996 2.654
-1.7532 0.40481 0.21089 0.74026 1.8452 -0.017994 0.51706 -1.1678 -1.1517 -0.77729 -0.028228 1.0254 -0.69097 -0.95315 -1.0161 -1.2565 -2.5525 0.97307 -0.668 1.5033 -1.041 0.65537 0.44667 0.52953 -0.14575 1.3557 2.5037 -0.76606 0.69952 -1.0908 -1.6051 0.18064 -0.50127 -0.66304 -1.2547 1.6162 -1.3623 -1.9442 1.219
-1.8339 0.11088 -0.30981 -0.21508 1.2924 -0.096524 0.55738 -0.23459 0.70027 -0.94383 0.71442 0.77916 -0.016567 0.28139 -0.49145 -0.647 -2.0093 0.46055 -0.41452 0.79367 -1.1604 -0.60629 0.79923 -0.24721 -0.29281 1.3409 1.8642 0.65977 2.1293 1.1639 -1.5544 0.8551 -1.2522 0.3223 -0.86091 1.0012 -0.70897 -1.025 -0.51702
-1.4478 0.11161 -0.28784 -0.87261 1.1549 -0.81139 0.76481 -0.86222 1.3351 0.53541 0.18519 0.34586 0.18597 0.28172 -0.34054 0.8788 -1.0078 -0.065149 0.62445 0.11039 -0.68596 -0.62168 1.1091 -0.040043 -0.42932 0.69415 1.1846 1.5003 2.4124 3.0094 -0.72521 1.7914 -1.0565 1.2612 -0.40254 0.81421 -0.1325 -0.15891 -1.8637
-1.3087 0.22335 -0.088348 -1.2981 0.89154 -1.1044 0.76363 -1.293 -0.094369 0.17523 -0.4255 -0.0086084 0.28861 0.52177 0.34708 2.0158 0.42095 -0.54677 0.9617 -0.42064 0.24702 -0.12177 1.5683 0.44202 -0.5936 -0.19337 1.0672 1.7042 1.305 3.2786 -0.14268 2.058 -0.30058 1.6025 0.41672 0.25723 0.4597 0.21977 -2.1108
-1.4813 0.13048 0.98482 -0.41389 0.89933 -0.29281 0.29961 -0.29917 -0.067532 -0.11467 -1.3423 0.30734 0.14279 1.0902 1.1258 2.0413 2.1317 0.041396 1.9988 -0.061272 0.67876 -0.39707 1.673 -0.084777 -0.32916 -1.1048 1.2598 1.6336 -0.48187 2.3715 0.32502 1.2705 0.3169 1.558 0.63505 0.035873 0.8353 0.78052 -1.5915
-1.7978 0.14431 1.7229 0.15984 0.72398 0.83393 -0.49377 -1.1319 0.19152 0.3921 0.82994 0.20603 -0.14783 1.8268 1.6839 1.2777 2.8489 0.11869 2.7525 0.25914 1.2394 0.14258 1.026 0.67307 0.018745 -1.4148 1.4291 1.1427 -1.6434 0.50699 0.16358 -0.0066123 0.5019 0.85319 0.36247 -0.3554 0.90797 1.0541 -0.51434
-0.79809 0.97491 1.4099 1.1136 1.0542 1.0724 0.43269 -0.27286 -0.59618 1.4569 1.244 0.39822 -0.92955 1.9299 1.7792 0.32759 2.4251 0.23423 2.1082 0.41741 1.8141 0.55274 1.4509 1.4829 0.65598 -1.452 0.81665 0.096126 -1.5149 -1.2237 -0.40459 -1.7624 -0.050636 0.62931 0.54756 -0.78161 0.23277 0.81792 0.63256
-0.085888 1.5001 0.97094 1.8913 1.5093 1.9152 1.0666 0.63415 1.102 1.4722 -0.58091 0.11595 -1.0879 2.7112 1.9723 -0.27461 1.26 -0.32888 0.89408 0.36661 1.3152 0.15384 0.97578 1.4399 0.80773 -0.91308 -0.1844 -1.0339 -0.2843 -2.1149 -0.78099 -2.6038 -0.70969 0.021389 0.28628 -1.1336 -0.96877 0.076076 1.4313
0.88796 1.8775 0.74456 1.7249 0.96264 2.1094 1.1083 0.23853 0.98049 1.0475 0.7102 0.28807 -1.0503 2.141 1.1506 -0.083455 0.51357 -0.53899 -0.37371 -0.22239 1.8446 0.72541 0.15127 -0.017728 0.73649 -0.26479 -1.1406 -1.9728 0.75122 -2.0598 -1.0067 -2.0039 -1.0262 -0.64983 -0.13055 -1.3008 -1.1202 -0.88439 1.6412
0.11027 1.6692 0.78933 1.1539 1.1238 1.0614 0.65045 1.2602 -0.026219 1.7305 1.5142 1.2113 -1.1802 1.3895 0.2421 0.94174 -0.35771 -1.0398 -0.88431 -0.88092 1.2544 0.65132 -0.56744 -0.49512 0.076225 0.46427 -1.9389 -2.5929 0.77352 -1.2805 -0.37054 -0.57332 -0.82052 -0.82353 -0.042935 -0.75676 -0.74974 -1.5502 1.3048
1.697 2.2078 1.3999 1.036 -0.092027 0.96103 0.14333 0.47585 -0.15914 0.93677 1.1347 1.118 -0.74841 0.51605 -0.71134 1.1634 -0.82029 -1.3998 -0.75659 -1.0684 0.57919 0.048709 -0.35166 0.23338 -0.64445 0.69509 -1.526 -2.6412 -0.69323 -0.43832 0.6651 0.89211 -0.27914 -1.7722 0.10817 -0.56068 -0.44518 -1.7382 0.9937
0.43245 1.2471 1.6455 1.4035 0.37936 0.4623 -0.65613 1.7192 1.6848 0.92807 0.16205 0.67981 -0.70524 -0.006114 -1.5087 0.58872 -0.59704 -0.63562 0.011086 -0.89783 0.34734 0.41564 -0.2704 -0.1723 -1.3907 0.86083 -0.96233 -2.512 -2.5627 0.27208 2.059 1.2449 0.027463 -1.9503 0.16158 -0.71503 -0.56412 -0.8829 0.82979
1.1576 1.4516 2.1223 1.0152 -0.22698 0.69383 -0.073369 1.3479 0.65857 0.79652 -0.35142 -0.097623 -0.45684 0.061558 -2.4683 -1.2325 -0.23716 0.56049 0.84904 -0.79029 -1.1336 1.075 -1.1069 -1.0653 -1.7643 1.2526 -0.037946 -1.8361 -3.1789 0.50367 2.5426 0.6649 -0.14675 -1.9118 -0.37467 -1.1026 -0.71105 0.6767 0.92672
0.58443 0.70258 1.4774 0.77894 -0.66107 1.5787 -0.10824 0.86525 0.82905 1.2479 1.0172 -0.5614 -0.40317 -0.133 -3.1535 -2.7702 -0.12476 2.0255 0.64414 -0.96708 -1.6647 0.47888 -1.6049 -0.96645 -1.0273 1.6176 0.17918 -1.0131 -2.2527 0.49088 1.8984 -0.66949 -0.57639 -1.1055 -0.97542 -1.107 0.1423 1.9741 0.84911
0.74455 0.18003 0.90039 0.88935 0.73864 1.8764 -0.3279 0.88864 0.93944 0.9079 1.198 -0.5499 -0.13222 0.51469 -3.0117 -3.2486 -0.077174 2.2673 0.17174 -1.3384 -2.1159 -0.73621 -1.8663 -0.77993 0.37465 1.9165 -0.01207 0.18554 -0.0059566 0.42045 0.63653 -1.9892 -0.52266 0.25008 -1.7046 -0.65824 0.75191 2.4397 0.45553
0.81245 -1.0423 -0.67573 1.028 2.2013 1.742 -0.99025 -0.90304 1.6201 -0.41925 -0.8659 -0.34556 0.53793 0.098275 -2.9577 -2.7188 0.27711 2.2404 -0.90484 -1.8102 -1.3064 -0.65765 -2.0813 -0.042892 1.1234 1.9944 -0.43917 1.2558 1.9033 0.43006 -0.98149 -2.2368 0.11272 0.81206 -1.7321 -0.17174 1.1993 1.7549 -0.16451
1.3398 -1.2658 -0.78719 1.1027 3.0162 0.9756 -1.7192 -0.81773 0.71598 -1.1898 -0.55959 0.1669 1.193 -0.071722 -2.2449 -1.266 0.37775 1.6984 -2.103 -1.4449 -0.84107 -1.8233 -2.1714 -0.053058 1.599 1.8488 -1.0144 1.9821 2.7942 0.32528 -2.008 -1.6841 1.3424 1.0496 -1.4219 0.55508 1.7431 0.39199 -0.85815
1.1899 -1.5394 -0.55073 1.1239 2.4624 0.55723 -2.2708 -0.31073 -0.072106 -0.66539 -0.57666 1.1134 1.2908 -0.63595 -1.3922 -0.10853 0.48251 0.37015 -2.4088 -0.68598 -0.74566 -2.5001 -1.7924 1.0263 1.5414 1.3634 -0.98322 2.2742 2.2523 -0.00084963 -2.3504 -0.4478 2.6657 0.034918 -0.89364 1.0497 1.3573 -0.9559 -1.3126
0.74124 -1.6587 -0.028439 1.2262 2.069 -0.095053 -2.2356 0.19546 0.032769 -1.1016 1.2064 0.54656 1.5203 -0.96285 -0.41237 0.80739 0.44911 -0.75818 -2.2313 0.85096 -0.38128 -2.7047 -0.91271 2.1139 0.84359 0.74389 -0.67357 1.9393 1.0254 -0.37358 -1.8299 0.69119 3.0544 -0.85556 0.30678 1.3067 0.4682 -1.9845 -1.35
0.33254 -1.7665 0.151 1.2192 2.2595 -0.82756 -1.6551 -0.47976 -1.5872 -1.3707 0.80502 1.0581 1.5336 -1.244 0.0057129 0.56665 0.23004 -1.166 -1.68 2.5093 -1.4799 -2.029 -0.63389 1.5412 -0.29638 0.27246 0.15762 1.4787 0.17781 -0.81218 -0.97599 1.2026 2.3408 -0.94726 1.0162 1.6396 -1.3009 -1.8825 -1.1743
0.093493 -1.5999 -0.085673 1.6098 1.8635 -0.76762 -1.25 -1.1573 -1.6054 -1.8233 1.4567 1.1231 1.5215 -0.99111 0.36511 0.36616 -0.23929 -1.1435 -1.1733 3.2227 -2.1364 -1.422 -0.16532 0.60413 -1.1686 0.055261 0.76776 1.4288 0.38575 -0.98578 -0.77943 1.6683 0.49244 0.34774 1.7117 1.5276 -2.1938 -1.1459 -1.3128
0.15473 -1.4518 -0.19667 1.486 1.2974 -1.0007 0.41359 -1.3451 -1.6389 -1.4634 1.3781 0.54266 1.5635 -0.33015 0.74345 0.45667 -0.77778 -1.3662 -0.68569 2.9287 -1.7075 -1.0574 1.0779 -0.79218 -0.95185 -0.32727 0.83416 1.3688 0.77359 -0.83095 -0.77368 1.7255 -1.1726 1.976 1.9806 1.4634 -1.6775 -0.16069 -1.5334
-0.047884 -1.3324 -0.18165 1.1592 1.186 -1.0491 1.8172 -2.5163 -1.6812 -1.6008 1.0034 -0.14383 1.4984 -0.015946 1.6581 1.6057 -0.99234 -2.2001 0.3959 1.6485 0.39279 0.31256 1.2538 -1.0532 -0.97515 -1.2308 0.33088 0.94535 0.52992 -0.67666 -0.55255 1.6321 -2.0664 2.2073 2.1444 0.97588 -0.87803 0.84842 -1.3765
-0.051375 -1.2321 0.19152 0.64391 0.74802 -1.0446 1.598 -2.317 -1.7108 -0.61462 0.51878 -0.28861 1.3969 -0.20673 1.6964 1.4338 -1.0348 -2.1684 0.76687 0.88636 1.0586 1.1553 1.5519 -0.94594 -0.73019 -1.7408 -0.21506 0.32381 -0.1654 -0.57565 0.22213 0.90791 -2.1035 1.5115 1.7335 -0.56498 -0.19549 1.4081 -0.52473
0.43864 -0.82351 0.63541 0.33575 0.16792 -1.1976 1.1717 -1.4039 -1.9438 0.31723 0.019599 0.21399 1.0406 -0.44534 1.5044 0.89729 -1.4492 -1.8378 1.157 -0.00055269 0.73025 1.8575 1.5284 -1.0586 0.23676 -1.6228 -0.4393 -0.48897 -1.2685 -0.48011 1.5041 -0.17346 -1.21 0.052831 0.48065 -2.2595 0.16219 1.4878 0.6973
0.14588 0.49689 1.9091 0.53125 -1.4743 0.24977 0.052594 0.77355 -0.73794 -0.75669 0.019817 0.24755 -0.27484 -0.50311 1.3772 0.49736 -1.6894 -1.1178 0.63379 -0.56726 1.0303 1.7176 -0.17753 -1.1834 0.98622 -1.0426 -0.38018 -0.86804 -1.6733 -0.29051 2.3234 -0.87962 -0.20211 -0.52886 -0.65111 -3.3626 0.73771 0.75608 1.5619
-0.44046 -0.14864 0.35071 0.62484 -0.92383 -0.049598 1.2075 -0.89419 0.13225 -0.056088 0.86636 -0.062016 -0.19124 -0.66414 0.98994 -0.3546 -1.6175 0.22787 0.13696 -0.11158 0.49792 1.023 -2.3526 -0.62318 0.85703 -0.37708 -0.047359 -1.0433 -1.5718 0.058094 2.4172 -1.3697 0.6286 -0.47468 -1.4438 -2.7144 1.082 -0.2216 1.8467
-0.46774 -0.22755 0.19029 -0.77684 -0.77154 0.16729 1.3405 -2.0422 0.45431 0.38823 -0.40419 0.74863 0.36599 -0.78596 0.48006 -1.1449 -1.5308 1.3648 -0.37128 0.52361 0.14298 0.25522 -3.1615 0.28241 0.30626 0.33504 0.38767 -0.61628 -0.6134 0.42856 1.5162 -0.95874 0.51664 0.3368 -1.2774 -0.74701 0.98014 -0.86349 1.2348
-0.40242 0.14386 0.63349 -1.0876 -0.0018518 -0.99803 0.70667 -0.87745 -0.46409 -2.4805 -0.94304 1.0149 0.74635 -0.38588 0.18091 -1.2916 -1.4241 1.6717 -0.90664 0.74064 0.24672 -0.34573 -2.3508 0.33346 0.12778 0.87978 0.68748 -0.0091135 0.29114 0.8363 0.17612 -0.33842 -0.088657 1.0445 -0.27562 1.4849 0.78304 -1.3049 0.18864
-0.50873 0.069132 0.21768 -0.93678 1.1485 -0.88105 1.2341 -0.76209 -1.103 -3.508 0.097541 0.54129 0.71246 0.068764 0.73707 -0.2066 -0.95429 1.1373 -0.64077 0.063473 1.795 -0.19305 -1.6568 0.26233 -0.27695 0.46172 0.68387 0.31498 0.63787 0.96436 -0.89926 0.4896 -0.59575 0.7021 0.95857 3.2843 0.31023 -1.3661 -0.69123
-0.58527 0.19161 -0.054998 -0.92122 1.2414 -0.85332 1.7361 -0.10156 -1.0142 -2.9202 1.1046 0.22074 0.66866 0.16599 0.85115 -0.26185 -0.27334 0.68066 -0.36275 -0.066927 1.677 0.69589 -0.1671 0.92227 -1.2898 -0.11755 0.3676 0.16365 0.60003 0.73829 -1.2582 0.75645 -0.78378 -0.10824 1.5271 3.5858 -0.12028 -1.2176 -0.9009
-0.45253 0.48397 0.2284 -0.99541 0.27528 -0.63859 1.4092 0.30224 -0.14449 -1.9221 0.32541 0.37561 0.60341 0.18901 0.68679 -0.43305 -0.22233 0.082389 0.27327 -0.29873 0.77206 1.701 2.2449 0.59122 -1.5358 -0.3656 0.10049 -0.45627 0.3642 0.25304 -0.87627 0.3926 -0.56353 -1.0547 1.0949 2.6938 -0.57206 -0.68897 -0.37761
-0.25844 0.63072 0.22691 -1.0331 0.57128 -0.81378 0.96794 0.74786 0.324 -1.4534 0.19257 -0.013478 0.50031 0.2284 0.4901 -0.024244 -0.35016 -0.28555 0.05268 -0.69029 0.53831 1.8337 2.7932 -0.076589 -1.5209 -0.2686 -0.031926 -0.64965 0.59442 -0.19751 -0.29186 0.11544 -0.29529 -0.83169 0.010191 0.81828 -0.58878 0.067602 0.12631
-0.27166 0.77548 0.047688 -1.2919 0.69758 -0.74535 0.96391 -0.24403 0.96017 -1.1414 0.52455 -0.75799 0.36068 0.22508 0.14555 0.37655 -0.42874 -0.11231 -0.11367 -0.78486 0.31762 1.4827 2.1929 -0.37458 -1.4687 -0.1195 -0.15864 -0.51362 0.83343 -0.26247 0.0021511 -0.13395 0.16589 -0.12052 -1.0588 -1.0963 -0.039565 0.70949 0.31678
-0.31609 0.7097 -0.011934 -1.2182 0.7101 -0.56571 0.47707 -0.011077 1.0343 -0.38186 0.2027 -0.72115 0.39039 0.094116 0.020286 0.47673 -0.56769 0.19576 0.046395 -0.43336 0.28791 0.83686 1.4778 0.23587 -1.2412 -0.025553 -0.14947 -0.28191 0.75261 -0.17492 -0.13189 -0.064879 0.38368 0.28173 -1.2803 -1.5841 0.021677 1.1262 0.22927
-0.32238 0.47129 0.19262 -1.2793 0.70601 -0.93302 0.67481 0.4047 0.74302 -0.27639 0.47715 -1.107 0.5047 -0.028662 0.051949 0.91811 -0.63867 -0.16174 0.024951 -0.090199 0.65365 0.050506 0.73323 0.34853 -0.4146 0.057435 -0.043394 0.088896 0.60599 -0.085262 -0.60505 -0.10562 0.37808 0.19157 -1.1384 -1.3952 -0.037119 1.0642 -0.060082
-0.23287 0.4257 0.58815 -1.4538 0.64936 -0.96116 0.62935 0.7034 1.0497 -0.3059 0.27287 -1.1173 0.56194 0.087176 0.061878 1.1517 -0.59839 -0.52818 -0.13871 -0.25367 0.90313 -0.051018 0.38833 -0.40386 -0.021575 0.0361 -0.027033 0.15548 0.25354 0.041335 -0.78718 -0.071149 0.23393 -0.1859 -0.81815 -0.80139 -0.36494 0.876 -0.32162
-0.27463 0.75851 0.62799 -1.7577 0.66838 -0.3859 0.7625 0.67875 1.0711 -0.23542 0.73206 -0.93402 0.47213 0.15381 0.28144 1.2046 -0.59053 -0.94912 -0.21951 -0.10224 0.36881 -0.38474 -0.02327 -0.13635 -0.16598 -0.25775 -0.10574 0.15155 -0.3784 0.36738 -0.63501 0.12714 -0.07261 -0.34317 -0.60099 -0.0099907 -0.26354 0.64981 -0.62315
-0.33296 0.82763 0.98539 -1.8129 0.23898 -0.87169 0.85502 1.1615 0.33131 -0.72604 0.69144 -0.47121 0.47415 -0.042036 0.17565 0.82325 -0.52032 -0.96787 0.0348 0.049283 0.060531 -0.60355 0.27006 -0.24967 0.20135 -0.42785 -0.49844 -0.12536 -0.6214 0.70419 -0.050169 0.6107 -0.30599 -0.31794 -0.57856 0.27162 -0.14772 0.73668 -0.69164
-0.11111 0.70914 0.93052 -1.8309 -0.18827 -0.99419 0.11834 0.63003 1.207 -0.20979 -0.66966 -0.99769 0.3831 -0.15243 0.25848 0.36044 0.033936 -1.1997 0.17578 -0.39416 0.40157 -0.88825 0.77233 -0.25661 0.62536 -0.79211 -0.55856 -0.45087 -0.68924 0.73707 0.51778 0.8535 -0.6704 0.064803 -0.1946 0.48978 -0.22585 0.71963 -0.3418
-0.13527 0.90292 1.1354 -1.8113 -0.73486 -0.98337 0.54928 0.40482 0.19813 -0.33519 0.55772 -1.2789 0.045826 -0.66389 -0.13495 0.38597 0.46236 -0.50938 0.80698 -0.73916 0.26207 -0.96851 0.52772 -0.64343 0.89372 -0.89674 -0.26855 -0.35086 -0.50331 0.97699 0.75759 0.75183 -0.664 0.23927 -0.017154 -0.14107 0.1207 0.59176 -0.15523
-0.51542 0.47336 0.9312 -1.9682 -0.30658 -0.64626 1.0604 0.7455 0.070349 0.23063 0.267 -0.60108 0.1212 -0.54904 -0.32611 0.10542 0.35569 -0.16679 0.99252 -1.0874 0.38215 -0.58821 0.81677 -0.39322 0.76747 -0.61809 -0.0088314 -0.24385 -0.67729 1.3324 0.89104 0.50277 -0.1325 -0.057424 0.35856 -0.36989 0.37557 0.75873 -0.091859
-0.41562 1.037 0.85172 -1.2483 -1.1287 -0.40521 -0.34795 1.693 0.0083504 0.68237 0.12669 0.053139 -0.46605 -0.32887 -0.12452 -0.010618 1.2274 -0.00065493 1.0341 -0.97033 0.52111 -0.77752 -0.031559 0.048164 1.1751 -0.78689 0.39892 0.12724 -1.0423 1.6617 0.56343 -0.0072505 0.4423 -0.21469 0.51534 -0.49323 0.82854 0.44628 -0.27679
-1.3069 0.46695 1.2706 -1.2362 0.45022 0.76779 -0.40668 0.79931 -0.24486 -0.3464 -0.44687 0.17965 -0.40446 -0.33168 -0.1569 -0.73623 2.2579 0.29235 1.0034 -0.55398 0.15023 -0.24122 0.31982 0.12963 1.8361 -1.0094 0.24352 0.15865 -1.1757 1.6317 0.48295 -0.36705 1.0475 -0.30381 0.58408 -0.44195 0.53597 -0.26006 -0.37797
-0.45231 0.38493 0.98956 -1.7407 -0.43901 -0.29522 -0.93674 1.3637 0.19743 0.53767 -0.076388 -0.32687 0.074419 -0.041065 0.0024613 -1.1881 2.7645 0.36249 0.78741 -0.10157 -0.047357 -0.079634 -0.20001 0.72027 1.137 -1.1834 0.11985 0.25248 -1.0154 0.93184 0.25753 -0.66824 1.0862 -0.26554 0.57761 0.44178 0.10743 -1.0079 -0.22904
-0.23922 0.84394 0.8783 0.13458 -0.64032 0.10097 -0.57941 0.98472 -0.22341 -0.66372 0.075174 0.198 -0.85617 -0.24469 -0.11408 -1.5565 2.7813 0.59464 0.4278 0.62455 0.06898 0.26544 0.026254 0.31901 0.26694 -1.0772 -0.047571 0.41147 -0.22958 0.02639 0.32152 -0.51241 0.95683 0.11805 0.011017 0.43389 -0.38341 -1.1891 -0.029499
-0.91565 0.60484 0.0088669 1.099 -0.072765 0.4469 0.59844 0.65323 -0.15426 0.89777 0.99379 1.569 -1.2737 -0.14954 0.28944 -1.5436 2.7857 0.34745 0.06968 0.66612 0.0382 0.15855 0.98911 0.15683 0.066609 -1.1527 -0.20663 0.0082201 0.9355 -1.4609 0.32231 -0.097963 0.31492 0.60277 0.078652 0.56758 -0.88901 -0.73167 0.7454
-0.60962 0.64157 -0.16424 1.0879 0.18338 0.5503 0.26503 1.2947 0.0029803 -0.18455 0.889 0.40582 -1.29 -0.35979 0.40583 -0.995 2.2893 0.92509 0.4019 1.0224 0.32434 -0.3268 0.58353 -0.35304 0.14545 -1.0793 0.24532 -0.79364 1.6004 -3.0548 -0.16859 -0.21046 -0.51816 0.65737 0.01678 -0.32524 -0.90971 -0.42847 1.7596
-1.1738 0.65255 -0.20101 1.3646 0.28998 0.33085 0.10486 1.7413 0.46779 0.49748 -0.51665 -0.23727 -1.3378 -0.35579 -0.23824 0.3285 0.13211 0.82405 0.61631 0.34235 0.97746 0.38798 0.64415 -0.70496 -0.18796 0.10371 0.65215 -1.4812 1.4187 -3.8785 -0.71489 -0.48788 -0.70595 0.52094 0.36307 -0.88257 -0.61241 0.0048421 2.361
-0.97446 0.85552 0.094747 1.4928 0.48554 0.33809 0.12333 0.52679 -0.20253 1.3527 -0.13193 0.19042 -1.3641 0.30996 -1.197 0.5797 -1.8999 0.016748 -0.2403 -0.28046 0.85723 0.196 -0.44508 -1.0522 -0.43466 1.3353 1.0868 -1.7115 0.47818 -3.6691 -1.3039 -1.0863 -0.64424 0.032848 0.73358 -1.1088 -0.079232 0.64135 2.3354
-0.5365 1.0611 0.081069 1.4711 0.81024 0.37313 1.0672 1.9395 -0.6767 0.40528 -0.12071 0.55882 -1.4808 0.70866 -1.4273 0.39277 -2.745 -0.61339 -0.52362 -0.13473 0.76629 0.64888 -0.24317 -0.70951 0.32358 1.7211 1.1 -1.1483 -0.6174 -2.1074 -1.3068 -1.2378 -0.1779 -0.55553 0.67679 -1.173 -0.2506 0.90643 1.494
-1.0234 0.060167 1.212 -0.0025078 0.5593 1.4283 -0.06753 2.2733 0.94091 0.34329 -0.2028 0.63503 -0.50586 1.0933 -1.9101 -0.10663 -3.4864 -0.93064 -1.0634 -0.064686 0.48235 1.0503 -1.167 -0.51543 1.0256 2.1488 0.69871 -0.26407 -0.81262 -0.29349 -0.84763 -0.78474 -0.043931 -1.0778 0.55905 -0.30894 -0.53244 0.61552 0.53802
-0.2755 -1.2015 -0.16076 -1.6936 -0.45943 -0.62184 -0.12532 1.5935 -0.026652 -0.2561 -0.43798 0.40844 0.62788 1.262 -1.8327 -0.50846 -3.2223 -1.2825 -1.2913 -0.13411 0.081626 1.3525 -1.3161 -1.4759 0.70464 2.2781 0.46653 0.66973 -0.65442 1.3913 -0.31087 -0.43745 -0.10684 -1.336 -0.16847 0.21697 -0.7255 -0.15934 -0.36388
0.12103 -0.31116 0.00030852 -1.4102 -0.74952 -0.20187 0.18543 2.2948 1.2101 0.19675 -0.50986 0.41917 0.1759 1.3112 -1.4389 -0.52412 -2.2473 -1.325 -1.3269 -0.3744 -0.89177 0.99571 -0.52015 -1.7272 0.46324 1.9841 -0.045338 1.6106 0.2108 2.6658 0.30431 0.42364 -0.18956 -1.1215 -0.50643 1.1755 -0.16196 -0.57975 -1.1969
0.032571 -1.1001 -0.23661 -2.0413 -0.59898 -1.0579 0.32194 1.6152 1.3545 -0.68548 -1.1565 1.4878 0.75532 1.4544 -0.51669 -0.6496 -0.64235 -1.0359 -1.2118 -0.20262 -1.1364 0.34354 -0.13754 -1.5425 0.27012 1.1704 -0.60231 1.5986 0.8473 2.4755 0.78201 0.59225 -0.22511 -0.96145 -0.61699 1.2675 1.2984 -0.52528 -1.3593
0.60001 -0.73137 -0.066536 -1.6077 -1.0813 -0.69106 0.24056 0.90193 0.99083 -0.32241 -2.1799 0.90572 0.97043 0.9188 0.18095 0.37176 0.44834 -0.46261 -0.31016 -0.42295 -1.0845 0.53274 0.56945 -0.80989 0.13612 0.62857 -1.0831 1.4656 1.1218 1.6316 0.88983 0.66797 -0.11836 -0.34211 -0.20849 1.006 2.4504 -0.41195 -1.2627
0.70486 -0.91897 0.15846 -1.4645 -1.0896 -0.66484 -0.12342 1.1393 0.76779 0.02002 -1.8864 0.8564 1.0224 0.36469 0.086007 0.67183 0.28105 -0.18197 -0.69091 -0.5753 -1.6888 0.33637 0.64682 0.61692 -0.13846 0.60082 -1.2633 0.90992 0.87202 0.58017 0.71991 0.4441 -0.30068 -0.3263 -0.12013 0.63246 2.9331 0.062939 -1.0699
0.85418 -0.87547 0.034542 -1.265 -1.287 -0.75085 -0.53665 0.86245 1.1448 0.070974 -1.6492 0.67217 1.0499 -0.11383 0.76185 0.96966 0.48505 -0.0079786 -0.33674 -0.43445 -1.2869 0.58501 1.078 2.016 -0.13101 0.080899 -1.0438 0.76542 0.18066 0.02819 0.5815 0.19164 -0.19036 -0.61404 -0.62912 0.093316 2.1764 0.70124 -1.1301
0.71302 -0.57281 0.21729 -1.1562 -0.99968 -0.99293 -0.44087 0.62898 1.2436 0.6449 -0.99779 0.71237 1.0767 -0.32757 0.74825 0.72708 0.46875 0.14629 -0.36722 -0.81742 -1.676 0.083379 0.85939 2.8191 0.4773 -0.41007 -0.99621 0.97694 -0.26382 0.083448 0.66005 0.48185 0.0060601 -0.50648 -1.0659 -0.62029 0.49353 1.1994 -1.3285
0.26052 -0.46512 0.643 -1.5951 -0.83225 -1.5766 -0.33527 -0.2757 1.8792 0.37477 0.38316 0.79286 1.0064 -0.63325 1.159 0.69417 0.40011 0.51028 -0.11361 -0.69603 -2.2871 -0.61318 0.64756 2.3717 1.0741 -0.82452 -1.0704 0.77164 -0.70582 0.16289 0.64806 0.46137 0.38347 -0.30461 -1.0328 -1.2554 -0.88037 0.83983 -1.1154
0.050094 -0.080725 0.69283 -1.2586 -0.81433 -1.0163 -0.15964 0.10281 1.7372 0.63859 0.69951 1.4031 0.86032 -1.1871 1.557 0.30739 0.47765 0.85056 0.0995 -0.43553 -2.1773 -1.228 -0.36558 1.4037 1.4198 -1.2482 -1.0919 0.61133 -1.3182 0.2465 0.78616 0.6517 1.195 0.54921 -0.5424 -1.255 -1.8797 -0.21809 -0.64537
0.63351 -0.13814 0.43558 -0.77106 -1.0819 -0.89927 -1.6357 -1.2442 0.25049 0.75496 0.821 1.3636 0.36737 -1.6309 1.6773 -0.17015 0.79072 0.90793 0.29352 0.15814 -1.6351 -0.85525 -0.79389 0.9795 0.89815 -1.4331 -0.8411 0.11769 -1.595 -0.051698 0.74929 -0.06546 1.8296 1.1017 0.29968 -0.83246 -1.9297 -1.2189 0.062177
-0.092607 0.42102 0.74481 -1.0218 -0.11874 -0.77944 -1.0445 -1.6735 -0.014474 0.76356 0.44457 2.0781 0.087235 -1.8147 1.5358 -1.3645 0.74774 1.4874 0.64934 1.2046 -0.95284 -0.89108 -0.90336 -0.1993 0.12278 -1.2258 -0.29474 -0.44572 -1.2518 -0.55615 0.36831 -0.87576 2.1258 1.4003 0.64378 -0.40969 -1.4115 -1.4646 0.87812
-0.9217 1.0331 0.1888 -0.74911 0.15875 -0.92313 -0.67446 -1.461 0.1079 -0.81986 -0.071004 2.0927 -0.2929 -1.8483 1.3754 -1.5244 0.15383 1.6592 -0.5117 2.2353 -0.7837 -0.15923 -0.731 -0.63993 -0.55797 -0.73166 0.50791 -1.1173 -0.69126 -0.91775 -0.18921 -1.121 1.5359 1.3525 0.45834 -0.20106 -0.73461 -1.0203 1.3525
-1.4596 1.1483 0.2291 -0.34427 0.18916 -0.93191 0.44274 -1.1266 1.3201 -0.081132 1.2616 1.2241 -0.34349 -1.6113 0.95387 -1.412 -0.30566 1.1923 -1.1388 2.8852 0.088815 -0.25164 -1.2079 -0.57797 -0.58384 -0.083267 1.1887 -1.6287 0.5125 -0.86859 -0.6621 -0.52403 0.083675 1.067 0.36907 0.17599 -0.039182 -0.51164 1.3203
-1.5625 0.96891 -1.0162 -0.83601 1.4956 -0.35278 1.6607 -1.2086 0.44639 -0.30467 -0.085017 0.90782 -0.14654 -0.80239 0.070153 -1.4681 -0.49437 0.67531 -0.91277 2.4666 0.44359 -0.22888 -1.0397 -0.288 -0.66438 0.33195 1.3583 -1.729 1.5703 -0.45761 -0.84694 1.0147 -1.7652 0.50624 0.05435 0.48434 0.17901 0.19209 0.71059
-1.4402 1.3065 -0.45585 -1.1553 1.1692 -2.3303 2.1849 -1.6025 0.8372 0.26263 -0.20531 1.0322 0.04923 -0.16653 -0.58092 -0.40636 -0.64341 0.66821 -0.13225 1.2572 0.48214 -0.092271 -0.40104 -0.46097 -0.80564 0.52307 1.2608 -1.234 2.9529 0.0079092 -1.3668 1.9178 -3.1575 -0.021471 0.11554 1.0685 1.0411 0.27695 -0.10393
-1.2267 0.93553 -0.48358 -1.2107 0.3474 -2.2835 1.9336 -1.1957 -0.93573 -1.3329 0.14136 1.4509 0.19916 -0.090449 -0.79745 0.98734 -0.58556 0.24625 0.885 -0.57695 -0.014178 -0.117 -0.17635 -0.35394 -0.13628 0.19102 1.0054 -0.62244 3.2637 0.47336 -1.8935 2.1998 -3.6026 -0.10957 -0.11266 1.0761 1.3779 -0.0085196 -0.63403
-1.3737 0.5556 -0.78334 -1.3477 0.97665 -1.192 2.1944 -0.82903 0.38122 -0.9465 0.2309 1.4232 0.22157 0.33531 -0.70928 3.0256 -0.25426 -1.2915 1.5539 -2.0766 0.26528 -0.060832 0.47441 1.4992 -0.38124 -0.19607 0.88616 -0.1207 2.2468 0.7619 -2.2072 1.273 -2.8845 0.12941 -0.069917 1.2198 1.272 -0.50664 -0.68622
-1.3943 0.44155 0.061159 -1.1328 1.548 -0.36397 0.90317 -0.72679 1.0012 -0.65107 -0.35236 0.38352 0.14815 0.7836 -0.92081 3.0773 0.2308 -2.08 2.364 -3.2637 0.32954 -0.4634 0.65152 1.4402 -0.9342 -0.40883 1.0323 0.094826 0.4465 0.82448 -1.7863 -0.16853 -1.2671 0.56981 -0.30408 1.1176 0.71063 -0.88104 -0.30574
-1.7568 0.37979 1.0684 -1.1536 0.78212 0.42949 -0.34748 -1.7239 0.86045 0.21944 0.60679 1.2259 -0.25463 1.0161 -0.71962 2.8602 0.43472 -2.5213 1.5122 -3.3227 0.54909 -0.050659 1.5983 1.1415 -1.3791 -0.36764 0.79123 0.10293 -1.6612 0.64214 -0.53244 -1.2994 0.66573 0.65534 -0.22583 0.4264 -0.46867 -0.49659 0.14278
-0.67195 0.53272 2.2669 -1.3263 -1.6099 0.21021 -0.97516 -0.7644 -0.34653 0.37257 2.4072 0.48602 -0.27223 1.4552 -0.62549 1.9298 0.67914 -2.663 0.5896 -2.558 0.93279 -0.73138 1.4728 1.2176 -1.2974 -0.2556 0.19741 0.28799 -2.4822 0.32745 0.77681 -1.6665 2.3214 0.85081 0.33406 -0.59906 -1.0237 -0.050733 0.44176
-0.23068 0.051083 1.6509 -0.71578 -2.2328 0.095037 -2.368 -0.9485 -0.63583 -0.058206 0.91469 0.11959 -0.20121 1.4461 -0.67634 0.41786 0.77272 -2.0559 0.006638 -1.0667 1.2176 -0.37651 0.90725 0.67803 -1.1536 -0.029148 -0.85929 0.41783 -2.4414 -0.004241 2.1843 -0.65453 2.8596 0.46062 0.95825 -1.4739 -1.6695 0.71176 0.3537
-0.34845 0.005033 1.3931 -0.76605 -2.2442 -0.37178 -1.8708 -0.037794 0.079678 0.69766 0.94812 -0.11877 -0.029098 0.93277 -0.44659 -0.45715 0.69505 -0.79122 -0.0052918 0.3691 1.6266 0.39208 -0.18855 -0.35478 -1.1821 0.18269 -1.6551 0.86977 -1.1175 -0.32349 2.6639 0.42556 2.199 -0.10463 1.4487 -1.3475 -1.8451 1.3484 -0.086409
0.1125 -0.11835 0.985 -0.48811 -1.5991 0.079897 -1.0337 0.25739 0.048798 0.97759 1.5898 -0.13389 -0.12916 -0.28465 -0.091999 -0.6238 0.40872 0.83504 0.58314 1.0792 1.0803 1.3535 -0.4876 -1.3724 -0.17157 0.021635 -1.5725 1.2606 0.028436 -0.32209 2.0088 0.68361 0.8058 -0.63882 0.71631 -0.57776 -1.1187 1.6016 -0.71863
-0.072839 -0.21247 1.0092 -0.34141 -1.3695 0.077147 -0.73509 0.062526 0.64994 0.41509 0.77166 -0.5161 -0.065116 -0.69192 0.56932 0.3116 0.21623 1.1279 1.0979 0.8787 0.78849 1.3701 -0.49632 -1.4035 0.64598 -0.43396 -0.94444 1.2838 0.202 0.10545 0.76029 -0.1267 -0.47757 -0.81834 -0.43076 0.11074 0.18514 1.604 -1.0976
-0.54336 0.16632 1.4282 -0.60685 -1.4052 0.51395 -0.11495 0.46225 0.72347 -0.51024 0.7829 -0.079324 -0.088756 -0.60341 0.96855 0.091657 0.36997 0.93126 0.73494 0.32883 0.3926 0.60684 -0.08233 -1.0117 0.83168 -0.96753 0.14102 0.92698 -0.57685 0.56129 -0.39287 -0.91947 -0.95033 -0.41599 -1.487 0.46031 1.1245 0.82536 -0.98285
-1.077 0.37168 1.5947 -0.7868 -0.53903 0.9238 -0.42025 0.34983 1.1964 -0.1436 -0.088298 0.47168 -0.2935 -0.62499 1.2154 -0.42392 0.91176 0.64964 -0.31908 -0.23933 0.37987 -0.10232 -0.17233 -0.17855 1.2202 -1.225 0.76202 0.22074 -1.6668 0.6999 -0.686 -1.0773 -0.72009 -0.14952 -1.3266 0.69973 1.1778 -0.13783 -0.45502
-0.80028 0.69278 1.8118 -0.262 -0.84825 1.2368 -1.657 0.2513 1.0664 0.070665 -0.82735 0.86721 -0.80653 -0.056719 1.1694 -1.3584 1.1533 0.2931 -0.43118 -0.31569 0.47072 -0.93279 0.26095 0.22389 1.0152 -1.2867 0.98167 -0.30464 -1.6373 0.37565 -0.71048 -0.70901 0.0057281 0.030034 -0.76711 0.44928 1.0023 -0.71116 0.21428
-0.51563 0.93741 0.76251 -0.085756 -0.88669 0.014405 -0.81356 0.63509 0.39542 1.3298 0.8963 0.37083 -1.2179 0.4281 0.85019 -2.1556 1.1891 0.088871 -0.33752 -0.28037 0.44985 -0.55535 0.71633 0.29251 0.25915 -1.0651 0.67674 -0.90926 -0.84297 -0.39856 -0.22155 0.066548 0.65627 -0.11455 0.10828 0.12049 0.39857 -0.83446 0.90538
-0.65695 1.0321 0.37037 0.90359 -0.61764 -0.74272 -0.99947 0.68609 -0.10891 -0.15178 1.6925 1.1293 -1.2956 0.66377 0.63743 -2.1782 0.95917 -0.1947 -0.58443 0.35763 0.4046 -0.72056 0.36207 0.72052 -0.035844 -0.68028 -0.23958 -1.2837 0.65345 -1.2911 0.57219 0.40117 0.70696 -0.54546 0.95818 -0.65903 -0.52937 -0.41789 1.5347
-0.28481 1.0351 -0.049679 0.53849 -1.1074 0.37512 -0.71828 0.73315 -0.36826 0.16409 0.25846 0.52092 -1.2362 0.25267 -0.062357 -1.6267 0.21653 0.4497 -0.11836 0.76741 0.18084 0.023505 0.015257 0.35053 0.1712 0.034638 -0.77863 -1.1667 1.7472 -1.9344 1.1463 0.39255 0.5666 -0.96257 1.1206 -0.78241 -0.93674 -0.23436 1.7794
-0.32428 1.0751 -0.22253 0.30729 -0.90032 0.87995 -0.7599 0.93655 1.0577 0.684 0.26487 0.27912 -1.1872 -0.40136 -0.55594 -0.36636 -0.9052 1.2314 0.2101 0.60787 -0.4586 0.74358 -0.69279 -0.8573 0.24969 0.81498 -0.75221 -0.64948 1.9986 -1.7579 1.4275 -0.18226 0.21857 -1.1885 1.037 -0.92515 -0.64408 -0.37867 1.5384
-0.24097 1.1824 -0.039406 0.3897 -0.87834 -0.10148 -0.2385 0.648 0.032464 0.50307 0.77071 0.77318 -1.2396 -0.45424 -0.5354 0.29209 -1.6867 1.6246 -8.0117e-05 0.7539 -0.9875 1.0097 -0.30464 -0.77395 -0.35601 1.2621 -0.18088 0.14374 1.3365 -1.0487 0.83512 -0.81753 -0.066364 -1.0686 0.36197 -1.105 0.14061 -0.50279 0.86768
-0.62336 0.40941 0.10351 0.020708 0.27079 0.54252 -0.38631 0.51624 0.95294 0.36583 0.3967 1.2062 -0.76341 -0.34953 -0.22725 0.69818 -1.5507 2.0204 -0.98553 0.80949 -1.3164 0.91287 -1.3088 0.0044145 -0.50965 1.3639 0.40127 0.5947 0.09881 -0.19958 -0.02442 -0.88265 -0.25442 -0.49652 0.17128 -0.84397 0.71434 -0.65391 0.16424
-1.2898 0.34862 0.37143 -1.1057 1.2679 -0.27123 -0.0074862 -0.096893 0.99814 -0.42122 -0.064256 0.69746 -0.11971 -0.098576 0.02342 0.40722 -1.5297 1.6915 -1.0524 0.52693 -1.4639 0.68835 -1.8634 0.18845 -0.4145 1.2578 0.67465 0.7049 -0.69843 0.48391 -0.96421 -0.54645 -0.5186 0.18801 0.021394 -0.28708 0.40317 -0.57774 -0.40023
-0.72213 0.7922 0.39497 -0.99743 1.1336 -0.19843 0.1056 -0.51193 0.98055 -0.22727 0.36997 0.098583 0.065487 0.1566 0.18302 -0.23082 -1.3853 1.1422 -0.91758 0.19574 -1.1898 1.2647 -1.5836 0.061477 -0.96397 1.0978 0.66275 0.34198 -1.0539 0.75503 -1.616 0.27163 -0.71916 0.76855 0.05095 0.96623 -0.091661 -0.40219 -0.7308
-0.31143 1.1123 0.41988 -0.93627 1.454 -0.77742 0.45631 -0.57728 1.1371 -1.3579 0.46688 -0.2079 -0.017011 0.52678 0.46557 -0.5789 -0.82895 0.1579 -1.0582 -0.0070301 -0.69888 0.88842 -0.73554 -0.016031 -1.2319 0.6993 0.17845 -0.25861 -0.75562 0.70981 -1.3753 0.61026 -0.4839 1.0839 -0.17293 1.57 -0.088661 -0.20081 -0.68599
-0.42229 1.0361 -0.040567 -1.2737 1.1357 -0.48138 -0.19447 -0.71228 1.648 -1.3457 0.8297 0.59543 -0.039621 0.55019 0.13952 -0.82579 -0.42825 -0.40174 -0.47443 -0.40294 -0.22638 0.92781 0.038825 -0.082519 -0.88157 0.37539 -0.28568 -0.69744 -0.030815 0.45413 -0.73755 0.8816 0.017441 0.92522 -0.58019 1.5116 0.13017 0.039051 -0.39658
-0.40769 0.82648 -0.32342 -1.3433 1.1016 -1.0452 -0.07385 -0.65361 1.9879 -0.99177 0.41468 -0.19182 0.19821 0.034256 -0.39016 -0.74044 -0.62418 -0.25158 -0.13148 -0.17032 0.13547 0.51504 0.43154 0.077187 -0.86648 0.42873 -0.53302 -0.80818 0.75618 0.16099 -0.11678 0.69024 0.65531 0.8113 -0.81499 0.80846 0.36226 0.069483 -0.07672
-0.33414 0.81206 -0.16984 -1.247 0.74207 -0.91739 -0.25129 -0.38185 1.7986 -0.25336 -0.11491 -0.512 0.30591 -0.11352 -0.57202 -0.20548 -0.60574 -0.11274 0.26984 0.30971 0.16796 0.2788 0.8236 0.26307 -1.1169 0.54353 -0.37989 -0.28447 1.2103 0.010162 -0.066327 0.19763 0.81586 0.62183 -1.2974 0.085026 0.52928 0.4344 -0.072125
-0.49591 0.67224 -0.25333 -1.5863 0.72392 -0.63027 -0.49321 -0.58485 1.9743 -0.45945 0.10972 -0.42981 0.31875 -0.10859 -0.55022 0.56447 -0.43381 -0.2242 -0.13798 0.97808 0.65897 -0.43866 0.4715 0.51696 -1.0286 0.47903 0.027313 0.40002 1.3286 0.15199 -0.4265 -0.46306 0.41302 0.56745 -1.0563 -0.56851 0.351 1.0847 -0.32704
-0.56105 0.4906 -0.23522 -1.7153 1.1735 -0.40749 0.38077 -0.34729 1.3687 -0.39427 1.0628 -0.88672 0.49176 -0.066493 -0.25982 0.84602 -0.5132 -0.5537 -0.10156 0.69379 0.70116 -1.231 0.18682 0.73268 -0.044714 0.22199 0.098739 0.58791 1.0084 0.32548 -0.72473 -1.0758 -0.42634 0.26612 -0.63693 -0.57935 0.060953 1.2605 -0.43919
-0.39501 0.54485 0.20007 -1.6693 1.2951 -0.43573 0.91628 -0.51127 1.8615 -0.64509 0.90973 -1.0836 0.5579 0.064887 0.14047 1.2849 -0.38174 -0.87841 -0.81368 0.48182 0.95319 -0.87402 -0.37524 0.52597 0.54749 0.020251 0.032623 0.48905 0.55489 0.53036 -0.70135 -1.1366 -1.4667 -0.36704 0.38263 0.1142 -0.17596 1.0265 -0.3517
-0.55149 0.38601 0.45149 -1.6931 0.34762 -1.3267 1.1428 0.45853 1.0036 -0.65958 1.091 -0.47277 0.51334 -0.015917 0.08944 1.3714 -0.0023964 -1.22 -1.408 -0.32062 0.52353 -0.79186 0.10035 0.37029 0.36793 0.0096457 0.04346 0.20018 0.039277 0.64251 -0.31824 -0.67208 -1.8 -0.96153 0.71643 0.60278 -0.022408 0.56874 -0.14077
-0.41506 0.70755 0.34935 -1.9567 -0.096849 -1.0349 0.095102 0.12005 0.13115 -0.31771 0.74198 -0.056176 0.37802 -0.07005 0.11354 1.3693 0.34246 -1.2794 -1.6143 -1.5284 0.028342 0.13341 0.74045 0.34278 0.60841 -0.026721 0.22075 -0.12071 -0.50965 0.39146 0.20978 0.53104 -1.4648 -1.8048 0.33039 0.57465 0.38911 0.3194 0.057702
-0.26718 1.0666 1.0905 -1.7046 -0.45121 -1.9329 0.19356 0.72309 1.4241 -0.96236 0.45534 0.087029 0.29844 0.084553 0.099921 0.88274 0.37659 -0.9874 -0.96066 -1.9988 -0.70335 -0.2621 0.82143 0.77165 0.92735 -0.0015326 0.47555 -0.34864 -0.8584 0.087083 0.66444 1.3822 -0.53106 -1.9814 -0.19325 -0.12237 0.54675 0.50872 0.12687
-0.71035 0.38943 0.83291 -1.4985 -0.52823 -2.1687 -0.80975 -0.49231 0.95017 -0.0091336 1.273 -0.75138 0.52797 0.42139 -0.065159 0.55566 0.18769 -0.58947 -0.043238 -1.6889 -1.928 -0.45384 0.40101 1.084 0.8124 0.12219 0.5684 -0.27773 -1.0311 -0.12313 0.61886 1.7916 0.43984 -1.7384 -1.2704 -0.75144 0.16598 0.7807 -0.013182
-0.5708 0.56425 1.1466 -1.1932 -0.28012 -2.209 -1.5857 -0.38456 2.0848 0.65271 1.6821 -0.2015 0.53908 0.60954 -0.40991 0.13605 0.23625 -0.26471 0.39483 -1.3337 -2.3337 -0.88143 0.027689 1.0692 1.1582 0.1512 0.60268 0.3207 -0.61684 0.050843 0.031977 1.4699 1.1087 -0.54353 -1.2449 -1.081 -1.1998 0.90546 -0.48252
-0.12333 0.70553 0.86824 -1.4606 -0.40835 -1.349 -1.4555 -1.0897 0.34156 -0.10231 1.8113 0.62189 0.49127 0.70788 -0.099437 -0.23063 0.16114 -0.43018 1.0631 -0.9617 -2.523 -2.1377 -0.3498 0.5128 1.8848 -0.12937 0.083992 0.7342 -0.38999 0.84727 -0.11025 1.0727 1.505 0.93318 -1.1052 -0.55004 -2.3875 0.36044 -1.1173
0.13782 0.44428 0.89301 -1.8464 -0.85479 -1.1089 -1.0251 -2.0672 -0.25868 -0.60219 2.0414 0.62369 0.57805 1.0442 0.66864 0.096825 0.47998 -1.0118 1.2388 -0.090526 -1.4659 -1.9488 -0.94245 -1.3168 2.0121 -0.71399 -0.78946 0.64179 -0.36851 1.6245 0.29427 0.67827 1.5898 2.4911 0.023502 0.61697 -2.3264 -0.41271 -1.5412
0.24939 0.31344 0.65109 -1.4378 -0.47594 -1.0836 -1.8726 -2.303 -0.28359 -0.48105 1.549 1.1893 0.47584 0.36151 0.6516 -0.16883 1.7198 -0.44067 1.5435 0.77489 -0.57161 -2.1639 -0.20255 -2.4387 1.0055 -1.3817 -1.4522 0.052003 -0.58967 1.9243 0.93275 0.24925 1.3639 3.6947 1.2378 1.524 -1.1114 -1.1901 -1.4063
0.16856 0.98776 0.93257 -1.2282 -1.2822 -0.94093 -1.4427 -2.3556 -1.1729 -0.88512 1.1275 1.8578 0.093488 -0.65193 0.31318 -0.59777 2.637 0.31212 1.4245 1.0572 1.488 -0.80933 1.1746 -2.0502 0.79797 -1.8923 -1.7539 -0.72524 -0.91794 0.79546 1.1927 0.067187 1.0847 3.1538 1.9182 1.421 0.6651 -1.2508 -0.44934
0.60555 1.3897 1.1715 -0.5983 -2.1594 -0.67657 -0.96317 -1.5861 -0.50023 -0.61449 -0.80547 1.2503 -0.43568 -1.0866 0.17214 -1.0103 2.8514 0.73633 1.4366 1.26 3.1207 -0.17111 1.6069 -1.3202 0.26415 -1.9766 -1.0071 -0.96542 -0.61579 -0.76701 0.72688 -0.20604 0.37163 1.4281 2.3253 0.29786 1.5896 -0.8603 0.67891
-0.395 1.0495 0.65952 1.1861 0.017931 0.3091 -0.023969 -1.0486 -1.3013 0.7064 -0.95749 0.76027 -1.1341 -1.4243 -0.32189 -1.2388 1.4664 0.73999 1.4176 1.8895 2.7644 0.97919 0.96427 -0.57319 0.043547 -1.1973 -0.0017113 -0.90972 -0.07265 -2.0998 0.046182 -0.17976 -0.49577 -0.57486 1.4198 -1.0768 1.7763 -0.45681 1.5538
-1.0869 0.48362 -0.0594 1.0819 0.2858 0.35953 -0.039864 0.86493 -0.48937 1.2464 0.6522 1.9374 -1.4238 -1.0837 -0.6703 -1.0254 0.78928 0.7686 1.1605 1.118 1.5357 1.6966 0.49173 -0.051628 -0.23928 -0.55812 1.0057 -0.51587 0.64154 -2.8561 -0.92536 -0.49771 -1.4667 -1.7479 0.83639 -1.8672 1.4024 0.1323 1.9004
-0.78651 0.60793 -0.065883 0.90648 -0.10819 0.32544 0.12277 1.4001 -0.42654 0.69559 0.7921 0.97821 -1.2565 -0.65217 -0.81016 -0.72588 -0.46466 0.37919 1.2253 0.1073 1.1599 1.1644 -0.39863 0.8093 0.16876 0.083023 1.5054 0.39079 1.2357 -2.0747 -1.2836 -0.84539 -1.9321 -1.8295 -0.25494 -1.4411 0.78301 0.050425 1.3451
-1.1765 0.31646 -0.13653 -0.72582 -0.37748 0.50261 1.0354 -0.29454 1.121 -0.36928 0.17825 1.6458 -0.41977 0.36479 -0.45732 -0.033048 -1.801 -0.9126 0.59989 -0.8624 0.53821 1.4536 -1.4065 0.74508 0.40254 0.66732 0.93209 0.86122 1.0906 -0.8793 -0.67558 -0.6427 -1.3291 -1.106 -0.67713 -0.067262 0.30696 0.30701 0.41076
-0.5105 0.69883 0.50042 0.4023 -0.66627 0.54016 -0.30109 -1.0684 0.76598 -0.13709 -0.21892 1.1229 -0.86509 0.59988 0.24261 0.63794 -1.322 -0.95399 0.11381 -1.089 -0.27911 0.59163 -0.93838 0.56381 -0.22673 0.51352 0.22413 0.91408 0.56622 0.63853 0.3182 -0.32875 -0.55473 -0.28077 -0.92351 1.2427 -0.20411 -0.010656 -0.5573
-0.48809 0.28699 0.20283 -0.32265 -0.61346 1.5212 -0.88877 1.0549 -0.14651 -0.25999 0.40508 1.4253 -0.79885 -0.006352 0.27573 0.38751 -0.51834 0.097551 0.51185 -1.0151 0.10929 0.61264 0.62825 0.66789 0.48033 -0.066223 -0.64958 0.47185 -0.064878 1.4126 1.2486 -0.021965 0.29606 0.18038 -0.89099 1.6055 -0.3003 -0.17518 -0.92432
-0.20818 0.36514 0.22625 -1.0118 -1.2907 0.63838 -1.2513 0.69243 0.90787 -0.63072 0.96594 1.7845 -0.49178 -0.053698 0.38578 0.15314 0.13809 0.4928 0.65299 -0.95831 0.82145 -0.28806 1.0426 0.43701 0.068318 -0.51781 -0.8122 0.049774 -0.32505 1.4259 1.074 -0.22628 1.0952 0.02268 -0.69076 0.72957 -0.63758 -0.19418 -0.68753
-0.58962 1.0743 0.56129 -0.19678 -1.0363 0.035216 -0.9271 0.35874 0.19003 0.34497 1.5345 1.0969 -0.89124 -0.4881 0.28019 0.088607 0.23309 0.81434 0.2886 -0.32362 0.32512 0.086812 0.77955 0.20796 -0.10868 -0.41957 -0.44683 -0.076423 -0.0025286 1.1372 0.34068 -0.50757 1.5786 -0.27616 -0.74883 -0.18349 -1.02 -0.80884 -0.26088
-1.2861 0.6899 0.11629 0.077159 0.76187 1.6073 -0.53034 0.59698 1.3345 1.5455 0.76653 1.9915 -1.1811 -0.63534 0.33042 0.1678 1.0924 0.79418 -0.19896 0.80948 -0.35423 -0.54361 0.4293 -0.47174 -0.33083 -0.5027 -0.043362 -0.37519 0.2554 0.67685 -0.075993 -0.42106 1.2318 -0.30563 -0.26444 -0.45973 -0.6245 -0.74801 0.13853
-0.72059 0.72525 0.20739 -0.29409 -0.059379 1.5658 -0.94936 0.41718 0.052872 0.2388 -0.024764 1.319 -1.0954 -0.52564 0.17846 0.37899 1.2277 0.6098 -0.013453 1.3374 0.15309 -0.77622 0.57158 -0.89727 -0.84752 -0.52857 0.44737 -0.27692 0.33352 0.28414 -0.71324 -0.19639 0.16561 -0.027537 -0.48332 -0.65285 0.33023 -0.6707 0.22461
-0.89364 0.78201 0.64534 0.45158 0.14686 0.75345 -1.2228 0.023274 0.64833 0.24764 0.52492 0.95605 -1.1801 -0.10961 -0.19727 0.50129 0.96011 0.43777 0.014771 0.73582 0.30655 -0.38499 0.2367 -0.25011 -0.97799 -0.22713 0.44704 -0.21967 -0.034632 -0.055452 -0.47116 0.0623 -0.69722 -0.0021878 0.2324 -0.19242 1.1307 -0.061246 0.29162
-1.1569 0.69543 0.27051 0.74283 -0.076988 0.54592 0.92826 0.8088 -1.0054 -0.018278 0.30515 1.3438 -1.1622 0.068847 0.077534 0.565 0.84744 -0.41923 -0.18668 0.049616 -0.069402 -0.96747 -0.41619 0.73977 -1.0588 -0.17227 0.32969 0.01429 -0.51009 -0.12218 -0.01251 0.021941 -0.81055 -0.35914 0.35721 0.018145 0.94831 0.38871 0.2125
-0.92761 0.89558 0.78705 0.49393 -0.32767 0.55725 0.75939 0.88727 0.40018 1.1004 0.13565 0.49598 -1.2478 -0.11338 0.011905 0.012044 1.1639 0.37349 0.0037866 0.018958 -0.25819 0.03717 0.54218 0.93055 -0.37963 -0.17982 0.12806 0.30488 -0.55183 -0.12547 0.34826 0.11425 -0.83555 -0.59782 0.7556 0.40312 0.1329 0.47494 -0.011943
-0.88144 0.60926 0.81833 0.94557 0.69894 1.1052 -0.75001 0.63365 0.39878 1.1615 1.3568 0.38705 -1.225 0.081556 0.10347 -0.35077 0.87614 0.60961 0.032577 0.028828 -0.26875 -0.24752 0.45449 0.37367 -0.47479 -0.18807 0.049981 0.21862 -0.45482 -0.18852 0.48263 -0.041062 -0.45554 -0.3464 0.87109 0.38768 -0.64856 0.48605 -0.0057991
-1.0361 0.86432 0.48179 0.79562 -0.54809 1.6154 -1.2057 0.040112 -0.72147 -0.13287 1.3868 0.92527 -1.3751 0.12182 0.3144 -0.095229 0.68967 0.60122 0.11858 -0.97206 -0.75869 0.80756 0.59875 0.18653 -0.43974 -0.24336 0.083944 0.27238 -0.21933 -0.40388 -0.15407 -0.44383 0.23478 0.14254 0.22626 -0.19065 -0.94135 0.026338 0.034209
-0.92264 0.72115 0.13121 1.5489 1.0009 0.8132 -0.35209 -0.023549 0.55823 1.1008 0.82778 1.0129 -1.2609 0.046708 0.30397 -0.24976 0.70467 0.40929 -0.32155 -0.39326 -0.49876 0.43546 0.32236 -0.17539 -0.1781 -0.15401 0.087138 0.048062 0.10393 -0.27035 -0.34619 -0.48293 0.81439 0.84028 -0.023607 -0.48089 -1.0187 -0.43377 0.095775
-0.85877 0.95486 0.2976 1.4253 0.89891 0.28738 0.35723 0.35235 -0.51775 0.75134 0.46832 0.22055 -1.4029 0.061416 0.38093 -0.45535 0.44687 0.16264 -0.65103 0.70838 0.12097 0.16831 0.23076 -0.65937 -0.52158 -0.14115 0.15364 -0.13103 0.20667 -0.28855 -0.64786 -0.25384 0.92336 1.3276 -0.6865 -0.80799 -0.62322 -0.60819 0.14689
-0.95979 1.1611 0.66366 1.1902 0.38257 1.0563 -1.1176 -0.066649 1.123 1.3414 0.60938 0.5675 -1.4761 0.27495 0.15733 0.032212 0.45697 0.13969 -0.48774 0.85652 0.90236 0.034987 -0.31331 -1.2202 -1.2725 -0.076966 0.090229 -0.29108 0.31652 -0.22877 -0.5979 0.29704 0.28349 0.89206 -0.26836 -0.70214 -0.19728 -0.20246 0.19646
-0.84402 1.022 0.55946 1.4179 0.33862 0.40413 -0.39511 0.29917 0.69002 1.2789 0.59513 0.31969 -1.3416 0.29211 0.16974 0.16369 0.23722 -0.54704 -0.27434 0.29462 1.0924 -0.38167 -0.68244 -0.52826 -1.0515 -0.031247 0.0018371 -0.42028 0.19298 -0.19896 -0.40602 0.28401 -0.18652 0.38765 -0.009352 -0.60079 0.09448 0.57588 0.26219
-0.87949 1.0144 -0.10889 1.474 0.68589 0.55834 0.56577 0.71713 -0.41332 0.56316 0.68352 0.043816 -1.4233 0.10019 -0.081063 0.051265 0.35057 -0.42059 0.04592 0.39196 0.72641 0.17402 -0.61062 -0.63837 -0.32694 0.12744 -0.19831 -0.28695 -0.0551 -0.34807 -0.1868 0.07087 -0.53301 -0.5595 0.22991 0.22114 0.47647 1.1241 0.16947
-0.55773 0.91867 0.58197 1.6903 0.168 0.79273 0.36759 1.3097 -0.42042 -0.53815 -0.90958 -0.67869 -1.4209 0.1565 -0.21061 -0.091199 0.099678 -0.3642 -0.38644 0.5544 0.94622 0.090753 -0.80963 -0.77248 0.021285 0.20676 -0.25373 -0.15345 -0.0040517 -0.30839 0.29774 -0.30333 -0.62426 -1.3937 0.43302 1.0158 0.59304 1.0628 0.073028
-0.60633 1.0877 0.42214 1.7165 0.13129 0.10635 -0.25041 1.1883 0.24506 0.94619 0.6995 -0.041086 -1.3188 -0.014371 -0.1361 0.057661 -0.16743 -0.32717 -0.29951 -0.37073 -0.11549 0.27885 0.18758 -0.16716 0.21351 0.093743 -0.22273 0.097139 -0.19504 -0.33435 0.48484 -0.37537 -0.31098 -1.6309 -0.25769 1.2696 1.1463 0.69012 -0.10556
-1.0006 0.9003 0.50685 1.6306 0.1576 0.88211 0.41366 0.58588 0.76599 0.4802 -0.32367 0.40622 -1.2516 -0.10875 -0.058905 0.15637 -0.11904 -0.015341 -0.67034 -0.60868 -1.1879 0.46035 0.92808 0.39695 0.58824 0.10846 -0.10648 0.17928 -0.33848 -0.25727 0.4939 0.2269 0.073856 -1.1256 -0.87094 0.75871 0.92349 0.31753 -0.19893
-0.65319 0.857 0.36552 1.154 -0.14827 0.13298 -0.13031 1.4152 1.018 0.23612 -0.27428 0.59813 -1.2002 -0.16882 0.013817 -0.44283 -0.2063 0.35171 -0.51578 0.33179 -1.3656 -0.52544 1.0325 1.0285 0.61503 -0.0095154 0.02639 0.086764 -0.48783 -0.08812 0.37783 0.68803 0.48476 0.27283 -1.2563 -0.12057 0.42346 -0.15128 -0.17702
-0.86963 0.9005 0.33349 1.3473 0.14675 0.07272 -0.77428 -0.1382 -0.12599 1.5003 0.70924 -0.013161 -1.3769 0.043993 0.025094 -0.48629 -0.39577 0.26093 0.14614 0.35124 -0.61242 -1.2728 0.26891 0.44203 0.36171 -0.089242 0.015315 -0.045946 -0.24561 0.094666 0.11478 1.209 0.35713 1.0672 -0.98534 -0.65917 -0.11929 -0.74677 -0.16983
-0.85263 1.0036 0.28776 1.6752 0.75702 -0.28161 -0.076451 -0.67032 0.022033 1.1595 0.68244 0.44487 -1.2961 -0.038281 -0.025043 -0.5527 -0.21182 0.27077 0.58043 0.14072 0.11243 -1.4064 0.27835 0.63675 0.0069678 -0.11713 0.090628 -0.11143 0.27833 0.035366 -0.25439 0.79905 -0.14746 1.39 0.40499 -0.66621 -0.74122 -0.56843 0.001262
-0.74484 1 0.050007 1.4371 0.5601 0.31263 1.401 0.17101 -1.0164 0.89219 0.72313 0.24209 -1.4079 -0.14174 -0.1125 -0.25596 0.059877 0.24337 1.0456 0.21634 0.122 -1.0983 0.00059481 0.34918 -0.52117 -0.13501 0.078763 -0.14411 0.3442 -0.035634 -0.44157 0.029828 -0.42348 0.99493 1.2731 -0.18811 -0.92724 -0.40591 0.11245
-0.62489 1.0171 0.0086304 0.94881 0.15861 0.91133 -0.12941 0.99047 -0.74094 0.85762 0.52279 0.77856 -1.338 0.093601 -0.10197 -0.020678 -0.3744 -0.148 0.5306 0.093148 0.93928 0.22453 -0.15185 -0.39493 -0.02945 0.012073 0.086107 -0.060693 0.40807 -0.019715 -0.40287 -0.44342 -0.58047 0.30592 1.4049 -0.2073 -0.83932 0.083738 0.15852
-1.1276 0.71886 -0.0035172 1.3521 0.43523 1.4204 0.011289 0.99135 -0.53252 0.78 0.3541 0.23566 -1.3543 0.12598 -0.1767 -0.088686 -0.39417 -0.40666 0.22636 -0.49755 0.88361 0.51989 0.11154 -0.87876 -0.40751 0.037216 0.14527 0.1423 0.1807 0.058158 -0.20746 -0.85543 -0.2635 -0.3963 0.79909 -0.086663 -0.38969 0.39608 0.11889
-0.81479 0.78162 0.28192 1.5062 0.41602 0.88462 -0.14286 0.35237 -0.62094 0.81232 0.67754 -0.57366 -1.438 -0.010829 -0.091089 0.14973 -0.033234 -0.20499 0.15893 -0.69712 0.31115 0.66173 -0.18757 -0.41257 0.061949 0.067527 0.18536 0.34767 -0.045031 0.16353 0.022234 -0.70755 0.1501 -1.0199 -0.13829 -0.061905 0.11126 0.47601 0.023114
-0.5902 0.96836 0.30394 0.80442 0.075198 -0.034358 -0.050542 0.72327 0.56864 1.4813 0.069238 0.63872 -1.2755 0.17962 0.12972 0.0089647 -0.0062359 -0.14425 -0.37139 0.067221 -0.33985 0.32436 -0.15328 -0.41878 0.11856 0.039467 0.18056 0.40728 -0.19962 0.033325 0.11657 -0.38895 0.54464 -0.84083 -0.48659 -0.14149 0.24113 0.70665 -0.0022018
-0.65553 0.8008 -0.12509 1.1911 0.060719 0.40277 -0.21759 0.88376 -0.06874 0.98341 -0.62808 -0.063457 -1.2817 0.409 0.34235 -0.15219 -0.25699 -0.24315 -0.49637 0.11534 -0.42866 0.051215 -0.14219 -0.41401 0.53975 0.047456 0.13199 0.24389 -0.28017 -0.045804 0.080205 -0.049551 0.4732 -0.49677 -0.67569 -0.033908 0.16612 0.1352 -0.058044
-0.91935 0.90591 0.23891 1.4006 0.27417 1.4488 -0.08213 0.93934 -0.54779 0.22032 0.7852 0.80065 -1.3485 0.24955 0.30566 -0.31681 -0.22658 -0.16581 -0.17508 0.21052 -0.38046 -0.15647 -0.19137 -0.41107 0.6094 0.039965 -0.049241 0.033092 -0.13972 0.056211 0.1054 0.30497 0.086221 -0.20332 -0.51906 -0.065286 0.24761 -0.16999 -0.066267
-0.4808 1.1108 -0.024504 1.0135 0.052522 0.32717 0.11567 0.20296 -0.29196 0.88317 -0.14145 0.46303 -1.3206 0.19915 0.24168 -0.22092 -0.022723 -0.044027 -0.032599 0.19892 -0.6384 -0.46527 -0.23588 -0.097355 0.022844 -0.036616 -0.13134 -0.08095 -0.012742 0.17617 0.136 0.28593 0.039586 -0.16979 -0.33426 -0.058465 0.24445 -0.41829 -0.06872
