39 301
-0.98129 0.97787 0.79534 0.94498 -0.58667 0.70974 0.045662 -1.247 -0.25665 -0.5914 2.0235 1.1515 -1.2019 0.15503 -0.088021 -0.07605 0.24922 0.9058 -1.2334 0.017481 1.2663 0.19471 1.5054 -1.4042 -1.4879 0.17015 -0.12166 -0.062397 0.033618 -0.033444 0.066384 0.27314 -0.17854 0.5071 0.081073 -0.5135 0.11409 0.27282 -0.014729
-0.79538 1.0523 1.3111 1.2738 0.15722 -0.12034 1.2361 0.66792 -1.449 0.59409 0.98371 0.73863 -1.2314 0.15001 -0.18354 0.14463 0.30341 0.75937 -1.283 0.1474 2.0702 0.8893 1.1759 -1.3886 -1.4615 0.16168 -0.23056 -0.033248 -0.20795 -0.18425 -0.053533 0.65625 -0.2695 -0.031793 -0.27028 -0.90411 0.25424 0.73521 -0.036447
-0.77063 1.0286 0.1825 0.42826 -0.05198 -0.40509 0.34096 0.4907 0.10672 0.97035 0.099371 -1.1048 -0.94003 -0.061542 -0.14351 -0.12389 0.1553 1.0917 -0.65235 -0.41593 1.8942 0.0098566 0.55288 -1.1663 -0.87755 0.14416 -0.25988 0.034276 -0.53009 -0.26958 -0.40626 1.0641 -0.60531 -0.88179 -0.4591 -1.3747 0.69124 1.1523 -0.067128
-0.92016 0.75096 0.87278 1.6412 0.46275 -0.80739 -0.50267 -0.20974 0.28695 1.3447 0.55122 -0.38888 -1.0654 -0.14735 -0.1135 -0.42832 -0.059266 0.67407 -0.21147 -0.32468 0.8511 -0.3011 0.035415 -0.99196 -0.17871 0.11558 0.012142 0.15801 -0.57646 -0.17703 -0.79605 1.0475 -0.35621 -1.5014 -0.52392 -1.5761 0.77549 1.3529 -0.14023
-0.83721 0.76453 1.2112 1.2118 -0.075613 -0.54564 0.6244 2.0962 1.0668 0.23669 0.57876 -0.19541 -1.0938 -0.15854 -0.06039 -0.75076 -0.088185 0.070052 0.34844 -1.0083 -0.0094424 -0.20175 -0.86925 -0.18115 0.37876 0.072888 0.45075 0.23986 -0.3375 -0.26474 -1.1068 0.58341 0.18555 -1.0913 0.22486 -1.0683 0.49829 0.68421 -0.10175
-1.1379 0.94806 0.41344 0.93732 0.96094 0.42557 -0.60355 1.0411 -1.7067 -0.14042 0.54784 0.54315 -1.0737 0.21481 0.049879 -0.58733 0.08352 -0.42555 0.3013 -0.29679 -0.16373 -0.13503 -1.4853 -0.28817 0.84836 -0.048683 0.72482 0.13485 0.029097 -0.21758 -0.74205 -0.15465 0.3111 -0.50825 0.17784 -0.3749 0.46325 0.13384 -0.04935
-0.97777 0.91929 0.21743 0.8154 0.11995 -0.056804 0.52166 -0.11611 -1.029 0.24474 -0.048748 0.58507 -1.0504 0.54531 0.19024 -0.65584 -0.42558 -0.70574 0.25992 -0.03618 0.076688 0.39647 -0.98135 -0.48981 0.11404 0.046447 0.59761 -0.042714 0.47385 -0.25063 -0.40988 -0.39352 0.68758 -0.1289 0.36226 0.64818 0.39651 -0.081313 0.023124
-0.85062 0.94317 -0.0096903 1.1057 0.018181 -0.069185 -0.90781 0.66508 -0.44852 -0.33802 0.64782 0.095157 -1.0247 0.77081 -0.0035827 -0.42149 -0.3098 -0.52052 -0.45542 -0.15422 -0.29316 -0.23103 -0.73159 0.11935 0.27941 0.039053 -0.14619 -0.21912 0.62822 -0.086208 0.33269 -0.22609 0.26837 0.029146 0.14728 1.0398 0.89106 0.13559 0.010059
-0.40567 0.93971 -0.035752 1.0812 -0.57587 -0.46214 0.046507 0.3129 1.0106 -1.1921 -0.42488 0.10635 -1.0649 0.60975 -0.10313 0.028276 -0.374 -0.76846 -0.03292 0.36502 -0.2497 0.60945 0.10207 0.43612 0.52796 0.063877 -0.98554 -0.22284 0.78427 -0.042197 1.0686 0.033601 0.24967 -0.13994 -0.44054 0.65862 1.103 0.61973 0.0061889
-0.38113 0.99032 0.57617 0.9215 -0.15156 -0.18463 -0.080627 1.3048 0.70545 0.20274 0.078474 -0.2108 -1.0171 -0.079638 -0.17562 0.2129 -0.11007 0.27687 0.018503 0.069663 0.026207 0.062365 0.15239 1.0773 0.97091 -0.045004 -1.1415 -0.022058 0.29823 -0.23501 1.2276 0.41745 -0.13494 -0.067961 -0.62137 0.33711 0.49967 0.25935 0.083063
-0.22919 0.71993 0.36671 0.59099 -0.028926 -0.95154 0.1276 1.1589 -1.7023 -1.1178 1.2363 1.049 -1.0559 -0.7683 -0.10231 0.45264 -0.60902 1.1097 0.10635 0.37979 -0.41115 -0.70222 -0.053012 1.2914 1.1352 0.094215 -0.67327 0.15808 -0.33924 0.0051937 0.89649 0.25269 -0.40292 -0.48977 -0.50918 -0.40688 -0.37532 -0.23568 0.083906
-0.76214 0.86862 0.15912 0.49028 -0.25876 0.97583 0.14108 -0.54444 -0.40711 0.83788 0.7906 1.4474 -0.95815 -0.5533 -0.038014 -0.090636 -0.64489 1.0879 0.31601 -0.43879 -0.38951 -0.91353 0.033959 0.72287 0.57049 0.1618 0.11194 0.29485 -0.38072 0.47084 0.0092436 0.40683 -0.24576 -0.5985 0.36777 -0.26517 -1.2473 -1.1701 0.02089
-1.2283 0.70943 0.3646 1.2051 0.63813 -0.57001 -0.052339 0.49676 -0.034219 -0.2018 1.6095 1.4244 -1.1747 -0.34291 0.10316 -0.43457 -0.099472 0.67929 0.33416 -0.21889 -1.1042 -0.0012444 -0.72964 -0.13783 0.26212 0.099839 0.53296 0.086989 -0.16252 0.96018 -0.23854 0.32282 -0.1501 0.077575 0.59871 0.00626 -1.6053 -2.0257 -0.18335
-1.4706 0.94216 0.71516 0.086647 1.2674 -0.1843 -0.12789 0.27909 -0.82448 -1.3047 1.8281 1.0688 -0.80342 -0.10045 0.23144 -0.033425 0.53345 0.48494 0.72471 -0.14017 -0.91787 0.48684 -0.099491 -0.73553 -1.061 -0.0168 0.2099 -0.10179 0.37429 0.75715 -0.27521 0.32545 0.37489 0.64548 0.37194 0.43211 -1.4048 -1.8366 -0.27424
-0.27871 0.901 -0.31482 0.28847 0.23911 0.038567 -0.75183 0.38549 -0.40037 -0.39373 -0.18102 0.33032 -0.88121 -0.062173 -0.083926 0.13034 0.63663 0.88448 0.55628 -0.078434 -0.018579 -0.13404 -0.00043154 -1.236 -2.3507 -0.13663 -0.072996 -0.21997 0.70689 0.54451 -0.42489 -0.27649 0.34744 1.1638 0.15542 1.0083 -0.72997 -0.69864 -0.30189
-0.68913 1.036 -0.00024208 1.0928 0.40503 0.20718 0.15619 -0.86853 -0.035148 -1.166 0.33618 0.93984 -1.0075 -0.32946 -0.11531 0.30807 0.43332 0.38168 0.86443 0.28101 0.38803 -0.063241 0.55898 -1.5763 -2.0197 -0.19638 -0.35531 -0.20479 0.69173 -0.049087 -0.48404 -0.99931 0.32121 0.95988 0.22377 0.82912 0.41911 0.82545 -0.1348
-0.76221 0.97638 0.62182 1.4668 0.5539 0.82102 0.07291 -0.5897 -0.84317 0.083911 0.49199 -0.52079 -1.1482 -0.36187 -0.097109 0.67984 0.98989 -0.18655 -0.26439 0.30309 0.65105 0.59509 1.0536 -1.1911 -0.71665 -0.33433 -0.11737 -0.03201 0.4624 -0.48153 -0.79165 -1.5016 -0.1817 0.50091 0.34357 0.71842 0.84924 1.7357 0.032348
-1.4365 0.4988 0.46195 1.1377 1.7001 1.0369 -0.18835 0.55176 -0.41391 0.62332 -0.70211 -2.2328 -1.1457 -0.58073 -0.10956 0.94946 0.26006 -0.021036 -0.82043 0.34673 0.72756 0.58959 1.1057 0.10905 -0.070264 -0.15461 0.26095 -0.45376 -0.3815 -0.91327 -0.26129 -1.4946 -0.73481 -0.47565 0.56051 0.19888 1.051 2.1848 0.6541
-1.6443 0.76035 0.79722 0.90367 0.95024 0.10343 0.29853 1.5296 -0.29874 -0.37961 -0.40458 -0.4057 -1.2004 -0.14806 -0.1379 0.65081 -0.20113 -0.60066 -1.5483 -0.48637 0.82858 0.26282 1.2235 -0.33546 0.43289 -0.1068 0.58666 -0.90216 -1.4157 -1.4568 0.31355 -0.64645 -0.8295 -1.7905 0.68168 -0.13694 1.1046 1.8761 1.5455
-0.92032 1.0297 1.1073 1.4533 0.038979 -1.0617 -0.082567 0.51484 0.44011 0.45668 -0.31376 1.0776 -1.1299 0.017655 -0.86974 -0.36878 -0.72184 0.014321 -1.4267 -0.85715 -0.73352 1.2896 0.86869 0.15013 2.1263 0.80957 1.2798 -1.2606 -1.8917 -1.5231 0.18518 0.32018 -0.28263 -2.1504 0.26568 -0.47036 0.79004 0.54645 2.0419
-0.80928 0.76851 0.69199 0.71668 0.32786 -0.56977 0.052308 0.39815 0.29619 1.1621 0.7479 0.037498 -1.0517 0.36595 -1.2613 -1.2306 -1.31 0.4267 -1.2202 -0.82606 -2.4109 1.6907 0.85404 1.0518 2.2443 1.8359 1.8051 -1.3772 -1.7413 -1.5173 -0.21367 1.1635 0.81343 -1.2316 -0.68411 -1.1829 0.65186 -0.99938 2.098
-1.078 0.73566 0.96989 1.1401 0.037497 -1.3465 -0.85267 0.35023 -0.55189 0.91591 -0.73597 0.37327 -1.2625 1.4088 -1.7073 -1.5437 -2.1034 -0.17296 -0.33541 -0.069764 -2.2006 0.43249 0.26472 1.0381 0.23397 2.3798 2.4276 -0.80771 -1.0503 -0.71197 -1.0251 1.2907 1.4764 0.99301 -1.7836 -1.678 0.006988 -1.9404 1.2758
-1.248 -0.8211 -0.40123 0.24465 1.9106 -0.29754 -1.1494 -1.6717 1.6751 1.3308 0.41671 2.1101 0.30511 2.3269 -2.0785 -1.9224 -2.4171 -0.98159 0.21968 0.82797 -1.0573 -0.78098 -1.0124 0.56175 -0.7235 2.7103 2.3576 -0.17347 -0.62609 0.41489 -1.0343 0.96723 1.3996 2.4283 -1.8267 -2.0325 -0.3887 -1.6951 0.14922
-1.0285 -0.72137 -1.0623 -0.65785 1.8474 -1.111 -0.64993 -2.5664 2.0445 1.2533 1.1427 1.0921 1.1234 3.3029 -1.8433 -1.9288 -1.5337 -1.4575 0.41819 1.4117 0.63952 -1.2961 -1.7868 0.42275 -0.50886 2.5611 1.2076 0.69907 -0.19884 1.7761 -0.070494 0.36713 0.48194 2.8819 -1.1049 -1.5754 -0.53149 -0.53052 -1.1477
0.95442 -0.75273 -0.3604 -1.2958 -1.081 -0.65708 0.94387 -0.56797 -0.95395 -0.3548 0.95646 -0.62082 1.0296 3.5615 -1.4871 -2.1736 -0.80363 -1.1263 0.32924 1.3682 1.2315 -1.3586 -2.4612 0.58106 -0.97771 1.9969 -0.61629 0.99392 0.13418 2.4909 1.466 0.45214 -0.76767 2.2195 0.24627 -0.29117 -0.60189 0.16205 -1.9781
1.8179 -1.3783 -1.2068 -0.93343 -1.3863 -0.6507 0.96199 -0.17937 -1.1962 -0.87393 0.10445 -0.27713 1.4526 2.9108 -0.79955 -1.7778 0.48635 -0.27498 0.35155 0.67422 2.6695 -1.65 -2.3818 -0.040883 -0.73679 0.75832 -2.5204 0.84937 0.15749 2.0352 2.8397 0.60442 -2.175 0.73565 1.6976 0.97 -0.68058 0.42416 -2.0436
2.1043 -1.3109 -1.5759 -0.12854 -0.34805 -0.076988 1.0476 1.8297 -1.0541 -1.035 0.88823 0.28458 1.3998 1.4337 -0.89103 -1.7528 1.3373 1.4747 1.1625 -0.40499 2.5517 -0.088639 -1.3603 -0.41912 -0.22332 0.2057 -3.1001 0.78303 0.52814 1.1264 2.8087 0.84199 -2.5201 -0.36329 2.4696 1.7609 -0.92849 0.78142 -1.6652
1.7533 -1.5155 -2.3727 0.051061 0.5982 -0.99189 -0.04079 -0.022679 -0.43605 -2.2506 0.52134 -0.048801 1.4096 -0.072181 -0.68002 -1.8518 1.2881 3.1698 1.2117 -2.2493 1.489 1.6851 -0.30604 -0.45014 0.061829 -0.061947 -2.5511 0.5948 0.72667 -0.058744 1.3275 0.65997 -1.6738 -1.4706 2.6128 1.6434 -0.82961 0.62041 -0.92202
1.4306 -1.6106 -2.5388 0.27025 2.0164 0.13037 -0.19869 1.7741 -0.016829 -1.3826 0.72369 0.98652 1.3259 -0.40578 -0.19937 -1.176 0.94839 3.0141 1.5783 -2.44 1.0248 2.2394 0.21061 -1.0923 0.33642 -0.46096 -1.2195 0.77675 1.4231 -0.64701 -0.72186 0.25129 0.25542 -1.1126 1.2861 0.96801 -0.87561 0.32949 -0.57667
1.098 -1.7806 -2.5898 0.38575 1.8041 0.83516 -0.3745 1.5 0.97613 -0.60606 0.20452 -0.54424 1.304 -0.66254 -0.12087 -0.74508 0.56558 1.7122 1.4635 -1.8067 0.31184 2.7575 0.29313 -1.3808 0.35175 -0.49853 -0.027791 0.92222 1.8459 -0.65587 -2.5167 -0.20177 1.8293 -0.51821 -0.61562 0.03715 -0.76343 0.34183 -0.43459
1.5389 -1.6651 -2.6754 0.01908 1.7543 0.74096 -2.3503 1.6583 0.68425 -1.0753 -0.077453 -0.55801 1.0467 -0.42151 0.16612 0.27971 0.45749 0.66331 1.5497 -0.086359 0.77063 2.1121 0.36707 -1.724 0.37673 -0.5724 0.22959 1.0569 1.5878 -0.4722 -2.8306 -1.0151 2.2395 -0.23901 -1.6266 -0.36817 0.15982 0.44409 -0.39369
1.73 -1.4313 -2.6661 0.5738 2.2788 1.4016 -1.653 1.7267 1.7385 -0.90356 -1.5678 1.1533 0.9153 -0.11826 0.72359 0.7739 0.27547 -0.95839 0.84471 0.40846 0.494 0.4227 -0.33286 -1.676 0.81314 -0.75834 -0.13417 1.2166 1.3747 -0.29863 -2.2866 -1.4134 1.985 -0.037362 -1.929 -0.14241 1.2526 -0.040368 -0.55063
0.96692 -1.5789 -2.7746 0.63631 1.7319 1.096 -0.8538 1.4229 2.8848 -1.3602 -0.50257 0.73424 0.94844 -0.27906 1.1959 0.94944 0.18691 -1.6125 -0.099083 1.1455 0.3976 -0.079283 -0.28519 -0.60579 1.0963 -1.0128 -0.67892 1.1633 1.088 -0.50063 -1.3691 -1.512 0.72719 -0.41286 -1.4473 0.4587 1.888 -1.0855 -0.69978
1.1418 -1.3439 -1.6684 0.5798 1.8447 1.3239 0.65464 1.8726 1.6797 -1.3266 -1.869 0.34298 0.78704 -0.97485 1.4557 1.418 0.12652 -1.9711 -0.48507 1.7378 0.3855 -0.27899 0.2896 0.62485 -0.055579 -1.2299 -0.85856 0.98192 1.1704 -0.41028 -0.12962 -1.1143 -0.19105 -0.64025 -0.81474 1.3393 1.5205 -1.5946 -0.71347
1.3941 -0.57392 -1.6524 0.44366 0.27759 1.3943 -0.53694 2.7284 -0.36533 -1.5248 -1.4462 1.6833 0.37274 -1.1926 1.8001 1.9349 -0.42898 -1.7276 -0.75283 0.77648 -0.076091 -0.6401 1.0019 0.98467 -1.4761 -1.5447 -0.83246 0.64996 1.3192 -0.093955 0.54625 -0.84775 -1.1859 -1.1159 -0.61924 1.2687 0.92301 -1.1634 -0.47781
0.92112 -0.29339 -1.8007 0.45015 0.030593 0.20561 0.0046755 1.6488 1.5243 -0.77681 -0.14389 0.55381 0.01829 -1.1769 2.1103 2.408 -0.20462 -1.1991 -1.0109 0.19834 -0.64742 -1.0484 1.8385 0.63926 -1.2786 -1.724 -0.50255 0.12813 1.0654 0.4355 0.94566 -0.62058 -1.1284 -1.5051 -0.72815 0.4225 0.10458 0.029144 -0.032314
0.29157 -0.026737 -0.92589 0.40672 0.18636 0.43047 0.010169 2.1591 1.3314 -0.43747 0.60882 -0.60602 -0.32269 -1.6476 1.9878 2.8514 0.16985 -0.87955 -1.4925 -0.56197 -1.4626 -1.0284 1.6055 1.2805 -0.74611 -1.5922 -0.097983 -0.43895 0.55909 0.97996 1.0871 0.068407 -0.62324 -1.1422 -0.96689 -0.64308 -0.22295 1.2872 0.48388
0.24191 0.56277 -0.16458 0.013286 0.80284 0.66268 -0.41138 1.1726 1.5094 0.5503 -0.77851 -1.1805 -0.69344 -1.6365 1.5856 2.8959 0.65777 -0.43874 -1.3231 0.050155 -2.1147 -1.6513 0.85703 0.70331 -0.31916 -1.2666 0.36536 -0.98016 -0.72834 0.98179 0.90236 0.67655 0.042749 -0.56839 -0.83028 -1.2854 -0.66391 1.428 0.78325
-0.050952 0.9292 0.57619 0.6725 0.30204 -0.22442 0.090535 0.67646 0.28243 1.1397 -0.56214 -0.22344 -0.86038 -1.1403 1.3131 2.7077 1.0125 0.14512 -0.44461 -0.44877 -1.7742 -2.4152 0.10039 0.51186 0.84136 -0.94631 0.64338 -1.5684 -2.0319 0.23755 0.66573 1.1344 0.77265 0.30232 0.070417 -1.0194 -0.71938 0.71527 1.1577
-0.44836 1.1 1.7446 0.89167 -0.0055425 -0.81567 -0.76729 0.19158 -0.85671 0.050014 0.50324 0.59005 -0.94959 -0.79288 0.76949 1.1587 1.2502 0.15409 -0.18232 0.2365 -1.7191 -2.1396 -0.16446 -0.31544 1.0267 -0.70519 0.55403 -1.9572 -3.0438 -1.1299 0.27656 1.1324 0.96116 0.82638 1.6999 0.056964 -0.02899 -0.52015 1.5795
-0.34009 1.1544 1.0126 1.2559 -0.51583 -0.42693 0.06323 -0.45746 -1.8101 -0.67177 0.0046831 0.83882 -1.0266 -0.9426 -0.2918 0.031523 0.32543 0.19344 0.19333 0.96751 -1.0603 -0.64456 -0.074642 0.33785 0.15263 0.11267 0.26478 -1.7415 -2.9494 -1.732 -0.13423 0.54046 1.0936 1.2407 2.5311 0.89288 0.33938 -1.7171 1.4414
-0.35114 1.204 1.4396 1.4236 1.0457 0.34429 -0.82234 -0.17742 -0.53438 -0.20737 0.90635 0.7795 -1.0879 -0.76576 -0.96675 -1.2921 -1.164 0.090471 0.61021 1.3593 -0.77158 1.0844 1.038 0.74461 -1.0504 0.91468 0.11108 -0.83951 -1.3946 -1.3666 -0.086205 0.05624 0.14076 1.4714 1.6528 0.55201 0.72151 -1.4254 0.85909
-0.5536 0.91344 0.063353 1.5314 0.59081 0.32032 0.78748 -0.33852 -0.98759 0.32866 -1.4318 -0.092879 -1.2414 -0.69306 -0.80345 -1.4215 -1.098 -0.13107 0.243 1.2844 0.32174 1.3697 1.3666 0.68651 -1.7605 0.71715 -0.090004 0.39908 0.13348 -0.34622 0.029513 -0.32742 -0.37016 1.0949 -0.4411 -0.76004 0.20928 -0.47058 -0.1348
-1.0451 -0.01246 0.32568 -0.13837 0.62482 0.29034 1.1348 -0.34476 0.92301 1.0338 0.36238 -1.0185 -0.19309 -0.72728 -0.41145 -0.64597 -0.6563 0.10905 -0.079087 0.37799 0.6438 0.37377 0.25897 0.9933 -1.0321 0.46474 -0.055406 1.0788 1.496 0.7602 0.54213 -0.27187 -0.83458 0.75057 -1.5299 -1.774 -0.25151 0.9121 -0.90545
-0.87309 -0.067904 -0.64829 -0.80972 -0.30849 0.018238 1.3765 -0.68344 1.0272 2.4829 1.5926 -1.0909 0.31659 -1.1252 0.11921 -0.047703 -0.59386 0.21949 -0.091253 0.68859 0.49568 -1.2424 -1.3255 0.65316 -0.82594 0.10096 0.50092 0.71188 1.5436 0.82353 0.54135 0.69947 -0.88883 -0.16972 -1.413 -1.793 -1.0194 1.4102 -0.80015
-1.0301 0.8081 0.48869 0.83089 -0.22575 -0.61554 0.34681 1.1409 -0.44593 0.59694 1.0813 -1.2869 -0.88076 -0.6522 0.42699 0.73912 0.035955 1.0254 0.25776 -0.084549 0.6824 -0.88894 -1.4082 0.26232 0.47573 -0.33892 1.1268 -0.16603 0.93337 0.1267 0.30328 1.1935 -0.60619 -0.40468 -0.2764 -0.48087 -1.7206 1.2455 -0.20613
-1.0071 0.96958 0.63367 1.2663 0.84376 0.13461 -0.12829 0.23456 -1.7865 -1.3268 1.004 0.33773 -0.86505 0.14558 0.0027457 0.69054 0.12914 0.51934 1.4723 -0.33963 -0.088222 -1.0286 -1.6324 -1.0113 0.54642 -0.26165 1.6685 -1.5046 -0.49804 -0.85515 -0.48701 1.2625 -0.042642 -0.66914 1.398 1.1945 -1.7775 0.93609 1.1473
-1.9519 1.1141 0.90013 0.22428 1.5726 0.56617 1.4717 0.073263 -2.0921 -1.8843 0.42555 -1.1903 -0.92998 0.61455 -0.63431 0.68134 -0.77813 0.56852 1.5121 -0.37155 0.051934 -0.33449 -0.63558 -1.6659 0.98956 0.28674 1.736 -2.0324 -1.5769 -1.6244 -1.4275 0.6293 0.59669 -0.46697 1.8671 1.6151 -1.3236 0.19446 2.0402
-1.0038 0.61585 0.65413 0.67598 1.4451 0.60673 0.90073 0.61816 0.13569 0.43394 -0.74686 0.54574 -0.94968 1.1716 -1.9283 -0.92181 -1.8263 -0.59978 1.7907 0.74811 -0.62798 1.4564 0.79581 -1.9901 0.96203 1.7558 1.291 -1.6394 -1.8302 -1.3415 -1.2415 -0.4427 0.63416 0.041375 1.8136 0.7716 -0.39217 -0.31486 2.1053
-0.40311 -0.56803 0.62835 -0.68094 -0.18913 2.4943 0.39046 -1.0215 -0.04378 -0.38189 -0.10443 -0.99093 0.20988 1.8838 -2.0913 -1.3168 -2.0981 -1.4348 1.3578 0.6259 -0.062272 1.847 0.77799 -1.9312 0.72358 2.1553 0.092681 -0.52063 -1.2894 -0.50949 -0.32789 -1.0223 0.5462 0.097125 0.68533 -1.2681 0.025469 -1.2369 1.36
-0.25278 -0.22712 0.54226 -0.98896 0.51021 0.85913 0.25236 0.77572 -0.57401 1.1576 -0.70522 0.73719 0.12384 1.7771 -2.0781 -1.6326 -1.781 -1.1088 0.69269 0.49439 0.02129 1.7447 -0.72904 -1.6641 0.043682 2.4189 -1.063 0.85121 0.060506 0.5629 1.3471 -1.522 0.21585 0.56299 -0.29012 -2.4186 0.16 -1.4113 -0.051775
-0.06934 -1.4589 -1.1378 -0.63036 -0.48649 1.8994 1.9963 -0.21489 1.028 0.23365 -1.981 0.41642 1.168 0.46978 -1.449 -1.3034 -1.7786 0.10896 0.060296 0.90394 -0.10328 0.97481 -2.5918 -1.7637 -1.1628 2.2886 -1.832 1.3657 1.0852 0.87533 1.9105 -1.261 0.10645 -0.028755 -0.57088 -2.1663 0.49306 -1.256 -0.64398
0.66992 -0.96581 -0.50453 -1.3637 -0.053075 1.9179 1.0305 0.26676 0.13276 -1.2258 -1.6556 0.73101 1.1684 0.0034318 -0.78491 -0.81722 -0.9115 1.4265 -0.54779 1.0662 0.53975 1.2618 -2.6796 -1.7345 -1.08 1.5952 -1.6303 1.6839 1.9678 0.81454 1.6165 -0.8777 -0.2889 -0.19755 -0.65384 -0.52473 0.98172 -0.43221 -1.1498
-0.17665 -1.4415 -0.87724 -1.6181 0.6792 1.2879 1.8728 0.1163 1.1064 -2.5819 -2.0112 -1.7028 1.5919 -0.4573 -0.39041 0.24762 -0.86045 1.277 -0.49393 0.56811 -0.41629 0.85792 -2.8715 -0.87824 -1.367 1.455 -0.79059 1.2037 1.6566 0.91539 0.60342 -0.3346 -0.4865 -0.47354 -0.48112 1.3067 1.1284 0.46437 -1.1906
-0.6674 -1.2806 -0.50154 -1.7553 1.2661 1.1638 1.5154 -0.16887 1.1149 -3.0484 -3.0439 -1.4672 1.805 -0.63254 0.28606 1.1669 -0.68405 1.6701 -0.74564 0.062837 -0.27128 0.3954 -1.7302 -0.09373 -0.7414 0.854 -0.010995 0.66939 0.78446 0.78374 -0.44237 0.33537 -0.46849 -0.70689 -0.82913 2.2802 1.0143 0.89713 -1.0462
-0.083353 -1.349 -0.34047 -1.4642 1.5144 1.3586 1.7844 0.7234 1.3719 -2.5782 -2.3568 -1.1283 1.7535 -0.60812 0.084986 0.71446 -0.14327 1.2259 -0.48419 0.39251 -0.72612 0.36934 -0.32084 -0.27224 -0.29804 0.60719 0.78642 0.071878 -0.55194 0.99771 -0.89263 0.63195 0.064692 -0.14498 -0.88683 2.8693 0.68711 0.70199 -1.0575
-0.56799 -0.93182 0.47003 -1.8343 1.0621 0.44461 1.4059 -0.5958 0.61222 -2.7261 -1.9471 -0.42487 2.0805 0.05445 0.1299 0.37538 0.22705 0.49796 0.12639 0.1786 -0.82346 -0.2761 0.85673 0.041878 0.34685 0.21547 1.3145 -0.49948 -1.4916 1.0581 -1.405 0.74832 0.42386 0.21481 -0.9513 2.6318 0.58942 0.043214 -0.89886
-0.34137 -0.9779 0.2534 -1.5829 1.5284 1.3174 1.9138 -0.41236 1.4182 -2.5939 -1.9167 -0.5966 2.0091 0.57766 -0.18516 -0.3575 0.59066 -0.035146 0.33454 0.65092 -0.47893 -0.71184 1.8969 0.46694 -0.3679 -0.048787 1.4171 -0.61448 -1.5626 0.90415 -1.2921 0.33246 0.48396 0.9967 -1.0926 2.0536 0.86638 -0.66299 -0.83943
-0.27837 -1.2344 -0.22826 -1.6045 1.6819 1.1314 1.8536 -0.81566 0.83755 -2.016 -2.7185 -1.0017 1.8678 1.082 -0.43215 -1.0045 0.9713 -0.67208 0.33917 0.82616 0.02156 -1.1073 2.7188 0.75066 -0.5749 -0.36836 1.0342 -0.4828 -1.1234 0.63982 -1.1645 -0.51646 0.27364 1.3878 -1.0407 1.3932 1.0833 -0.73439 -0.59104
-0.25628 -1.3549 -0.55251 -1.2575 1.3133 1.564 1.9797 -0.86662 0.70279 -1.3357 -2.3245 -1.4646 1.8457 1.366 -0.68461 -1.4319 1.2122 -0.92493 0.082725 1.0871 0.90891 -1.5602 3.079 1.1515 -1.2189 -0.54907 0.62032 0.16756 -0.11432 0.28543 -0.91265 -1.222 -0.53473 1.0899 -0.60972 0.38559 0.99357 0.43075 -0.45955
0.32846 -1.5266 -0.82533 -0.89509 1.1449 1.4639 2.5796 -0.065465 0.022858 0.13005 -1.8315 -1.8473 1.7309 1.4747 -0.44505 -1.1262 1.138 -1.5255 -0.75009 0.53862 1.361 -2.0861 3.1949 1.9196 -0.76238 -0.55549 -0.38428 1.2498 1.0718 -0.051342 -0.35578 -1.6803 -1.4342 0.35182 0.18313 -0.7981 0.64441 1.5955 -0.87169
1.1192 -1.6416 -1.1445 -0.44047 0.32977 1.2723 2.6827 0.59949 -0.2673 1.1704 -0.7027 -1.1282 1.3958 1.4676 0.11265 -0.50283 1.0508 -1.5486 -1.5159 -0.31937 1.1045 -1.5359 2.4497 1.9197 0.68784 -0.75025 -1.9326 2.2391 1.9183 -0.10597 0.55135 -1.3636 -2.1758 -0.59729 1.3433 -1.9173 0.12338 2.1729 -1.4341
0.56417 -1.681 -1.1533 -0.64134 0.38151 0.5154 2.8888 0.52245 -1.1882 0.92275 -0.58311 -2.3978 1.5722 0.35012 1.3178 0.47883 0.95092 -1.1328 -2.1612 -1.4676 0.62776 -0.73893 1.3122 1.6926 1.9295 -1.7714 -3.267 2.5013 2.0306 -0.034685 1.582 -0.194 -2.0581 -1.2292 1.6871 -2.6043 -0.20552 1.5055 -1.7176
1.13 -1.4236 -1.1017 -0.43961 -0.022302 0.27553 2.1028 1.2507 -1.1776 1.7431 0.26209 -1.4148 1.382 -1.4766 2.2802 1.2507 1.1001 0.0082467 -1.8862 -2.4592 -0.012562 0.62555 -0.075959 1.5297 2.1303 -2.4117 -3.3068 1.8723 1.4465 0.035295 1.6716 0.76965 -1.1514 -1.1156 1.5562 -2.3423 -0.32188 0.22148 -1.3202
1.1985 -0.92838 -0.72886 -0.33328 0.039501 -0.80769 1.0235 0.052773 -0.65109 1.1408 -0.71558 0.6007 0.91352 -2.8058 2.7672 1.6861 1.0441 0.98669 -0.93079 -2.6944 -0.69484 0.42694 -1.0966 1.7093 1.7813 -2.6828 -1.983 0.44164 0.41238 -0.13652 1.2305 1.2952 0.23818 -0.56209 1.2553 -1.7832 -0.53024 -1.063 -0.12375
-0.24696 0.64639 0.27179 0.089387 0.1328 -1.0219 0.21207 0.25787 -0.06281 0.74232 0.25819 1.0958 -0.71562 -2.7771 2.6047 1.5219 1.0689 0.87022 -0.59485 -2.1108 -0.6102 1.1953 -1.3443 1.2691 1.2755 -2.5693 -0.085266 -0.99981 -0.56601 -0.43701 0.41699 1.3647 1.6511 0.16582 0.6124 -0.64662 -0.40758 -1.6093 1.0207
-1.4636 0.9781 0.46922 0.63867 1.42 -0.43637 -0.18241 0.32152 0.97583 0.19689 0.86531 0.19504 -0.8781 -2.4933 1.9172 1.0936 0.70243 0.98976 -0.23328 -1.1379 -0.28762 1.6474 -1.8655 0.75613 0.11812 -1.9103 1.662 -2.0781 -1.0136 -0.42524 -0.22009 0.98245 2.0841 0.33214 0.02907 0.20455 -0.84018 -1.2841 1.9709
-1.8055 1.0914 0.52959 0.41901 1.3859 0.42036 -0.15255 -0.44354 -1.2189 -0.4288 2.0177 0.087617 -0.98397 -1.7879 0.99333 0.52052 0.43175 0.85453 0.4759 0.22412 0.097431 1.3129 -1.0912 1.1894 -0.44763 -1.0479 2.3732 -2.2654 -0.91325 -0.32786 -0.69387 0.70204 1.6954 -0.17754 -0.95368 0.66503 -1.1351 -0.73689 2.0745
-1.2785 0.89723 0.25911 0.39593 0.57198 -0.93756 0.47755 0.24182 0.72901 -0.2825 0.4447 -0.56035 -0.76645 -0.38162 0.010568 0.34756 0.54604 0.50651 0.49016 0.50594 -0.38596 0.41947 -0.81644 0.051044 -0.069761 -0.059772 2.0574 -1.7654 -0.65316 0.07143 -1.0402 0.20723 0.97599 -0.37097 -1.0044 1.2971 -0.94932 -0.097549 1.5217
-0.90707 0.80994 0.23318 0.23979 1.0108 -0.61264 0.26547 0.75214 1.643 -1.0451 0.50924 -0.066119 -0.7635 0.33709 -0.32558 0.23787 0.51682 -0.36963 0.44625 0.62156 -0.9681 -0.23901 -0.48488 -0.67715 -0.17063 0.067335 0.92264 -0.8499 -0.31718 0.19034 -1.1506 -0.082324 -0.039904 -0.026795 -0.70072 0.89239 -0.61327 0.18127 0.67818
-1.4402 0.85279 0.34958 0.43659 1.298 0.04125 1.2367 -0.0039674 0.96617 0.08738 1.8088 0.66071 -0.9312 0.058532 -0.44893 0.050218 0.79379 -0.60575 0.20766 0.71166 -0.56792 0.26674 0.55672 -0.231 -0.19045 0.14357 0.0088063 0.060749 -0.1557 0.091921 -1.1356 -0.29364 -0.77472 0.79158 -0.3572 0.52339 -0.15988 0.046435 -0.0054795
-1.2046 0.84071 1.102 1.2784 1.2706 -0.012116 0.1731 -0.74775 -0.16286 -0.77264 0.20236 0.67504 -0.85655 -0.38993 -0.23153 0.094643 0.66934 -1.0285 0.47171 0.043011 0.097737 -0.11857 0.088645 0.094539 0.040115 0.011539 -0.04633 0.45383 -0.042634 -0.17928 -0.46016 -0.47767 -1.2233 1.4862 -0.060016 -0.12479 -0.33724 0.40456 -0.164
-1.2394 0.54548 0.49914 0.99424 0.60101 0.41981 0.63087 -1.5067 -0.30461 -0.75288 0.10397 -0.98001 -0.78759 -0.0076615 0.071619 0.13787 0.64288 -1.5718 -0.085132 -0.82121 0.70813 -0.41468 -0.019864 -0.64712 -0.036668 -0.046196 0.31927 0.54621 0.091719 -0.55667 0.11844 -0.44286 -0.76049 1.2958 -0.045012 -0.2783 -0.41226 0.50812 -0.27766
-1.6318 0.46935 0.16246 1.1135 0.1988 -0.27799 1.2441 -0.0048231 0.60765 1.0557 1.8027 -0.29828 -0.68434 0.28363 0.19674 0.11807 0.24633 -0.87799 -0.33318 -1.1674 1.4789 -0.037306 -0.48885 -1.1427 0.65836 -0.12465 0.55492 0.37998 0.47216 -0.62456 0.85151 -0.14367 -0.06028 0.51514 -0.053319 0.1299 0.014925 0.46068 -0.22067
-1.5189 0.78886 0.42392 0.84359 -0.50047 -0.3407 0.12473 1.4943 1.5914 -1.1826 0.3158 0.2138 -0.8446 0.27837 0.27807 0.20651 -0.062908 -0.45919 -0.247 -0.26979 1.4268 0.11916 0.22742 -0.4388 0.62822 -0.27063 0.41283 0.11628 0.56773 -0.50712 1.2893 0.40397 0.46781 -0.73304 -0.50995 0.055458 0.4686 0.21334 -0.13902
-0.72334 1.108 0.74704 1.1919 -0.26219 -0.46076 -1.0238 1.104 0.11315 -0.82898 -0.48028 0.46519 -0.95761 0.43824 0.32113 0.9192 -0.17588 0.17412 0.2861 -0.3536 0.78518 -0.51018 0.21325 0.034136 0.7338 -0.26056 0.14121 -0.38814 0.17854 -0.24429 0.89539 0.43 0.4015 -1.4701 -0.77676 0.25262 0.94752 -0.39115 0.14776
-1.1871 0.96018 0.82363 1.0006 1.1133 -0.10425 -0.17974 1.0661 0.06472 -0.79634 -0.33831 1.792 -1.0617 0.63626 0.21279 0.76975 -0.11937 0.57908 0.41969 -0.24357 -0.518 -1.2785 -0.28064 -0.26766 0.42173 -0.22217 0.15243 -1.1509 -0.50536 -0.45296 0.15998 0.42257 -0.32333 -1.2955 -0.1976 -0.24928 0.5082 -0.91705 0.79016
-1.0704 0.87086 1.0724 1.1487 0.26683 -0.12386 0.92605 0.35702 -0.010123 0.41366 0.26087 -0.10234 -1.0561 0.34806 -0.43284 0.16212 -0.19578 0.45382 0.19932 -0.33478 -0.6687 -1.0088 0.27388 0.71518 -0.037615 0.10027 0.38066 -1.7194 -1.1484 -1.1291 -0.70573 0.23687 -0.93295 -0.66371 0.68455 -0.31815 -0.11221 -1.2889 1.5311
-0.98247 0.8211 1.505 0.61623 0.3477 0.80524 0.2292 0.16372 -0.43504 0.04398 1.3834 -0.086694 -0.92308 0.58657 -1.3161 -0.33122 -0.92267 -0.29012 0.64756 -0.95074 -0.59971 -0.064487 -0.35937 0.26922 -0.91222 0.90261 0.49632 -1.6817 -1.0367 -1.8454 -0.72768 0.0096161 -1.2493 0.34647 0.99269 -0.69092 -0.86173 -0.59197 1.9363
-0.79767 0.92378 0.79297 1.0788 0.5197 -0.31436 0.034825 0.014816 -0.62068 -0.77752 0.21963 0.97652 -0.98742 1.1277 -1.8611 -0.61427 -1.938 -0.89763 0.65679 -1.9477 -0.60147 0.33457 -0.45001 -0.44953 -1.3222 1.8046 0.41891 -0.89391 -0.65283 -1.8609 -0.3235 -0.53087 -0.52236 0.64161 0.69131 -0.84654 -1.553 -0.0073168 1.7028
-0.94812 0.14198 0.46284 0.70922 0.069489 -0.35174 -1.394 1.0712 0.17771 -0.86457 0.79319 0.40605 -0.6925 1.1145 -1.955 -0.72333 -2.7829 -0.29755 0.227 -2.047 0.14116 0.15989 -1.4124 -1.4273 -0.16552 2.25 0.0096925 0.21031 -0.11216 -1.2516 0.30729 -1.1773 0.88967 0.46925 0.32219 -0.14868 -0.93287 0.65032 0.84983
0.018543 -0.83957 0.4331 -0.23405 -0.16068 1.0731 -1.8564 -0.082556 0.1004 -1.1629 -0.67499 -0.92644 0.36185 0.81599 -1.6435 -0.82591 -2.83 -0.24734 -0.62122 -0.87481 0.27312 0.34523 -1.0236 -1.5866 -0.38768 2.3495 -0.19294 1.3486 0.38451 -0.0093967 0.62657 -1.3881 2.114 -0.070296 0.11318 0.73716 -0.21441 1.2396 -0.3424
-0.018767 -1.1724 0.40786 -1.5758 -0.11828 0.80765 -1.7661 -0.24449 0.46084 -0.42059 -0.53839 -0.65206 1.0898 0.75443 -1.0602 -0.42764 -2.8749 0.0025412 -1.0203 0.38046 -0.08652 0.60777 -0.41553 -1.0491 0.053025 2.0864 -0.4536 2.2972 0.75726 1.5627 0.31417 -1.0667 1.9823 -0.5474 0.11483 1.8385 0.74325 0.78576 -1.7322
-0.1014 -0.88801 0.52571 -1.9372 0.28079 -0.14172 -1.2993 1.0047 -0.53043 -2.2676 -1.3116 0.54337 1.1086 0.96328 0.0094845 -0.062407 -1.9128 0.2396 -1.4426 1.2692 -0.66961 0.34168 0.58856 -1.062 1.2639 1.2928 -0.62777 2.688 0.9208 3.037 0.025199 -0.16709 1.0258 -0.70008 -0.21842 1.4946 1.1053 0.53428 -2.9619
-0.37694 -0.62344 0.10705 -1.6808 0.13693 -0.98283 -0.54079 0.57756 0.10623 -1.3649 -0.65099 -0.28393 1.2167 0.23785 1.1644 0.27155 -0.25355 0.091223 -1.4507 1.0358 -0.57084 0.39623 1.6559 -0.16223 0.73143 -0.20477 -0.9302 2.2046 0.62335 3.712 -0.30433 0.57636 -0.0024402 -0.57306 -0.32651 0.90441 1.2108 -0.18483 -3.321
0.13709 -0.54439 0.16714 -1.9102 0.34708 -1.5904 0.06965 -0.17959 0.86924 -0.9771 -0.93304 1.0465 1.1598 -0.035172 1.8606 0.4981 1.669 -0.26538 -0.71875 0.95019 -0.98855 -0.026427 1.0851 0.23478 0.45696 -1.6024 -1.4393 0.97833 0.3539 3.1458 -0.16525 1.3985 -0.72105 0.21783 -0.37455 -0.14572 1.1518 -0.82767 -2.7587
0.72043 -0.22289 0.60733 -1.5603 0.094338 -0.94358 -0.47565 -0.59023 0.47191 0.65898 -1.3529 1.647 1.0074 -0.38784 1.8012 0.42556 2.4356 -0.40964 -0.22746 0.54012 -1.1643 0.083458 1.2282 0.78212 0.099386 -2.1808 -1.3304 -0.27216 -0.24724 1.8773 0.39989 1.7471 -0.51722 0.79612 -0.44049 -0.80116 0.76618 -0.56501 -1.425
-0.15038 0.59746 0.92577 -0.69503 -0.14456 -0.25757 -1.0405 -0.6907 0.42642 1.3946 -0.65268 -1.082 0.042072 -1.261 1.3737 0.50471 2.7603 0.11698 0.72334 0.01293 0.049883 -0.31294 0.46574 0.82531 -0.15472 -2.4673 -1.2772 -1.5558 -0.87897 0.0093083 1.16 1.35 0.034929 1.1165 -0.09454 -0.82489 0.091724 -0.34096 0.40619
-0.4095 1.1964 0.91414 0.56741 -0.28579 -0.61394 -0.0033789 -0.88321 -0.36217 -1.0993 -0.27288 0.74817 -0.94332 -1.4948 0.94464 -0.17929 2.7909 0.71201 1.2939 0.42702 0.54649 -0.41241 0.23791 1.1166 -0.13449 -2.2273 -0.37117 -2.2161 -1.1718 -1.6304 1.2066 0.39023 0.32773 0.51807 0.30817 -0.72821 -0.67358 0.252 2.1093
-0.63692 0.89914 0.53567 0.54737 0.00018325 -1.314 -0.17102 -0.3984 0.090646 -0.47962 0.0066791 0.76352 -0.9092 -1.7336 -0.37695 -0.79424 1.5063 1.5796 1.2025 1.0851 0.46501 0.0087453 -0.19781 0.26776 -0.11777 -0.88569 0.68617 -1.7579 -0.72987 -2.4655 0.40089 -0.47941 0.011515 -0.43067 0.78833 0.15697 -0.89407 0.34673 2.7423
-1.6115 0.51901 0.7115 0.94328 0.72147 0.18323 -0.50175 0.96203 0.25497 -0.051158 0.12046 -0.13815 -1.0877 -0.80954 -1.1225 -1.0515 -0.060623 1.3626 0.32032 0.69533 -0.31889 0.57026 -0.012955 -0.29783 0.65988 0.65007 1.3745 -0.87256 0.251 -2.5625 -0.7016 -0.77891 -0.79008 -0.45374 0.58217 0.60771 -0.4606 0.15771 2.2903
-0.66817 0.63222 -0.12907 1.0332 1.1839 0.63619 0.68196 -0.071425 0.2743 0.67353 0.25766 1.3221 -1.0385 -0.40151 -0.60541 -0.38315 -0.53536 0.60575 0.28086 -0.091837 -0.4558 0.86923 0.89688 -0.27536 0.23004 0.804 1.9139 0.24047 1.0586 -2.1354 -1.8116 -1.1738 -1.6301 -0.27833 -0.11081 0.80263 0.56622 -0.039387 1.3295
-1.459 -0.73134 -0.15574 -0.11845 1.7459 0.6338 0.77576 -0.55811 0.37623 0.37334 -1.5482 0.075978 0.22152 0.25223 -0.43462 0.07244 -1.0954 -0.29875 0.23423 -0.63307 0.020112 0.39039 0.95285 0.46322 0.068526 0.86086 1.4014 1.0324 1.8031 -1.3415 -1.9748 -1.3629 -1.7519 0.29618 -0.91976 0.14633 1.2583 -0.59778 0.18199
-0.80537 -0.1401 -0.16573 -0.49489 0.58682 -1.1026 -0.40961 -1.692 1.0283 0.022796 -0.57618 0.57253 0.45327 1.0974 -0.30441 0.56771 -2.0659 -1.4149 -1.0545 -1.6576 -0.32311 -0.14883 0.99525 1.054 0.13247 1.2898 1.0253 1.378 1.5732 -0.26135 -1.3617 -1.1751 -1.057 0.47439 -1.2655 -0.82698 1.4692 -0.15633 -0.7355
-1.0242 1.1657 0.92382 0.6683 0.092586 -0.34884 -0.44887 -0.4928 0.73827 0.44288 0.030814 1.2811 -0.87284 0.90137 0.50243 1.7489 -1.8655 -1.7945 -1.6853 -2.1837 0.20199 -0.89656 0.22099 1.614 -0.53333 0.71516 0.0093089 1.2618 0.67751 1.0733 0.013827 -0.074374 0.50375 0.56434 -0.69888 -1.0616 0.45548 -0.17745 -1.4636
-0.5551 -0.093974 0.53137 -0.71374 0.092825 0.081294 -1.1304 1.1867 0.30515 1.5511 1.3131 0.20018 -0.034565 1.0726 1.2945 1.6369 -0.65329 -1.5282 -1.0618 -1.5238 0.41452 -1.2018 -0.51968 2.1553 0.23495 -0.39262 -0.74216 0.66299 -0.88853 2.0634 1.2139 1.276 2.0455 0.058315 0.15871 -1.0506 -0.81261 -0.25773 -1.652
0.022813 -0.20399 0.98435 -1.8514 -0.54514 -1.2909 -2.2731 -0.58337 -0.19948 1.5781 1.1468 0.47727 0.87686 0.27596 0.935 0.76962 0.24951 -0.2396 0.10815 0.35983 0.80137 -0.58708 -0.5701 0.8537 -0.324 -0.81931 -1.0515 0.16858 -2.0241 2.6234 1.57 1.5908 2.8368 -0.31367 1.0211 -0.34607 -1.8884 -0.14169 -1.4248
-0.21578 1.2063 2.2123 -1.0757 -0.35604 -1.9355 -1.5113 -0.53643 -0.94111 -0.12426 1.3081 0.029749 -0.053695 0.09944 0.62084 -0.55478 0.8227 0.32645 0.5846 1.3578 -0.53484 0.024745 -0.86632 -0.20782 -0.48551 -0.78821 -1.2472 -0.39289 -2.1277 2.1557 1.3596 1.2594 2.4102 0.37305 1.1006 0.14692 -2.2147 -0.47267 -0.84788
-0.38827 1.2567 1.3583 -0.051044 -0.16324 -0.68344 -0.99538 -0.35002 -0.46181 -1.0402 1.4805 1.1933 -0.71153 -0.46698 1.1324 -0.82956 2.4144 0.54359 0.64873 2.3189 -0.016129 0.66101 -0.36756 -1.0376 -0.43776 -1.5417 -0.89452 -1.0278 -1.4677 0.47984 0.9441 -0.12165 0.73712 0.41071 0.95594 0.48836 -1.2386 0.078197 0.42152
-0.8747 1.1195 0.44377 0.56721 0.48837 -0.0037853 0.8287 0.59197 1.0356 0.32462 0.27887 -0.015149 -1.0855 -0.75518 0.52545 -1.4259 2.3872 0.90453 1.171 2.547 1.5718 0.51486 -0.33658 -1.397 -0.68207 -1.4941 -0.61377 -1.4223 -0.079047 -1.4138 0.8534 -1.5464 -0.83334 -0.21437 0.45325 0.51454 -0.31396 0.13637 1.8018
-0.50442 1.0333 -0.21794 0.70567 0.30717 0.68217 0.61163 -1.3278 0.38006 0.22888 0.11521 0.13895 -1.0257 -0.87544 -0.77721 -1.4587 0.38279 1.4245 -0.40812 1.3135 0.57564 1.1995 0.17402 -1.0613 -0.019188 0.25348 -0.10861 -1.2621 1.0721 -2.7446 0.67578 -2.2116 -1.9666 -1.5701 0.090754 -0.12148 0.49862 0.54004 2.5548
-0.77064 1.2346 0.32096 1.3844 0.24161 -0.57019 0.9287 1.3016 0.60063 1.5062 0.041348 -0.50469 -1.1295 -0.78114 -0.86125 -0.3823 -0.87018 1.6489 -1.9224 0.12141 -1.3151 0.71313 -0.07256 -0.82217 -0.36361 1.4072 0.023653 -0.10805 1.947 -2.1432 0.16977 -2.1037 -1.9852 -2.2052 0.23585 -0.89551 0.88943 0.978 1.7618
-0.84183 0.83587 0.027769 0.55788 0.55118 -0.2816 0.79442 2.0278 -0.46568 -0.65765 -0.63945 -0.28076 -0.92478 -0.65011 -0.33623 0.59707 -1.2124 1.5619 -2.153 -0.57974 -1.9026 0.745 -0.78482 -0.29604 0.5992 1.3954 0.23715 0.98644 1.6894 -0.51627 -0.72874 -0.12345 -1.0482 -1.5979 -0.30013 -1.3646 0.85306 1.1867 -0.12801
-1.4244 -0.014549 0.33455 -1.0527 1.8422 -2.8658 -0.036226 -1.0532 1.6469 -0.36282 0.4464 1.1218 0.5508 -0.83128 0.12338 1.0834 -0.91971 1.1653 -2.092 -0.65666 -1.8519 1.2352 -1.7851 0.045476 1.1434 0.95921 0.49556 1.058 0.58869 0.85367 -1.533 2.1305 0.13324 -0.085824 -0.45721 -0.26063 1.1074 1.0758 -1.5148
-1.2264 0.45765 0.60382 -0.47109 1.8513 -2.3988 -0.22134 -3.2529 0.85974 -0.42467 -0.2126 -0.21224 0.63911 -0.43821 0.42704 0.87783 -0.58333 0.11168 -0.54997 -0.48632 -2.5443 0.28642 -1.8932 0.25589 1.8092 0.25247 1.4546 -0.087364 -0.65933 1.1016 -2.2264 3.279 0.67217 1.8911 -0.91671 1.3321 0.73749 0.16314 -1.4322
-1.2713 1.2851 1.0206 0.0001459 1.7663 -1.6003 0.52694 -1.5217 1.8793 -0.3397 -0.32378 0.94012 -0.30106 -0.020336 0.57641 0.54782 0.44626 -0.86692 1.4986 0.35888 -1.2088 -0.045197 -0.09893 1.1709 1.3756 -0.6308 2.3932 -1.6107 -1.3833 0.29133 -2.3193 2.8178 0.19273 3.1707 -0.94864 2.3528 0.3199 -0.92269 -0.15305
-1.4442 1.3546 1.1837 0.33326 0.9807 -2.2163 -0.1183 -1.7551 1.5992 -2.5668 0.27455 1.5754 -0.41137 1.4984 -0.70883 -0.33103 0.21004 -2.1171 2.5412 0.32481 1.7106 -0.58415 1.1717 0.65685 0.87164 -0.27704 2.6617 -2.7099 -1.5265 -0.67416 -1.7792 1.0745 -0.76992 3.0311 -0.36623 2.1918 -0.32001 -2.3776 1.5188
-1.1582 1.2549 0.98822 0.14913 0.19755 -0.84314 0.36222 -1.623 -0.27773 -1.4178 0.20556 2.1591 -0.74191 2.4056 -2.0687 -0.8227 -0.76166 -2.61 1.9415 -0.6535 2.6412 -0.36706 1.6483 0.50998 -0.326 0.95592 2.1684 -2.5913 -1.2211 -1.2885 -0.90331 -0.61209 -1.3117 1.1459 0.36255 1.1574 -1.1348 -2.7516 2.4155
-0.97927 0.77056 0.43361 0.30384 0.38414 1.3532 1.2395 -0.7375 0.46934 0.56269 1.87 1.3489 -0.81918 3.0262 -2.8967 -1.2075 -1.2724 -2.7739 1.3667 -1.5865 1.8582 -0.34588 1.8574 -0.052146 -2.3958 2.0655 0.72656 -1.0837 -0.47771 -0.68102 -0.015091 -1.6902 -0.85744 -1.3058 1.1554 -0.079961 -1.2335 -2.1126 1.8412
0.9048 -1.5476 -0.18842 -1.228 -0.47246 -0.44568 -0.27998 1.1215 1.4239 1.9682 0.27232 1.5183 1.1853 3.0253 -2.7726 -1.2299 -1.2813 -2.4591 0.89476 -1.4259 1.088 0.59949 1.9871 -0.77275 -2.8479 2.3462 -0.61352 0.65674 0.25541 0.358 0.38236 -1.7375 0.31865 -2.3857 0.88375 -0.94138 -1.2994 -0.38525 0.31443
1.2313 -1.3486 0.071531 -0.99685 -1.165 -0.40958 -1.4659 0.52398 0.78108 0.68394 -0.071183 -1.2295 1.4663 2.4617 -2.2127 -0.99349 -0.83634 -2.2507 -0.25456 -1.0786 -0.28808 1.3904 0.8051 -1.201 -2.3554 2.1886 -1.9134 2.0342 0.80024 1.2389 0.75601 -0.88628 1.7703 -2.1945 0.26474 -1.0758 -0.36681 1.4316 -1.3679
1.3687 -1.4235 -0.17063 -0.92583 -1.5841 -0.16283 -1.6028 0.18877 1.1419 0.52015 -0.27012 -2.0922 1.4369 1.6035 -1.2799 -0.46446 -0.29735 -2.0964 -0.6604 -0.23516 -1.3275 0.64217 0.14913 -1.549 -1.1328 1.4301 -2.2217 2.1052 0.7547 1.3685 0.87452 -0.15258 2.518 -1.2596 -0.45509 -0.46522 0.74401 2.2518 -1.9923
1.2442 -1.3651 -0.29076 -0.80414 -1.7498 -0.27192 -0.81951 -0.94403 1.764 0.54518 -0.48649 -0.80993 1.4997 0.36591 -0.1485 -0.13557 0.60383 -1.3966 0.41188 1.5292 -1.5746 0.18761 0.46586 -0.39784 -0.14678 0.16678 -1.7146 1.6358 0.46462 1.027 0.86372 0.41212 2.3859 0.17439 -0.99916 0.41032 1.4914 1.7235 -1.8221
1.3629 -1.5226 -0.45002 -0.7014 -2.0668 -0.39152 -0.025282 -1.7818 1.7835 0.89098 -0.70123 -0.22803 1.4768 0.1597 -0.18823 -0.28688 0.61489 -1.079 0.27742 2.5464 -0.94698 0.2178 1.142 0.35456 0.91199 -0.073265 -0.78312 1.0027 0.078327 0.49063 0.7444 0.32489 1.0657 1.2843 -1.0402 0.44347 1.7172 0.34965 -1.1527
1.4202 -1.6481 -0.17385 -0.6318 -2.1363 -0.095358 0.38177 -1.2212 1.2042 1.682 -0.75975 -0.052459 1.4909 0.16212 0.052255 -0.23708 0.67027 -0.97484 0.10707 2.5303 -0.14673 -0.54291 1.152 0.89861 0.35445 -0.19754 0.023818 0.55529 -0.074188 -0.023228 0.46993 -0.27068 -0.61128 1.4456 -0.9018 -0.23157 1.0815 -0.89725 -0.40898
1.4004 -1.5968 -0.20483 -0.44785 -2.176 0.24501 1.1061 -0.51393 1.3018 2.2388 -0.03298 -0.21344 1.4509 0.32266 0.34411 -0.27001 0.60561 -0.77292 0.15037 1.5004 0.6198 -1.2258 0.71976 1.3139 -0.59515 -0.37452 0.13089 0.67625 0.048131 -0.16666 0.3321 -0.39615 -1.753 0.84711 -0.54603 -1.0536 0.35762 -1.5252 -0.32793
1.4229 -1.4952 -0.50739 -0.25477 -2.5789 -0.19107 1.5563 -0.98133 1.2966 1.7232 0.5937 -0.805 1.3334 0.32128 0.54204 -0.27728 0.5612 -0.59078 -0.041826 0.77788 0.64174 -1.0281 0.1581 1.3389 -1.2769 -0.39068 0.066099 0.50625 0.062623 -0.4192 0.41423 -0.52426 -2.1974 -0.074134 0.45384 -1.2316 -0.81789 -0.73732 -0.25351
1.5126 -1.2167 -0.57536 -0.15895 -2.7439 -0.22764 1.6318 -0.50335 0.49599 1.8719 0.7047 -1.3584 1.2115 0.30533 0.73115 -0.17793 0.34766 -0.6012 -0.41303 -0.24157 0.40236 -0.71699 -0.62446 0.87623 -1.5016 -0.54542 -0.14808 0.10239 0.25316 -0.61323 0.49917 -0.34533 -1.9264 -0.69691 1.2143 -0.51428 -1.7736 0.33295 -0.012752
1.6901 -0.9764 -0.62648 -0.18994 -2.5345 -0.059564 0.76902 -0.47351 0.078936 1.5021 0.94803 -1.0861 1.0731 0.28202 0.7313 -0.16795 -0.0058458 -0.21866 -0.62902 -1.1932 -0.22804 0.16156 -0.81704 -0.53522 -0.73336 -0.55286 -0.26215 -0.15402 0.31674 -0.76393 0.58856 -0.077823 -1.7327 -0.8824 1.4697 -0.08706 -2.0381 1.1284 0.098314
1.6899 -1.0817 -0.56913 -0.070544 -2.6661 -0.36074 1.1452 -0.83246 0.69343 1.5081 0.79176 -1.89 1.1507 0.076736 0.42901 0.1365 -0.2873 0.061171 -0.22062 -1.5412 -0.44248 0.76309 0.088461 -1.3485 -0.11451 -0.32025 -0.63035 -0.36064 0.50516 -0.76127 0.65034 0.21822 -1.1539 -0.45171 1.3464 0.011688 -1.5587 1.5916 0.33804
1.6554 -0.79379 -0.24548 -0.26677 -2.8974 -0.59656 0.13257 -0.2568 0.54213 0.87662 0.44124 -2.0522 0.82144 -0.030657 0.43265 0.14214 -0.58618 0.28561 -0.27458 -2.194 -0.82235 1.3611 -0.41056 -1.6869 0.48659 -0.33913 -0.886 -0.16142 0.90104 -0.79968 0.79271 0.43487 -0.73577 0.31764 0.30573 -0.30799 0.16124 1.2949 0.34874
1.6642 -0.73842 -0.71661 -0.46608 -2.3704 -0.74273 -0.21856 -1.3616 2.0597 1.1297 -1.1678 -0.77971 0.84308 -0.65231 0.26546 0.58585 -0.82194 0.48378 -0.14243 -2.1514 -0.28302 1.5491 -0.83032 -1.7096 1.3381 -0.075982 -1.0336 0.13998 1.1255 -0.8631 1.0523 0.070588 -0.2383 0.6466 -0.86718 -0.5679 1.7289 0.48188 0.26227
1.4647 -1.0719 -0.29258 -0.52671 -2.5813 -0.13683 -0.14733 -1.4305 1.6489 2.6463 -0.96921 -1.1256 1.1022 -0.91718 0.53991 1.2451 -1.2718 1.2057 0.20734 -2.4231 0.3245 0.41099 -1.0387 -0.012908 1.3541 -0.080291 -1.0515 0.41317 1.2448 -0.71819 1.1002 -0.24813 0.42425 0.65387 -1.8226 -0.27765 2.5936 -0.56047 0.16226
1.6214 -0.45758 -0.49038 -0.84173 -2.2795 -0.62719 -1.7901 -1.4792 1.7644 0.34483 -1.0817 -0.67873 0.7008 -1.3034 0.61941 1.6303 -1.5991 1.7811 -0.30519 -1.9203 0.30681 -0.62537 -0.83013 1.3496 0.52329 -0.0036437 -0.61816 0.69094 0.71636 -0.32912 0.95429 -0.6939 1.0032 -0.10446 -1.7395 -0.13447 2.4409 -0.89673 -0.13551
0.69971 -0.80395 0.44443 -1.0518 -2.0073 -0.34361 -1.5807 -0.24724 2.1504 -0.13657 -1.1 0.63455 1.1481 -1.56 0.9685 1.8819 -1.5749 1.9173 -0.66593 -1.4162 0.22071 -1.4564 -1.0273 2.0801 -0.26805 -0.10122 -0.26854 0.4768 0.046125 0.24646 0.30067 -0.82654 1.8481 -0.85889 -1.0373 0.25484 1.1534 -0.61494 -0.14663
0.79449 -0.15708 1.2651 -1.6926 -1.0933 -0.1618 -2.1455 -0.050711 0.54979 0.15729 1.7215 -0.84366 0.84148 -1.4234 1.2407 1.5698 -1.3031 2.1025 -1.0584 -0.54952 -0.4848 -1.2446 -1.1488 2.2293 0.26657 -0.30341 0.26863 0.28472 -0.7888 0.68258 -0.51841 -0.45809 1.9297 -1.2991 -0.34428 0.31424 0.010265 0.045164 -0.22271
0.29139 -0.10988 1.2947 -2.1326 -0.70243 -1.5558 -2.0313 -0.81541 0.095147 0.6287 1.4592 -1.4947 0.80302 -1.3346 1.0513 1.3606 -0.95096 1.649 -1.0305 0.76536 -1.1169 -1.5063 -0.36597 1.9101 0.20371 -0.18743 0.61181 -0.26039 -1.4465 1.0018 -1.2821 -0.044272 1.4945 -0.96199 0.52191 0.41752 -1.2377 0.74301 -0.044187
0.089842 0.33669 1.2285 -1.9269 -0.5344 -1.3297 -1.7373 -1.7287 0.51691 0.27472 0.77165 -1.0626 0.81997 -0.94855 1.0704 0.46 -0.60758 0.80176 -1.0101 1.0336 -1.7856 -1.3467 -0.52133 1.4688 0.42315 -0.34836 0.79417 -0.66911 -1.565 1.0123 -1.6194 0.34702 0.34279 0.15171 0.94019 0.62888 -1.7001 0.32151 0.14104
0.22028 0.49516 1.2691 -1.7698 -0.36066 -1.4441 -1.1491 -2.1177 0.61465 -0.094938 1.7602 0.39486 0.6068 -0.72622 0.61061 -0.18866 -0.0081647 -0.14729 -0.76043 0.92589 -1.1825 -0.30098 -0.48243 -0.047577 1.2848 -0.15962 1.0004 -0.8353 -1.3041 0.61816 -1.2019 0.38843 -0.73873 1.3381 1.0951 0.61539 -1.8295 -0.06677 0.1987
-0.075747 0.48393 1.5626 -1.9793 -0.5651 -1.6268 -0.63571 -2.1152 -0.28627 -0.5132 1.4505 -0.025039 0.74166 -0.33556 0.31664 -0.49609 0.16012 -0.42162 -0.49141 0.093052 -0.16801 0.15072 0.21661 -0.24161 0.45395 -0.079712 1.1876 -1.0003 -0.769 0.29139 -0.49892 0.35847 -1.0024 2.164 1.3124 0.56938 -2.2473 -0.57328 0.37268
-0.29619 0.57512 1.1214 -2.0592 -1.0078 -1.485 -0.75343 -2.3598 -0.22508 -0.58516 2.1409 0.34727 0.67005 0.11368 -0.0013486 -0.52824 -0.15457 -0.28604 -0.50604 -0.30547 0.84836 0.073838 0.54366 -0.94792 0.084196 0.014981 1.4107 -0.66188 -0.55341 0.10879 0.034087 0.4452 -0.77706 2.1093 1.308 -0.047178 -2.2139 -0.76795 0.20319
0.017034 0.48142 0.89446 -1.7251 -1.1311 -1.6808 -1.4574 -1.4799 0.40707 0.17892 0.89613 0.30608 0.67792 0.71571 -0.33629 -0.76528 0.020483 -0.20155 -0.41262 -0.44383 1.7065 1.2591 0.14657 -2.6453 -0.16604 0.2002 1.138 -0.48479 -0.39539 0.25065 0.34638 1.0544 0.4799 1.3343 0.50552 -0.49454 -1.8833 -0.069054 0.033355
-0.052691 0.35894 0.60343 -1.8694 -0.83688 -2.3294 -2.1495 -1.2421 0.74684 1.361 0.68181 -1.4374 0.73877 1.2248 -0.19488 -1.0576 0.26703 -0.21239 0.096015 -0.42699 2.2731 1.9287 -0.57496 -3.342 -0.011856 0.044874 0.40148 -0.32435 -0.36992 0.49031 0.41719 1.8323 1.592 0.13451 -0.71655 -0.56526 -0.58125 0.38879 -0.21731
0.43462 0.42291 0.87031 -2.2091 -0.5309 -1.7727 -1.413 -0.6154 0.33922 0.30607 -0.43166 0.21491 0.78178 1.1059 -0.41467 -0.94797 0.42621 0.24131 1.3059 1.1637 1.8857 0.29255 -0.30105 -2.8674 0.39297 -0.042211 -0.45434 -0.067236 -0.21525 0.62617 0.22502 2.0508 2.0038 -0.96474 -2.0968 -0.13343 1.1433 0.59437 -0.53973
1.0091 -0.026775 0.42491 -1.6294 -0.7902 -1.9258 -1.0657 0.31878 2.4358 -0.94064 -2.3053 0.46314 0.91119 0.61983 -0.51491 -1.1072 0.57812 0.34078 2.2686 2.2285 1.0067 -0.9846 -0.45959 -2.0075 0.67677 -0.24235 -1.1373 0.14343 0.030281 0.72155 -0.085128 1.2011 1.2054 -1.5749 -2.3324 0.73905 2.5389 -0.15398 -0.73543
0.98459 0.53569 -0.0029719 -1.6111 -1.2796 -1.1237 -1.308 0.87414 1.8922 -1.5747 -2.4679 -0.11012 0.62735 0.21384 -0.28782 -1.1299 1.0605 -0.032837 2.5662 2.4282 0.28039 -1.7748 -0.22173 -0.9703 0.80226 -0.58907 -1.4918 0.73125 0.44512 0.90156 0.023882 -0.43639 -0.57836 -1.3669 -1.4797 0.93224 3.13 -0.76403 -1.0261
0.57387 -0.11442 -0.048894 -1.4359 -0.47282 0.65932 1.1802 -0.24386 -1.1899 0.70447 -0.91145 0.81527 0.57432 -0.33501 -0.0083467 -0.9102 1.328 -0.28035 1.8538 1.4693 -0.2643 -2.0315 0.92641 0.89459 -0.5075 -0.95106 -1.4898 0.95596 1.2797 0.96922 0.54373 -2.0021 -1.5502 -0.30941 -0.076371 0.80789 2.5297 -0.89677 -0.94417
0.46431 -0.21085 -0.51246 -1.1613 -0.49279 0.72723 0.86484 -0.3826 -0.83951 0.24414 -1.7795 0.34119 0.41533 -1.0461 0.59071 -0.23669 1.7739 0.57541 0.669 0.33789 -0.38218 -2.3562 0.95699 2.0706 -0.61313 -1.4569 -1.2606 1.0771 1.8447 0.59602 0.63677 -2.9096 -2.1875 0.5934 1.27 -0.13066 1.312 -0.69911 -0.64053
0.4354 0.26705 -0.49317 -0.71387 -1.0126 0.36707 0.56969 -0.55847 -0.89265 0.38375 -1.04 0.056887 0.062328 -1.3762 0.69009 0.77151 2.0735 1.1502 -0.71763 0.034003 0.6541 -0.86785 0.63818 1.6383 -0.49821 -1.4367 -0.69967 0.51011 1.5581 -0.065073 0.64291 -2.1705 -1.4596 0.65082 1.4894 -0.71308 0.20781 -0.13381 0.098644
0.42664 0.4573 -0.10361 -0.57037 -1.1373 -0.14871 -0.20658 -0.16635 -0.68949 0.90117 0.40429 -0.75862 -0.25083 -1.4883 1.2152 1.3806 1.8256 0.56056 -1.8743 -1.4278 1.0322 0.34588 -0.38234 1.3437 -0.66151 -1.4525 0.1384 -0.80025 0.44313 -1.2442 0.15475 -0.74947 -0.35156 0.031241 0.99414 -0.37382 -0.55335 0.074831 1.2085
-0.33725 1.0052 0.17343 0.63609 0.35087 -1.1292 -0.89438 0.30164 -0.76344 -0.33198 0.29491 -0.17064 -0.8909 -1.3498 0.55861 1.112 1.1748 1.0486 -1.1418 -0.6978 0.36006 -0.21118 0.055302 1.6947 -0.73107 -0.78859 1.0438 -2.0051 -0.9437 -2.0807 -0.36937 1.1339 0.55236 -0.79701 -0.3872 -0.19207 -0.76189 -0.038779 2.1076
-0.71717 0.86012 1.1756 0.54876 0.48218 -1.1229 0.51144 1.9171 -0.22379 0.34026 -0.47024 -0.16038 -0.6964 -0.82082 -0.71295 0.39921 -0.16079 0.92417 -0.58122 -0.026843 -0.20402 -0.57131 0.42766 0.92855 -0.29738 0.2919 1.9096 -2.9501 -1.7373 -2.1916 -0.70401 2.5704 1.5544 -0.47927 -0.93558 0.028562 -0.87189 0.15435 2.5969
-0.89203 1.2056 1.2325 0.26693 -0.54813 -1.4549 -1.0132 0.25224 -0.9463 0.051412 0.65846 -0.19648 -0.91715 0.12134 -1.7827 -0.45008 -0.91822 0.16737 0.89119 0.49502 -0.43505 -1.2473 -0.20186 0.3072 -0.72441 1.3099 2.1574 -2.3496 -1.8962 -1.3165 -0.84604 2.3201 1.0749 0.32145 -0.14159 -0.88073 -1.23 0.79969 1.9808
-0.54674 0.075744 0.025592 -0.064334 0.57 -0.08339 0.26004 -0.78987 -1.3995 0.79883 1.0326 -1.2594 -0.16684 1.1305 -2.6728 -0.99184 -1.325 -0.50156 2.2 1.2349 0.38941 -1.1457 -0.22057 0.27473 -0.29514 1.9583 1.7046 -1.0839 -1.6121 0.021636 -0.034107 1.6411 0.62419 0.94676 1.4395 -1.2611 -1.7626 1.5559 0.8385
-0.11486 -0.88768 -0.18185 -1.2032 -0.16404 -0.77269 0.2527 -0.54754 -1.5344 1.2988 0.40288 -0.24699 0.53028 1.4649 -2.4895 -1.6344 -0.7655 -0.039064 2.0644 0.92663 0.70359 -0.23727 -1.5171 -0.47053 1.0204 1.779 1.1281 0.57829 -1.0917 1.0588 0.50905 0.17438 -0.27347 0.66709 2.6582 -0.70682 -1.9838 1.8524 -0.46482
0.42821 -1.3714 -0.35854 -0.77532 -0.50554 1.0702 0.13661 0.36937 -2.3402 -0.7649 0.46004 -1.8973 0.92941 1.5011 -2.2158 -1.9348 -0.19856 0.92933 2.0885 1.0693 1.1794 1.9884 -1.6184 -2.2597 2.2033 1.4941 0.60188 1.8853 -0.71258 1.4776 0.75261 -0.78351 -0.9335 -0.57374 2.5721 0.34467 -1.3071 0.77913 -1.2645
0.55055 -1.8335 -0.24444 -0.35731 -0.01129 1.658 1.474 2.4927 -1.5056 -0.47864 0.31782 0.36253 0.98656 1.9156 -1.015 -1.9597 0.54214 0.49278 1.3082 0.01066 0.5357 2.8543 -1.0304 -2.4531 2.0348 0.73791 0.30596 2.2928 -0.37694 0.8834 0.25234 -1.2958 -0.84362 -1.9523 1.3653 1.715 0.30399 -0.78269 -1.2541
0.47131 -1.3113 -0.85366 -0.1593 0.42702 0.61699 0.80316 1.6253 -0.031161 -2.1375 -1.1188 1.84 0.79774 1.9589 -0.17105 -2.1218 0.84634 0.78408 1.0486 -0.25594 -0.7653 2.7932 0.24012 -1.3832 0.90617 0.29983 0.1384 2.0639 -0.057109 0.035953 -0.5426 -1.4061 -0.79221 -2.7401 -0.79806 1.7322 2.2683 -2.5067 -0.87995
0.74368 -1.72 -1.8774 -0.29465 1.1927 1.517 0.41868 0.2704 2.1836 -0.97629 -2.8451 2.214 0.91567 1.7692 0.42641 -2.2239 0.39993 0.53614 0.043664 -0.17143 -2.4562 2.2666 1.1658 -0.2762 0.030718 0.2151 -0.17192 1.1015 0.49577 -0.70554 -0.86106 -0.85319 -0.18821 -1.8757 -2.3872 1.0706 2.8917 -2.7819 -0.30362
2.1027 -1.2992 -2.4436 0.1121 0.26119 1.1961 -0.041441 -0.53725 1.1722 0.50364 -1.6637 0.17528 0.91915 1.8127 0.60895 -1.9049 -0.061467 -0.25662 -0.037735 -0.49274 -3.1104 0.56637 0.93233 1.2856 -2.1272 0.23767 -0.59577 0.50605 1.1997 -0.89241 -1.2203 -0.66826 -0.11574 -0.21552 -2.9603 -0.22379 2.318 -1.9276 -0.12949
2.0136 -1.2979 -2.3224 -0.28185 0.35709 1.3149 0.20813 -0.86628 0.58954 1.1764 -0.18276 -0.32871 1.0899 1.6812 0.48899 -1.1664 -0.35708 -0.81891 0.18426 -0.25964 -2.263 -1.1434 0.86805 2.1161 -2.3707 0.24206 -1.1062 0.0032889 1.538 -0.46908 -0.86022 -0.14194 -0.20541 1.2987 -2.1442 -1.0409 0.89706 -0.6168 -0.20064
1.898 -0.93434 -2.7137 -0.18403 0.28915 1.1776 0.92023 -2.0781 0.48184 -0.13172 0.33245 -0.8291 1.2003 0.94975 0.66988 -0.47055 -0.48591 -1.1236 -0.32376 -0.44883 -1.3487 -1.8373 -0.11337 2.1558 -1.9846 0.058819 -1.2705 -0.24688 1.2066 0.14945 -0.28091 -0.12055 -0.2862 1.8396 -0.41887 -0.68575 -0.96249 0.85138 -0.29961
2.2385 -1.0845 -2.5159 -0.44176 -0.09027 1.2571 0.46578 -1.5155 -0.16884 -0.43593 1.2241 -1.5544 1.08 0.2496 0.40542 -0.14674 -0.28841 -0.86063 -0.076446 -0.61809 -0.64564 -1.1235 -0.54776 1.1294 -1.3233 -0.04535 -1.0857 -0.52346 0.73285 0.58438 0.19419 -0.15453 -0.6355 1.6051 1.0724 0.013545 -2.1208 1.2263 -0.23921
2.3834 -0.94092 -2.5841 -0.59016 -0.19381 1.1554 -0.071421 -1.6504 -0.57724 -0.33152 0.074407 -0.37544 1.0221 0.28846 0.23091 -0.22212 0.18741 -0.85133 -0.12827 -0.90733 -0.092285 -0.3493 0.15745 -0.16826 -0.78759 -0.13866 -0.80823 -0.73664 0.3439 0.77804 0.61431 -0.12246 -0.47026 1.3281 1.8392 0.73524 -2.224 1.1899 0.031666
2.0869 -0.77443 -2.6335 -0.63222 -0.37303 0.88459 -0.55761 -1.7267 -0.15886 -0.11121 0.18504 -1.2504 0.95593 0.09687 -0.18596 0.041716 0.42186 -0.57441 -0.20145 -1.3554 0.44339 0.39299 0.73396 -1.0285 -0.30248 -0.075395 -0.65521 -0.61084 0.44945 0.56101 0.8485 -0.57855 -0.13133 1.3718 1.763 0.81739 -1.2538 0.92457 0.22033
2.3152 -0.88719 -2.5738 -0.02324 -0.63339 1.3168 -0.45771 -1.5052 -0.27957 0.23303 0.59786 -2.1931 0.99038 -0.4008 -0.29468 0.061193 0.64518 -0.0051601 -0.48592 -1.0593 0.85999 1.3233 0.77872 -1.2822 0.09371 0.12339 -0.68701 -0.33488 0.78759 0.023445 0.91346 -1.0921 0.20879 1.3996 1.2867 0.20589 -0.32701 1.0975 0.26259
2.2748 -1.0017 -2.8151 0.024792 -0.45912 1.0668 -0.38226 -1.3517 0.37121 1.1984 -0.42101 -1.2112 1.0297 -0.56349 -0.37615 0.52925 0.55357 0.46893 -1.0226 -0.81174 1.7231 1.796 0.84889 -0.85433 0.25618 0.19755 -0.59537 0.12647 0.8828 -0.55528 0.51005 -1.6048 0.41679 1.1939 0.60736 -0.47876 0.28711 1.1587 0.10131
2.0618 -1.3596 -2.4513 0.087427 -0.34286 0.82169 -1.1541 -1.2236 0.81593 0.24666 -1.028 -1.1093 1.1141 -0.59502 -0.24481 0.96581 0.16361 0.51585 -1.8563 -0.73681 2.1711 1.6874 0.50951 -0.90812 1.3239 0.17145 -0.2723 0.42606 1.0603 -0.83674 -0.2186 -1.5064 0.46104 0.82698 -0.34356 -1.0218 0.86127 0.89938 -0.11345
1.7153 -1.286 -2.4403 0.06009 0.043354 0.40869 -1.0325 0.0095061 1.419 0.49778 -0.67461 -0.89167 1.2131 -0.85846 0.0099662 1.194 -0.4029 0.20804 -2.667 -0.63888 2.2592 1.4978 -0.17492 -0.61739 1.6043 0.069866 -0.12267 0.56203 0.79865 -0.7439 -0.96562 -0.70366 0.75953 0.15863 -1.218 -1.2245 1.3744 0.55634 -0.2099
1.766 -1.1519 -1.7543 -0.080559 0.29513 -0.4687 -1.1769 0.94385 1.6645 1.1698 -0.71356 -0.44321 1.1588 -0.73739 0.24721 1.6557 -0.4808 -0.35963 -2.6201 -0.17534 2.2933 0.72763 -0.90534 0.36706 1.3858 -0.012727 0.12185 0.25291 0.35572 -0.47659 -1.3835 0.56604 1.1439 -0.63519 -1.7614 -1.292 1.901 -0.53767 -0.12353
1.6367 -0.96599 -1.4698 -0.29817 -0.21127 -1.5152 -1.362 1.0243 1.6329 0.65457 -0.87641 0.28341 1.0861 -0.71315 0.34612 1.6361 -0.55077 -1.1446 -2.0126 0.50272 1.9606 -0.337 -1.0699 1.321 1.4564 -0.076156 0.41248 -0.13547 -0.26704 -0.090306 -1.2135 1.8004 1.4079 -1.3523 -1.8448 -0.76908 1.7813 -1.4087 0.041481
1.3916 -0.96445 -1.4313 -0.46187 -0.61997 -1.9973 -1.0968 1.2209 1.6461 -0.078195 -0.58993 -0.0073595 1.0629 -0.45836 0.024953 1.3922 -0.67739 -1.7354 -1.0491 1.0921 0.95282 -1.1692 -1.8124 2.0084 0.28473 0.027164 0.49891 -0.3944 -0.78728 0.072974 -0.46919 2.3679 1.0581 -1.9447 -1.0041 0.36045 0.92392 -2.2637 0.2393
1.5046 -0.91037 -0.66326 -0.33944 -0.82532 -1.7824 -0.66043 1.7883 1.2233 -0.62849 0.11335 0.6013 1.086 -0.27737 -0.10754 0.84225 -0.48025 -1.6751 0.11849 1.6799 0.056594 -1.506 -1.381 2.2038 -0.82476 0.11634 0.51144 -0.23889 -0.77705 0.14953 0.50299 1.9553 0.085376 -2.1636 0.2738 1.4493 -0.55973 -2.3327 0.30147
1.1248 -1.0253 -0.62576 -0.49465 -1.5149 -1.3369 -0.38895 1.8695 0.25505 -0.9439 1.2438 0.83915 1.0991 -0.082639 -0.19892 0.62436 -0.37921 -1.1048 1.0055 1.4562 -0.87089 -0.84386 -0.012259 1.821 -2.2855 0.29757 0.16646 0.52449 -0.50011 0.081483 1.2614 0.83698 -1.2333 -1.9464 1.1706 2.4395 -1.906 -1.0884 -0.072107
1.4147 -1.3451 -0.81047 -0.85306 -1.6704 -1.0842 0.45618 1.2778 0.098009 -1.6748 2.0272 -1.259 1.3028 -0.0063196 0.051936 0.61036 -0.4165 -0.43178 0.83673 0.50463 -1.7032 0.074514 1.0784 0.28786 -2.2182 0.30207 -0.17721 1.3686 0.12621 -0.16887 1.6649 -0.21891 -2.1982 -1.4478 1.2389 2.1504 -2.2362 0.80054 -0.64411
1.5364 -1.0839 -0.86393 -0.54858 -1.4498 -0.75166 0.82762 0.71444 0.066385 -0.038241 1.502 -1.4668 1.2088 -0.30609 0.84908 0.60138 -0.55614 0.26135 0.26092 -0.89659 -2.287 0.53068 2.1076 -0.90268 -1.3118 -0.19458 -0.75997 1.8597 0.68344 -0.21509 1.4154 -0.69045 -2.3623 -0.62834 0.35853 0.80423 -1.4419 2.9121 -1.1894
1.4324 -1.1181 -0.61759 -0.73655 -1.3604 -0.54174 -0.022997 -0.36559 1.3284 0.97254 1.0192 -3.0045 1.4417 -0.48245 1.7208 1.0844 -0.7178 1.1063 0.075749 -1.7399 -2.3085 0.44288 2.0954 -0.97611 0.44282 -0.74994 -1.0456 1.5567 1.1323 0.041936 0.58861 -0.25155 -1.7102 0.15035 -0.50717 -1.0587 -0.073977 3.5185 -1.3019
1.2936 -0.71176 -0.22775 -0.91352 -1.0513 -1.3276 -0.88351 -0.69862 1.7818 0.97494 -0.69341 -1.5725 1.3223 -1.1866 2.1618 1.6299 -0.64302 1.0675 0.040194 -2.3612 -1.9215 -0.27281 1.1586 -0.47085 2.6631 -1.2263 -0.90514 0.61672 0.95905 0.52435 -0.53034 0.53888 -0.43529 0.53921 -1.0755 -2.3727 0.76595 2.9332 -1.0279
0.87114 0.39722 0.14455 -1.0842 -0.74992 -1.4538 -1.9991 -0.98498 0.86982 1.9223 -0.26762 -0.016242 0.55119 -1.4105 2.0706 2.1537 -0.29561 0.37284 0.4676 -2.3378 -1.6048 -0.61809 -0.72144 -0.065392 3.373 -1.4255 -0.6112 -0.50906 -0.014946 1.1903 -1.3607 0.66893 0.95674 0.64923 -1.2508 -2.2509 0.87101 0.75341 -0.59755
0.75532 0.91914 0.58743 -1.4944 -0.2448 -0.76117 -1.7383 -1.2315 0.063945 1.0055 1.337 0.97608 0.24665 -1.4395 1.7363 1.8098 0.23348 -0.5105 1.1457 -1.5036 -1.5416 -1.2474 -1.5468 0.21555 3.5474 -1.629 0.20944 -1.3338 -0.79924 1.5544 -1.1261 0.21297 1.7776 0.99585 -0.66133 -1.1929 -0.057123 -1.552 -0.014465
0.12086 0.87295 1.074 -1.2478 -0.73089 -0.70916 -2.0044 -1.4423 -0.31388 -0.08636 1.4989 1.7757 0.088235 -1.4363 1.0639 0.96875 1.1191 -0.98457 0.86044 -0.16074 -1.1702 -1.753 -1.3564 0.46828 1.6541 -1.5809 0.79262 -1.5572 -1.6831 1.3463 -0.21135 -0.66244 1.7408 1.4651 0.0044419 0.38355 -0.81976 -2.2605 0.37561
0.21048 0.9323 1.8453 -0.53132 -1.4488 0.1089 -2.3485 -1.9128 0.46234 -0.92452 0.32194 1.6683 -0.033225 -0.81027 0.38016 0.77244 1.6217 -0.64163 0.28123 0.2766 -0.083047 -1.129 -1.083 -0.8407 0.23585 -1.1784 1.3308 -1.3222 -1.9118 0.692 0.89812 -1.3492 1.2189 1.7166 0.62383 1.1952 -0.90696 -1.9426 0.65074
-0.024046 0.88634 1.1409 -0.50371 -2.0106 0.57544 -2.1167 -2.7863 0.045835 -0.50996 0.18237 1.7805 -0.36091 -0.33574 0.080325 -0.38255 1.5841 -0.031299 -0.39068 0.4214 0.70666 -0.67856 -0.16679 -1.1938 0.22372 -1.0099 1.3084 -0.85205 -1.9213 -0.27061 1.4144 -1.4518 0.38959 1.2468 0.85964 1.3071 -0.59718 -0.8612 0.75365
-0.35124 0.95351 0.52931 0.40225 -1.5761 -1.2302 -0.92166 -1.8311 -1.3911 0.24512 0.3247 0.50916 -0.75233 0.34632 -0.037056 -0.98499 1.3225 0.86956 -0.87484 0.76223 1.0885 -0.46261 0.36754 -0.78753 0.13879 -0.80055 0.75067 -0.4938 -1.6058 -0.85005 1.2604 -0.91334 -0.23748 0.35032 1.2338 0.8479 0.47413 0.14806 0.78214
0.29085 1.0811 1.6259 0.32978 -0.58186 -1.0123 -1.9297 -0.29064 -0.59514 0.18403 -1.0272 0.78282 -0.70175 0.28221 -0.18582 -1.6401 0.74793 1.199 -1.4101 0.41726 0.82643 -0.26038 0.66498 -0.7614 -0.10382 -0.47889 0.30699 -0.3999 -0.84259 -0.98002 0.38312 -0.023216 -0.58509 -0.45898 1.6534 0.0036727 0.87635 0.2865 0.95994
0.26414 0.92127 -0.087627 0.0016519 -0.34343 -0.9283 -1.3906 -0.43144 -0.52579 0.087383 0.37729 2.4879 -0.75957 0.1963 -0.33029 -1.5134 0.41006 1.3596 -0.99483 -0.21316 0.55792 1.287 0.27319 -0.077731 0.75585 -0.10399 0.023399 -0.51783 -0.30624 -0.74594 -0.78967 0.27063 -0.54118 -0.44363 1.5036 -0.44719 0.92192 -0.0524 1.029
0.56664 0.74285 0.30206 0.50825 -0.35575 -1.2931 -1.1336 -0.82114 -0.39551 -0.15143 0.10778 1.8445 -0.71861 0.27429 -0.45547 -1.647 0.16191 0.50046 -0.35945 -0.31039 -0.025817 1.9684 -0.13925 0.24981 0.56808 0.28741 0.26342 -0.70531 0.77681 -0.51498 -1.8049 0.12403 0.3288 0.35372 0.60049 -0.54138 0.48296 -0.45078 1.0612
0.089832 0.68671 -0.54258 0.28472 -0.77852 -1.6442 -1.9829 -1.8292 -0.072897 0.39169 -1.3463 0.73194 -0.63175 0.3864 -0.78701 -1.5362 0.18512 -0.46353 -0.84893 -0.0015078 0.5491 1.6247 -0.20682 0.59814 -0.27048 0.58057 0.65952 -0.8827 1.2087 -0.5507 -2.3621 0.055624 1.5584 0.81893 -0.90601 -0.25578 -0.0215 -1.0826 1.0545
-0.076801 0.55358 -0.61365 0.26542 -0.14266 -1.1047 -2.1019 -1.345 1.7197 0.13509 0.70772 2.875 -0.61623 0.64553 -1.164 -0.21655 -0.12801 -1.7006 -1.2212 1.005 1.5388 0.84295 -0.2714 -0.1022 -0.51764 0.99855 1.1826 -0.87127 1.6036 -0.47561 -1.8679 0.62005 2.0665 0.84311 -1.6917 0.072577 -0.47623 -1.0239 0.88318
0.41686 0.52485 -0.99214 0.65536 -0.80347 -1.6817 -1.2361 -0.68892 0.92558 -0.11038 0.24618 0.8967 -0.34465 1.1659 -1.4869 -0.032202 -0.50174 -2.5193 -0.43709 2.3965 1.46 -0.096708 -0.231 0.067827 -0.98222 1.3486 1.1294 -0.47646 1.3178 -0.4994 -0.93509 1.7248 1.5897 -0.32887 -1.6165 0.11532 -1.0714 -1.0365 0.58183
1.0577 -0.0729 -0.41989 0.32116 -1.17 -2.3244 -1.7035 1.3019 1.0411 -0.21667 0.12302 0.91102 0.010013 1.9599 -1.5968 0.51457 -0.40771 -2.415 0.67562 2.8216 1.2539 -0.79588 -0.00056282 -0.44175 -1.2312 1.417 0.38632 0.12538 0.50415 -0.50098 0.54228 2.5152 0.10903 -1.563 -0.86037 -0.11564 -0.78209 -0.77522 0.030979
0.91945 -0.67052 0.11541 -0.21336 -2.8545 -2.7404 0.80972 1.2107 -0.10408 -0.28249 -0.42738 1.9398 0.41606 1.711 -1.3844 0.49274 -0.63363 -2.0936 1.6242 2.4231 -0.033134 -1.0203 -0.12493 -1.4011 -2.0958 1.3668 -0.67975 0.7618 0.066675 -0.43646 1.9231 2.2961 -1.2729 -1.9799 -0.045423 -0.27305 -0.47631 -0.32809 -0.50649
1.6057 -0.93986 -0.27646 -0.065758 -3.1727 -1.0661 1.7932 -0.46701 -0.35528 -0.075552 -0.20305 -0.41113 0.74642 1.0476 -0.99625 0.43796 -1.0237 -0.8029 2.73 1.2252 -1.0296 -0.54421 -0.59728 -0.9475 -1.5831 1.0378 -1.5614 1.0981 -0.42828 -0.5026 2.6965 1.4977 -2.2251 -1.2652 0.33527 -0.28639 0.37312 0.025323 -0.83549
2.1116 -0.92192 -0.16528 0.076509 -2.4295 0.045639 0.53104 -0.24104 0.018993 0.61135 -1.5184 -0.060452 0.69867 0.42118 -0.47611 0.12863 -1.0319 0.68071 3.0851 0.53545 -1.5883 -0.33036 -0.53955 -0.63618 -1.4704 0.66246 -1.7783 0.95751 -0.38482 -0.43962 2.732 0.17657 -1.9355 0.32884 0.084165 0.13701 1.196 0.88494 -0.87444
1.5013 -0.79661 -0.2832 -0.34407 -2.1644 0.62479 0.53026 -1.0968 0.69658 -0.64795 -1.1019 -0.52315 0.84705 -0.14706 -0.1628 -0.07969 -1.1733 1.8255 2.9185 -0.88703 -0.65852 -0.43533 -0.42849 -0.0508 -1.4507 0.32775 -1.4035 0.54317 -0.32897 -0.19321 1.6947 -1.1587 -0.71262 1.2974 -0.46603 0.51618 1.2269 0.99832 -0.59054
1.4942 -0.78339 -0.16506 -0.82272 -1.7201 0.98293 -0.11168 -0.85506 -0.0064198 -1.4266 -0.67961 -0.86525 0.8292 -0.82529 -0.15418 0.054181 -1.403 2.2942 1.8956 -0.56707 0.43707 -0.90571 0.054008 0.60026 -0.22673 0.21348 -0.56908 0.1304 -0.33634 0.23216 0.39968 -1.8676 0.21608 1.3183 -0.65788 0.83072 0.75266 1.0894 -0.38648
1.4222 -0.94275 0.0018975 -1.0195 -1.0158 0.91454 0.43869 -0.5971 -0.058523 -0.44047 -0.83675 -0.3265 0.86748 -0.80328 -0.2213 -0.12077 -1.2107 1.9174 1.0546 0.29003 0.6464 -1.263 0.17399 0.94672 -0.026669 0.24205 0.068572 0.046133 -0.47837 0.84306 -0.66914 -1.8755 0.87603 0.26529 0.028071 0.80166 -0.0050153 0.87485 -0.22299
1.001 -1.0235 -0.2364 -1.3715 -1.2109 1.5713 0.11843 0.074598 -1.1917 -0.29013 -0.43615 -0.95135 0.87005 -0.25689 -0.21926 -0.46017 -0.57167 1.4463 0.34759 0.40452 0.49181 -1.3329 0.89478 0.41157 0.19096 0.035913 0.35003 0.19536 -0.41242 1.0589 -1.0904 -1.3634 0.38766 -0.57707 0.81095 0.14538 -0.37945 0.062646 -0.13286
0.98077 -1.116 -0.23401 -1.3816 -0.20187 1.6751 0.94606 0.15419 -1.1554 0.59955 0.25447 -0.37864 1.0027 -0.31568 -0.047265 -0.68978 0.021705 0.81987 0.0074459 0.46623 -0.1635 -0.17254 0.82503 0.04668 0.25407 0.028236 0.10037 0.30183 0.1625 0.72316 -1.0807 -1.0488 -0.29642 -0.7054 1.3466 -0.69717 -0.64526 0.078955 -0.046845
1.2686 -1.0476 -0.41908 -1.2098 -0.42329 1.2863 0.78109 0.076722 -0.93991 -0.18891 -0.48127 -0.19787 1.0089 -0.45836 0.097877 -0.40882 0.0045603 0.52999 -0.25492 0.1616 -0.40363 0.2709 0.0095923 0.2907 -0.19389 0.087068 -0.44905 0.24789 0.87467 -0.060263 -0.88072 -0.51876 -0.73189 -0.2412 1.5253 -1.5645 -0.29502 0.10225 0.12382
1.3669 -0.97753 -0.92964 -0.97842 -0.66841 0.86161 0.60458 -0.84905 -1.0469 0.19418 -0.74175 -0.55694 0.74751 -0.53102 0.14191 0.1501 -0.11763 0.082877 -0.69723 -0.20372 -0.42089 0.80143 -0.89043 -0.29388 0.37391 0.13103 -0.5255 0.20254 1.5435 -0.71594 -0.75121 -0.2075 -1.1202 0.49763 0.92287 -1.2512 0.11724 -0.062948 0.1023
0.9107 -0.84386 -0.81704 -0.85129 -0.71587 1.111 0.52194 -1.0193 0.2069 -0.0247 -0.66708 -0.43459 0.91474 -0.94426 0.11536 0.70973 -0.62016 -0.058466 -0.30699 -0.78729 0.079811 1.4283 -1.5953 -0.0057502 0.38911 0.19249 -0.38437 0.20293 1.8614 -0.97274 -0.72932 -0.029126 -1.4071 0.90578 0.35547 -0.69426 0.56643 -0.058693 -0.016341
0.58159 -0.92768 -0.17526 -1.4788 -0.21652 0.95436 0.62424 -0.39659 -0.48311 -0.43784 0.24197 -1.0375 1.078 -1.0023 0.29539 1.5554 -1.039 -0.4876 -0.35905 -1.3989 0.60483 1.2097 -1.0554 0.44707 -0.13335 0.14651 -0.046104 0.69378 1.6561 -0.52243 -0.70408 -0.025189 -1.5361 0.66756 -0.30453 0.14312 1.0429 -0.36338 -0.48256
0.49164 -0.95325 0.13075 -1.6237 -0.9388 0.66843 0.011337 -0.094243 -0.39469 -1.6113 -1.0473 0.35026 1.0838 -0.90399 0.3732 2.2703 -1.3993 -0.74059 -0.46444 -2.181 0.95023 0.81546 -1.4087 1.0874 -0.027069 0.046331 0.23338 1.2937 0.94428 0.91314 -0.34902 -0.34672 -1.1991 -0.17165 -0.67611 1.0264 0.80761 0.14809 -1.23
0.16799 -0.98167 0.4928 -2.039 -0.099721 1.4115 -0.15143 0.32454 1.2009 -1.7678 0.2505 0.23196 1.1832 -0.63731 1.2073 2.3787 -0.73074 -1.0789 -0.65116 -2.7171 0.51062 0.44642 -0.70739 1.2973 -0.1577 -0.63047 -0.091451 1.3521 -0.24841 2.4256 0.87123 -0.27341 -0.062257 -0.73079 -1.0601 1.4376 0.59371 0.45481 -1.7431
0.51709 -0.45636 1.2801 -2.0977 -1.5955 0.31631 -1.4024 0.35558 0.22349 -0.67716 -0.08249 -1.2824 0.92178 -0.72122 1.8833 2.0143 0.97052 -0.52117 -0.82827 -2.633 -0.26779 0.35462 0.38145 1.2276 0.75758 -1.5387 -0.42552 1.0873 -1.4148 3.185 1.6649 -0.27027 1.3129 -0.76468 -1.163 1.7245 -0.1502 0.34748 -1.7361
0.24267 -0.51966 1.7814 -2.4603 -1.4461 0.27277 -2.3147 0.12832 0.036903 -2.0387 1.1948 -0.48551 0.79139 -1.2596 1.8644 1.2337 2.4155 1.203 -0.69976 -1.298 -0.35446 -0.83557 1.0731 1.5997 0.48788 -2.0629 -0.38059 0.042807 -2.3652 2.6127 1.9985 -0.070818 2.4233 -0.51766 -0.47635 1.3886 -0.95112 0.52432 -0.85872
0.053911 0.98381 2.0347 -1.3377 -1.6146 0.33505 -2.6069 -0.35816 0.55664 -0.81956 1.1628 -0.60725 0.054013 -1.3465 1.9144 0.27507 3.1204 1.5829 -0.95658 -0.137 -0.25666 -1.0391 1.3334 0.6436 0.4337 -2.2272 0.22803 -0.78158 -2.5438 1.0665 1.1706 -0.10884 2.5598 -0.33383 0.17391 0.731 -1.5123 0.33614 0.20547
-0.36742 1.1621 1.9677 0.22795 -0.2453 -0.15327 -2.2963 -0.71764 -0.014339 -0.0035401 1.0884 1.4406 -0.8068 -0.99926 1.2691 -1.0454 3.1919 2.033 -0.70974 1.1128 -0.6159 0.11476 1.7361 -0.33474 1.1667 -1.7675 0.79794 -1.6673 -1.8058 -0.77063 -0.38942 -0.4078 1.9399 -0.4349 0.95875 -0.15605 -1.5734 0.40755 1.4147
-1.1219 0.63718 1.2436 0.96408 1.3562 0.25842 -0.80806 0.08417 -1.4113 -0.3293 1.4248 0.34564 -0.92359 -0.45528 0.84353 -1.4642 2.6207 1.4919 -1.0211 1.5253 -0.87219 0.24025 1.5739 -0.87249 1.1774 -1.338 1.1526 -2.0514 -0.7298 -2.2914 -1.6733 -0.61472 1.0017 -0.24363 1.2414 -0.84749 -0.52545 -0.26594 2.2841
-0.80762 1.3223 0.96787 0.64223 0.41122 -0.37948 -0.82506 0.2497 0.17649 0.31159 0.64302 -0.58466 -0.9658 -0.30648 -0.45746 -1.1745 1.1877 0.40543 -1.4554 1.9368 -0.99394 0.56238 0.59423 -0.83383 1.0283 -0.080145 1.4838 -1.825 0.25403 -3.0734 -2.5535 -0.53805 -0.40179 0.5018 0.63689 -1.1338 0.33398 -0.84266 2.395
-0.076145 0.81249 0.071649 0.8135 -0.13055 -0.69064 -0.70489 -1.2059 1.0115 1.4784 -0.57243 0.93818 -0.68498 0.32977 -0.73875 -0.98422 -0.26581 -1.1386 -1.7801 1.5531 -0.61344 1.3786 0.078284 -0.16384 -0.027991 0.85136 1.6285 -1.5719 0.46365 -2.9107 -1.9823 0.16955 -1.1672 1.3382 -0.064751 -1.1083 0.85697 -1.1437 1.9884
-0.2908 1.123 0.60718 0.68837 0.060013 -1.0713 -0.93728 -1.5295 0.15144 -0.15087 0.55755 1.6542 -1.0122 1.2135 -1.0677 -0.8226 -1.2496 -2.0326 -1.3752 0.26309 0.27353 0.8955 0.050187 0.0046012 0.0027139 1.2506 1.613 -0.82651 -0.013937 -1.9498 -0.7992 1.2554 -1.3403 2.0003 -1.0706 -0.85679 1.16 -1.3796 0.94982
-0.86145 0.089119 1.0707 0.55257 -0.57409 -1.7272 0.43194 -1.557 0.77782 0.02132 0.32413 1.2302 -0.027248 1.6446 -1.5449 -0.79676 -1.734 -1.4723 -0.70942 -0.075816 1.2683 -0.075431 -0.53369 0.46727 -0.72163 1.4104 1.1365 -0.65346 -0.93013 -0.75155 0.66495 2.2678 -0.70344 1.863 -1.7253 -0.44886 0.93985 -1.2023 0.27525
-0.15479 0.20312 0.30576 0.023209 -0.88657 -2.2528 0.10722 -0.35814 1.341 0.11416 1.4526 0.032073 0.1095 1.8687 -1.4689 -1.2921 -1.8125 -1.1301 0.50437 -0.048973 2.2293 -1.0087 -0.94554 1.2268 -1.5421 1.2685 0.27896 -0.26099 -1.6612 0.41109 1.9785 2.4168 0.021995 0.73348 -1.8408 -0.33753 0.33164 -1.1919 -0.14773
0.75533 -0.38439 -0.23611 -0.76709 -1.2936 -0.97399 -1.2598 1.2425 -0.29006 0.42279 0.55526 -0.17003 0.3404 1.9966 -1.6557 -2.4371 -1.4255 -0.22209 1.7736 0.24193 2.2845 -1.3661 -0.40388 1.1529 -1.7929 1.3108 -0.53448 -0.0058317 -1.0843 1.3649 2.3701 1.858 0.49168 -0.75826 -1.4693 -0.11896 -0.43644 -0.48395 -0.2581
1.3713 -0.4784 -0.26515 -1.1831 -1.1469 -1.2634 -0.94917 1.0656 0.48442 -0.23732 0.57042 -0.85517 0.45766 1.5233 -1.4564 -3.0176 -0.61994 1.4644 2.1709 0.15554 1.2705 -2.4029 -0.75848 0.35069 -1.9768 1.0416 -1.2973 0.093839 0.24058 1.843 2.2833 0.51928 0.63603 -1.7612 -0.82081 -0.0088962 -0.79456 0.069924 -0.27306
1.4338 -0.7245 -1.398 -0.74082 -1.1159 0.19926 -0.22391 1.097 -0.92385 -0.67843 1.9749 -0.21984 0.44407 0.87203 -1.5573 -1.9015 0.27905 2.1738 2.1419 0.85642 0.12173 -2.5284 -0.90712 0.029649 -1.5024 1.0752 -1.6778 0.38146 1.9029 1.5874 1.3065 -0.32219 0.31917 -1.6388 -0.27467 0.11871 -0.61274 0.17389 -0.41027
1.0431 -1.2209 -2.2352 -0.59398 0.12107 0.92029 0.35745 1.3149 -1.2278 -0.44268 2.223 -0.91515 0.86337 0.14363 -1.3532 -1.1216 0.85963 2.4333 1.3623 0.98045 -0.42039 -2.192 -0.74023 0.18324 -1.4986 0.91189 -1.5693 0.67539 2.9539 0.65162 -0.26751 -0.46079 -0.07937 -1.0054 1.0823 0.8931 -0.41166 0.49181 -0.54294
0.68747 -1.5871 -2.6376 -0.14451 1.3595 0.18369 0.24812 0.21964 -2.2151 -0.90481 0.060783 -2.3452 1.2683 -0.27022 -1.0489 0.072 0.86988 2.0064 1.559 0.50286 -0.34411 -2.0691 -0.1885 0.0018126 -1.6204 0.66532 -1.1731 1.2212 2.7436 -0.3372 -1.6115 -0.11561 -0.48363 -0.50178 2.1628 1.4052 -0.44566 0.91532 -0.99207
1.474 -1.6762 -1.0899 -0.073276 0.87011 0.6055 0.43123 0.54068 -1.9778 -0.92745 1.2551 -1.7108 1.2475 -0.67137 -0.54778 1.3613 0.32892 0.96065 1.5699 0.17146 -0.64116 -0.33106 0.75018 -0.46059 -0.82495 0.30812 -0.77524 1.633 1.9375 -0.88845 -2.4863 0.39982 -0.29781 -0.28721 2.7077 1.4242 -0.20876 1.6281 -1.3877
1.18 -1.8434 -1.4335 -0.148 0.95421 0.5507 -0.31837 0.98463 -2.7042 -0.66549 1.0953 -2.0961 1.1439 -0.78932 0.13938 1.8408 -0.10376 -0.49549 1.8269 0.25382 -0.85551 1.1513 1.3025 -0.54288 0.16116 -0.3335 -0.61668 2.1151 0.32648 -0.51783 -2.4411 -0.51499 0.10748 -0.42817 2.3395 0.93969 -0.37363 1.7412 -1.6897
0.94247 -1.5541 -0.49907 -0.17574 0.86862 1.7745 0.12938 0.66719 -2.3137 -0.48063 1.4425 -2.8035 1.0345 -0.96569 0.85869 1.514 -0.35673 -1.5557 2.0346 0.48684 -0.80195 1.972 1.5095 0.043696 1.1384 -0.97947 -0.48541 2.2927 -0.79305 0.45435 -1.1033 -1.562 0.19031 0.04487 1.076 0.067556 -0.50487 1.2576 -1.731
0.20499 -1.4489 -0.36476 -0.41396 0.2739 2.6969 0.47789 -0.11524 -0.72225 0.9593 1.1056 -0.81406 0.91514 -1.213 1.8813 0.59 0.21884 -1.8806 0.32713 0.57544 -1.1968 1.7668 1.3987 -0.99805 1.1681 -1.6009 -0.39946 1.8542 -1.07 1.1056 0.53087 -2.5031 -0.14502 0.88679 -0.50084 -0.61311 -0.46304 0.69122 -1.3456
0.21105 -1.0948 -0.43748 -0.55283 -0.036311 2.5698 0.83463 -0.36763 0.23091 1.0866 0.23983 -1.2414 0.58591 -1.3185 2.5194 0.54801 1.0344 -0.68672 -0.74645 0.41429 -0.41075 1.6492 0.818 -1.2481 1.4055 -2.0393 -0.24096 0.97645 -0.38315 1.3163 1.5934 -2.784 -0.56447 1.5299 -1.5058 -1.118 -0.29868 -0.39282 -0.74514
0.22571 -0.49591 -0.54456 -0.36317 -0.60941 2.2976 0.7211 -0.55326 -0.3301 0.59239 0.78854 -0.67382 0.066478 -1.3207 2.4946 0.38215 1.3138 0.15662 -1.7063 -0.0081852 0.77574 0.23185 0.3196 -0.82686 1.5478 -2.122 -0.14732 -0.34314 0.48033 0.7013 1.6936 -1.6318 -0.58656 1.7725 -1.7398 -1.2491 0.50906 -0.70137 0.078055
0.3077 0.8038 -0.58736 0.60266 -1.1737 -0.1734 0.69209 -0.70848 -0.8096 0.84666 -0.35576 -0.70463 -0.69602 -1.3408 2.2315 0.92355 1.6121 0.74025 -2.427 -0.39766 1.3884 -0.48854 -0.35104 -0.63695 0.14572 -2.005 0.071012 -1.3418 0.57664 -0.24364 0.89314 -0.49892 -0.2824 0.9378 -1.1958 -0.84342 0.74209 -0.84806 0.92762
-0.6282 0.99717 -0.27941 1.1877 1.3826 0.44005 0.084062 1.1688 -0.47874 0.41506 -0.36139 -0.56146 -1.0012 -1.4661 1.4403 1.2759 1.2693 0.93053 -2.0366 -0.24113 1.5895 -0.89224 -0.69509 -0.25331 0.33399 -1.4888 0.35689 -1.9251 0.20381 -0.96345 0.2226 0.89473 0.017309 -0.34194 0.072866 -0.33553 0.99892 -0.65415 1.4835
-0.76239 0.86603 0.21181 0.74492 0.80694 0.69039 0.43219 1.6728 -1.665 0.69639 0.77587 0.13288 -0.98768 -1.126 0.7479 1.1497 0.58752 0.77257 -1.549 -0.055097 1.1163 -0.35437 -0.49205 -0.0098613 0.23405 -0.76593 0.84733 -1.6871 -0.58451 -1.1723 -0.56893 1.5232 0.075791 -1.5751 0.84922 0.14747 0.85135 0.095117 1.5025
-1.1234 0.93548 0.86809 1.1133 0.40203 -0.40643 0.15302 1.055 -0.41578 0.52066 -0.29768 -1.4703 -1.2013 -0.80532 -0.063349 0.64062 -0.020544 0.58068 -0.36208 -0.13795 0.15968 0.30967 -0.3494 0.90774 0.14082 -0.19583 1.0064 -0.90789 -0.86979 -0.60237 -0.60281 1.5245 -0.25588 -1.9655 1.0796 0.059881 0.080772 -0.04553 1.0647
-1.0064 0.63311 0.78296 0.70907 0.32775 -0.093288 0.81528 1.3162 -1.2583 -0.33884 -0.0062654 -0.29116 -1.0859 -0.18557 0.092073 0.18119 0.010673 -0.30432 -0.24059 -0.28531 -1.2371 0.7141 -0.23833 0.53007 0.4851 -0.073101 0.74027 -0.23831 -0.69288 -0.17459 -0.28379 1.2903 -0.50439 -1.2385 0.41899 0.084882 -0.25866 0.14194 0.51277
-0.63246 1.0406 0.34642 0.65972 0.12921 -0.65553 0.51258 0.63686 -0.78494 0.27587 0.4719 -0.16099 -0.95073 -0.17088 0.21405 0.18214 0.40208 0.17843 0.3354 -0.65638 -1.3935 0.86928 -0.72229 -0.34539 0.14987 -0.0095411 0.49939 0.22651 -0.17658 0.23686 0.10888 0.29096 -0.65871 -0.091266 0.041865 0.42257 -0.78043 0.099368 0.11618
-0.96606 0.73057 0.017579 0.94346 0.88713 0.061084 0.0054855 0.14904 -0.11783 0.53025 1.287 -0.54329 -1.0389 -0.14592 0.20409 0.12217 0.039249 0.3521 0.66628 -0.84644 -0.74099 0.25023 -0.15289 0.10318 0.57264 0.017662 0.13343 -0.030585 0.12047 0.18237 0.29177 -0.31536 -0.45407 0.92251 -0.093491 0.80743 -0.56789 -0.055546 0.041807
-0.96761 1.2225 0.35713 1.2395 0.88431 0.43368 -0.32659 -0.38457 0.062043 0.10026 0.15574 0.47316 -1.1769 0.048342 0.27317 0.35092 0.41566 0.45424 -0.22413 -1.231 -0.31438 0.62027 0.47725 -0.45519 0.34894 -0.046355 0.31068 -0.24252 0.11489 -0.033087 -0.27247 -0.95536 0.12303 0.98592 -0.19778 1.2394 0.0022002 0.13608 0.067559
-1.1665 1.0414 1.1426 1.3186 0.63672 0.74656 -0.31394 -0.033314 -0.59759 -0.89695 -0.75125 -0.77245 -1.0342 -0.065496 0.013861 0.31701 0.3501 0.14304 -0.56625 -0.94323 0.12511 0.62808 0.84804 -0.55847 0.3055 0.012285 0.59371 -0.38369 0.0042411 -0.06831 -0.46108 -0.85319 0.56858 0.55804 -0.094581 0.8265 0.45276 0.054687 0.1046
-1.1496 0.98316 0.84499 0.59792 0.59635 0.014231 -0.53979 0.68504 -0.63678 0.63422 0.48833 -0.15406 -1.1272 0.33041 -0.10316 0.2948 0.18051 -0.3149 -0.91706 -0.34516 0.20834 0.24701 1.3801 0.0032676 0.614 0.1044 0.47108 -0.42598 -0.27935 -0.22487 -0.37305 0.01742 0.84591 0.073821 0.055272 0.40915 0.93833 0.52145 0.10246
-0.51141 1.0781 0.73362 1.3855 0.9366 -1.2436 -0.89015 0.67932 0.060383 0.98296 -0.37085 0.51088 -1.0491 0.75247 -0.26233 0.15938 0.023271 -0.25668 -0.65431 -0.093877 0.1345 0.22401 1.1223 0.80956 0.59626 0.11723 0.24387 -0.1667 -0.24326 0.039959 -0.17179 0.83172 0.85707 -0.52768 0.20267 -0.6276 0.40544 0.22775 0.022067
-0.9837 0.91186 0.29958 1.2214 0.46594 -0.82014 -0.74299 0.23431 0.60267 1.706 0.20812 -0.016967 -0.93667 0.46305 -0.31589 -0.076115 0.1459 -0.15466 -0.12865 0.12035 -0.19857 0.92962 1.181 0.7855 1.3599 0.07243 -0.51254 -0.12414 -0.21251 -0.16311 -0.20553 1.6509 1.0001 -0.73468 -0.049845 -1.4646 -0.23379 -0.36762 -0.1085
-0.61403 0.72874 0.74288 1.2712 0.51121 -0.3305 -0.22277 -0.0093323 -0.20235 1.9269 1.0915 0.65052 -1.0083 0.29217 -0.16201 0.062151 0.44106 -0.32383 0.69833 0.62339 -0.81342 0.70901 -0.41176 -0.11037 0.45955 0.061311 -1.0307 -0.029724 -0.09398 -0.55852 -0.2077 1.4539 0.76989 -0.47325 -0.53885 -1.8205 -0.76703 -0.80263 -0.14585
-0.11893 0.95901 1.0968 1.1188 0.56191 0.075731 -0.50253 0.077964 -0.16635 0.38051 0.74424 0.73586 -1.0494 -0.34617 -0.36252 -0.041051 -0.34336 -0.73881 1.6824 1.395 -0.89416 -0.11276 -0.98842 0.00035908 -0.066437 -0.059096 -0.68991 -0.2494 -0.42248 -1.0434 -0.053229 0.67655 0.091567 0.23184 -0.78996 -1.4217 -0.64508 -1.2298 0.18655
-1.0358 0.57762 0.81227 1.2853 0.53653 0.12091 -0.30505 0.19181 1.0657 1.6083 0.26187 1.4713 -0.97014 -0.66117 -0.28619 -0.027377 -0.80384 -0.42665 1.3271 0.88566 -0.54544 -0.41683 -1.684 -0.34694 -0.37153 -0.072677 0.051066 -1.0523 -1.176 -1.5738 0.032301 -0.40233 -0.4602 0.74286 -0.26013 -0.16407 -0.23963 -0.84584 1.1087
-0.59321 0.99384 0.63214 1.5049 0.26003 0.21503 0.2772 -0.7083 0.38813 -0.23387 -0.39367 -0.079447 -1.0323 -0.27904 -0.67795 -0.79712 -1.2314 -0.2414 0.90948 0.18617 0.11963 -0.20599 -1.2275 -0.39688 -0.82087 0.45528 1.4801 -1.302 -1.2428 -1.473 0.23212 -1.1426 -0.63491 0.97182 0.29551 0.35808 -0.54762 -0.51243 1.85
-1.2139 0.38985 0.39658 0.58882 -0.25647 1.3352 1.3259 -0.70856 -0.45879 0.20638 0.26675 0.12445 -1.0998 0.34339 -1.8063 -1.6939 -2.1298 -0.53134 0.30771 0.26976 0.20445 0.18909 -0.66783 -0.38652 -0.93678 1.7054 2.1249 -1.39 -0.90938 -1.1131 0.0082947 -1.0583 -0.49028 0.80722 0.70963 0.69038 -0.48504 0.17099 1.9919
-1.5403 0.58562 0.6193 0.11749 0.32127 0.71649 -0.21059 -0.21458 -0.27174 -0.6657 0.34015 -0.1988 -1.0069 1.7504 -1.833 -1.4632 -2.5022 -0.22629 -0.046274 0.37922 0.73621 0.20486 -0.76397 -1.082 -0.84291 2.2278 2.0402 -0.534 -0.031003 -0.097414 -0.21453 -0.85407 -0.34055 0.35485 0.61186 0.15897 -0.88516 0.78607 1.1707
-0.076456 -0.23629 -0.33958 -0.027226 0.51408 0.67798 -0.56996 0.78117 -0.053876 0.38367 0.45333 -0.038809 -0.19111 2.0572 -2.09 -1.3443 -2.3015 -0.44335 -0.26693 -0.23188 0.80611 0.88311 -0.47799 -0.97905 0.044871 2.4609 1.1771 0.48337 0.69273 1.0008 -0.41036 -0.15809 -0.23351 0.016079 0.26467 -0.069559 -0.72492 1.2016 -0.24313
0.13878 -1.7586 -1.3869 -1.3555 -0.39005 0.14833 0.39908 0.0036483 1.1769 -0.12187 -0.51139 -0.22588 1.4221 2.4482 -1.4486 -1.0268 -1.3348 -0.76178 -0.47199 -0.27059 0.52917 0.74348 -1.0125 -1.8903 0.41171 2.0854 -0.66073 1.1058 1.0911 1.4238 -0.2351 0.36114 -0.16162 -0.29438 -0.25329 -0.12258 0.061608 0.94136 -1.3495
1.0543 -0.82518 -0.41068 -1.0831 0.31853 0.27247 1.0324 0.88111 0.81398 -0.20209 -2.1211 -0.18498 1.0081 2.0603 -1.1652 -0.6527 -0.8009 -1.1506 0.22557 0.11115 0.30729 0.47449 -0.71861 -1.4457 1.0498 1.3536 -1.8613 1.5228 1.3614 1.3364 0.55701 0.59908 -0.19716 -0.16797 -1.0598 -0.0095992 0.63729 0.19953 -1.9578
0.81022 -1.3441 -0.74762 -1.0096 -0.67349 0.55016 -0.1961 -0.025571 0.85105 -1.1832 -0.6928 0.21847 1.0799 0.5815 -0.39395 0.17384 -0.53046 -0.39217 0.43739 -0.12533 0.33332 -0.14276 -0.93125 -0.70984 0.71081 0.45633 -2.6626 0.8924 0.87829 0.60206 0.96756 0.37163 -0.40108 -0.16941 -0.99724 0.34164 1.261 -0.35765 -1.4832
0.97755 -0.85164 -0.6474 -0.6917 -0.89157 0.59963 0.23703 0.33421 0.012553 -1.483 -2.3476 0.75896 0.77645 -0.28896 -0.00033834 0.52915 -0.14876 0.51327 0.47796 -0.71195 0.51706 -0.94882 -0.56643 -0.25779 0.36185 -0.095567 -2.1901 0.43283 0.2979 0.11507 1.0991 -0.19283 -0.22484 -0.0019426 -0.43085 0.52475 0.86616 -0.64773 -0.65248
1.0136 -1.3341 -0.65152 -0.97966 -0.71413 1.0781 -0.31287 0.80399 0.7524 -0.64319 -0.92403 1.3442 0.84318 -1.0663 -0.49578 -0.0213 -0.51148 0.40858 0.15244 -0.69333 0.034269 -0.68627 -0.39098 0.097797 0.028235 0.25499 -0.91899 -0.18841 -0.30644 -0.12415 0.49005 -0.32674 0.21784 -0.029753 0.24114 0.75587 0.51875 -0.36628 0.088428
0.34954 -1.2534 -0.43183 -1.3473 0.43881 0.82512 -0.077557 1.1984 0.19548 -0.89063 -0.78419 0.10086 1.0762 -0.97383 -0.36767 -0.012692 -0.59298 0.72717 0.0044686 -0.070238 0.41831 -0.18505 0.097487 -0.071766 0.042015 0.32756 0.21128 -0.095322 -0.43543 0.06996 -0.25605 -0.10918 0.64837 -0.14371 0.4961 0.46246 0.11003 -0.10571 0.21704
0.05476 -1.4799 -0.40565 -1.4428 0.48691 0.56283 -0.27171 0.69089 -0.32488 -1.08 -1.9284 -0.033927 1.2898 -0.69782 -0.52976 -0.11028 -0.54877 0.50192 0.046237 0.015093 0.28581 -0.02023 0.31352 0.26719 0.12482 0.39191 1.1153 0.30684 -0.17936 0.64718 -0.58497 0.45307 0.54803 -0.14718 0.19617 0.28677 0.049313 0.0258 -0.17615
-0.031293 -1.535 -0.76493 -1.4807 -0.14435 0.4828 -0.22385 0.22177 0.12616 -1.3151 -1.6463 0.24983 1.2185 -0.10657 -0.14309 -0.21565 0.00096145 -0.096839 0.3326 0.29634 0.05521 -0.23269 0.035355 -0.105 0.12599 0.20425 1.179 0.34857 -0.15422 0.87715 -0.59147 0.91838 0.33876 -0.25753 -0.18312 0.13661 0.41407 -0.48841 -0.35608
0.15994 -1.5336 -0.78915 -1.3805 -0.24135 0.79147 -0.037009 1.0437 0.74724 -0.9095 -1.0229 1.0938 1.2142 0.45711 -0.07769 -0.24409 0.42735 -0.43254 0.89975 0.27585 -0.12753 -0.25411 0.22124 0.22822 0.080497 0.0088792 0.82521 0.35977 0.023188 0.71302 0.049339 0.80386 0.51376 -0.30239 -0.43401 0.21618 0.36868 -1.0506 -0.37399
0.49716 -1.623 -0.66933 -1.3519 -0.089305 0.98182 0.14234 1.1632 -0.011461 -0.4433 -1.4529 1.1291 1.1726 0.5178 0.0082819 -0.2244 0.59488 -0.072359 1.4076 0.51379 0.050021 -0.47012 0.40611 0.80454 -0.94345 -0.098045 0.16667 0.11126 0.038488 0.13181 0.56545 0.073737 0.55986 -0.5663 -0.50256 0.46508 0.35039 -1.1571 -0.26745
0.70194 -1.3416 -0.79175 -0.98186 -0.27962 1.5594 0.079182 0.86256 0.048529 -0.89647 -1.0499 0.53817 1.1653 0.43668 0.015752 -0.062353 0.51607 0.5666 1.1126 0.98709 -0.38073 -0.83957 0.5595 0.57678 -1.5527 -0.10486 -0.33604 0.1253 -0.055554 -0.14472 0.65126 -0.64518 0.60748 -0.75912 -0.2977 0.65717 0.27631 -0.64695 -0.26677
0.51551 -1.4652 -0.68713 -0.9162 0.16374 1.8149 0.14135 0.51826 -0.5358 -0.78824 -0.97784 -0.41515 1.1924 0.19181 0.0049349 -0.23518 0.20605 0.56271 0.38881 1.1179 -1.0412 -1.0245 0.82583 0.4478 -1.498 -0.20362 -0.55086 0.17137 -0.30173 -0.095346 0.19681 -0.99039 0.47398 -0.80871 0.049842 0.98699 0.292 0.48077 -0.44054
0.38559 -1.5778 -0.89979 -0.86977 0.17824 2.2767 0.50867 0.69487 -0.62003 -0.50893 -0.65235 -1.4279 1.1535 0.023883 0.14284 -0.33814 0.34198 0.58898 0.15267 1.2507 -1.2097 -0.62376 1.3786 0.98277 -0.98961 -0.4019 -0.56001 0.49124 -0.41233 0.14138 -0.42722 -0.84103 -0.0044247 -0.71794 0.10831 0.93471 0.34616 1.2812 -0.69206
0.55123 -1.5314 -0.81822 -1.0258 0.53166 1.4702 1.4453 -0.14313 -0.51143 -0.19927 -0.83541 -0.87449 1.0703 -0.24995 0.24263 -0.633 0.49663 0.30259 -0.050359 1.3795 -1.2673 -0.4823 2.0638 1.2097 -0.15582 -0.71187 -0.49797 0.9636 -0.020691 0.36916 -0.73366 -0.71205 -0.37756 -0.39624 -0.20693 0.13715 -0.065964 1.2693 -0.87148
0.55499 -1.5095 -1.1177 -1.2515 0.22512 1.0036 1.252 -0.30434 -0.79807 0.65916 -0.6319 -0.11868 0.93068 -0.33267 0.74371 -0.61078 0.63854 -0.22569 -0.31091 0.85235 -1.809 -0.89002 1.8968 0.91431 0.56055 -1.0455 -0.48629 1.3036 0.51648 0.45557 -0.93766 -0.5893 -0.8944 0.096317 -0.42129 -1.0048 -0.71863 0.66126 -0.98394
0.62533 -1.2235 -1.0692 -0.50768 0.53216 1.7617 1.4987 -0.48617 -0.73833 1.4138 0.32217 -0.40066 0.6656 -0.511 1.3619 -0.13499 0.76148 -0.59485 -0.76786 0.53204 -1.6077 -1.3442 0.83038 0.36102 0.4858 -1.3851 -0.49325 1.3994 1.1872 0.5833 -0.84298 -0.50152 -1.0399 0.84154 -0.22827 -2.2394 -1.0112 0.3084 -0.90774
0.15203 -1.0726 -1.6896 -0.2212 0.021555 1.899 1.7633 -0.91024 -0.75135 1.861 0.6724 -0.25275 0.34188 -0.70614 1.824 0.35223 1.0786 -0.95496 -0.63474 -0.19255 -0.87177 -1.1037 -0.16451 -0.043381 0.14554 -1.7619 -0.52105 0.95846 1.5366 0.38091 -0.33326 -0.52047 -0.75641 1.5661 0.415 -2.2011 -1.181 0.20835 -0.56421
0.086617 -0.51034 -1.2596 -0.36062 -0.12543 1.317 1.0436 -2.272 -2.1995 1.3375 -0.29494 -0.17554 0.033148 -0.93601 2.1076 1.0429 1.3901 -1.1269 -0.86133 -0.26969 -0.0040793 -0.87395 -1.6857 -0.35784 0.75151 -1.9193 -0.24214 0.26167 1.5183 0.31244 0.43747 -0.41339 -0.53147 1.7939 0.80245 -1.1005 -1.0111 0.18354 0.049238
-0.031343 0.15142 -0.68689 -0.27515 -0.37726 0.4943 1.706 -1.2129 -2.2647 -0.063403 -0.70147 -0.8274 -0.39075 -1.0419 2.0194 1.5921 1.0504 -0.685 -1.2745 -0.32489 0.64198 -0.24927 -1.5439 -1.1187 0.91312 -1.7534 0.026845 -0.44827 1.0511 0.04652 1.2058 -0.20649 -0.16691 1.5815 1.0168 0.42788 -0.44034 0.36679 0.69603
-0.068781 0.54739 -0.3814 0.22544 -0.56056 0.64385 0.9092 -0.84179 -1.3099 -0.035038 -0.7188 -0.18002 -0.93213 -0.77416 1.717 2.0038 1.3707 0.16095 -1.2469 -0.50903 1.3662 -0.06775 -0.84301 -1.1476 0.53427 -1.3096 0.21792 -1.0771 0.056973 -0.31964 1.5122 0.44784 -0.43688 0.43469 0.93999 1.8369 0.55177 0.32926 1.1346
-0.49974 0.85855 0.072094 0.78833 -0.93757 0.44002 1.1208 0.055093 -1.7067 -1.4609 -0.30083 1.5135 -1.1307 -0.74488 1.2539 1.782 1.1745 0.90289 -0.83246 -0.41699 1.728 0.65496 0.29479 -0.53211 1.0791 -0.87496 0.2705 -1.3971 -0.89002 -0.48448 1.4111 1.0082 -0.4409 -0.48797 0.61361 1.7154 1.2849 -0.11405 1.293
-0.64567 0.92737 0.49731 0.5244 0.092079 0.33774 1.3154 -0.1546 -0.91632 0.67403 -1.3669 0.35527 -1.1101 -0.70618 0.64594 1.0529 0.71349 1.2234 -0.18127 -1.1329 0.33083 0.67146 1.2659 0.4862 1.413 -0.41256 0.30731 -1.3861 -1.4987 -0.8681 0.68094 1.1528 -0.23765 -0.97664 0.39378 0.70738 1.4654 -0.42829 1.0967
-0.50896 0.9561 0.70785 1.3101 0.36944 0.0051737 0.74338 0.31076 -1.9404 0.91662 -1.2887 -0.26191 -0.94857 -0.60503 0.16135 0.45275 0.44901 1.716 0.1998 -0.93061 0.10103 0.68133 1.0148 0.69504 0.26832 0.016248 0.32594 -1.0136 -1.3191 -0.65368 -0.26833 0.67026 0.19152 -0.87459 -0.20766 -0.72349 0.98278 -0.83776 0.67278
-0.65857 1.1793 0.91479 0.60629 0.8078 0.027108 0.7048 0.33959 -1.2185 1.1268 -0.88812 1.5545 -1.0711 -0.30851 -0.11139 -0.051781 0.069262 1.1557 0.52953 -0.7444 0.095374 0.7496 0.27082 1.2372 0.06088 0.12557 0.36645 -0.4947 -0.75021 -0.61073 -0.89184 0.095237 0.59291 -0.26734 -0.073466 -1.225 0.013775 -1.325 0.18816
-0.82563 0.90826 0.23873 0.59231 0.5033 0.66264 -0.3443 -1.3228 -0.8856 1.2092 0.75951 1.6048 -1.0817 -0.37537 -0.10302 -0.059735 0.24279 0.34756 0.15223 -0.20504 -0.024359 0.16145 -0.77051 1.1076 -0.001039 0.007812 0.47968 -0.073271 -0.24911 -0.33089 -1.1585 -0.45108 0.59178 -0.028804 -0.22452 -0.69644 -0.55634 -1.7553 -0.035033
-0.86698 0.7305 0.2213 1.149 1.3601 0.98968 0.19167 0.16621 -0.3743 0.31483 -0.11128 -0.082083 -0.94711 -0.18139 -0.066952 -0.051781 -0.35506 0.011012 0.04757 -0.24925 -0.20204 0.76367 -0.46859 0.32131 -1.2527 -0.089725 0.34072 0.16602 0.10369 -0.12122 -0.61935 -0.53865 0.4425 0.19662 -0.43306 0.20974 -0.70681 -1.4092 -0.05672
-0.76576 0.79358 0.29973 0.74929 0.27838 0.85051 0.71639 0.62738 -0.89798 -0.69334 0.83512 1.2995 -0.97218 0.17023 0.017232 0.0018175 0.025075 -0.16747 -0.43254 0.065858 0.15484 0.18384 -0.12098 0.033105 -2.7974 0.05876 0.19715 0.13286 0.12316 -0.10945 -0.20588 -0.54207 -0.2593 0.14079 -0.21707 1.082 -0.20658 -0.34805 -0.0085754
-1.037 0.98886 0.87259 1.1672 0.61245 -0.25316 1.0937 -0.33133 -1.5722 0.32679 -0.66842 -0.15535 -1.1198 0.013054 0.11721 0.10718 -0.056695 0.087953 -0.22427 0.051709 0.38402 -0.1976 0.36376 0.34809 -1.5216 -0.0023262 -0.098832 -0.05066 0.15279 0.24855 -0.090186 -0.60467 -0.57452 -0.016626 -0.079618 0.84141 0.37833 1.057 0.021761
-0.58112 0.9926 0.60291 0.25983 0.60947 0.20911 -0.37082 -0.30884 -0.15014 1.0647 -0.80099 -1.7014 -1.1081 -0.13081 0.036725 0.085892 -0.11867 -0.14913 -0.76479 -0.89303 -0.056323 0.16753 1.0821 0.6868 -0.57343 -0.055532 -0.11075 -0.20999 0.01963 0.19875 -0.4026 0.028622 -0.48267 -0.060171 0.40615 -0.048273 0.35042 2.079 -0.028393
-0.4757 1.0664 0.44476 0.88068 0.69813 -0.15732 0.56629 0.20281 -0.94331 0.97313 0.36917 -2.1882 -0.89044 -0.20979 -0.1598 0.18509 0.18968 -0.2138 -0.9628 -0.96715 -0.16579 0.59094 0.68814 0.77847 -0.060647 -6.4186e-05 0.1564 -0.25052 -0.087646 0.63761 -0.53765 0.18466 -0.047123 -0.057803 0.10935 -1.0152 -0.38754 2.0293 -0.013165
-1.1242 0.83528 0.18022 0.84628 1.0083 1.1655 -0.11615 -0.15434 -1.1683 1.0168 1.7024 0.75518 -1.076 0.081759 -0.20078 -4.067e-05 0.27945 -0.88731 0.010287 -0.42981 0.26902 0.64653 -0.41305 0.54506 0.96609 0.0039112 0.47691 -0.070291 -0.15974 0.5239 -0.27568 0.3339 0.31933 0.14477 -0.091816 -1.4395 -1.1988 1.263 -0.03462
-1.0342 0.74295 0.59435 0.98047 0.59001 -0.83207 -0.89832 0.41511 -0.070786 1.39 0.42074 -0.27593 -1.0497 0.17686 -0.1901 -0.007569 0.96172 -0.69687 -0.23023 -0.27327 0.065596 -0.21426 -1.0705 -0.3571 2.0961 -0.059583 0.62273 0.20675 -0.17166 0.089195 0.10848 0.18894 0.51095 0.37189 -0.019991 -0.83504 -1.4955 -0.19579 -0.010652
-0.93902 0.70685 0.96675 1.0327 -0.21155 -1.0666 -0.013201 -0.25831 -0.3619 0.16801 0.93039 0.41892 -1.0275 0.50981 -0.064915 -0.10642 0.49517 -0.51218 -0.45493 -0.56625 0.097415 0.36319 -1.1209 -1.1741 1.0935 -0.090197 0.2449 0.35457 -0.26887 -0.21969 0.91728 0.13152 0.42764 0.4774 -0.095748 -0.21956 -0.8826 -0.99379 0.0025552
-0.4724 0.90708 0.56645 1.1343 -0.39476 0.8258 0.47211 0.19033 -0.41073 -0.11025 -0.69277 -0.16156 -1.1113 0.66666 0.13087 -0.07201 0.24971 -0.20043 -0.34018 0.17592 0.66614 0.67913 -0.75752 -1.395 -0.50494 0.023774 -0.34307 0.36864 -0.008591 -0.56254 1.0976 0.356 0.65792 0.72559 -0.20131 0.63154 0.43486 -1.3762 -0.055596
-0.34465 0.7816 0.23148 1.7697 0.49867 -0.19005 -0.89292 -0.090144 -1.2208 -0.28888 -0.65496 1.5113 -1.0795 0.26265 0.25101 -0.45465 0.21219 0.76131 0.34192 0.24606 0.93633 -0.0155 -1.063 -0.72048 0.17604 -0.038275 -0.93785 0.10053 0.30289 -0.26351 0.79367 0.2107 0.82467 0.15772 -0.70635 0.87249 1.5727 -0.5878 -0.058991
-0.32012 0.92264 0.20256 1.1169 0.45431 -0.75304 -0.52374 0.48111 -0.062524 -0.12722 -0.28803 -0.41416 -1.0239 -0.30815 0.28835 0.15239 0.023775 0.9414 0.091112 0.70308 1.1347 -0.46578 0.21331 0.31527 -0.35514 -0.18603 -0.9289 -0.19285 0.47843 -0.24852 0.072728 0.078728 0.50303 -0.46172 -0.38195 0.73698 1.8061 0.14595 -0.067619
-0.671 0.93354 0.53504 0.97192 0.51429 0.10823 0.29745 1.251 0.49018 0.51828 -0.3781 -0.60526 -1.0319 -0.65774 0.032687 0.33287 0.10101 0.55458 -0.23762 0.90171 0.15977 -0.58426 0.21786 1.1876 -0.202 -0.09162 -0.26061 -0.37307 0.44076 0.01368 -0.38891 -0.14627 -0.15084 -1.0478 0.22298 0.76052 0.95307 0.012485 0.058558
-0.8184 1.0553 0.1196 1.4217 1.2155 -0.40801 -0.25963 1.4156 -0.79581 -1.1798 -0.45314 0.85305 -1.141 -0.51235 -0.08706 0.4045 -0.17314 0.028906 0.12205 0.90637 0.05088 0.13668 0.1387 1.3434 0.035789 -0.070715 0.60085 -0.41059 -0.26894 0.012115 -0.43818 -0.18413 -0.82043 -1.1226 0.55479 0.12783 -0.23963 0.08098 0.22644
-1.1181 1.0962 1.4415 1.1635 0.428 -0.17486 1.5284 1.0205 -1.636 1.1097 1.3246 -0.32137 -1.3483 -0.098769 -0.19764 0.22117 0.33401 0.37553 0.054794 -0.16606 -0.75546 0.14889 0.56094 0.72019 0.046302 -0.00015383 0.93655 -0.18612 -0.45189 -0.16507 -0.39692 -0.061955 -0.75461 -0.44252 0.90928 -0.11266 -1.0619 -0.27555 0.24115
-0.89944 0.71163 0.41091 1.632 0.41698 0.1978 0.62753 -0.47736 -1.092 -0.18394 0.59024 0.19458 -1.0519 0.46436 -0.29723 -0.2787 -0.072356 0.085596 -0.40148 -0.47516 -0.79839 0.34218 0.28564 0.074233 -0.26679 0.15266 0.66336 0.058576 -0.49992 -0.20521 0.030755 -0.23958 -0.64291 0.16705 0.68247 -0.49585 -1.3187 -0.28205 0.18772
-0.67268 0.7016 0.55101 1.0652 0.61953 -0.49771 -0.20355 0.76879 0.44411 -0.11649 1.0791 1.0741 -1.0774 0.49648 -0.17779 -0.14472 -0.26812 -0.33257 -0.081084 0.018136 -0.37883 1.2449 -0.12213 -0.32742 -0.6022 0.2064 0.039645 0.30222 -0.11946 -0.42661 -0.21674 -0.036082 0.31307 0.90353 0.024161 -0.33758 -0.89752 -0.049028 -0.013585
-0.45697 0.81764 0.5045 1.5983 1.3447 -0.45654 -0.81631 -0.20861 0.36175 1.2352 -0.078479 -1.2286 -1.0213 0.35199 0.0073617 -0.31896 -0.26763 0.42091 -0.26586 -0.52625 0.17875 1.036 -0.59951 -0.80559 -0.2054 0.14387 -0.60221 0.34129 0.47185 -0.0024411 -0.3637 0.24154 0.46655 0.66359 -0.80565 0.17717 -0.36934 0.45274 -0.17153
-0.27461 0.66224 0.028195 0.77074 0.53408 -0.58942 0.28151 0.68047 -0.28531 -0.024306 -0.42516 -0.26388 -0.93149 0.022112 0.17251 0.025801 -0.38763 -0.27312 -0.067179 0.52012 0.61796 -0.15717 0.25966 -0.65479 -0.050492 -0.024016 -0.6534 0.22342 0.55899 0.10492 -0.42799 0.28804 0.16086 0.34519 -1.138 0.12034 -0.099327 1.0805 -0.16023
-0.68817 0.97239 0.73998 1.2269 0.24868 -0.09663 1.0996 0.74441 0.35236 -1.1454 0.1817 -0.0065216 -1.0641 -0.36294 0.11711 0.49436 -0.020088 -0.73328 0.085405 0.25576 0.061585 -0.68883 0.44331 -0.50108 0.46647 -0.031949 -0.46313 0.16458 0.54162 0.16819 -0.24234 0.40098 -0.084891 -0.26629 -0.90331 0.11406 0.11206 0.8516 -0.087056
-0.79553 0.94642 0.77225 1.0648 1.3452 -0.50858 -0.017091 0.66168 -0.2492 0.40919 0.3016 -0.19177 -1.1338 -0.3006 0.15455 0.46518 -0.19391 -0.67944 0.32891 -0.030862 0.36983 -0.33484 -0.41557 -0.66865 1.4162 0.013915 -0.21411 0.019637 0.13631 -0.059177 0.24203 0.31533 -0.41728 -0.56321 -0.59901 -0.44296 -0.010681 0.42701 0.039012
-0.70136 0.81803 0.22068 1.0736 -0.18073 -0.069629 0.94013 0.67506 -0.95687 0.85997 -0.44626 0.51062 -1.04 -0.30646 0.30259 0.44637 -0.045423 0.089393 0.34465 -0.42318 -0.29053 -0.81588 -0.047269 -0.55703 0.92508 -0.02968 0.062274 -0.040571 -0.38816 -0.32387 0.10698 0.24379 0.084728 -0.34874 -0.30531 -0.75048 0.031428 -0.15491 0.014789
-0.94712 0.82373 1.4248 1.2946 0.054243 -0.6256 -0.74126 0.35278 -0.10488 0.99859 -0.051026 0.87117 -1.0514 -0.38784 0.1173 0.29879 -0.49104 -0.20349 0.44269 -0.0086146 -0.42255 -1.3842 -0.46256 -0.63522 0.67419 0.037024 0.14445 -0.15454 -0.55065 -0.11113 0.22095 -0.10147 0.2238 -0.27987 -0.13139 -0.41953 0.73141 -0.81864 -0.025194
-0.50999 1.0489 0.62328 0.96558 0.59326 0.21302 -0.13505 0.88227 -0.015204 -1.0167 -1.6169 0.8458 -0.92271 -0.21481 0.06995 -0.12589 -0.49418 -0.77347 0.5268 0.42728 -0.30864 -0.82721 -1.1533 -0.44042 0.54449 -0.022977 0.36003 -0.29043 -0.80805 0.17361 0.35275 -0.18841 0.38009 0.035096 0.29341 0.095405 1.044 -0.90995 -0.0078582
-0.85852 1.2177 0.72922 0.80051 0.91132 -0.070257 0.48815 0.078763 -1.7639 -0.38862 -0.36357 0.771 -1.1031 -0.097347 0.0095052 -0.24722 -0.18503 0.18875 0.054602 0.017667 -0.24298 -0.62067 -0.78032 0.77627 -0.10877 -0.037655 0.43138 -0.18522 -0.42478 0.72715 0.58842 -0.58715 -0.21394 0.1795 0.97111 1.2021 0.99434 -0.6997 -0.037797
-1.363 0.93206 1.1927 0.57085 -0.073372 0.40381 1.113 0.1589 -1.788 -0.99401 -0.41008 0.66294 -1.0564 0.17661 -0.13806 -0.74658 0.13101 0.6064 0.18385 0.36459 -0.34109 -0.58156 0.28666 0.87721 -0.59435 -0.010752 0.47772 -0.095272 0.14123 0.75012 0.42793 -0.84937 -0.47398 0.34068 1.3059 1.6788 0.43435 -0.55101 0.1154
-0.74488 0.8676 0.10148 0.69074 -0.3967 0.049366 0.34312 0.44427 -0.84078 -0.43539 -0.6192 0.88685 -1.1438 0.1703 -0.092695 -0.1608 0.5852 0.31386 -0.52775 -0.41982 -0.064014 0.55697 1.3413 0.74476 -0.21677 -0.038977 0.41653 0.12289 0.50862 0.40294 -0.067257 -0.78583 -0.17509 0.45143 1.4938 1.2883 -0.29841 0.069584 0.14723
-0.71443 0.84269 0.42624 1.2891 0.69854 -0.48912 -0.15308 0.34772 -1.1522 0.095362 1.1813 0.31647 -0.99786 0.48673 -0.038607 0.088827 0.5535 0.034729 -0.84154 -0.34088 0.2825 1.3633 1.3214 0.47345 -0.54328 0.17119 -0.1263 0.23774 1.0144 -0.16921 -0.24708 -0.29984 0.049673 0.38156 0.98427 0.15401 -0.39438 0.52314 0.06191
-0.54874 0.81564 0.32278 1.3646 1.5322 0.16073 0.075872 -0.13739 -0.85155 0.9337 0.039778 -0.093478 -1.0044 0.47531 0.17449 0.26016 0.37207 0.30702 -0.96679 0.0091614 0.3583 1.5876 1.409 0.38364 0.053764 0.11961 -0.6081 -0.032243 0.32653 -0.74571 -0.27976 0.84752 0.68138 -0.061159 0.2016 -0.91208 -0.40724 0.60587 -0.069057
-0.6434 1.1697 0.82831 1.415 0.50486 -0.73889 -0.28913 0.85219 0.29291 0.74594 -0.83389 1.0629 -1.0743 -0.20313 0.14013 0.88647 -0.089069 0.065196 -0.17144 0.25936 0.21418 0.99524 0.55223 0.26777 0.43036 0.011496 -0.85437 -0.29738 -0.24213 -0.74515 -0.34371 1.2726 0.5047 -0.47577 -0.24938 -1.1681 -0.098989 0.4372 -0.23431
-0.58006 1.0012 1.0548 1.0211 -0.039389 -1.0822 0.82284 0.46642 -0.37247 0.9581 0.69032 -0.33901 -0.83458 -0.55961 -0.23356 0.034808 -0.52351 -0.31452 0.82719 0.71167 -0.19265 1.1609 -0.23727 0.031417 0.63366 -0.082762 -0.36963 -0.4355 -0.85439 -0.46185 -0.10211 0.95126 -0.099312 -0.73662 -0.83637 -1.169 0.31174 -0.10478 -0.15474
-0.69226 1.0589 0.9075 0.99071 0.3234 -0.75102 0.86682 0.79976 0.65129 1.0181 0.18391 1.3329 -1.0246 -0.50389 -0.34105 -0.23676 -0.42762 -0.40174 0.79051 0.36964 -0.47505 1.0331 -0.36204 0.46127 0.14258 -0.13538 0.34784 -0.16646 -0.98535 0.089042 0.30615 0.25098 -0.72985 -0.81333 -1.2685 -0.76582 0.13151 -0.24038 -0.09517
-1.0904 0.92196 1.2197 0.85793 0.5101 0.27058 -0.044714 0.44634 -0.17945 0.19313 0.3716 1.1948 -1.1602 -0.029613 -0.32841 -0.72834 -0.34537 0.29984 0.447 -0.24859 -0.87762 -0.22899 -0.64219 0.93525 0.0121 -0.077895 0.5385 0.25092 -0.089933 0.43764 0.3198 -0.29756 -0.64136 -0.14485 -1.5519 -0.64092 0.081697 -0.46318 0.033337
-1.2801 0.36704 -0.14515 0.84173 0.88621 1.114 1.0101 -0.42001 0.64205 -0.0064239 0.64837 0.70436 -1.0538 0.13875 -0.094257 -0.5199 -0.010538 0.37342 0.53113 -0.78302 -1.1849 -1.0307 -0.898 0.097091 0.265 -0.15947 0.30579 0.44008 0.50523 0.64868 0.0071552 -0.48171 0.023363 0.80381 -1.0231 -0.37456 -0.35153 -0.5644 0.1159
-0.80315 0.73352 0.44996 1.0468 0.38276 0.071949 0.266 -0.30385 0.95195 0.90788 0.12232 -0.074959 -1.1453 0.061355 0.077446 0.014505 0.10271 -0.058068 0.38658 -0.049267 -0.1762 -1.1335 -1.3569 0.39328 -0.38111 -0.018302 0.069143 0.4925 0.75589 0.48796 -0.38625 -0.39197 0.40721 1.4342 -0.14934 0.46468 -0.24135 -0.51899 0.11549
-0.34694 0.95888 0.17471 0.84088 0.59325 -1.2343 -0.46566 -0.14031 -1.0639 -0.28479 1.3875 1.1092 -0.99212 -0.01648 0.21504 0.31075 0.587 -0.23432 -0.11307 0.32417 0.82692 -0.71135 -0.82701 0.029542 -0.83127 0.029191 -0.036551 0.081299 0.21988 0.23529 -0.13158 -0.30975 0.44848 1.2694 0.34763 1.1566 0.084462 -0.4639 0.16916
-0.66997 0.95071 0.79117 1.0528 0.51373 0.37378 0.012228 -1.2497 -1.7203 -0.38645 0.1417 0.78483 -1.1393 0.16459 0.3659 0.23047 0.28693 -0.23273 0.012453 0.055509 1.0922 -0.7185 0.28105 0.49075 -0.51292 0.021444 -0.13318 -0.21023 -0.28702 0.11563 -0.0061899 -0.054379 0.16532 0.31551 0.74941 1.5519 -0.3416 -0.083849 0.028299
-1.1782 0.98507 1.1007 1.0593 0.32847 0.73521 1.2293 1.4776 -0.077035 -1.4987 0.90706 0.64651 -1.0891 0.017784 -0.095145 -0.22714 0.34484 0.15832 0.12385 0.10866 0.81085 -0.50624 0.71019 0.23376 -0.62419 0.1066 -0.092959 -0.29154 -0.54659 -0.10274 -0.12519 -0.21378 -0.0051347 -0.46849 0.66824 1.0578 -0.35442 0.34604 -0.032522
-1.2288 0.83864 0.85658 1.779 0.42919 0.17406 0.56767 1.3579 -0.27133 -0.1975 0.21615 -0.83681 -1.0852 -0.19511 -0.12438 -0.23633 0.44227 -0.2939 0.17785 0.40983 0.45962 0.35427 1.1406 -0.39131 -0.62536 -0.013251 -0.061874 -0.17299 -0.34569 -0.042842 -0.32407 -0.46332 -0.03473 -1.112 0.26399 0.24358 -0.68188 0.6057 -0.10018
-0.43958 0.97275 -0.29742 0.80991 0.53731 0.39741 0.36731 0.38155 -0.34801 1.7836 1.7747 0.26102 -1.0217 -0.0052112 -0.036267 -0.447 0.30988 -0.49278 -0.6007 0.14154 0.12547 0.1692 0.96062 -0.23803 0.0054233 -0.014278 -0.049476 0.18573 0.18799 -0.20645 -0.49565 -0.3196 0.060072 -0.97524 -0.084076 -0.63916 -0.47145 0.98187 -0.16117
-0.52332 0.57999 0.29451 1.4585 0.74959 -0.71375 -0.24224 0.30481 -1.0514 1.0692 0.30797 -0.31142 -0.95405 0.062193 0.043446 -0.28592 0.2196 -0.61324 -0.52277 -0.028348 -0.93353 -0.50298 0.64535 -0.64898 0.50915 -0.095261 -0.057791 0.20624 0.36846 -0.26494 -0.26466 -0.052706 0.09664 -0.64263 -0.38854 -1.052 -0.18636 0.93846 -0.10255
-1.0186 0.97357 0.50587 1.4617 -0.15049 -0.050832 0.84081 0.23682 -0.7052 0.21156 0.093636 0.62357 -1.1591 -0.20296 0.14349 0.14049 0.058234 -0.74785 -0.13965 0.45878 -0.57393 -0.26801 -0.42606 -0.58439 0.95153 -0.13441 -0.18489 0.13167 0.44012 -0.17217 -0.14109 0.32197 0.26539 -0.23115 -0.14461 -0.89289 -0.16073 0.52656 -0.078402
