39 279
-0.89187 0.77345 0.57743 0.83129 0.75479 0.34737 0.80373 0.19025 -1.4143 -0.67856 0.53532 0.77637 -1.0804 -0.2811 0.097699 -0.29007 -0.095533 -0.52811 0.23523 -0.60665 -0.17335 1.1994 0.11621 -0.29669 -0.020868 -0.060269 0.032039 0.00075246 0.26861 0.028907 0.31131 -0.035485 -0.042879 0.1907 -0.20283 0.15232 -0.18709 -0.11472 0.0069878
-1.1987 0.85424 0.78165 0.86213 -0.28531 -0.15681 0.014729 0.19166 -0.036533 0.79122 0.82455 -0.65563 -1.1249 -0.11189 0.056901 0.002261 -0.0015664 -0.22642 0.3522 -0.81643 -0.062464 1.2983 0.45873 -0.47665 -0.42758 -0.023112 0.055852 -0.080745 0.084379 -0.13312 0.29089 -0.21128 0.08286 0.25211 -0.65575 0.30466 -0.073894 0.44242 0.011945
-1.1706 0.86008 0.33529 0.90008 0.6683 0.25897 0.37292 -0.19414 0.27444 -0.10853 -0.96596 0.36938 -1.1819 -0.31224 0.12063 0.099874 -0.09083 -0.12208 0.099915 -0.58127 0.15621 0.71319 0.22309 -0.61854 -0.059148 -0.065506 0.080545 -0.21461 0.0050865 -0.22014 0.55325 -0.18881 0.31537 0.17678 -1.1719 -0.058772 0.17544 0.86122 0.0068376
-1.1057 0.86687 0.10181 0.59835 0.14994 1.0933 0.0565 0.13551 -0.31491 -1.3051 0.80711 1.4327 -1.1053 -0.17066 -0.055846 -0.31184 -0.34987 -0.21043 -0.11973 -0.45224 0.16596 0.07919 0.65892 -0.31787 0.86326 -0.03599 0.012988 -0.20614 0.015503 -0.14842 0.47865 -0.17866 0.5637 0.14274 -1.4163 -0.45388 0.4618 0.6673 -0.016365
-0.86418 0.78704 0.97592 0.97066 0.75546 0.65332 -0.29314 0.25935 0.19332 0.49164 -0.12518 -0.47893 -1.0721 -0.1139 -0.22554 -0.116 -0.33647 0.44938 0.092778 -0.16564 0.07046 -0.61025 -0.14639 -0.052181 1.0305 -0.040741 0.043961 -0.22035 0.096253 0.19049 0.30088 -0.14006 0.57365 -0.34521 -1.0174 -0.55574 0.15463 0.16739 -0.037191
-1.4974 0.97951 0.7293 0.6587 0.37769 -0.049162 0.27699 0.49138 -0.78523 -0.29838 -0.27194 0.74373 -1.2091 -0.19071 -0.1346 0.14774 -0.15941 0.34119 -0.0026821 0.085917 0.27241 -0.95902 -0.34383 0.14522 0.33924 -0.061343 0.080476 0.0033994 0.016286 0.38788 0.073116 -0.022338 0.40326 -0.6282 -0.22777 -0.63329 -0.0044937 -0.24155 -0.034464
-1.1048 0.6163 -0.2126 0.26907 -0.11703 -0.11023 -0.1218 0.18664 -0.6839 1.1989 0.31255 1.9057 -1.1256 -0.22801 -0.22979 0.066685 0.16847 0.14051 -0.24113 0.27932 -0.5512 -0.87075 -0.47545 -0.56841 0.52156 -0.11363 0.38296 0.12206 -0.076214 0.69874 -0.31467 -0.18259 0.1266 -0.53496 0.63217 0.19156 -0.28201 -0.47694 0.053738
-1.3233 0.57612 0.70799 0.61459 1.0252 0.67871 -0.098908 -0.01861 -0.56318 -0.70857 0.17084 0.6834 -1.2009 0.024087 -0.046494 -0.3641 0.12213 0.078912 -0.003744 0.12078 -0.72615 -0.27828 -0.53837 -0.10102 0.62419 -0.055768 0.45506 0.16885 0.1883 0.70228 -0.071623 -0.076616 0.033272 -0.37576 1.1356 0.54166 -0.39814 -0.36953 0.14913
-1.2901 0.87124 0.61154 0.82137 1.0313 0.79049 0.5785 0.48662 -1.3622 -1.4376 -0.46801 0.74406 -1.2096 0.44234 -0.051815 -0.0032112 0.82986 0.028427 -0.27288 0.069806 -0.45237 0.32081 0.31096 -0.53352 -0.073045 0.048266 0.42252 0.17487 0.11786 0.21678 0.0097638 -0.01274 0.022324 0.24904 1.0234 1.0914 -0.13998 -0.4218 0.23733
-1.2893 0.53447 0.47808 1.0522 0.02155 0.24035 0.16653 -0.88916 -1.251 -0.84651 -0.26866 1.6935 -1.2175 0.26311 0.077212 0.56061 0.82362 0.27572 -0.14455 0.26051 -0.49042 0.74654 0.35388 -0.71234 -0.11122 0.10958 0.4096 -0.36058 -0.27943 -0.59384 -0.14739 -0.15389 0.019746 0.43087 0.7183 1.1525 -0.088546 -0.58488 0.49039
-0.91248 0.91759 0.15546 0.77321 0.76348 0.15837 -0.22053 -0.30267 0.14269 0.64321 -0.12242 0.54843 -1.1379 0.3849 0.019856 -0.1565 0.22153 0.064778 -0.20282 0.25782 -0.17094 0.68859 1.3169 -0.57897 0.037687 0.2036 0.68005 -1.126 -1.0475 -1.9166 -0.68807 -0.097669 -0.26846 0.91214 0.41019 0.81541 0.31762 -0.52852 1.1384
-0.88123 0.7018 0.5506 1.8101 0.18192 -0.67013 0.37954 0.25623 -0.36776 0.75892 -0.92489 1.109 -1.1119 0.76276 -0.72095 -0.83089 -0.68917 -0.19501 -0.3485 0.070086 -0.016155 0.98544 1.3247 -0.29013 -0.60667 0.69113 1.2123 -1.827 -1.1638 -2.5333 -1.4077 -0.28853 -0.72296 0.98995 -0.10958 0.38877 0.26788 -0.79706 1.7999
-1.0813 0.65833 1.1331 1.1093 1.0647 0.69126 0.35186 -0.65879 0.3661 0.25541 -0.5065 1.4035 -1.0176 1.3727 -1.6495 -1.3639 -2.0084 -0.9498 -0.37005 -0.35691 1.0945 1.0187 1.4879 -0.1322 -0.88888 1.6695 1.3133 -1.6937 -0.47439 -2.4054 -1.4279 -0.33447 -0.88853 0.68522 -0.2433 -0.15623 0.31036 -1.1774 2.0672
-0.94271 0.70042 0.027424 0.61343 1.0758 0.61296 0.50179 0.057355 -0.4562 0.32175 -0.76185 0.47019 -1.0076 1.8749 -2.3287 -1.1211 -2.8119 -1.7055 -0.63551 -0.84546 0.81173 0.33554 1.0401 -0.42424 -1.2449 2.3987 0.96666 -0.79452 0.42955 -1.2764 -1.2585 -0.31807 -0.76119 0.39126 -0.36776 -0.54761 0.38277 -1.4057 1.5768
-0.15228 -0.44683 -1.0368 -0.33615 -0.14317 -0.38832 0.28999 -0.031413 0.24434 0.62275 -0.63119 -0.058031 -0.17622 2.1101 -2.1803 -0.93886 -3.2279 -1.7042 -0.72427 -1.0225 0.75905 0.49403 1.0933 0.0858 -1.9955 2.8206 0.10523 0.3775 1.4561 0.35629 -0.42925 0.11604 -0.26545 -0.41472 0.136 -1.1823 0.64805 -1.0148 0.48572
0.59731 -1.5188 -1.2142 -1.7278 -1.4888 -0.6226 -0.98679 1.144 0.99517 2.356 -0.29922 0.38066 1.0396 2.0726 -1.8641 -0.19028 -2.4741 -2.0419 -0.80408 -1.0854 0.92545 0.47366 0.33904 0.34552 -2.8591 2.7632 -0.9709 1.4611 1.8862 1.794 0.56476 0.97714 0.47018 -0.70286 0.78145 -1.5478 0.88416 -0.048869 -0.79336
1.038 -1.4183 -0.133 -1.8766 -0.98414 -0.89149 -1.0887 0.49587 0.046536 1.5852 -1.3766 -1.1626 1.362 1.4546 -1.2107 1.046 -1.512 -1.5366 -0.064537 -0.75296 0.24862 1.206 -0.6695 0.76594 -2.1112 2.3039 -1.69 1.8264 1.663 2.6493 1.0626 1.4856 1.2523 -1.4188 0.82877 -1.6436 0.61054 1.1092 -1.8178
0.84734 -1.0919 -0.024702 -1.7229 -0.85902 -0.77451 -0.33588 0.6216 0.48429 1.4319 -0.39393 -1.4234 1.5756 0.51225 -0.21974 1.609 -0.3099 -0.78338 0.94969 -0.053483 -0.28076 1.5563 -1.3493 0.99786 -1.2979 1.3273 -1.7211 1.4699 0.61664 2.4328 0.99653 1.5344 1.6346 -1.5631 0.71564 -0.51938 0.59764 2.0596 -2.05
0.91817 -1.1723 0.49212 -1.6492 -1.2735 0.038688 -0.93452 0.60927 0.88273 -0.10731 0.10272 -3.0673 1.6031 -0.050465 0.23957 1.4442 0.65293 -0.44566 1.314 0.92223 -1.3737 1.6263 -1.5334 0.96652 -0.58672 0.48966 -0.9688 0.65194 -0.40398 1.8384 0.41847 0.7087 1.5676 -1.0747 -0.24285 0.89929 0.25282 1.9446 -1.643
0.77557 -1.1327 0.64632 -1.4604 -1.3213 0.24478 -0.50399 0.31201 1.9878 -0.24381 0.19733 -1.4401 1.6757 -0.1696 0.020099 0.83228 1.0007 -0.81663 1.5178 1.2874 -1.2792 1.7057 -0.35303 1.4259 0.45569 0.23173 -0.051975 -0.0046163 -0.83428 1.1018 0.10997 -0.52623 1.3446 -0.48001 -1.3159 1.8562 0.11174 1.6395 -0.86978
0.64603 -1.1789 0.64627 -1.1864 -1.6564 0.79877 -0.21736 -0.033357 2.7788 0.17234 0.40887 -1.0053 1.6509 0.10877 -0.17262 0.64561 1.2758 -0.77329 1.0384 1.6558 -1.3208 0.61277 0.66985 1.0328 0.86066 0.096044 0.4896 -0.14659 -0.8321 0.53963 0.44688 -1.6146 0.7607 0.61839 -2.3543 1.6232 0.1208 0.80702 -0.33712
0.7816 -1.2316 0.8532 -0.98823 -1.7378 0.77996 0.40627 -1.038 2.3024 0.73285 0.11711 -1.009 1.6729 0.34003 -0.020643 0.37195 1.4412 -0.41937 0.045352 2.2214 -1.2228 -0.65062 1.3841 1.1593 1.2212 0.066043 0.69708 0.10766 -0.82187 0.37704 1.1021 -2.2552 0.14762 1.5948 -2.655 0.2818 -0.12571 0.34137 -0.26384
0.86451 -1.2844 0.84851 -0.55322 -1.8324 1.132 0.86339 -0.63825 2.0081 1.2436 0.87048 -1.2096 1.6871 0.54378 0.0010126 0.0423 1.4415 0.15276 -1.1328 1.9517 -0.18762 -2.0335 0.94672 1.3128 0.61971 0.0083757 0.56206 0.38774 -1.1754 0.24269 1.3055 -1.905 -1.0586 2.2816 -1.4787 -0.84682 -0.79758 0.15438 -0.57068
1.0569 -1.2921 0.92314 -0.1053 -1.8264 0.58695 1.6227 -0.63213 1.0149 1.5791 1.0526 -1.0316 1.6879 0.8227 0.12551 -0.478 1.6219 0.67819 -1.8397 1.4335 1.2619 -2.4241 0.056976 0.99869 1.2404 -0.16558 0.069674 0.90801 -1.3118 0.017336 1.2874 -1.1194 -2.2744 1.9386 0.060142 -1.2084 -1.944 0.089153 -1.2716
1.2356 -1.0656 0.96127 0.065695 -1.6791 -0.19523 1.9377 -0.90498 0.37653 1.1515 1.5543 -0.73428 1.6976 0.84247 0.44352 -1.2377 1.6378 0.9961 -1.7734 -0.021874 1.8764 -1.5472 -0.47415 -0.53759 1.1439 -0.74422 -1.2026 1.432 -0.58227 -0.11698 1.1581 0.40377 -2.4815 0.43431 0.81404 -1.1126 -2.3404 0.044345 -2.0202
1.2228 -1.1838 0.49173 0.24047 -0.98186 -1.4896 1.7368 0.41959 -0.45525 0.75982 1.5936 -0.34942 1.6529 0.30959 1.3705 -1.565 1.3731 1.4451 -1.8433 -1.248 1.5197 -0.79253 -0.46789 -1.8927 1.1224 -1.69 -2.3648 1.4659 0.41163 -0.35741 0.89679 1.6193 -1.7181 -0.88779 0.84598 -0.51013 -1.6179 -0.80435 -2.2091
1.6451 -1.0556 -0.085509 0.97099 -0.91039 -1.2473 1.5307 1.5561 -0.17757 0.30754 1.0624 0.97456 1.3682 -1.2929 1.9207 -0.55413 1.3442 1.8264 -0.34382 -1.5699 0.54089 -1.2059 -1.1531 -2.0233 0.75304 -2.6179 -2.7911 1.0805 1.2684 -0.86245 0.37019 1.9678 -0.445 -1.7879 0.55581 -0.24434 0.020415 -0.87712 -1.5775
1.6572 -0.62038 -0.79591 1.0942 -0.72402 -0.79858 -0.14426 0.81228 0.85256 0.6684 -1.2884 -0.31893 0.58759 -2.2237 1.9893 -0.0019466 1.0964 1.8571 0.62371 -1.1576 0.22336 -0.88601 -0.70823 -1.5739 -0.17556 -2.9344 -2.1173 0.20457 1.5286 -1.2005 -0.42859 1.6818 0.83623 -1.4977 0.35948 -0.028868 1.4772 -0.70442 -0.31989
0.85276 0.73107 -0.71003 1.0414 -0.053788 -1.6029 -0.46916 0.55056 0.57514 1.1832 -1.1157 0.073682 -0.44165 -2.7461 2.0526 0.48635 0.15726 1.4512 0.85693 -0.93525 -0.92711 -0.38529 -0.90385 -0.68767 0.036908 -2.7677 -0.7437 -0.70396 1.0021 -1.1854 -0.93709 0.53531 1.5233 -0.41225 0.39106 -0.047253 2.1412 0.32769 1.0939
-1.0934 0.77814 1.383 1.5992 0.50429 0.55244 0.53102 -0.65905 -2.1946 -0.75903 -0.16945 -0.034343 -1.1339 -2.6475 1.6687 0.93268 -0.28592 0.87873 0.85758 0.07933 -0.63535 -0.48923 -0.69262 0.40531 0.067514 -2.1504 0.41579 -1.6546 0.80935 -0.72653 -1.138 -0.18916 1.0696 0.23368 0.60492 -0.4777 1.5419 0.69618 2.1284
-0.83492 0.61019 0.56776 1.2911 0.60361 -0.072836 0.95209 0.60797 -0.6477 0.43278 0.35961 -1.0639 -1.0006 -2.3764 0.83304 0.95946 -0.1889 0.66086 0.5852 0.80378 0.18606 -0.62608 -1.2994 1.3003 1.2686 -1.1725 1.4142 -2.1252 0.37385 -0.19756 -0.97817 -0.82012 0.076403 0.81643 1.4704 -0.21322 0.33216 -0.0060502 2.5944
-0.99387 0.93251 0.27396 0.1764 0.38103 -0.84959 -0.091012 -0.22987 0.049686 -0.6865 0.30237 0.94465 -1.0603 -1.6878 -0.33572 1.3628 -0.094709 0.24164 0.38046 0.075157 0.13511 0.45007 -1.5475 0.52919 0.5776 -0.15857 1.8672 -1.6924 -0.042892 0.15432 -0.51824 -0.75813 -0.90119 0.33701 1.6506 -0.2668 -1.1027 -0.49177 2.0511
-0.6404 0.95227 0.58912 0.95039 -0.18103 0.15146 1.1667 1.0255 -0.28905 0.053481 0.23142 0.60612 -1.1281 -0.76923 -0.71503 1.0147 -0.3111 0.042279 -0.52476 -0.77873 0.28601 2.1312 -0.96133 -0.10768 -0.24393 0.59186 1.9629 -0.77351 -0.43144 0.59396 -0.16736 -0.31085 -0.90676 -0.14982 0.84274 0.84677 -1.1376 -1.5062 0.99563
-1.5247 0.68095 0.57367 1.2697 0.66981 -0.21945 0.64132 0.73898 -0.67676 -1.2486 0.10375 1.6374 -1.0417 -0.20664 -0.5591 0.82755 0.061917 0.27529 -0.085764 -0.89231 -0.016617 1.4868 -1.4584 -1.1606 -0.16678 0.41116 1.5776 0.15783 -0.9957 0.69884 0.10567 0.14732 -0.059691 -0.38874 -0.7522 1.3837 -0.19093 -0.90722 0.037661
-1.8718 0.080637 2.4743 1.1995 0.56245 -0.32773 -0.47778 -0.23306 0.46915 -1.5163 -0.29482 -0.42282 -0.74074 0.29385 -0.4266 0.3842 0.84351 0.35291 0.19981 -0.48631 -0.013372 0.55771 0.38388 -0.19564 -1.3648 0.21505 1.384 0.43039 -1.8803 0.26955 -0.46501 0.68819 0.94341 -0.33625 -1.8661 1.7342 0.29646 -0.53879 -0.39941
-1.5756 -0.068175 1.9858 0.69739 0.51868 -0.62444 -0.4192 0.15884 2.0508 -1.2282 0.064959 -1.2573 -0.27438 0.52141 -0.19868 -0.27632 0.63527 0.27891 0.30093 -0.18354 -0.45379 -0.32374 0.62867 0.15356 -0.67772 0.09465 1.4934 -0.39277 -2.9001 -0.60399 -1.0421 0.52992 1.1646 -0.055336 -1.7423 1.4733 0.33886 0.18473 0.24034
-0.40908 0.56502 0.40711 0.99199 0.79349 -0.24359 -0.17918 0.7617 1.0866 -1.6534 -1.6057 0.34574 -0.93233 1.2709 -0.13034 -2.1301 -0.095072 -0.77796 0.62858 0.72174 -0.1322 -0.80274 1.5754 -0.19528 -1.0724 0.081468 1.5017 -1.3222 -2.5666 -1.3253 -1.0572 0.30433 0.78672 -0.059851 -1.1963 -0.23238 -0.83505 0.89594 1.2088
-0.63356 0.67578 0.6696 1.9995 0.45986 -0.0094638 0.11539 0.13901 -0.51281 1.2343 1.1023 -0.85446 -1.07 1.8993 -1.403 -3.6208 -0.60329 -1.0001 0.7352 0.79229 -0.049288 -1.4189 0.98154 -0.50526 0.040196 0.88289 1.3248 -1.7779 -1.0384 -1.3726 -0.65862 0.19873 0.51195 0.30515 -0.27422 -1.0049 -0.77129 0.71485 1.8919
-0.82896 0.43946 0.67208 1.7858 0.41832 0.64548 1.0102 0.23957 -1.2921 -0.26677 0.23845 0.52816 -0.88043 2.2137 -2.1693 -2.9923 -1.0236 -0.87502 0.57428 0.57333 -0.31646 -1.3637 -0.31745 -1.593 0.042072 1.8511 0.71301 -1.408 0.85341 -1.1773 -0.0087993 0.3264 0.26099 0.68483 0.60012 -1.921 -0.46433 1.0996 1.7916
-0.33796 -0.038173 -1.9408 0.26891 -0.7022 0.30261 0.96744 0.19977 -0.39659 0.31918 -1.0346 -1.4495 -0.54161 2.3514 -2.3327 -1.8836 -1.4755 -0.83396 0.71197 0.89934 0.24529 -0.62603 -0.56237 -0.74496 0.17113 2.3864 0.018696 0.11278 2.2984 -0.80966 0.056433 0.50097 0.084038 0.8072 1.0819 -1.1235 0.8423 0.52129 0.68734
0.73131 -2.4177 -2.0559 0.050502 -0.41177 0.36602 -0.154 -0.15628 -0.21908 -1.0005 -1.2114 -0.31858 0.97056 2.2824 -2.1627 -1.3107 -1.8679 -0.87125 1.2752 1.1847 1.0637 0.0067024 -1.7027 -1.0499 1.0325 2.3379 -0.91725 1.5208 2.7463 -0.22606 0.29756 0.4497 0.026902 0.8454 0.75218 0.30494 1.9175 0.35625 -0.67299
1.4004 -1.7398 -1.3369 -0.09035 0.035945 0.12268 0.46416 0.16256 -0.10802 -2.0002 -2.6185 -0.57517 1.5332 1.8952 -1.205 0.072662 -1.7011 -0.89666 1.3631 0.65603 0.84111 0.087394 -0.711 0.90039 0.56662 1.7945 -1.8867 2.5806 2.3668 0.066875 0.35317 -0.20752 -0.42502 0.2891 0.63811 1.4957 1.4553 -0.37927 -1.8014
1.789 -1.064 -1.0202 0.087482 -0.24217 1.319 1.8461 1.3791 -0.8982 -0.39407 -0.13909 0.75592 0.90847 0.84467 -0.033422 1.4462 -1.337 -0.31114 1.1262 0.75233 1.0402 -0.20345 0.35361 1.4436 0.53816 1.0193 -2.3456 2.3987 1.5021 0.20945 0.3242 -1.3606 -1.0031 -0.87528 1.1069 1.9521 0.6333 -0.86254 -2.0191
0.99596 -1.6408 -0.96135 -0.39232 -1.0122 2.3861 2.1957 1.4797 -0.82784 -1.3767 -0.2034 0.84002 1.1538 -0.21261 1.183 1.407 -1.6181 -0.48299 0.37122 0.28651 0.83286 0.76261 1.492 0.92963 -0.34881 0.024351 -2.0061 1.4354 0.33614 0.23594 0.44819 -2.3507 -1.3611 -1.7475 1.8639 0.78825 -1.1929 -0.39764 -1.3846
1.2104 -1.1075 -0.18822 -1.1033 -1.1466 1.9149 0.8827 0.53092 -0.55579 -0.78331 1.0031 -0.20491 1.1629 -0.74442 0.90088 0.98803 -1.5194 -0.49838 -0.91226 -0.59333 -0.61423 1.9116 1.2311 0.18859 -0.23679 -0.16365 -0.9652 0.54496 -0.39255 0.46903 0.58734 -2.6316 -1.5829 -2.2141 1.7696 0.079425 -1.2536 0.2393 -0.65994
0.93252 -1.0023 -0.49654 -1.4665 -0.45661 0.97556 1.2597 1.345 -0.35375 0.69449 -0.59202 -0.90581 1.2468 -0.80065 0.87608 0.97089 -1.1702 -0.0036668 -2.2486 -1.336 -1.7051 2.821 0.45595 -0.92508 0.15051 0.06407 -0.1793 -0.16096 -0.2655 0.91025 0.70791 -1.8155 -1.1101 -1.8434 0.40025 -0.35451 -0.39424 1.2927 -0.14046
0.85327 -0.76536 -0.15532 -1.7903 -0.70471 0.41396 0.21772 0.97861 1.5481 0.38414 -1.2105 -0.56454 1.118 -0.54179 1.0882 0.89806 -0.68436 0.49508 -2.7474 -1.5364 -1.969 2.3656 0.99761 -0.20523 0.75004 -0.10645 0.1617 -0.060551 0.22899 0.96306 0.31539 -0.2589 -0.58147 -0.77333 -1.2583 -0.052803 1.0867 1.285 -0.24198
0.73806 -0.52951 -0.14676 -1.4424 -0.79316 -0.78473 0.59233 -0.69088 2.3647 -0.69055 -1.4713 0.33757 1.0734 -0.62792 0.80492 0.93603 -0.3321 0.27976 -2.2893 -1.4146 -2.0492 1.3326 0.82884 0.29433 1.7116 -0.23835 0.1246 -0.1153 0.51083 0.71089 -0.29141 1.2245 -0.29361 0.41749 -2.6351 0.60307 2.1118 0.48659 -0.5121
0.67489 -0.34129 0.31404 -1.2625 -0.54029 -0.95913 0.30548 -0.60356 2.5474 -0.30389 -0.40058 1.4812 1.0882 -0.55188 0.83022 1.4635 -0.13593 -0.075985 -1.4082 -1.6899 -1.9265 0.059895 0.89458 1.7522 1.5212 -0.41691 -0.051299 -0.12175 0.83911 0.4627 -0.77539 2.2417 -0.12096 1.4645 -2.8229 0.27514 1.3204 -0.50315 -0.75201
0.46271 -0.35013 0.33357 -1.6228 -0.35383 -1.0901 -0.4499 -0.87744 1.4641 0.80768 0.56924 0.84124 1.0729 -0.5812 0.80169 1.7014 -0.11457 -0.229 -0.51664 -1.8305 -0.90154 -1.4384 1.7266 2.3498 0.71766 -0.63847 -0.070904 0.13341 0.31758 0.64131 -0.62302 2.1538 0.42261 1.7045 -2.1191 -0.3948 -0.13513 -1.2917 -1.102
0.47826 -0.23393 0.92226 -1.8146 -0.73185 -1.2312 -1.0034 -1.4077 0.87874 1.0685 0.4662 1.524 0.86841 -0.65659 0.875 2.1753 0.071597 -0.61882 0.7687 -1.5611 0.31228 -2.0454 1.0833 1.4145 0.23385 -1.1668 -0.22577 0.13458 -0.75267 1.2029 -0.095168 1.7566 1.3293 1.4482 -0.90947 -1.2069 -1.4818 -0.92664 -1.2364
0.30173 0.078821 1.4732 -1.646 -0.72825 -0.88728 -1.1543 -0.71181 0.55421 1.5709 0.92904 0.70629 0.67918 -0.70109 1.0205 1.2127 0.76359 -0.54716 0.85183 -0.64549 0.15187 -1.9715 -0.12949 0.1568 -0.22423 -1.7111 -0.39221 0.080674 -1.7116 1.5882 1.032 1.1031 1.9109 1.1423 0.32977 -1.6831 -1.5676 -0.49218 -0.99768
0.18615 0.23719 1.8738 -1.6846 -1.1205 -0.54603 -2.0529 -0.46184 0.15535 1.9492 1.372 0.6466 0.33043 -0.88672 0.96083 0.23225 1.6771 -0.080129 1.3559 0.32943 0.3701 -1.5558 -0.73665 -0.19072 0.13779 -1.9538 -0.46509 -0.21837 -2.6637 1.6 2.2095 0.40762 1.9365 0.93111 0.93671 -1.0722 -0.80487 -0.14423 -0.35652
-0.037052 0.51755 2.6687 -1.0031 -1.4645 0.5534 -0.90538 -0.20949 -0.23726 -0.22976 -0.10523 1.3859 -0.34249 -1.1503 0.90312 -0.69156 2.0569 1.3352 1.3526 0.97656 1.2997 -1.0303 -0.91671 -0.060998 -0.22568 -1.9176 -0.35006 -0.55534 -2.2534 0.9505 2.3531 0.084155 1.4807 0.61414 0.94487 -0.33468 -0.19856 -0.15749 0.4368
-0.12652 0.76047 0.79964 -0.21515 -0.71599 -0.42097 -0.42016 -1.0441 -0.41357 -0.16395 -0.010858 0.88767 -0.79794 -1.2429 0.54738 -2.1126 2.4213 2.3597 1.3131 1.4305 1.5591 -0.62152 -0.80108 -0.14216 -0.065679 -1.6602 -0.014599 -0.64307 -1.204 -0.083058 1.2364 -0.59775 0.54559 0.11711 0.83201 0.12105 0.13396 -0.96399 1.0747
-0.57582 0.57074 0.46569 0.38729 -0.27022 0.84979 -0.25047 -0.5441 -0.82655 0.73217 0.80377 1.2824 -0.91133 -1.1339 0.24297 -2.0466 2.1704 2.407 1.0317 1.7126 0.76347 -0.52753 -0.83575 -0.30258 -0.44909 -1.1232 0.83561 -0.96741 0.34531 -0.93994 -0.81553 -0.53671 -0.1406 -0.4506 0.67073 0.20295 0.47661 -1.0853 1.7331
-0.84535 0.88997 0.60066 0.37373 1.3875 0.52212 -0.11799 1.2202 -0.2636 0.46716 0.83261 0.53352 -1.0672 -0.92255 0.15102 -1.4549 1.4621 1.5798 0.33346 1.036 0.88053 -0.127 -0.56425 0.16979 -1.679 -0.54579 1.7811 -1.517 1.2997 -2.0863 -2.5943 -0.6396 -0.46573 -0.38444 0.58142 0.39854 0.80519 -1.2635 2.5174
-1.0048 0.61256 -1.0643 1.2647 1.7232 1.169 0.32436 1.3269 -0.31732 0.60946 0.65105 0.62892 -1.119 0.1402 -0.61411 -0.33323 0.77232 0.28579 0.77964 0.90262 0.78047 0.072686 -0.65127 0.71813 -1.5884 0.4352 2.4096 -1.9487 1.1459 -2.7474 -3.2194 -0.81897 -0.29191 -0.36116 0.18571 0.76636 0.58072 -0.88055 2.9937
-0.91343 0.57 0.43678 0.86294 0.66535 0.98329 0.6067 -0.73496 -0.98041 -0.52026 -0.057326 0.27031 -1.0379 1.2148 -1.7147 -0.40227 -0.79225 -1.1704 0.174 0.92669 0.82033 0.24597 -0.10117 0.94941 -2.0195 1.7868 2.3159 -1.6933 0.9054 -2.9521 -2.3091 -1.047 0.28674 -0.55884 -0.1509 1.1667 -0.096184 -0.096617 2.8242
-0.98638 0.90458 0.58179 0.85587 -0.021954 0.24374 0.37571 0.69364 -0.28139 -1.0968 0.24372 -1.5876 -1.0741 1.9849 -2.2808 -0.30867 -1.8541 -1.9159 -0.50655 1.1993 0.10845 -0.35591 0.49269 0.45398 -2.0416 2.7359 1.1792 -0.62481 0.27763 -2.4364 -0.45928 -1.2913 0.23341 -0.47156 0.011772 1.4995 -0.89175 0.33657 1.8175
0.40035 -0.45719 0.12381 0.83024 -0.091215 1.5343 0.79751 0.32135 -0.34822 0.06141 1.9838 -0.52229 0.064306 2.1796 -2.019 0.32327 -2.7601 -1.4047 -1.0899 1.4546 0.1481 -0.24318 1.2594 0.074522 -1.6581 3.045 -0.20484 0.68928 0.39637 -1.1774 1.1586 -0.87779 -0.13756 -0.96196 0.5668 1.0323 -1.7866 1.2566 0.27965
0.68598 -1.7092 -0.5527 -1.3204 -0.94204 0.86896 1.0494 1.8824 -0.20858 1.3711 1.9428 -1.5986 1.4585 1.7059 -1.5695 -0.14212 -2.8126 -0.40531 -1.1355 1.101 0.2174 0.31955 1.7587 -0.68628 -1.1144 2.8578 -1.4788 1.9851 0.5669 0.095745 1.5513 -0.61119 -0.7889 -1.3512 1.3754 -0.17766 -2.2786 1.6938 -1.3697
1.0267 -1.3183 -0.24129 -1.5086 -0.25057 -0.55861 1.8358 0.73368 -1.306 0.7773 0.10624 -2.0879 1.6546 0.99587 -0.84614 0.30222 -2.5222 0.13231 -1.2452 0.71064 -1.0843 1.0459 1.381 -2.1383 -0.00091588 2.1967 -1.8574 2.5816 0.63 1.4699 0.92075 -0.10359 -1.3442 -1.9245 1.5682 -1.4254 -1.7469 2.0988 -2.496
0.91992 -0.8851 0.39218 -1.8179 -0.047606 -0.37947 2.3181 0.26429 -0.63409 1.4986 0.058957 -1.3539 1.5925 0.0033404 0.65633 0.82554 -1.7961 0.069192 -1.6382 0.028675 -1.8803 1.7913 0.021259 -3.0959 0.48038 0.86304 -1.4912 2.1825 0.83381 1.8345 -0.24415 0.27253 -1.582 -1.2893 1.2346 -2.104 -0.10401 2.0525 -2.5916
0.55907 -0.76936 0.40423 -2.0667 -0.038442 -0.37098 1.2596 -0.13906 0.31043 1.1068 -0.69236 -1.7711 1.6761 -0.2009 1.4501 1.0874 -0.51601 -0.0054549 -1.0494 -0.64096 -2.5197 2.2071 -0.8872 -2.298 1.6995 -0.14471 -0.66351 1.0632 0.42757 1.6715 -0.93694 0.36704 -1.5273 0.040002 0.27111 -1.9826 1.6349 1.4025 -1.8802
0.5477 -0.68096 0.66512 -1.9707 -0.099635 -0.77622 1.1177 -0.53678 1.7661 0.98865 -1.5287 -0.88677 1.6665 -0.29069 1.1564 1.1147 -0.37993 -0.76358 -0.70439 -1.3213 -1.5498 2.2427 -1.5391 -0.84963 2.0983 -0.31898 0.088259 -0.14817 0.0084923 1.1365 -0.97135 0.3831 -1.1139 0.75687 -0.96964 -0.89503 2.7486 0.46891 -0.85456
0.64097 -0.14314 0.70178 -2.0535 -0.58877 -0.99388 0.98273 -1.3951 1.7916 0.25614 -1.4673 -0.13358 1.434 -0.013038 0.79162 1.0069 -0.10006 -1.1058 -0.99714 -1.6053 -1.1568 1.353 -2.0174 0.02439 1.962 -0.36589 0.11873 -0.62107 -0.26469 0.37587 -0.482 0.065095 -0.73245 0.75869 -2.1018 -0.15399 2.6171 -0.91256 -0.24946
0.70474 0.049105 0.84294 -1.9055 -0.70744 -0.98829 0.64859 -1.2913 1.8422 0.083887 -0.97154 0.49275 1.3251 0.060632 0.72388 0.88954 0.12357 -1.0961 -0.91775 -1.6692 -1.0789 0.21297 -1.3218 1.2888 1.2667 -0.45884 -0.015759 -0.49228 -0.43147 0.24693 0.59969 0.18889 -0.46532 0.06813 -2.3927 0.59981 1.889 -1.5142 -0.10173
0.62432 -0.068275 1.5276 -2.1877 -1.0874 -1.4732 0.24069 -0.78987 1.5442 -1.1313 -0.64759 0.5295 1.3514 -0.17236 0.56552 0.68562 -0.06579 -0.68774 -0.82169 -1.8989 -1.2687 -1.0993 -1.3571 1.9117 0.28894 -0.49179 -0.21695 -0.1841 -0.79446 0.10076 1.3283 0.46477 -0.29285 -0.30333 -2.0338 0.99506 0.94202 -1.2744 -0.07816
0.78815 -0.17005 1.5424 -1.9446 -1.2613 -1.7398 -0.24393 -1.2676 1.5428 -0.81932 -0.17 0.7581 1.2782 -0.24067 0.39709 0.43243 0.063233 0.095152 -0.42759 -2.0825 -1.3464 -1.4476 -0.657 2.0081 -0.086443 -0.42513 -0.050649 0.025023 -1.2023 0.23156 1.5855 0.59583 0.1176 -0.22299 -1.4373 0.9566 -0.16474 -0.41816 -0.14889
0.49646 0.16907 1.2739 -1.7876 -1.1948 -1.5617 -1.1174 -1.9199 1.0423 0.082827 0.55391 -0.455 1.1546 -0.24185 0.62953 -0.32251 0.11647 0.65712 -0.33501 -1.9684 -1.5959 -1.999 -0.31246 1.5443 0.093419 -0.51229 -0.082133 0.27749 -0.89377 0.33783 1.4413 0.63639 0.75973 0.31309 -0.58374 0.72949 -0.98667 0.69298 -0.33027
0.30338 0.20321 1.3829 -2.2536 -0.82594 -1.9308 -1.2 -2.6292 -0.039712 -1.3585 0.48348 -0.1974 1.0026 0.0050723 0.73747 -0.96776 0.46394 1.0457 0.0039109 -1.3992 -1.3325 -2.2991 0.11295 1.106 0.52016 -0.69684 -0.52886 0.44426 -0.19518 0.28624 1.0396 0.48214 1.7049 0.93301 0.5227 0.19857 -1.5201 1.1962 -0.59771
0.51955 0.39143 1.2653 -1.8211 -0.28951 -1.2611 -1.7334 -2.7116 0.037257 -0.52177 0.97496 0.42348 0.96596 -0.44028 0.88891 -0.36783 0.36453 1.3956 0.20734 -0.74595 -0.65336 -1.8895 -0.25908 0.32831 1.3483 -0.90857 -1.2154 0.21918 0.14304 0.32267 0.74348 0.55374 2.4171 1.8197 1.4255 0.14087 -1.4293 0.45666 -0.65398
0.50252 0.75257 0.43875 -1.809 -0.12373 -1.7894 -1.878 -2.6251 -1.023 -0.77433 0.64711 1.0315 0.77206 -1.0633 1.0569 0.077631 0.47318 1.5729 0.24259 0.65475 0.0066884 -0.45485 -0.30898 -0.50083 1.6482 -1.2284 -1.654 -0.21912 -0.10767 0.10013 0.34289 0.34633 2.5225 2.144 1.8496 0.12121 -0.89961 -0.66597 -0.40423
0.8026 0.57095 0.37662 -1.3493 -0.14255 -1.5254 -1.4289 -2.1789 -1.4721 -0.72308 0.74017 1.1075 0.52544 -1.8232 0.85993 -0.55645 0.71411 1.716 0.62786 1.7498 1.2783 -0.026858 0.15276 -0.58507 0.42266 -1.3424 -1.1861 -0.68013 -0.65005 -0.083245 -0.13518 0.18879 1.8442 1.8614 1.8069 0.35104 -0.054157 -1.6289 0.13907
-0.26091 0.97964 1.7348 -1.6618 0.47834 -1.353 -1.4007 -2.3375 -0.60794 -0.99939 0.22411 2.1132 0.17603 -2.1816 0.36434 -1.0785 0.47434 1.4984 0.46786 2.3048 1.8744 0.53144 0.12024 -0.29508 -0.35358 -1.1567 -0.34056 -1.0234 -1.2621 -0.61226 -0.51599 0.018979 0.59636 0.9545 1.0328 0.39935 0.49996 -1.9661 0.79629
-1.0832 1.4944 1.4832 -1.4037 0.90146 -1.3239 0.27029 -2.2533 0.94602 -0.71394 -0.22129 1.218 -0.30823 -1.9457 0.029555 -1.0632 0.20544 1.1988 0.45904 2.0506 2.0374 1.2919 0.2193 0.083393 -0.89998 -0.70945 0.82408 -1.061 -1.2334 -0.90484 -0.7136 -0.24357 -0.63448 -0.039667 0.24948 0.29405 0.71378 -1.4716 1.2709
-1.5561 0.94082 -0.28232 -1.174 1.4681 -0.66014 0.9634 -0.52636 -0.81446 -0.8374 0.23312 -0.24097 -0.31017 -1.5964 -0.34269 -2.1481 -0.42248 0.9228 0.3573 1.6785 1.4933 0.97678 0.45158 0.14741 -1.6093 -0.20697 1.5654 -0.86495 -0.39424 -0.56732 -0.62181 -0.18844 -1.8771 -1.3118 -0.7425 -0.32859 0.55069 -0.5365 1.4596
-1.285 0.61564 -0.72824 -1.2884 1.1732 -1.0554 0.63148 -0.4261 0.29781 -0.23118 0.9419 0.4382 -0.069244 -0.68516 -0.66808 -2.4441 -0.53585 0.74495 0.197 0.8231 1.4072 0.23904 0.5611 0.61008 -1.8862 0.31714 1.4906 -0.45453 0.91081 -0.11823 -0.37815 0.11933 -1.901 -1.6671 -0.63474 -0.6793 0.18344 0.67991 1.0446
-1.0695 0.79129 -0.22792 -1.6003 0.96742 -1.3272 0.25147 -0.42144 0.75534 -0.70248 0.61005 0.30883 0.082148 -0.09231 -0.82044 -1.1577 -0.22079 0.62909 0.22118 -0.75837 -0.33911 -0.48284 -0.77641 0.52701 -0.93985 0.78102 0.79324 0.21581 2.6307 0.84305 -0.14195 0.58087 -1.375 -1.1002 -0.4035 -0.53758 -0.11747 0.78888 0.10477
-1.3793 0.3757 -1.7674 -2.245 1.2104 -0.84723 0.85778 -1.1445 0.026794 -0.15405 0.31906 -0.88509 0.14314 -0.10814 -0.5369 0.24268 -0.11947 0.68114 0.75482 -0.45463 -0.26387 0.70146 -0.62456 0.23374 0.10197 0.55112 -0.041543 0.7254 2.9253 1.5922 -0.28333 0.76136 -0.35237 -0.034576 0.012645 0.46511 -0.53339 0.53033 -0.92601
-1.43 0.57648 -0.8829 -1.9969 1.8682 -1.0128 0.15443 -0.3577 0.03981 -0.2662 0.8545 -0.70968 0.30036 -0.50788 -0.024156 1.6975 0.94691 0.70861 1.214 -0.37472 0.2106 -0.10165 -0.1176 0.065055 -1.0503 -0.14652 -0.089303 0.96076 2.1162 1.9832 -0.94866 0.55857 0.5599 1.5461 0.21113 1.3828 -0.47307 0.42832 -1.5987
-1.3096 0.34452 -0.02969 -0.95799 1.8294 -0.66983 -0.88236 -2.7583 -0.57335 -2.699 0.52813 -0.066442 0.58534 -0.55185 0.22215 1.8976 1.8619 0.20863 1.1912 -0.055248 1.0805 0.052518 1.1628 -0.27355 -0.79141 -0.77146 0.5999 0.42885 0.58115 1.1215 -1.9162 0.036076 0.32859 1.463 -0.30553 1.3757 -0.94334 0.5488 -1.2767
-1.6208 0.23025 -0.060496 -1.4856 2.0371 0.62889 1.0272 0.52112 1.5869 -0.60622 0.81789 0.60266 0.14798 -0.027969 0.50603 2.1903 2.503 -0.8099 1.0947 0.14465 2.002 0.25173 1.1768 -0.21154 0.34382 -1.2389 1.3922 -0.24777 -1.0569 -0.79144 -2.3861 -0.7193 -0.10189 0.55638 -0.13872 0.79528 -1.415 1.0767 -0.27304
-1.8368 0.95906 1.8851 0.068547 1.6131 0.23256 -0.11533 -0.082625 -0.25268 0.31911 0.79872 -2.3024 -0.5195 0.69275 -0.03984 1.148 1.2019 -1.949 0.87839 -0.065272 1.6925 -0.12204 1.5603 -1.5745 0.4812 -1.0436 1.7411 -0.71167 -1.7494 -2.0952 -1.9224 -1.2956 -0.85565 -1.2513 -0.4643 -0.63428 -1.337 0.63927 0.87863
-1.6734 0.91966 0.75708 0.33918 1.0445 0.0073499 0.47147 0.69833 0.57115 1.475 -0.28554 -0.90746 -0.78274 1.2883 -0.33161 -0.0025315 -0.20887 -2.4343 -0.051548 -0.56495 0.99872 -0.31993 1.304 -2.1882 0.43829 -0.46704 1.4956 -0.82567 -2.1318 -2.5182 -0.66983 -1.2069 -1.0448 -2.2246 -0.38857 -1.3941 -0.74656 0.37158 1.5407
-1.1032 0.85436 0.76554 0.76159 0.28278 0.56314 0.67334 1.167 0.15197 0.087163 0.52047 0.67181 -0.94558 1.8152 -0.62063 -0.44491 -0.71155 -2.3795 -0.79117 -1.374 -0.82905 -0.63325 -0.26468 -2.0307 0.41732 0.3187 0.78126 -0.16704 -1.1606 -1.2794 0.916 -0.994 -0.70417 -1.8873 -0.62916 -1.693 0.75816 -0.32229 1.2177
-0.35908 -0.062416 0.54787 -1.3905 -0.50028 0.29248 -0.85632 0.27356 -0.34647 0.37356 -1.8698 0.27211 -0.20459 2.009 -0.66746 -1.2054 -1.2624 -1.7759 -0.45151 -1.2455 -1.0358 -0.30935 -0.86069 -1.5307 1.1 0.66704 -0.23458 0.57066 -0.25295 0.37487 2.0992 -0.52729 0.026564 -0.95609 -0.51628 -0.64329 1.6301 -0.80741 0.26397
-0.16914 -0.019288 -0.070719 -1.651 -0.69563 -0.66159 -1.0993 -1.0477 -0.098808 -0.60715 -1.8682 0.042259 0.14005 1.6886 -0.16712 -0.52976 -0.67171 -0.65005 -0.8839 -1.1015 -0.93471 -1.4362 -0.9313 -0.3968 -0.50359 0.43441 -1.3944 1.3077 0.4577 1.807 2.3587 -0.14209 0.91151 0.52386 -0.50147 0.46591 2.2213 -0.56804 -0.90133
-0.028566 0.096353 0.44242 -1.1446 -0.4638 -0.58721 -0.78551 -0.27579 0.41698 -0.15562 -0.85322 -0.5183 0.074323 0.94146 0.45542 -0.45136 0.47131 0.42521 -1.0494 -0.64455 -0.78719 -0.99639 0.25462 0.27091 -0.71874 -0.080299 -2.0038 1.3662 0.94055 2.3345 1.7155 0.063727 1.0637 1.2491 -0.30193 0.68423 1.8502 -0.0937 -1.3928
0.23429 0.60146 0.020927 -0.59745 -0.45424 0.059998 -1.3276 -0.6778 -0.72236 -0.11292 -1.0393 -0.071271 -0.28171 -0.077791 1.1396 0.086653 1.8058 0.70391 -0.77875 0.11778 0.077662 -1.3374 0.11045 1.5442 0.18465 -0.81859 -1.8399 0.72897 0.64507 1.3759 0.53415 0.57302 0.78238 0.84838 0.52497 0.35368 0.68253 0.74835 -1.0312
0.24674 0.73729 0.25259 -0.14064 0.28093 -1.2832 -0.55626 0.32456 -2.2515 -0.10989 -0.41033 -1.263 -0.55615 -0.59419 1.1047 0.34607 1.8717 0.5916 -0.38576 0.23571 0.89535 -0.99821 0.0069672 1.2216 0.55602 -1.0421 -1.1414 -0.18889 0.5916 0.035989 -0.30383 0.54037 0.48408 0.051719 0.81914 -0.12558 -0.10507 0.57973 -0.17026
-0.018224 0.93561 0.048575 0.50922 0.49811 -0.90671 -0.82777 -0.49103 -0.54745 0.77059 -0.26672 0.16317 -0.7132 -0.74495 0.80296 0.34919 1.2043 0.21841 -0.095601 -0.0025408 -0.11565 -0.38315 -0.10898 0.48085 0.33167 -0.81364 -0.11844 -0.81359 0.10796 -1.1076 -0.5845 0.684 0.2488 -0.89595 1.3004 0.079908 -0.54143 0.17535 0.62243
-0.69994 1.1389 0.69678 0.37728 -0.19399 -1.0022 -0.88766 -0.1215 -2.0901 -0.32856 -0.16708 0.78248 -0.8659 -0.71173 0.28979 0.5897 0.83704 0.13508 -0.33509 0.3696 -0.57503 0.18039 0.062366 0.55723 0.34547 -0.36688 0.57972 -0.87905 -0.48334 -1.3616 -0.4504 0.521 0.36709 -0.68315 0.81037 0.29638 -0.098873 -0.28013 0.79009
-0.68352 1.163 0.42118 0.63699 -0.057693 -0.89661 -0.72366 0.54879 -0.66703 -0.76595 -0.28738 0.22591 -0.92251 -0.2272 0.1046 0.18449 0.24487 -0.097935 0.53434 0.54338 -0.90927 0.71179 0.20974 0.74548 0.62444 -0.11007 0.78566 -0.69904 -0.96813 -1.0499 0.012873 0.60401 0.34561 0.147 0.47526 0.72991 0.44192 0.18236 0.50535
-0.40933 1.0343 0.70429 0.22566 -0.14932 -0.24493 -1.1046 -1.1435 -0.49317 0.13638 -0.56853 -0.74422 -0.82682 0.1527 -0.10477 -0.51666 -0.20299 -0.042767 0.31707 0.68731 -0.017327 0.090273 0.4265 0.85648 -0.16055 -0.066405 0.27422 -0.42955 -0.84735 -0.64416 0.23462 0.95182 0.34333 0.7262 0.034604 0.86872 0.095043 0.08386 0.074358
-0.35703 0.85112 0.74105 0.76319 0.27879 -1.3591 -0.24102 -1.1351 -1.4264 0.36855 0.087443 0.2452 -0.67781 0.18667 -0.23896 -0.99764 -0.24595 0.33551 0.75941 0.52102 -0.094243 0.61233 1.1928 1.1959 0.93311 -0.11421 -0.67438 -0.23485 0.050138 0.19937 0.50031 0.3794 0.23285 1.1575 0.19091 0.584 -0.17775 -0.24162 -0.18855
-0.032456 1.019 0.14425 0.22968 0.22693 -0.063466 0.24605 -0.64285 -0.59294 0.43743 0.8648 0.46509 -0.78767 -0.4441 -0.29945 -0.48134 -0.12734 0.33937 1.4176 1.0587 0.44085 0.27911 1.3445 0.49275 0.34392 -0.23841 -1.1655 0.030773 0.9671 0.6907 0.56647 0.46971 0.17076 0.70017 0.6131 -0.4537 -0.82467 -0.51208 -0.22955
-0.31986 0.93356 -0.70022 0.17856 0.025666 -0.68119 -0.32059 0.40981 -1.0637 0.75845 0.51194 -0.019762 -0.96507 -1.1036 -0.21359 0.27259 0.57822 0.60271 0.72333 0.81894 1.1214 0.98612 0.93005 0.53448 -0.12149 -0.33887 -0.97247 0.13395 1.3303 0.47431 0.26217 -0.16594 0.22069 0.53597 0.36541 -1.6535 -1.4218 -1.137 0.010942
-0.75677 0.8697 -0.31675 0.21053 0.26983 0.45455 -0.53243 -0.35287 -0.40772 0.99565 1.0685 2.4705 -1.0528 -1.2309 -0.061655 0.76022 0.67696 0.83255 1.252 0.87783 0.74777 1.1358 -0.42903 -0.51851 -0.66414 -0.33769 -0.21753 0.086181 0.77536 0.031461 -0.085128 -0.91306 0.077336 -0.11841 0.47727 -1.6559 -0.58499 -0.25117 0.30047
-1.2495 0.70927 0.6406 0.60294 0.39945 1.506 1.1264 0.38712 -0.19798 1.2816 -0.63025 -1.149 -1.0966 -1.1131 -0.11899 1.0089 0.23836 0.55875 0.50877 1.0489 0.80682 0.90972 -1.412 -1.2161 -0.83499 -0.044598 0.62007 0.060802 -0.15058 -0.57411 -0.40955 -1.1972 -0.033248 -0.06977 -0.16729 -0.68437 0.1156 0.12151 0.50298
-1.5046 0.79704 1.4524 1.48 0.91249 -0.74535 -0.056008 -0.054998 0.83852 1.2461 0.81251 -0.78864 -1.0563 -0.81985 -0.19263 0.68478 0.099063 0.21592 -0.27816 1.1 0.38375 1.2719 -0.9811 0.1487 0.18802 0.12031 1.0724 0.093513 -0.91859 -0.76011 -0.58719 -1.3587 -0.81177 0.13416 -0.72059 0.45074 0.70872 0.67144 0.45306
-1.2186 0.9654 0.89974 1.1225 1.2939 1.1006 1.3026 -0.043938 -0.12547 -1.2144 -0.55745 0.0031659 -1.0499 -0.23323 -0.039012 0.020684 -0.21132 0.19085 -0.87347 0.64723 1.1834 0.55408 -0.26237 0.40334 -0.31999 0.27782 1.642 -0.23999 -1.1227 -0.73219 -0.80402 -0.39645 -1.0118 0.16702 -0.82234 1.0545 0.5388 0.65137 0.49507
-1.1321 0.81044 0.45032 -0.34641 0.23957 0.26352 1.1894 1.1503 0.4094 -1.2066 -0.74284 -0.27981 -0.80979 0.19163 0.065485 -0.5481 -0.52529 -0.018363 -0.73648 -0.50886 0.83488 -0.18227 -0.10273 0.077913 0.39824 0.26302 2.0676 -1.207 -0.64391 -0.75847 -1.2653 0.22693 -1.0243 0.30205 -0.50937 1.0198 0.45999 0.33647 1.0564
-1.5183 0.54376 0.032756 0.58054 0.16346 -1.0182 0.7646 0.32103 1.2125 1.0623 1.9216 1.7796 -0.93261 1.234 -0.6727 -0.57918 -0.82423 -0.7431 -0.04892 -0.1266 0.92035 -0.06725 0.31018 -0.11939 0.3399 0.71646 2.164 -2.0069 -0.12175 -0.27024 -1.5518 0.76357 -0.19497 -0.22382 0.28427 0.4239 0.72936 0.6021 1.608
-1.1204 0.90787 0.45911 0.43099 1.0192 -0.095409 0.63321 1.6095 0.050784 1.4301 0.60323 -0.37715 -0.75739 2.0394 -2.0164 -0.27665 -1.0185 -1.5533 -0.25107 -0.51737 1.1162 0.51871 0.8217 1.3114 0.51262 1.6754 1.9243 -2.0866 0.2268 0.093143 -1.4685 0.70911 0.99954 -0.15525 0.78338 -0.23332 0.5407 0.09004 1.8747
-1.0859 0.89611 0.52002 0.46548 0.67217 0.18091 -0.24554 0.8002 -0.49348 0.19652 -1.2272 -1.2205 -0.87411 2.6033 -2.5581 -0.34787 -0.47369 -1.7854 0.37877 0.27368 0.62392 0.76332 0.12051 1.2346 0.80497 2.2717 0.96576 -1.209 0.084364 0.56446 -0.98452 -0.0077691 1.2859 -0.65792 0.60873 -0.67621 0.26368 0.28938 1.3118
0.53484 -0.39634 0.57027 0.056656 -0.35386 -0.11273 0.87363 1.0393 1.0834 0.065859 0.51966 0.73101 0.06695 2.8507 -2.6932 -0.21001 -0.52849 -2.0934 0.4375 1.256 0.69727 0.98319 -0.53477 0.46608 0.33077 2.6331 -0.14437 0.28043 -0.3001 0.83449 -0.14688 -0.49237 1.2958 -0.72305 -0.23728 -0.37251 -0.49075 0.081938 0.15193
1.0578 -1.9706 0.11454 -1.0901 -1.4526 0.41116 0.74013 2.0601 1.1713 -0.090808 2.1195 1.3664 1.2896 2.5054 -2.4784 -0.43933 -0.013817 -2.2118 -0.41552 1.5133 -0.13077 0.92399 -0.46298 0.80626 0.99182 2.4407 -1.3562 1.5654 -0.48064 0.7833 0.66408 -0.97866 0.1424 -0.52513 -1.2506 0.29237 -0.96376 -0.6937 -1.1806
1.1109 -1.6756 -0.32284 -0.024364 -1.6425 0.148 1.6796 1.4163 1.8117 0.26902 1.4739 1.2823 1.4255 1.8351 -1.5574 -0.81507 0.31308 -1.5949 -0.82948 1.4088 0.10666 -0.068802 0.29603 0.49754 0.56817 1.8475 -1.9326 2.3448 -0.31966 0.79864 1.4755 -0.93495 -0.80878 -0.52401 -1.7842 0.49232 -1.2958 -1.0364 -2.1736
1.2217 -1.6184 0.27628 0.37895 -1.3609 -0.29766 2.3583 1.4074 1.6895 0.84681 1.0641 0.4631 1.5177 0.75078 -0.34706 -0.9851 0.57112 -0.85282 -0.91985 0.48116 -0.083825 -1.2908 0.27562 -0.76912 -0.70537 0.68483 -1.7923 2.0221 0.039008 0.096903 1.776 -0.29218 -1.1131 -0.037097 -1.5886 0.1664 -1.3103 -1.2125 -2.1825
1.491 -1.4431 0.059491 0.49874 -1.4296 -0.76204 1.7896 0.85103 0.4275 -0.0099822 0.25224 0.36833 1.4838 0.36547 0.40297 -0.55978 0.67337 -0.15352 -1.1565 0.19035 -0.32708 -1.581 0.083834 -1.408 -0.89292 -0.13512 -1.3752 0.99137 0.31082 -0.46502 1.4961 0.21468 -0.83466 0.053468 -0.53786 -0.3457 -0.67227 -0.44129 -1.4667
1.3988 -1.3213 -0.7854 0.30357 -1.6935 -0.95056 1.5456 1.3757 -0.35238 0.54493 0.20207 0.47711 1.3512 0.12159 0.13077 -0.48313 -0.014835 0.21911 -0.83379 -0.056058 0.029384 -1.5915 -0.049335 -0.93224 -0.69983 -0.22894 -0.73912 -0.0051946 0.28193 -0.65896 1.1034 0.60592 0.035329 0.37053 0.57134 -0.12562 0.29591 0.33181 -0.4638
1.4726 -1.5283 -0.88059 0.080415 -1.8953 -0.89905 1.2903 1.5471 -0.26858 0.30378 0.66133 0.086995 1.2087 -0.24365 -0.036046 -0.44679 -0.26798 0.52488 -0.45725 0.044957 0.16895 -1.0405 -0.30297 -0.81734 -0.32489 -0.15547 -0.39891 -0.48272 0.18617 -0.36957 0.85287 1.0242 0.64104 0.46711 1.1336 0.11323 0.35558 0.52109 0.14255
1.3796 -1.4409 -0.25428 0.19242 -1.465 -1.1861 1.6492 1.3749 -0.23304 0.16394 0.17248 0.21999 1.2506 -0.23204 -0.13558 -0.47924 -0.19572 0.76814 -0.08461 0.62772 0.40187 -0.41407 0.16697 -0.49608 -0.3441 -0.081714 -0.17888 -0.31512 0.10965 0.21328 0.68307 1.1836 0.82352 0.33329 1.1905 0.10504 -0.15419 0.37151 0.28427
1.2098 -1.528 -0.60096 0.22049 -0.996 -1.024 2.1792 1.2885 -0.16959 0.52517 0.073515 0.0083301 1.2913 -0.15355 -0.31921 -0.18801 0.068665 1.0883 0.4766 1.1103 0.40767 0.12733 0.17225 -0.93663 -0.049546 0.032103 0.2152 -0.21622 -0.14887 0.55482 0.21593 1.3625 0.40282 0.084691 0.96376 -0.24602 -0.30535 0.21503 0.21543
0.97875 -1.5843 -0.33483 0.08737 -0.71866 -1.0342 2.1369 1.4692 -0.22722 0.0048453 -0.44372 0.052773 1.4048 -0.23672 -0.28561 -0.38953 0.21409 1.1529 1.0205 1.031 0.57152 0.23817 -0.10748 -1.2177 -0.11337 0.15593 0.29169 -0.067073 -0.26701 0.57374 -0.19724 1.3118 -0.52755 -0.31005 0.48936 -0.95717 -0.51029 0.28282 0.094275
1.4421 -1.5092 -1.2717 0.22341 -0.90591 -0.84252 2.3976 1.6797 -0.57686 0.62326 -0.13852 -0.099268 1.2755 0.13063 -0.3435 -0.7779 0.56447 0.72041 1.6633 0.63794 0.26357 0.58312 -0.71912 -1.1084 -0.02693 0.088836 0.39228 0.32318 -0.46045 0.19268 -0.4418 1.0071 -1.2416 -0.66501 0.067225 -1.0061 -0.086103 0.31619 -0.1651
1.2726 -1.8577 -0.86789 0.38766 -0.51541 0.0058525 2.9583 2.0719 0.16205 0.74272 -0.92623 0.50394 1.3103 0.1308 -0.24125 -0.70326 0.6292 0.60801 1.8954 -0.16618 -0.11209 0.3373 -1.4253 -1.4779 0.19257 0.049742 0.22379 0.42833 -0.39191 -0.32159 -0.011513 0.5329 -1.4907 -0.84438 0.21962 -0.7869 0.30098 0.48675 -0.3042
1.0418 -1.7677 -1.0107 0.37815 -0.34808 0.4755 2.4915 2.0858 0.16004 -0.32795 -0.94447 -0.35466 1.4469 0.34254 0.23327 -0.93115 0.21975 0.5834 2.0131 -0.72161 -0.52483 0.19349 -1.309 -1.0134 0.41174 -0.19024 0.086209 0.58175 -0.35711 -0.82313 0.4746 -0.14925 -1.3962 -0.62056 0.18872 -0.11894 0.90199 0.33524 -0.35149
1.6075 -1.8051 -1.323 1.1015 -0.58272 1.0975 2.4873 1.1791 0.7375 -0.97485 -1.1862 0.20639 1.3331 0.044203 0.18723 -1.0779 -0.21877 1.2064 1.8868 -1.2083 -0.6564 0.86046 -1.495 -0.68648 0.62032 -0.21342 0.2574 0.42793 -0.3137 -0.94097 0.54995 -0.76039 -1.1035 -0.39882 0.15214 0.62616 1.3857 0.10938 -0.30194
1.1382 -1.726 -1.4033 0.7337 -0.10586 1.2512 1.5432 1.1547 -0.28262 -1.4075 -2.0738 0.35056 1.368 0.32159 0.47572 -1.287 -0.55676 1.2674 1.367 -1.5747 -0.65239 0.6858 -0.97234 0.29426 0.41129 -0.36783 0.16315 0.20798 0.0047792 -0.73844 0.49476 -1.286 -0.81084 -0.1849 -0.10248 0.80602 1.4432 -0.33818 -0.041827
1.6519 -1.0355 -1.9136 -0.050824 -0.11002 1.5983 1.3243 1.1247 -0.15786 -0.73441 -1.0818 0.6756 0.9997 0.5866 0.39805 -1.1363 -0.74863 1.2457 0.71575 -1.8993 -0.80645 0.38057 -0.32629 0.6482 0.39627 -0.36655 0.17365 -0.004466 0.45685 -0.16284 0.10767 -1.3384 -0.32452 -0.26492 -0.6685 1.0469 1.398 -1.0852 0.23712
1.2207 -1.7322 -2.5479 -0.020645 1.0558 1.9542 1.2403 1.3744 1.7181 -1.0773 -1.0428 0.81635 1.1323 0.35278 0.49809 -0.88554 -0.90182 1.4456 0.062112 -1.9618 -0.79313 0.202 -0.2506 1.2159 -0.16172 -0.18225 -0.35789 -0.41817 0.95894 0.49112 0.111 -1.0351 0.25748 -0.52804 -1.0196 0.6861 0.63371 -1.6434 0.62792
1.6843 -1.2802 -2.158 -0.041393 0.82064 1.8376 0.84668 1.325 0.96921 -0.81626 -0.38833 0.38943 0.98322 0.32831 0.16932 -0.37171 -0.35392 1.3134 -0.10049 -1.6466 -1.0845 -0.28697 0.28977 1.6577 -1.2623 0.093328 -0.64422 -0.40987 1.1393 0.78616 -0.032407 -0.70636 0.85361 -0.67796 -1.2542 0.47065 0.010789 -1.6925 0.74266
1.9695 -1.3975 -2.2905 -0.062813 0.71708 1.3136 -0.32989 0.37727 0.21024 -1.2035 -0.63025 0.15884 1.113 -0.17379 -0.15073 0.22662 0.16386 1.4356 -0.26805 -1.1915 -1.5221 -1.0881 0.11205 1.0434 -2.0374 0.45759 -0.76447 -0.49173 0.87492 0.74308 -0.081689 -0.32173 1.4166 -0.31678 -0.70669 0.48942 -0.84698 -0.91526 0.62177
1.6425 -1.0446 -2.3795 -0.12464 1.3293 1.118 -0.25213 0.11845 0.50942 -1.5888 -0.094991 0.039017 1.1868 -0.27249 -0.0036156 0.55891 0.18948 1.1987 -0.51565 -0.60572 -1.7414 -1.5619 0.43506 0.72419 -2.0414 0.56143 -0.72938 -0.29466 0.37711 0.31057 -0.20113 -0.098709 1.735 0.60797 0.31434 0.47743 -1.4177 0.24513 0.28357
1.4523 -1.5247 -1.9066 0.11473 1.5651 1.5725 -0.36707 0.080704 -0.83136 -0.19816 0.26766 -1.7266 1.4123 -0.67828 -0.28679 0.37957 0.21668 1.3636 -0.37019 0.30074 -1.0637 -0.628 0.65863 -0.068352 -1.6039 0.62874 -0.27809 -0.20018 -0.057371 0.059806 -0.66397 0.17532 1.4997 1.4075 1.2268 0.48258 -1.5667 1.0023 -0.096086
1.1961 -1.521 -1.8294 0.21729 2.1325 1.5151 0.23469 -0.5363 -0.68523 -0.82811 -0.10116 -1.8741 1.5481 -0.68989 -0.28431 0.30163 0.19925 0.99841 -0.25061 1.0146 -0.11954 0.10423 0.97332 -0.69569 -1.006 0.48524 -0.015978 -0.079304 -0.29781 0.1869 -0.91918 0.48484 0.83885 1.526 1.7002 -0.50085 -1.4203 1.1907 -0.36984
1.2316 -1.5333 -1.8094 0.12844 2.1965 0.96593 0.36516 -0.63684 -0.26114 -0.51039 -0.19718 -1.4163 1.6414 -0.45086 -0.36439 0.24925 0.26857 0.36481 -0.062727 0.94414 0.41147 0.56669 0.8105 -1.4581 -0.57801 0.33605 0.25833 0.15957 -0.1871 0.22885 -1.1692 0.58444 -0.23376 0.93166 0.92367 -1.3566 -0.80606 0.67589 -0.56903
1.1327 -1.544 -1.9261 0.15106 2.1805 1.1369 0.83191 0.18236 0.32006 -0.18145 -0.86722 -1.3667 1.6143 -0.41622 -0.10434 0.044436 0.51132 0.075082 0.2773 0.72238 0.49528 1.297 -0.72622 -1.4955 -0.20308 0.088745 0.16058 0.1403 -0.065593 0.0042246 -0.89313 0.52722 -1.1972 0.24388 -0.19162 -1.7422 -0.20977 0.11613 -0.61197
1.1704 -1.5704 -2.041 0.14866 1.8535 0.96364 0.81558 0.36766 0.40611 -0.044925 -1.3627 -1.1854 1.6032 -0.36817 -0.092437 0.14663 0.48707 -0.24057 0.50845 -0.0070183 0.45066 0.64336 -1.3634 -1.3364 -0.67666 -0.12632 0.13899 0.036914 -0.043176 -0.39298 -0.66267 0.24105 -1.7771 -0.24586 -1.2495 -1.1949 0.36492 0.014998 -0.5972
1.0545 -1.6592 -1.7756 0.41026 1.8219 1.5198 0.72437 0.51099 0.63303 -0.2461 -1.6255 -1.7628 1.6267 -0.45425 -0.17013 0.23074 0.095432 -0.27576 0.49385 -0.85321 0.349 -0.34788 -1.6163 -1.2144 -0.73977 -0.30895 0.23725 -0.060504 -0.18108 -0.89313 -0.67565 -0.094758 -1.7713 -0.46024 -1.6216 0.14523 0.77385 0.095912 -0.55832
0.8303 -1.6054 -1.7823 0.98964 2.0325 2.1808 0.65395 0.033585 0.96807 -2.2174 -1.2724 -2.3559 1.5271 -0.19241 -0.2648 0.078047 -0.2625 -0.62836 0.29613 -1.7489 0.023074 -1.1887 -1.2787 -0.89024 -0.29365 -0.46567 0.41768 0.26376 -0.41006 -1.0731 -0.76991 -0.35578 -0.9943 -0.44783 -1.0498 1.5202 1.2454 0.78855 -0.55401
0.83646 -1.5983 -1.6156 0.5196 1.9029 1.6918 0.041646 -0.19339 -0.15558 -2.4452 -1.7696 -2.5964 1.3966 -0.093822 -0.12432 -0.27096 -0.7903 -0.9226 0.19003 -1.876 -0.16817 -1.1261 -0.50524 -0.18025 -0.21786 -0.67692 0.41492 1.0997 -0.28407 -0.75561 -0.83256 -0.77205 -0.047795 -0.51918 -0.062911 2.3305 1.487 1.4343 -0.79565
0.73963 -1.7889 -1.6567 -0.20082 1.796 1.2726 -0.8701 0.4273 -0.87274 -1.5699 -2.0284 -1.8207 1.2674 0.17562 0.35388 -0.40326 -1.0838 -1.2757 -0.046503 -1.4411 -0.14393 -1.137 1.2145 0.6417 0.61486 -0.87045 -0.20135 1.9279 0.63752 0.12621 -0.413 -1.1262 0.59417 -0.55573 0.85 2.1956 1.3587 1.5246 -1.0394
1.1449 -1.8922 -2.0872 -0.15581 0.9907 1.5252 -1.5163 0.44773 -1.1676 -1.0355 -2.1529 -1.3352 1.0949 0.080932 1.4731 -0.081164 -0.91257 -1.4216 -0.86053 -1.0962 -0.55903 -0.52423 1.9622 1.0052 1.6411 -1.4402 -0.66888 2.1548 1.6785 1.2492 0.087224 -1.2608 0.76644 -0.71363 1.214 1.2105 0.87318 1.2367 -1.0181
0.96405 -1.5749 -2.4069 -0.61297 0.72179 1.6832 -1.1497 -0.02188 -0.24442 -0.75956 -1.1672 -2.1583 0.85305 -0.63213 2.3586 1.2459 0.03268 -1.1051 -1.4009 -0.96884 -0.8439 0.22741 2.0312 1.2422 1.7913 -1.8267 -1.0235 1.594 2.094 1.686 0.72213 -1.2827 0.4274 -0.28924 1.3108 -0.47984 0.063793 0.40775 -0.65839
1.1546 -0.94278 -1.9916 -0.40622 0.55879 1.8122 -0.6063 0.080775 -0.70986 0.7972 -0.39064 -1.0614 0.64526 -0.8552 2.6979 2.2178 0.99017 -0.84801 -1.6199 -0.60438 -1.1868 0.65342 1.5736 1.2594 1.6366 -1.9058 -0.78805 0.19597 1.7298 1.4251 0.84167 -1.0475 -0.16069 0.77612 0.44395 -1.3539 -0.50024 -0.51481 0.088438
0.67083 0.53746 -1.4435 -0.030784 0.56612 0.09538 -1.148 -1.0578 -0.0036949 -0.63794 -0.60033 0.15964 -0.36672 -1.1382 2.5711 2.579 1.1222 -0.27785 -2.1969 -0.84421 -0.3757 0.9339 0.36734 0.61195 1.4133 -1.7409 -0.17215 -1.2427 0.40137 0.43713 0.52197 -0.30425 -0.41487 1.3027 -0.34154 -1.6743 -0.87329 -1.1633 0.81235
-0.23302 0.77762 0.63464 0.56372 0.75252 -0.66452 -2.1356 -0.69169 -0.35507 0.47447 -0.97354 -0.2637 -0.57634 -1.0385 1.7159 2.6668 1.2112 -0.33883 -2.53 -1.4691 0.72707 0.0089132 -0.07204 0.27304 0.79385 -1.333 0.52101 -2.2439 -0.74287 -0.46438 0.40426 0.94143 0.1768 1.512 -0.69067 -1.045 -0.39484 -1.3575 1.467
0.2561 0.58048 0.52562 1.0724 0.38485 -0.26096 -1.7505 -0.74327 -0.018933 0.60105 -0.63496 0.10895 -0.56314 -0.84206 0.64577 1.8191 0.73897 -0.42963 -1.5513 -1.3456 0.74043 -0.1708 -0.68096 -0.06901 -0.1117 -0.74818 1.3942 -2.9102 -2.257 -1.1314 0.32037 2.5535 1.4995 0.61144 -0.45276 -0.22061 0.057265 -1.2222 2.0221
0.087561 0.72263 0.1043 0.60257 0.62085 -1.1328 -2.4031 0.48326 0.66059 -1.079 -1.1935 -0.16871 -0.61525 -0.099605 -0.31991 1.1414 0.30895 -0.050568 -0.097929 -0.0023704 1.2023 -0.22891 -0.12337 0.76643 -0.31103 0.061355 1.6504 -2.8617 -3.0131 -1.5007 0.80514 3.426 2.4778 -0.14211 0.43039 0.32475 -0.097007 -0.92971 2.2222
-0.0048157 0.3881 0.73252 0.72604 0.094163 -1.7401 -2.8623 1.0403 -1.1043 -0.062602 -0.1542 -1.104 -0.58566 0.81425 -1.5737 -1.0973 -0.54974 0.15095 1.6029 1.368 0.58752 0.10483 -0.10734 0.44933 -0.4757 0.95697 1.5499 -2.345 -2.9103 -1.2425 1.0263 2.9913 2.4277 -0.493 1.0227 0.70276 -0.51146 -0.34666 2.0062
0.021173 0.33867 0.27563 0.53188 0.096736 -0.1813 -2.2257 -0.24836 -0.66394 -0.45223 -0.80824 -0.53528 -0.51233 1.0008 -2.2511 -1.8033 -0.95962 0.80261 2.6248 2.0384 0.54319 0.72973 0.27924 -0.21514 -0.88457 1.5452 0.91355 -1.3855 -2.3373 -0.81247 0.90543 1.7067 1.3986 -0.38999 1.689 0.25645 -1.2584 0.22185 1.3567
0.40194 0.32144 0.94744 0.72031 1.0056 0.059379 -0.74391 0.40899 0.086065 -0.044554 0.54705 0.03832 -0.29547 1.3004 -2.5484 -2.4344 -0.95788 0.9674 2.9644 2.4001 0.12925 1.4201 0.54494 -0.64833 -0.52726 1.8781 0.14603 -0.12779 -0.97338 -0.10419 0.43217 -0.10963 0.085855 0.49255 1.5975 -0.11569 -1.3037 0.6213 0.43836
1.094 -1.7489 -1.8457 -0.24328 0.80472 2.3033 -0.010352 -0.051233 0.27746 0.48305 -1.0838 -1.1497 0.89156 1.2435 -2.2899 -2.787 -1.0122 1.1506 2.5715 2.2292 0.69046 2.5468 0.046015 -1.2707 0.14162 1.8791 -0.50801 0.93525 -0.12404 0.36232 -0.49198 -1.356 -0.94308 0.86594 1.0117 -0.95377 -1.0654 0.66612 -0.49825
1.176 -1.7948 -1.7639 -0.22885 1.4979 2.5733 0.21363 0.90229 1.4844 0.1298 -1.4172 -1.5387 1.0502 0.94456 -1.7799 -2.5158 -0.7212 0.74794 1.4069 1.4456 1.4842 2.4426 -0.27204 -1.7008 0.23148 1.5273 -1.0602 2.0015 1.3319 0.71783 -1.1168 -2.2749 -1.6804 0.83229 0.11583 -1.5135 -0.21183 0.42607 -1.3741
1.1899 -1.706 -2.2719 -0.36609 1.304 1.6279 -0.16621 0.78574 1.7943 -0.40059 -1.5705 -0.83853 1.126 0.29319 -0.97465 -1.9999 -0.40139 0.046143 0.7293 0.67061 1.5601 2.2662 -1.3431 -1.8831 0.045362 0.88612 -0.98458 2.1999 2.3058 0.74168 -1.7169 -2.5373 -1.9839 -0.1138 -1.0853 -1.0465 0.56866 0.1075 -1.6609
1.1064 -1.6583 -2.1001 -0.32889 1.3311 1.8244 0.11213 1.5508 2.4587 -0.05504 -1.5026 -0.12448 1.175 -0.070062 0.3466 -0.19737 0.079587 -0.45356 -0.59639 -0.11175 1.3235 1.7755 -1.9598 -0.80417 0.35337 0.070307 -0.43895 1.9015 2.6371 0.50595 -1.688 -2.2428 -1.7937 -0.9012 -1.5631 -0.1794 1.1968 -0.22111 -1.4313
1.1482 -1.5536 -2.4569 -0.12839 1.148 1.9386 0.27414 1.6148 2.6859 -0.69975 -2.6203 -0.08859 1.1123 0.036667 0.55156 0.60274 -0.025038 -1.2848 -1.4249 -0.87861 0.56533 0.63836 -1.3345 -0.59711 0.28042 -0.17805 0.24447 1.3685 2.232 0.26318 -1.4086 -2.0226 -1.5674 -1.2753 -1.7389 0.76552 1.6356 -0.35866 -0.96118
0.88541 -1.6042 -2.434 -0.098017 0.92295 2.1474 0.48901 2.1326 3.2024 -1.9295 -2.0926 -1.0927 1.0719 0.30736 0.83233 1.3843 0.036399 -1.5715 -1.9348 -1.2931 0.24927 0.037191 -0.69066 0.052917 -0.33899 -0.3409 0.44432 0.92539 1.2338 0.12832 -0.94285 -1.5098 -1.0641 -1.3534 -1.7532 1.5227 1.6282 -0.22818 -0.62219
1.1666 -1.3011 -1.7256 -0.24397 0.3736 1.1908 -0.59735 1.4441 2.7952 -2.0382 -1.895 -0.99714 1.0038 0.52733 1.2119 1.6129 0.11097 -1.8848 -2.587 -1.8083 -0.36052 -0.44353 -0.41942 0.97541 -0.33463 -0.51967 0.069506 1.0746 0.5904 0.18455 -0.030187 -0.8972 -0.2779 -1.2078 -1.8189 1.6679 1.7581 0.63526 -0.74167
1.3157 -1.0886 -0.84595 -0.42611 -0.20417 -0.34063 -1.494 1.3912 2.0116 -0.87117 -2.2163 -0.56476 0.85167 0.45494 1.6596 1.7349 0.24959 -1.8185 -2.9922 -1.7293 -0.8226 -1.2918 0.72152 1.6817 0.19389 -0.8014 -0.88716 0.91945 0.04039 0.20791 0.56704 0.1629 0.7575 -1.1862 -1.8647 1.626 1.3894 1.306 -0.92312
1.5653 -0.67099 -0.65782 -0.18146 -0.4219 -0.88805 -1.5461 1.458 2.1672 -0.81385 -1.2948 -1.008 0.77708 0.081493 2.046 1.5974 0.21176 -1.2094 -2.668 -1.201 -1.2257 -2.4397 1.4013 2.1242 1.262 -1.1908 -2.0214 0.44504 -0.25198 0.31719 1.2699 1.5832 1.5258 -0.99086 -1.4438 1.1641 0.84838 1.405 -0.99666
1.5883 -0.23709 -0.68948 0.043007 -0.85422 -1.0913 -1.838 1.2291 2.2483 -1.1816 -0.52408 -0.44412 0.55703 -1.0145 2.048 1.4786 0.37319 -0.89933 -1.5809 -0.10648 -1.603 -2.8011 1.7534 2.266 1.443 -1.5529 -2.673 -0.1834 -0.42459 0.13599 1.6625 2.7078 1.8191 -0.84315 -0.54412 -0.10683 -0.27606 0.85654 -0.82917
1.3243 0.31141 -0.59872 0.25507 -0.88254 -1.7214 -1.5167 0.64316 0.69993 -0.12762 -0.68288 -0.15502 0.12108 -2.2549 1.8086 1.2517 0.64116 -0.089262 -0.1855 0.37734 -1.8765 -2.6643 1.4549 2.3728 1.8178 -1.8149 -2.4137 -0.85504 -0.44927 0.15347 1.6831 2.827 1.6933 -0.25137 0.92265 -0.90901 -1.4926 -0.48578 -0.30741
0.81781 0.7181 -0.12816 -0.16277 -0.337 -1.4669 -1.3308 0.36971 -0.85285 -0.23336 0.57184 0.92933 -0.33597 -3.0268 1.454 1.0784 0.28727 0.5721 1.086 1.054 -2.1169 -2.3144 0.43195 0.96502 1.6035 -1.8792 -1.1929 -1.2386 -0.46291 0.1058 1.4996 2.17 1.1512 0.48133 2.0371 -1.0177 -1.8485 -1.361 0.33065
-0.19793 0.85187 0.6539 0.17504 -1.1044 -1.2181 -0.96147 -0.68591 -0.97942 0.89291 0.35239 0.72924 -0.71666 -3.1114 0.82694 0.91957 0.53987 1.042 1.5523 1.5444 -1.4409 -0.81745 0.12471 -0.28651 0.20306 -1.5419 0.39708 -1.2885 -0.49281 0.089614 0.99096 1.0347 0.68745 1.5342 2.3743 -0.53692 -1.7164 -1.8563 0.85815
-1.1849 0.8322 0.52789 0.66908 -0.090261 -0.39307 -1.2808 -0.50586 -0.72722 0.65053 0.8364 1.6196 -1.0463 -2.6627 0.34234 0.73983 0.61963 1.197 1.8116 1.5724 -0.87223 0.42086 0.25418 -0.18779 -0.46676 -1.1329 1.7512 -1.074 -0.65271 0.095933 0.41721 -0.042055 -0.003095 2.1658 1.6539 -0.24827 -0.91261 -1.417 1.1295
-1.3532 1.0529 0.21088 -0.00015036 0.24069 0.85096 0.092396 -1.0214 -0.385 -1.4877 -0.74601 0.66807 -1.1794 -1.7487 0.079331 0.45722 0.64044 1.3592 1.4799 1.471 0.49134 0.80333 0.3831 -0.5662 -0.84797 -0.74635 2.5126 -0.55946 -0.56302 -0.29125 -0.20064 -0.91096 -0.55088 1.742 0.31409 -0.023061 -0.17186 -0.19486 1.082
-1.381 0.71988 0.34037 1.002 0.31256 0.22397 0.29908 -0.13761 1.1486 -0.30886 -1.1832 -0.84121 -1.0509 -0.6654 -0.076723 0.03089 0.41429 1.158 1.0324 1.0892 1.1319 0.23672 -0.25533 -0.77932 -0.69931 -0.37998 2.3857 -0.22371 -0.26994 -0.40062 -0.66284 -1.5729 -1.2045 1.0722 -0.42507 0.15337 0.77763 0.76115 0.96501
-1.4665 0.86119 0.67461 0.75911 0.53086 0.41486 0.33067 -0.5724 0.12825 1.2412 0.43067 0.0093432 -1.2408 0.2564 0.044942 0.172 0.094176 0.71144 0.14296 0.71017 0.95011 -0.10465 0.29151 -0.37165 -0.081481 -0.10087 1.5939 -0.054711 -0.14204 -0.70471 -0.81767 -1.6387 -1.4725 -0.24978 -0.29601 -0.3627 1.7165 0.99847 0.99046
-1.3241 0.8944 0.80782 0.59975 1.0439 0.46919 0.35322 1.1496 -0.40892 0.64234 0.04039 0.38608 -1.2984 0.48063 -0.036237 0.35771 0.13943 0.35202 -0.62082 -0.40498 0.99276 -0.016498 0.58032 1.2609 0.64806 0.16545 0.73527 -0.010059 -0.057121 -0.59507 -0.79968 -1.3927 -1.288 -1.2966 0.42306 -0.83516 1.9281 0.26246 0.95925
-1.2372 0.73877 0.3692 0.78866 0.26273 0.60802 0.13886 0.28106 -0.80966 -0.52622 -1.0727 0.24243 -1.1975 0.44752 -0.036798 0.02102 -0.5454 0.31899 -0.92401 -0.66538 0.091767 0.30261 -0.83167 1.8651 0.44779 0.64469 -0.0019487 -0.004489 0.14176 -0.12004 -0.72618 -0.66005 -0.58282 -1.6275 0.62793 -0.79213 1.0385 -0.49673 0.57429
-0.84868 1.0667 0.59802 0.47159 1.0161 0.005043 0.14212 0.064545 -0.12773 0.29369 -0.1309 1.2736 -1.1305 0.51526 -0.052508 0.00086429 -0.3837 -0.057099 -1.1807 -0.74446 -0.93797 0.87672 -1.477 1.983 -0.45642 0.85862 -0.37022 0.095444 0.3259 0.18694 -0.43345 0.5053 0.33819 -0.85862 0.36809 0.34903 -0.2399 -0.75249 -0.083535
-0.96227 0.79976 0.83429 0.62643 0.53749 -0.41352 -0.61236 0.50979 0.77093 -0.10956 1.4251 0.50437 -0.85133 0.23346 0.046306 0.63667 0.12827 -0.3651 -0.8825 -0.25858 -1.2251 0.71149 -0.37323 1.3427 -0.52966 0.51791 -0.47867 0.016145 0.37569 0.79563 -0.37344 1.3976 0.72278 0.14239 -0.46006 1.5656 -1.1412 -0.62797 -0.75958
-1.111 0.63969 0.34111 0.076384 0.93057 -1.0756 -0.42283 -0.29389 1.3254 -0.98343 1.7478 -0.56721 -0.23469 -0.058302 0.092765 0.69883 0.15047 -0.068442 0.34535 0.059496 0.0014652 0.51026 1.0399 1.0031 -0.37161 0.090274 -0.44076 -0.029675 -0.042997 0.87092 0.053149 1.7874 0.96702 0.94131 -1.4215 1.9137 -1.8349 0.091512 -1.1254
-0.81782 0.9187 0.8287 0.42161 0.40769 -0.78048 -0.48884 -1.4794 0.41532 -0.8222 2.224 -0.45694 -0.5575 -0.10024 -0.079592 0.41907 0.67622 -0.33154 1.0551 0.3548 -0.086619 -0.47709 1.1382 0.0069638 -0.85569 -0.24422 -0.13573 -0.076562 -0.56032 0.53886 0.1888 1.3429 0.6643 1.1169 -1.3137 1.1086 -1.5129 1.2008 -0.99469
-1.1237 1.0025 1.8241 1.2372 0.27874 -0.16104 0.39457 0.092818 -0.10565 0.50976 -0.2544 0.29636 -1.1147 -0.086498 -0.041019 0.031971 0.97213 0.025654 1.3593 0.85001 0.3333 -1.4587 1.7224 -1.1051 -0.12541 -0.64727 -0.11761 -0.29886 -0.6195 -0.24974 -0.084496 0.12419 0.55201 0.48074 -0.54925 -0.19078 -0.53339 1.81 -0.22106
-1.2166 0.91114 0.91179 0.65096 0.66871 1.5999 0.03291 0.95371 0.4529 1.6959 0.61775 0.37939 -1.1487 0.0093263 -0.021461 -0.12662 0.72489 -0.072293 1.2451 0.65361 0.78986 -1.0132 1.56 -0.7057 1.7186 -0.78096 0.03819 -0.36854 -0.5335 -1.5748 -0.29777 -0.99147 0.22432 -0.28941 0.69506 -1.2547 0.83761 1.5036 0.72006
-0.86237 0.7308 0.86496 1.4012 0.51314 0.66303 0.16406 -0.50266 -0.46615 0.92161 1.0278 -0.79078 -1.0696 -0.31981 -0.46541 -0.24162 -0.34442 -0.34238 0.48761 0.99731 0.51065 -0.36704 0.39091 0.24486 1.9225 -0.010716 0.3752 -0.82478 -0.22381 -2.6188 -0.86433 -1.708 -0.50999 -0.80074 1.4224 -1.8489 1.222 0.26712 1.7255
-1.1587 0.67022 0.51597 1.5785 0.78014 0.60176 0.58852 0.50978 -1.2482 1.3027 0.24876 0.060942 -1.2368 0.080586 -0.52014 -0.48803 -1.6195 -0.66967 -0.46632 0.7257 -0.72127 0.37715 -0.85501 0.9997 1.093 0.64749 0.79902 -0.9635 -0.13391 -3.0326 -1.2442 -1.6561 -1.4753 -0.74766 1.2749 -1.2931 0.63699 -1.1843 2.127
-0.96791 0.85975 0.61888 0.67854 0.46792 0.44723 0.28876 0.13556 0.34002 0.65291 1.2157 3.0403 -1.171 0.52801 -1.254 -0.22117 -2.7664 -1.2015 -1.1516 -0.18168 -0.44864 0.73406 -0.9694 0.4901 0.70419 1.5357 1.1951 -0.61185 0.025361 -2.1385 -0.85843 -1.0168 -2.0034 -0.55384 0.68171 -0.3779 0.19523 -1.7102 1.5779
-1.5102 0.25976 1.2896 -0.17878 -0.40906 0.21544 1.4723 -0.34423 -0.098573 0.017474 1.7788 1.842 -0.51088 0.97248 -1.3356 -0.39362 -3.7503 -1.8416 -1.2 -1.6457 -0.16508 1.0225 -0.49911 0.43225 -0.038263 2.0169 0.98394 0.0060953 0.046452 -0.54121 -0.12301 -0.4332 -1.7738 -0.51212 -0.48768 0.30586 0.022682 -1.6414 0.64956
-0.766 0.46094 0.69954 -1.1266 -0.26799 -0.1756 0.89799 -0.62755 0.85727 -0.020644 0.7767 0.31012 -0.36947 1.3101 -1.1422 -0.23187 -3.2896 -1.2718 -1.1527 -1.7416 -0.82618 0.68303 -0.61572 0.89266 -0.92244 1.9541 0.63436 1.2233 -0.037601 1.3233 0.80634 0.12662 -0.99347 -0.94115 -1.1774 0.033143 0.29132 -0.49631 -0.6538
-0.25911 -1.0244 0.3295 -2.4795 -0.713 -0.21474 -1.1547 0.47735 0.8417 0.7801 1.16 0.49446 0.84054 1.3982 -0.56405 -0.38418 -2.3747 -0.84705 -1.325 -1.9687 -1.5103 -0.61676 -0.43317 0.81231 -1.3678 1.53 -0.16571 1.9484 0.25505 2.6889 1.4519 0.38198 0.27465 -1.2642 -1.1261 -0.49928 0.26155 0.71287 -1.5085
0.14781 -0.4056 0.19164 -2.6177 -1.7708 -1.1928 -2.3595 -0.52116 0.26115 0.48202 1.3399 -0.29892 0.82212 1.4159 0.53198 -0.29296 -0.97662 -0.2649 -0.84711 -1.9641 -1.5858 -0.87657 -0.973 0.85914 0.36937 0.68366 -0.79776 2.2645 0.41376 2.9483 1.4303 0.88111 1.2675 -1.0123 -0.4272 -0.97038 -0.32327 1.2162 -1.9443
-0.055515 -0.10935 0.66527 -1.8819 -0.059619 -0.66615 -0.45474 -0.9026 0.03226 -0.088069 2.0335 0.73516 0.41732 0.62918 1.2857 0.14633 0.13028 0.23244 -0.60841 -0.99122 -2.2216 -0.52303 -1.4025 0.94767 0.71801 0.12227 -1.1163 1.3896 0.39922 2.1681 1.2858 1.1823 1.7794 -0.49799 0.78357 -0.86118 -0.79045 0.70787 -1.4985
0.17488 0.38291 0.45203 -2.3242 -0.88413 -1.506 -1.5026 -2.4305 -0.88523 -0.32223 2.3645 1.0373 0.50082 0.3052 1.9523 0.3249 0.98117 0.72759 0.21521 0.26017 -2.4183 -0.25953 -2.1965 0.13679 0.4366 -0.60331 -0.87344 -0.098806 0.10973 0.92328 0.4432 0.75593 1.2998 0.43323 1.0162 0.071151 -1.1037 -0.61789 -0.57999
0.24278 0.96571 0.76808 -1.4799 -0.72119 -0.58614 -1.3128 -1.7314 -0.57909 -1.4718 2.0257 2.0108 0.25025 0.010325 1.1927 0.10027 0.7073 0.94003 0.46248 0.41368 -2.0445 0.65584 -1.6589 -0.46278 -0.0091528 -0.33964 -0.25387 -1.5108 -0.13383 -0.073148 -0.20333 0.40029 0.52668 1.8941 0.793 1.3305 -0.88432 -0.88739 0.25019
-0.029166 1.1856 0.60181 -1.6259 -0.1107 -1.1426 -1.3885 -2.8005 1.0574 -1.1077 1.6254 0.32574 0.34465 0.20443 0.40438 -0.046782 0.4628 0.17184 0.097361 -0.11263 -0.819 0.59097 -0.73608 -0.70752 -0.50811 -0.057085 0.048854 -2.3784 -0.29513 -0.72953 -0.94766 -0.18421 -0.21054 2.8485 0.36515 2.248 -0.35992 -0.79664 0.8676
0.27673 1.0692 0.65122 -1.3453 -0.20353 0.20042 -0.99046 -2.3903 -0.031098 -2.1759 1.1757 0.52895 0.15266 0.23591 -0.61997 0.075547 0.24988 0.15548 0.23088 0.23273 0.66686 0.65214 0.60486 -0.45695 -0.58599 0.27064 0.30566 -2.3381 -0.32943 -0.68094 -1.2258 -0.043217 -0.05449 3.2673 -0.06057 1.5135 -0.22021 -0.2274 0.84851
-0.00097871 0.68809 0.34277 -1.8145 -0.13013 -0.87769 -1.192 -3.3446 1.1369 -1.2441 1.2052 0.0081567 0.45219 0.27512 -1.3605 -0.23709 -0.15991 -0.5536 -0.03837 -0.057701 1.7648 0.4675 1.3246 -0.62868 -0.87108 0.54914 0.19611 -1.9801 -0.37506 -0.35706 -0.53508 0.68428 0.52992 2.3343 -0.13742 0.74778 -0.31545 -0.021846 0.8178
0.39251 0.38224 0.6822 -1.3512 -0.40349 -1.1287 -1.0277 -1.636 -0.16108 -0.73503 1.6647 0.79127 0.38051 0.5042 -2.0725 -0.44649 -0.26007 -0.86343 0.4383 0.28393 3.0145 0.57188 0.43036 -0.98123 -0.29311 0.78279 0.17121 -1.2639 -0.44351 0.57953 0.23187 1.5605 0.9683 1.2029 -0.81073 -0.12903 -0.19285 -0.076433 0.55591
0.4625 -0.17458 0.73915 -1.8483 -0.78945 -0.7232 -1.2903 -0.99416 0.28247 0.47275 1.8035 0.66735 0.85242 0.40904 -2.3817 -0.51756 0.046085 -0.26126 1.3326 0.90567 2.5489 0.32818 0.87235 -1.1177 -0.71171 1.0608 0.013331 -0.47428 -0.43648 1.5453 1.5586 1.9049 1.1196 -0.0456 -1.3158 -0.62758 0.2655 -0.089125 0.19795
0.34139 -0.34237 0.20048 -1.6324 -1.2601 -0.49983 -1.5088 0.26036 1.0449 -0.29609 0.47101 -0.19674 0.79959 0.46441 -2.3509 -0.65085 1.2306 0.42546 2.608 1.6547 2.6225 -0.95848 0.52181 -0.63596 -0.83126 0.94931 -0.065586 0.3893 -0.5285 2.0221 2.4256 1.0379 0.57706 -1.0962 -1.5972 -0.81425 0.82995 0.1594 -0.32382
0.63644 -1.3098 -0.10359 -1.9219 -0.83797 0.23407 -0.43466 0.51946 1.92 -2.0486 -0.057182 -0.078934 1.1545 0.31595 -2.0617 -0.98768 1.9885 1.5685 2.6167 1.4573 1.8876 -1.4808 -0.071048 -0.29465 -0.7928 0.79969 0.022771 1.008 -0.60869 1.6698 2.2855 -0.3753 -0.24479 -1.2887 -1.1881 -0.95808 1.1073 1.0521 -0.74376
0.5666 -1.6373 0.097099 -1.0797 0.055759 2.1593 0.54807 -0.63079 -0.1996 0.00089349 0.19902 -0.63864 1.408 0.43447 -1.5405 -1.2455 2.5562 2.5241 1.8308 1.1445 1.2348 -1.8127 -0.83751 0.25941 0.050266 0.37156 -0.024237 1.4677 -0.52313 0.64018 1.2797 -1.7878 -1.1942 -1.3075 -0.18414 -0.56099 0.62453 1.367 -0.93227
0.61902 -1.8118 -0.25827 0.44624 0.39695 2.2994 0.93067 0.59123 -1.4766 0.17698 1.5155 -0.59791 1.3337 0.46136 -0.99711 -1.4123 2.5103 2.7437 0.97595 0.68527 0.75896 -1.697 -0.48781 0.64973 0.92357 0.10319 -0.01575 1.5381 -0.34878 -0.52788 -0.37046 -2.2828 -1.5166 -0.80037 0.84756 -0.44115 -0.22367 1.213 -0.89298
0.74907 -1.7991 -0.54678 0.83472 1.3731 1.677 -0.1508 1.2896 -1.8234 -0.77567 1.3187 0.055414 1.261 0.34733 -0.27764 -1.462 2.167 2.1102 -0.095288 -0.29692 0.66667 -1.2489 -0.4807 0.12713 1.0121 -0.26531 -0.1433 1.2255 -0.060064 -1.5803 -1.5653 -1.8461 -1.1439 -0.75724 1.58 -0.08919 -1.0216 0.44816 -0.5519
0.93851 -1.8035 -1.1418 0.72783 1.8799 1.1321 -0.26538 0.71558 -0.65793 -1.6526 1.1541 0.73047 1.1367 0.3299 0.037285 -1.5594 1.1912 1.1245 -0.91762 -0.792 0.63485 -0.050664 -1.2102 -0.71457 1.1218 -0.37882 -0.2106 0.68368 0.34916 -1.8395 -2.057 -0.93344 -0.20052 -0.77279 1.3631 0.30529 -0.88047 -0.42742 -0.23377
0.86793 -1.7497 -1.6485 0.88348 1.7459 1.1949 0.030923 0.98666 -0.42368 -1.2907 0.48301 0.93945 1.0404 0.24881 0.11809 -1.2832 0.25146 0.56605 -0.86087 -0.35579 -0.15628 0.57444 -0.70232 -1.1637 0.82755 -0.31199 -0.13041 0.16386 0.91402 -1.5675 -1.9123 -0.060543 0.62914 -0.66518 0.32126 0.85345 -0.013946 -0.98818 0.055016
0.91957 -1.7344 -1.4981 0.92434 1.5846 1.065 -0.33728 0.71794 -0.93985 -1.5526 0.058751 0.5207 0.99744 0.1422 0.019358 -0.8069 0.017937 -0.12295 -0.4844 0.32601 -0.31287 0.15796 0.22049 -0.52381 0.15309 -0.26415 -0.052386 0.11526 1.332 -1.0977 -1.6268 0.26727 0.89326 -0.53545 -0.66162 1.0181 0.91169 -1.3324 0.041753
0.88683 -1.6359 -1.7517 0.92555 1.2956 1.1503 -0.35446 0.64224 -1.1073 -1.1382 0.010116 0.64769 1.0384 0.21218 0.023271 -0.030853 -0.18664 -0.64849 -0.43802 0.38258 -0.13411 -0.71781 0.54574 -0.028687 -0.48016 -0.22871 -0.16896 0.69472 1.414 -0.71378 -1.3721 0.034448 0.58423 -0.13036 -0.83321 0.73341 1.0486 -1.3358 -0.3846
0.95274 -1.7289 -1.8405 0.82215 1.6334 0.80387 0.32053 0.74459 -0.55919 -1.042 0.44806 0.78103 0.97868 0.25489 0.29041 0.4452 -0.64955 -1.1449 -0.61034 0.59533 -0.39931 -0.77978 0.25118 0.53596 -0.88465 -0.34878 -0.7128 1.6241 1.3303 -0.50039 -0.83921 -0.33075 -0.25142 -0.35571 -0.13031 0.68438 0.52613 -0.88085 -1.0063
0.96721 -1.8496 -1.6227 0.80299 1.4543 0.86185 0.25108 0.80401 -1.2827 -0.7774 0.8763 0.39489 0.90129 -0.10356 1.2165 0.883 -0.75506 -1.3483 -0.73717 0.65997 -0.35061 -0.68295 0.77352 0.40223 -1.3206 -0.91349 -1.3073 2.1729 1.2719 -0.012209 -0.41819 -0.2743 -0.96873 -0.56002 0.67156 0.69998 -0.0608 0.14064 -1.3787
1.2168 -1.6945 -1.1087 0.46055 0.81827 0.49339 0.15157 0.59401 -1.7726 -1.045 0.64641 -0.058014 0.83223 -0.94156 2.3058 1.3636 -0.63817 -1.2544 -0.99245 -0.3012 -0.87916 -0.14784 1.4954 0.29632 -1.1901 -1.609 -1.6099 1.9418 1.0904 0.56536 0.014216 -0.043514 -1.3465 -0.40897 1.0898 0.69731 -0.55236 1.1979 -1.2379
1.0728 -1.1805 -1.0872 -0.026989 0.01352 0.34886 0.73361 0.2667 -1.5077 -1.2305 0.77583 -0.51161 0.58174 -1.465 2.8725 2.0223 -0.2177 -1.3292 -0.79354 -1.0645 -0.96491 0.31822 1.345 -0.064395 -0.061889 -1.9107 -1.1639 0.78735 0.4134 0.66917 0.24711 0.25709 -1.12 -0.27414 1.2972 0.35823 -0.61794 1.6965 -0.49767
0.5143 0.14023 -0.46799 0.21298 0.13097 0.10325 0.36003 0.36427 -1.7517 0.094898 0.19755 -1.2708 -0.25636 -1.8659 2.9093 2.0305 0.13889 -1.1239 -0.67477 -1.1788 -0.86998 0.92721 1.3813 -0.38382 0.85156 -1.926 0.033347 -0.86292 -0.65293 0.30329 0.23502 0.3222 -0.25497 0.11131 0.99263 -0.046216 -0.71666 0.89632 0.62688
-0.50604 1.0433 -0.19162 0.37005 0.3773 -0.36726 -1.1967 -0.60417 -0.5357 1.3134 0.72173 -0.24998 -0.8612 -1.6673 2.313 1.3709 0.10807 -0.97044 -0.39732 -1.0933 -0.87157 1.4115 1.5386 -0.54388 1.0144 -1.5885 1.3618 -2.1906 -1.8482 -0.3921 0.07134 0.1013 0.61693 0.27703 0.30761 -0.31879 -0.68599 -0.50825 1.6859
-0.39072 0.89826 0.92893 0.77752 0.037049 0.031006 -1.0441 -0.085362 -0.33064 -0.064365 0.51612 1.436 -0.84343 -0.78465 1.0555 0.41016 -0.23511 -1.012 -0.5638 -0.7823 -0.69477 1.3143 1.2624 -0.95046 0.038326 -0.71643 2.4296 -2.6419 -2.2687 -0.88043 -0.22959 -0.013361 1.2151 0.33166 -0.51784 -0.80864 -0.85933 -1.7047 2.2334
-0.69165 0.91408 0.67356 0.74109 -0.29631 -0.054759 -0.80898 -0.11403 -0.48605 0.54628 0.1805 1.0664 -0.88735 0.36004 -0.086545 -0.80109 -0.76807 -1.2534 -0.6568 -0.048179 -0.50011 0.73213 0.69916 -1.2054 -0.67857 0.31534 2.4273 -1.9503 -1.9203 -1.0281 0.053751 -0.26621 1.3011 -0.084213 -0.86882 -0.94878 -0.77931 -2.1055 1.9629
-0.21671 0.81779 -0.080485 -0.018196 -0.80022 -0.072577 -0.67283 -0.66663 0.22677 0.9701 -0.1723 0.087208 -0.78633 1.3426 -0.57753 -1.3454 -1.0756 -1.3838 -0.57835 0.68653 -0.39737 0.18575 0.073122 -1.8291 -1.7016 0.87165 1.5728 -0.69303 -0.73552 -0.58217 0.60691 -0.23511 0.93089 -0.37601 -0.82992 -0.95156 -0.30471 -1.1719 1.0513
0.24476 0.31119 -0.83834 -0.44638 -1.0772 -0.85991 -0.37391 -0.53093 0.095884 1.0244 -0.69079 -1.8228 -0.31696 1.4874 -0.32988 -1.527 -1.401 -0.68397 -0.92073 0.72863 -1.1684 0.17666 0.11282 -1.7182 -2.3115 0.91309 0.19047 0.44137 0.63484 0.18175 1.1519 -0.075076 0.27855 -0.50068 -0.80997 -0.55595 0.34145 0.34384 -0.045267
0.56836 0.50195 -1.2652 -0.46984 -1.0185 -0.9582 -0.43519 -0.4349 -0.70853 1.3759 -1.0165 -1.2575 -0.085378 1.3842 -0.051341 -0.6687 -1.0122 -0.21616 -0.90134 0.6596 -1.0745 -0.12747 -0.47069 -1.3446 -1.4867 0.75059 -0.93016 1.0059 1.5213 0.87137 1.3356 0.4789 -0.40953 -0.45758 -0.84048 -0.25061 1.3398 2.1884 -0.87865
0.86308 0.47248 -0.85036 -0.49656 -1.3067 -0.69291 -0.32546 -0.97706 -0.037546 0.34924 -1.5544 -1.142 -0.026001 0.6682 0.43473 0.11808 -0.46163 0.20892 -0.65 0.51618 -1.1172 -0.78998 -0.22931 -0.78686 -0.11684 0.30152 -1.4394 0.8977 1.98 1.426 1.0209 1.0208 -0.86867 0.2009 -0.77072 0.0053199 1.953 2.7174 -1.2617
0.88333 0.70724 -0.63966 -0.97737 -0.52433 -1.2477 0.065072 -1.827 0.1022 0.16817 -1.4202 -1.5855 -0.047782 0.13265 0.82626 0.83571 0.085298 0.54131 0.22128 -0.0058554 -1.295 -1.0721 -0.31877 0.39212 1.5339 -0.29546 -1.5639 0.53746 1.3579 1.3755 0.91887 1.0916 -1.2035 0.71555 -0.50263 0.2382 1.82 2.094 -1.2394
0.76176 0.84414 -0.25645 -0.57269 -0.81549 -1.2841 0.048521 -1.2496 -0.61187 0.35144 -1.3534 -1.2412 -0.1588 -0.39186 0.82542 1.6281 0.7203 0.75118 0.51883 -0.63776 -0.65332 -0.94948 0.0081579 1.3448 1.5618 -0.67954 -1.1675 -0.05492 0.40247 1.3114 0.37771 0.95828 -1.4269 1.2956 0.46611 -0.024048 1.1757 1.1215 -0.86135
0.48192 1.1781 -0.45051 -0.65774 -0.73701 -1.1029 -0.057239 -1.864 -1.2919 1.3595 -1.1741 -0.48676 -0.37575 -0.8072 0.70819 1.2582 0.97235 1.1459 0.65445 -1.1192 0.09627 -1.0977 -0.13199 1.2511 1.8195 -0.83712 -0.81309 -0.51665 -0.39704 0.81108 -0.068813 0.4096 -0.95717 1.4472 1.0855 -0.14505 0.25241 0.18766 -0.33329
0.5535 1.2246 0.045434 -0.11881 -0.38958 -0.07787 -0.78446 -1.9728 -1.6686 0.39021 0.043098 0.89584 -0.59988 -0.89407 0.39751 0.70663 1.5502 0.58113 1.0114 -1.7211 0.71476 0.15457 -0.41271 1.1374 1.9542 -0.87152 -0.42759 -0.6897 -0.59023 0.21942 -0.45542 -0.14844 0.03384 1.0541 0.95076 -0.37909 -0.48474 -0.2144 0.12607
0.21412 1.3301 1.2435 0.59086 -0.1181 -0.27978 -1.4513 -0.99992 -1.2299 0.97436 0.36976 0.27602 -0.78935 -1.0322 0.12466 0.52134 1.188 0.5098 0.7737 -1.3369 0.84236 0.5747 -0.45094 0.97591 1.6967 -0.75717 0.0078481 -0.69034 -0.45996 -0.38101 -0.55875 -0.72642 0.85814 0.24729 0.45764 0.010691 -0.62592 -0.948 0.43564
-0.037775 1.2062 0.24171 0.21877 0.47746 -0.30809 -1.4122 -1.0752 -1.1989 -0.46435 -0.86065 0.70856 -0.85745 -1.025 -0.10545 0.84085 1.0212 0.26781 0.1602 -0.45797 1.0328 0.13745 -0.66353 0.46651 1.1835 -0.50634 0.20997 -0.52843 -0.33031 -0.89343 -0.050927 -0.8253 1.5765 -0.61006 -0.59054 0.11157 -0.73336 -1.5618 0.57386
-0.061804 1.1324 -0.16313 1.1212 -0.47737 0.036947 -2.1377 -0.8199 0.84407 0.0042217 -0.12998 0.94959 -0.97748 -0.7303 -0.26409 0.29205 0.52024 0.3181 -0.3559 -0.063109 0.43199 -0.17477 -0.024077 0.28414 0.30805 -0.28702 0.33337 -0.34472 -0.24149 -0.72025 0.04831 -0.38054 1.4779 -0.49749 -0.77965 0.40792 -0.49165 -1.388 0.50312
-0.48628 1.1074 0.49877 0.46276 -0.29899 -0.27527 -1.1884 -0.58601 -0.89098 0.6256 0.073692 1.4076 -1.0041 -0.6822 -0.34459 0.17763 0.2071 0.59214 -0.054279 0.7386 -0.24781 -0.70054 -0.43305 -0.037136 -0.46742 -0.14196 0.17644 -0.50304 -0.74351 -0.99818 0.65785 0.18107 1.4093 0.13221 -0.26761 0.17136 0.021991 -0.77094 0.62083
-0.52802 1.1351 1.351 0.78548 -0.1625 -0.72138 -0.54391 -0.82036 -2.1684 0.17784 -0.18851 1.4051 -0.93499 -0.62626 -0.36625 0.38426 0.24266 0.43859 0.12537 0.96792 0.5332 -0.62301 0.24554 0.19785 -0.24853 -0.093425 0.1228 -0.52853 -1.1908 -1.1734 0.48867 0.35269 1.2476 0.79645 1.0434 -0.57204 0.54503 -0.066621 0.89156
-0.084981 0.91517 0.45348 0.69786 0.5103 -0.56331 -1.6183 -1.3923 -1.5037 0.51494 0.59145 0.51411 -0.95983 -0.77253 -0.94577 -0.66283 -0.71329 1.3784 0.2687 1.7951 1.2538 -0.20768 -0.48044 0.52215 -0.083227 0.44033 0.49158 -0.24901 -1.293 -1.3166 -0.38002 0.032838 0.47498 0.78709 1.7627 -0.12744 0.75755 0.22299 0.94171
-0.79812 0.90612 0.94004 0.79859 0.89134 0.03135 -0.31342 -1.2432 -1.5448 -0.61408 -0.71084 -0.78395 -0.98621 -0.47386 -0.90013 -1.6263 -1.2213 0.79608 0.16933 1.86 1.2408 1.6915 -1.2343 1.0784 -0.030148 0.91962 0.94894 -0.037217 -0.30967 -1.2687 -1.6639 -0.54936 -0.3433 -0.1153 1.4223 0.33273 0.54918 -0.34609 0.96189
-0.78254 0.76499 0.26646 0.84027 0.13744 0.07124 -0.47106 0.53525 -0.75269 0.49208 -0.32481 1.5877 -1.032 0.094111 -0.51829 -1.3571 -1.5311 -0.25447 -0.018694 1.2287 0.93986 1.7264 0.0010455 1.0278 -0.14747 0.93346 1.7017 0.33197 1.1029 -0.56017 -2.7199 -0.79161 -1.6757 -1.2497 0.42487 1.5051 0.29254 -0.96047 0.63718
-1.1304 -0.26115 -1.1666 -0.52 1.5225 0.14686 1.0608 1.0302 0.11308 -0.61722 1.2565 1.3348 -0.16925 0.58817 -0.64483 0.12839 -1.7288 -1.6873 -0.81858 0.5824 0.4818 1.2977 0.65957 1.0274 -0.91761 1.2758 1.8613 0.24173 2.0041 0.22461 -2.2966 -0.47209 -2.3295 -2.0597 -0.76641 1.8779 -0.40617 -1.8659 0.3202
-0.68914 0.4722 -0.93335 -1.0934 0.22886 -0.69026 1.2496 -0.030789 1.1119 -1.3499 1.4354 0.98458 0.12447 1.6531 -0.48318 0.63938 -1.5119 -2.193 -0.80152 -0.84797 -0.7747 0.83656 1.6748 1.1092 -1.561 1.3331 1.5901 0.038449 1.7901 1.2147 -1.5456 0.25648 -2.4831 -1.8564 -0.86784 1.2688 -0.8451 -1.8151 -0.052224
0.13586 0.88999 0.32955 -0.56571 -0.67037 -0.70951 -0.35154 -0.63793 -0.61329 1.4304 0.51502 0.024777 -0.29085 1.9808 -0.48756 1.3303 -0.81242 -2.2979 -0.37492 -1.6659 -1.8806 0.54679 1.809 0.18132 -3.0432 1.2588 0.75332 -0.31071 0.59133 1.8213 -0.085138 0.95 -1.6265 -0.68193 -0.59646 0.43636 -0.81049 -0.67339 -0.42883
0.27041 -0.13347 1.5069 -1.1197 -1.7082 -1.5924 -0.96324 -0.6474 0.15608 1.1183 1.1087 -1.8149 0.43222 2.1604 -0.52751 1.5752 0.28486 -2.6819 0.25695 -2.5126 -1.4634 0.30473 2.0351 -0.29634 -2.7036 0.85597 -0.50081 -0.64367 -0.54321 1.6138 1.0013 0.74187 0.22881 0.68391 -0.26343 -1.0538 -0.22857 0.90066 -0.4611
0.93821 0.25505 0.8566 -0.82701 -1.3451 -0.31377 -1.3195 -1.3753 -0.02729 1.7104 0.65967 -1.4319 0.41999 1.6422 -1.1728 0.8323 0.7839 -1.5883 0.51386 -1.7706 -0.48097 0.32167 1.3505 0.053237 -1.6976 0.79637 -1.1961 -0.35034 -1.6074 1.1408 1.7342 0.073849 1.5743 1.3839 -0.47621 -1.6594 0.4283 2.7826 -0.65346
0.94852 -0.25147 0.69278 -0.5254 -1.7038 -0.13127 -1.6716 -1.2764 0.89912 1.8161 0.47131 -2.1257 0.68367 0.94943 -1.2815 -0.17467 0.712 -0.7685 0.20637 -0.34223 -0.13313 0.38843 -0.33557 0.67727 -0.45865 0.79214 -1.5701 0.27583 -1.8061 0.55106 1.9769 -0.89621 2.1316 1.2884 -0.6981 -1.911 0.48499 2.9376 -0.83524
1.2525 -0.5131 0.63944 -0.24425 -2.0983 0.20853 -1.9749 -0.70544 0.76326 1.3387 1.219 -1.8783 0.72413 0.50433 -0.73102 -0.95409 1.1097 -0.17701 -0.21139 0.34115 0.15302 -0.49103 -0.50946 0.53157 1.3475 0.19567 -1.3104 1.0503 -1.4123 0.15617 1.43 -1.2936 1.7182 0.98772 -0.99909 -1.5646 0.070682 2.3663 -1.1778
1.1817 -0.65938 0.74963 0.03773 -1.8603 -0.66341 -1.1774 -0.68309 0.6877 1.2413 1.2208 -1.2854 0.76237 -0.0030113 -0.25775 -1.0823 1.1523 0.1201 -1.1503 0.61669 0.73327 -0.7388 -1.0639 0.4166 1.5948 -0.24373 -1.0033 1.1012 -0.80852 -0.10359 0.90983 -0.95933 0.90358 0.86525 -0.79357 -1.1179 -0.63156 1.3618 -1.1724
1.0607 -0.80511 0.56271 -0.12872 -1.7875 -1.0469 -0.73162 -1.07 -0.34225 0.79361 1.4997 -1.1987 0.7786 -0.16238 0.18025 -1.4889 0.85397 0.50615 -1.3595 1.1243 1.0163 -1.1803 -1.5913 0.29487 1.9619 -0.6607 -0.65552 0.61186 -0.4072 -0.38166 0.33996 -0.085114 0.36433 0.76709 0.085582 -0.9913 -0.78827 0.31322 -0.66272
0.97445 -0.60269 -0.17905 0.40789 -1.6979 -1.3804 -0.82402 -0.72642 -0.6218 0.88746 1.2637 0.55421 0.50942 -0.46389 0.218 -1.4929 0.64322 0.50712 -1.1137 1.043 1.1282 -0.91211 -2.1681 -0.51821 1.9254 -0.7455 -0.18495 0.1278 0.056974 -0.40782 -0.09288 0.74962 0.026549 0.73573 0.70635 -0.38781 -1.0441 -0.012894 -0.097893
0.96637 0.12552 -0.64928 0.77637 -1.2204 -1.5622 -1.0236 -0.17306 -0.25179 0.34591 0.78097 -0.11693 0.088168 -0.40726 0.118 -1.5439 0.64642 0.23712 -0.40418 0.84714 1.4582 -0.2511 -2.0665 -0.63288 1.7906 -0.66398 0.14423 -0.2033 0.75133 -0.42817 -0.5 0.77297 -0.18363 0.34696 0.95295 0.46922 -1.056 -0.50755 0.40258
0.91283 -0.36959 -1.0435 0.35136 -1.3716 -1.667 -0.0808 0.37932 -0.57223 -0.64581 1.2574 0.19233 0.029213 -0.20439 0.0013302 -0.93552 0.48922 0.095445 -0.16047 0.81191 1.9542 0.21975 -1.6756 -1.2706 1.641 -0.40475 0.40304 -0.073211 1.2185 -0.55975 -0.43026 0.30848 -0.15666 -0.40621 0.71316 1.5332 -0.47299 -0.73545 0.53401
0.64354 -0.6221 -0.67402 0.51326 -1.6396 -1.3704 -0.4368 0.50048 -0.41762 -1.6729 0.37431 0.8041 0.13123 -0.043591 -0.070975 -0.28057 0.12599 -0.16842 -0.32261 0.88422 1.2914 0.18138 -0.89781 -1.5041 1.0822 -0.15386 0.40885 0.49217 1.2579 -0.6828 -0.061684 -0.047241 -0.40475 -1.4182 0.32156 2.4167 0.19059 -1.1372 0.32594
0.75919 -0.64449 -1.1499 0.90313 -1.6113 -1.2263 0.1383 0.75439 0.19435 -0.81502 0.69206 1.2428 0.18549 0.052816 0.18377 0.28274 -0.14815 -0.04697 -0.55468 0.72175 0.4392 0.30876 0.4083 -1.0746 0.80501 -0.10279 0.35696 0.80489 0.68486 -0.68031 0.082729 -0.13631 -0.7239 -2.0169 0.038915 2.7353 1.4303 -1.838 -0.054226
0.94327 -0.52321 -0.60854 0.59587 -1.5205 -1.5567 0.11714 1.533 -0.3156 -0.81233 -0.49486 1.4614 0.26733 0.1728 0.90129 0.33186 -0.31712 0.20443 -0.30702 0.10297 -0.51906 0.3404 1.8965 -0.37623 -0.063918 -0.26637 0.21428 0.71273 0.30707 -0.51915 -0.056044 0.19429 -0.87113 -1.755 -0.20369 2.1954 1.7017 -1.8114 -0.25853
0.95203 -0.20375 -0.72119 0.60083 -1.7383 -2.2273 0.18043 0.54065 -0.40427 -0.11027 -0.6587 1.3948 0.066012 0.30585 0.9446 0.11431 -0.56676 0.060952 -0.44342 -0.21265 -1.0363 0.19805 2.5974 1.0359 -1.4504 -0.43788 -0.0036663 0.14027 0.2842 -0.37159 -0.64648 0.81306 -0.66517 -1.3289 -0.17385 1.2371 1.0857 -1.4475 -0.19517
0.91888 0.31486 -0.33873 0.3028 -1.1034 -2.3285 0.1139 0.25238 0.31479 0.54158 0.21495 0.51848 -0.16384 0.20024 0.81448 0.41552 -0.64019 -0.3163 -0.0031012 -0.35251 -1.3588 -0.20173 2.5508 0.86187 -1.4017 -0.41855 -0.36835 -0.54188 0.54365 -0.39316 -1.0268 1.5199 -0.039452 -0.34819 -0.27783 -0.31973 -0.18689 -0.54818 -0.0081367
0.95211 0.48185 -0.76699 -0.017808 -1.293 -1.357 -0.26703 -0.36488 -0.078326 1.52 1.0278 0.14858 -0.20389 0.030485 0.47728 0.80773 -0.68554 -0.92651 0.88566 -0.3505 -1.7027 0.20238 2.6238 0.47752 -1.415 -0.35262 -0.72403 -0.62157 0.40494 -0.11533 -0.63966 1.8816 0.41743 0.74474 -0.35086 -1.7074 -1.6584 0.57029 0.076335
1.0415 0.048515 -0.80021 0.12634 -1.8718 -1.9856 -0.63433 -0.3102 0.021473 1.6267 1.8514 -1.271 -0.23656 -0.33223 0.17463 1.063 -0.99709 -1.1155 2.0111 0.099104 -0.84583 -0.2519 1.1761 -0.50846 -1.1842 -0.32104 -0.88455 -0.27693 -0.017987 0.19041 0.49379 1.3305 0.64154 1.4472 -0.25557 -2.4525 -1.8486 0.69478 -0.022127
1.0285 0.21272 -0.20087 0.18016 -2.129 -1.2308 0.025465 -0.32403 -0.55678 2.2281 0.1676 0.46397 -0.12573 -0.68906 0.1628 0.59521 -0.60696 -0.66729 2.2437 0.38481 0.16656 -0.51639 -0.31915 -1.6767 -0.44019 -0.35691 -0.99328 0.26173 -0.46337 0.35134 1.8584 0.57267 0.45362 1.5052 0.04256 -2.0926 -0.83215 1.2316 -0.21072
0.89115 0.14851 0.76873 -0.39579 -2.7761 -0.39946 -0.28888 -0.97882 0.36088 2.6285 -0.73062 -0.36548 -0.20184 -0.98024 0.48153 0.49335 -0.32511 0.43425 1.928 0.54265 0.52801 -0.38695 -1.1372 -1.8448 -0.52287 -0.45192 -0.79259 0.46327 -0.7087 0.89169 2.6081 -0.5399 -0.28558 0.48301 0.74347 -0.61832 1.0376 1.1819 -0.35322
0.35428 0.31328 0.41961 -0.93979 -2.4786 0.83226 0.53828 -0.26659 -0.80437 0.66895 -0.78268 -0.67644 -0.50044 -1.3748 0.78944 0.18683 -0.36554 1.5963 2.0466 0.32197 0.5444 0.33518 -0.62764 -0.57522 0.68694 -0.63919 -0.44876 0.22058 -0.54518 1.1278 2.3564 -1.3778 -0.57405 -0.37764 0.66164 0.59536 1.9402 1.3206 -0.29347
0.15648 0.68905 -0.49658 -0.085704 -1.2874 0.57769 0.24958 0.75826 -0.42881 0.12979 -1.0117 -0.21349 -0.60649 -1.3697 0.68455 -0.12177 0.55092 2.3785 1.0405 -0.42499 -0.082921 0.82141 -0.0002738 1.0145 0.58591 -0.77105 0.066697 -0.35504 -0.26374 1.2243 1.3016 -1.8394 -0.8533 -1.0382 0.18334 0.95658 1.3662 1.5069 -0.049203
0.049628 0.88954 -0.21855 -0.12901 -0.73223 0.45331 0.092399 -0.046962 -0.52349 0.72272 -0.36525 -1.3315 -0.62814 -1.2769 0.45388 -0.16413 1.0663 2.5405 -0.029911 -0.25265 -0.24504 0.21112 0.31538 0.79896 1.6147 -0.68822 0.53353 -0.73181 0.32899 0.92186 -0.40434 -1.7709 -0.36146 -1.3556 -0.92496 -0.16486 0.063544 0.92158 0.20296
-0.46417 0.839 -0.0062873 -0.47588 -0.23967 1.0311 -0.20291 0.0072134 1.0336 2.1884 1.1305 1.2814 -0.89167 -0.91549 0.02051 0.15631 1.2512 2.2735 -0.6589 -0.839 -1.0752 0.028344 0.34833 0.20848 1.9926 -0.50835 0.57402 -0.66497 0.49695 0.2571 -1.4308 -0.70087 0.33668 -0.36168 -1.3065 -1.3919 -1.178 -0.017784 0.34584
-0.36062 0.79359 0.28753 1.051 0.15559 0.21516 -0.79862 -1.1898 0.74882 2.5092 0.68392 0.77665 -0.98 -0.67648 -0.17589 0.70284 1.0096 0.93796 -0.59416 -0.17536 -1.5729 -1.1822 -1.1859 -0.07541 1.8003 -0.42831 0.43484 -0.27456 -0.053928 -0.33163 -1.6635 0.15634 0.77885 0.89343 -1.0216 -1.6777 -1.0946 -1.9279 0.36075
-0.65817 0.59685 0.3698 0.50302 -0.013642 -0.19791 0.20026 -0.56254 -0.66567 1.3654 -0.94184 1.5378 -0.99821 -0.67406 -0.17931 0.43064 1.0586 0.65049 -0.063016 0.20127 -0.10512 -1.1763 -2.195 -0.97118 0.44401 -0.31901 0.22427 0.25447 -0.52901 -1.0756 -1.2554 0.73977 0.9898 1.7582 -0.13189 -0.84241 -0.36796 -2.6069 0.30322
-0.57053 0.44605 -0.025775 0.73188 0.73266 -0.00027833 -0.91795 -1.0643 -0.9789 -0.033138 -0.83727 1.6238 -1.017 -0.64373 0.067802 -0.40053 0.53855 0.41028 -0.027343 0.75933 1.0176 -1.2983 -1.955 -0.86469 -1.454 -0.17588 0.050639 0.52118 -0.59242 -1.1608 -0.27025 0.86303 0.34627 1.7149 1.2623 1.0697 0.39519 -2.1807 0.19757
-0.55459 0.75161 0.61545 0.99911 -0.54067 0.0018137 0.39834 -1.3977 -2.1476 -1.5063 -0.21206 1.4941 -1.066 -0.54415 0.35141 -0.32704 -0.53174 0.31871 0.50583 0.63951 1.0541 -0.20524 -1.0655 -0.17576 -1.5719 -0.12411 0.0055434 0.42797 -0.040359 -0.99828 -0.15989 0.36614 -0.16813 0.87988 1.8383 1.9857 0.86528 -0.67933 0.057017
-1.0051 0.74368 0.30688 1.075 0.52413 1.0805 0.13302 0.66957 -0.40244 -0.44069 -0.89672 -0.86384 -1.0617 -0.65562 0.48474 -0.078277 -0.37324 0.63047 0.81201 0.28924 1.1881 0.89265 0.44262 0.29673 -1.5369 -0.1926 0.12118 -0.054666 0.30339 -0.38996 -0.1775 0.028702 -0.60711 -0.025713 1.6286 1.8533 0.91448 0.9623 0.067762
-1.2013 0.94503 -0.88528 0.40635 0.47832 0.33455 0.68531 1.0447 -0.55065 1.1281 0.21283 -0.73695 -1.1252 -0.66071 0.37283 0.19702 -0.35893 0.26252 0.2305 0.11114 1.531 1.4669 0.71154 0.17197 -0.87766 -0.21335 0.49344 -0.35299 0.21281 0.13151 -0.78458 -0.40621 -0.34695 -0.99046 0.39544 0.76996 1.1282 1.6426 0.23253
-0.81284 1.0965 0.37235 -0.028956 0.50975 0.60837 -0.14897 -0.76983 0.054462 0.63471 -0.46544 -0.25384 -1.1 -0.37698 -0.038714 -0.057943 -0.28122 0.1293 0.15975 -0.1626 0.74447 1.1754 0.9855 0.78515 0.096411 -0.015932 0.64222 -0.5536 0.25503 0.28745 -1.0622 -0.41592 -0.19661 -1.8753 -0.85892 -0.77174 0.59576 1.3404 0.32543
-1.434 0.97274 0.44839 0.4878 1.005 1.0609 0.17864 0.75619 0.11853 0.95158 -0.81944 0.23123 -1.2631 0.17226 -0.012027 0.088978 -0.33376 -0.81526 0.025893 0.18956 -0.62951 0.44056 0.23056 1.8375 0.86022 0.17938 0.36739 -0.40336 0.23122 0.48275 -0.54355 -0.095365 0.15901 -1.5708 -1.518 -1.134 0.37301 0.1089 0.23893
-1.2101 0.8538 0.444 0.7487 0.21202 -0.040322 -0.46534 0.97374 0.63501 -0.57171 -0.30484 0.35611 -1.2493 0.042318 -0.30396 0.48509 0.15042 -0.70709 0.08915 -0.13099 -1.3529 -0.37302 -0.96773 0.64086 0.24281 0.15876 0.042341 -0.015908 0.38186 0.3581 0.072062 0.074636 0.39869 -0.50812 -0.78681 -1.1986 -0.28232 -0.73042 0.01978
-1.0089 0.60179 -0.037132 0.64948 -0.25829 0.86142 0.60256 -0.035238 -0.43092 0.65756 1.1914 0.51403 -0.92445 -0.2338 -0.2091 0.38795 0.32753 -0.27684 0.071186 0.41179 -0.45095 -0.88607 -0.719 0.96896 -0.74834 0.10188 -0.26804 0.12844 0.26292 0.2886 1.1418 0.31259 0.38465 0.86941 0.3817 -0.43577 -0.85385 -0.82933 -0.14997
-0.71474 1.0342 -0.11274 0.0109 -0.44469 1.0084 0.67069 -0.38668 0.32861 0.75195 1.8811 -0.12811 -0.83192 -0.10257 0.032789 0.55176 0.056815 -0.0068754 0.27689 0.51281 -0.3149 0.20732 -1.0815 0.61436 -0.56388 0.057627 -0.14374 0.076892 -0.17064 0.16342 1.3076 0.17016 0.1957 1.8299 1.0895 0.13866 -0.99372 -0.0068637 -0.18836
-1.3481 0.56613 0.54156 0.63021 0.18373 0.33505 -0.29953 -1.5445 -1.3473 -0.82102 -0.84616 -0.44915 -1.1392 -0.22358 0.048701 0.58055 0.25145 0.8627 0.53987 0.62664 0.5526 0.90943 -0.66203 0.085829 -0.39746 -0.020101 0.11209 -0.11763 -0.38889 0.085938 0.71075 0.02889 0.043968 1.6164 0.84828 0.47588 -1.2154 0.90401 -0.098414
-1.4549 0.93393 1.2481 0.77281 0.74821 0.90423 0.63557 0.36869 -0.79923 -0.086107 0.63219 -1.2714 -1.1442 -0.21495 -0.29522 0.059671 0.49225 1.0449 0.18249 0.15 1.7089 0.93616 -0.74657 -0.96638 0.039968 -0.094735 0.21614 -0.11567 -0.46263 0.034232 -0.045245 -0.30544 0.11556 0.84086 -0.23123 1.1042 -0.05202 1.081 0.071264
-1.3493 0.99259 0.79094 0.59937 0.48928 1.2163 0.80227 1.0777 1.8681 -1.0806 0.35959 0.39527 -1.1618 0.015049 -0.25263 -0.12503 0.26839 0.46177 0.16819 0.68401 1.6866 0.46301 0.067124 -0.73939 0.73156 0.014522 0.19121 -0.083097 -0.24529 -0.15402 -0.69792 -0.7925 -0.22392 -0.80605 -1.2415 1.0602 0.46048 0.80167 0.14223
-1.1384 0.7167 0.56595 1.0301 0.97048 0.94038 0.70951 1.077 1.5209 -0.47865 0.77112 -0.073305 -1.0238 0.15169 -0.020593 0.00026335 0.11002 0.11881 -0.14512 0.71535 0.76382 -0.064283 0.81907 0.88926 1.0049 0.16152 -0.17122 0.15065 0.29184 -0.3496 -0.62308 -0.83391 -0.53191 -2.1275 -1.7096 0.63786 0.30748 0.2406 0.059334
-1.113 0.14294 -0.46014 0.95329 0.69988 1.017 0.50327 1.454 -0.19579 0.046873 -0.39488 0.23245 -0.95697 -0.076665 -0.23487 0.13408 0.15142 0.094714 -0.86225 -0.090606 -0.52264 -1.1519 0.72844 0.06036 0.69862 0.092075 -0.56509 0.20501 0.51543 -0.32353 -0.32417 -0.57735 -1.0513 -2.0627 -0.90121 -0.51258 -0.77724 -0.088209 -0.17656
-0.96407 0.93696 0.53509 0.24483 0.023741 0.91454 1.5278 0.67403 -0.1583 0.44739 0.047407 0.51876 -0.96942 -0.46904 -0.0356 0.51197 -0.10699 0.13 -0.94967 -0.50132 -1.2967 -1.7756 0.21451 -0.77439 0.52056 -0.032325 -0.4564 0.25271 0.38265 -0.19733 -0.16173 -0.019986 -0.74628 -0.86787 0.27971 -1.344 -1.2946 -0.60416 -0.29015
-1.5036 0.81273 1.4307 1.0895 0.82628 0.084928 0.68817 -0.36695 -1.2 0.12545 1.4499 0.49104 -1.0414 -0.65939 0.11985 0.64141 -0.23196 -0.11273 -0.57224 -0.76488 -1.2676 -0.54672 -0.74042 -1.517 0.78475 -0.18324 0.21418 0.15318 -0.39706 0.082518 0.046911 0.43958 -0.26871 0.61148 1.2381 -1.1963 -0.559 -0.86571 -0.16591
-1.5566 0.56055 1.0894 1.0141 1.0228 -0.20489 0.22673 0.47833 -0.71572 0.29415 0.20254 -0.10169 -1.0821 -0.35277 0.25166 0.50735 -0.07063 -0.058605 -0.33646 -0.40658 -0.53136 0.18352 -1.292 -0.98138 -0.25196 -0.18613 1.0205 0.0034393 -1.182 0.27191 -0.0062776 0.78888 0.22522 1.2531 1.2328 -0.46541 0.26013 -0.70253 0.034259
-1.7688 0.81185 0.80563 0.36544 0.66351 0.22807 -0.013428 -0.40486 -0.20863 -1.178 -1.4303 1.3819 -1.153 0.23538 -0.1055 -0.63873 0.28541 0.2775 -0.3112 -0.66041 0.29563 0.37956 -1.0554 -1.0027 -0.64841 -0.10783 1.144 -0.034997 -1.176 0.36991 -0.14797 0.6083 0.63371 1.0468 -0.089406 0.28284 0.96104 -0.54494 0.16487
-1.6631 0.61415 0.78353 0.72191 0.44806 0.59928 -0.14257 -0.05072 0.53359 -1.1161 -1.5767 0.98044 -1.179 0.85568 0.08437 -1.1693 0.14146 -0.070862 0.46455 -0.10725 0.36681 0.26149 -0.63938 -0.53579 -0.17204 -0.01092 0.6292 -0.079177 -0.59062 0.26455 -0.54301 0.41434 0.73677 0.37319 -0.85459 0.75537 1.0096 0.05262 0.14646
-1.185 0.81337 0.56756 0.74852 0.36126 0.45291 0.97401 0.94512 -0.55226 -1.1072 -0.30531 -0.95392 -1.1086 0.72337 0.14259 -0.82985 0.3528 -0.36337 0.21678 0.33291 0.32831 -0.79039 -0.5161 0.17837 -0.35137 0.0074545 -0.033168 0.090975 0.26191 -0.014957 -0.55722 0.25336 0.68101 -0.2643 -0.82748 1.0276 0.62934 0.5046 0.045032
-0.74508 0.73142 -0.035874 1.1379 1.059 -0.27035 0.049802 0.57446 -0.13725 -0.40869 -0.18374 -0.29962 -1.0833 0.49502 -0.011679 -0.5535 0.38901 -0.69477 0.20755 0.54634 0.19117 -1.0015 -0.024605 0.44481 -0.30974 0.0036254 -0.61002 -0.04172 0.72114 -0.033622 -0.18796 -0.16804 -0.14452 -0.54621 0.077867 1.3116 -0.076728 0.84856 -0.05573
-0.7651 0.85245 -0.021958 1.166 0.76938 1.0721 0.2298 -0.14421 -0.86324 -0.7284 0.23865 0.98919 -1.0761 0.35579 0.10515 -0.4237 0.13111 -0.39232 0.30865 0.35302 -0.11384 -0.70349 0.7426 -0.24797 0.40892 -0.037922 -0.69998 0.025037 0.71673 -0.24514 0.021617 -0.33588 -0.364 -0.3976 0.94769 1.1436 -0.34942 0.78201 -0.080382
-1.2876 0.75321 0.29348 1.0419 0.054823 0.0010037 0.679 0.75833 -1.7769 -1.2886 -1.0908 -0.20526 -1.1536 -0.023443 0.030255 0.055143 0.1868 -0.38399 0.081052 -0.39617 -0.45606 0.35553 1.4294 -0.51047 1.1195 -0.080142 -0.52369 0.061514 0.55246 -0.34172 0.32551 -0.55638 -0.43441 -0.13652 1.0482 0.32371 -0.012571 -0.049564 -0.0058479
-1.3119 0.68755 0.24653 0.78399 -0.53875 0.87914 0.81432 -0.18486 -0.7533 -1.2333 -1.138 0.82074 -1.1758 -0.23673 0.16724 0.28465 -0.0080264 -0.47509 -0.3877 0.094845 -0.10384 0.44796 1.1044 -0.085235 0.47352 -0.083942 -0.19416 -0.0089041 0.56573 -0.073433 0.4964 -0.53376 -0.27478 0.0033769 0.80272 0.033844 1.0622 -0.93186 0.078016
-0.79247 0.88227 0.058402 0.99682 0.63366 0.90354 0.47498 0.44616 -0.3146 0.78314 -1.2579 0.58344 -1.1789 -0.12152 0.067622 0.18755 -0.18436 -0.071349 -0.54574 -0.17199 -0.063335 0.5452 0.43042 0.30579 -0.45426 0.018436 0.13862 -0.027863 0.43258 0.16602 0.6124 -0.45643 -0.055396 0.31988 -0.055518 0.33249 1.4227 -1.345 0.11141
-1.0252 0.82461 0.51897 1.3454 0.34769 -0.082319 -0.35907 0.18552 0.34547 1.1901 -0.17532 0.83547 -1.1539 0.064996 0.071864 0.63146 0.17657 0.33613 -0.43492 -0.29342 -0.28844 0.82198 1.2729 1.4674 -0.66889 0.045327 0.061225 -0.18592 0.15469 0.29076 0.57515 0.26329 -0.030593 0.086523 -0.49174 0.16094 1.1047 -0.64845 0.064388
-1.1615 1.0101 0.23286 1.0277 0.23954 -0.63973 0.68825 0.28294 -0.4097 -0.11792 -0.076877 0.49427 -1.1719 0.064482 0.029699 0.74084 0.40317 0.30068 -0.80018 -0.3061 0.27175 0.033159 1.9994 1.5683 -0.99465 0.043803 -0.075425 -0.17347 -0.32777 0.1544 0.37013 0.89096 0.29784 0.21978 -0.43365 -0.13614 -0.21336 -0.20639 -0.042964
-1.1692 0.75952 0.28942 0.63778 0.21634 0.63731 0.23145 -0.047955 -0.90484 -1.4319 -0.22883 -0.49201 -1.0402 -0.22552 -0.14251 0.31971 0.24067 0.36318 0.2504 0.10648 -0.088389 -0.32376 0.61609 1.4932 -0.55805 0.013042 -0.1955 -0.12255 -0.65875 -0.094647 0.15538 0.9901 0.091369 0.47109 -0.12975 -0.8626 -1.7269 -0.038054 -0.069122
-1.16 0.79427 1.4336 1.4845 0.32879 -0.26438 0.35781 0.18779 0.2048 1.7485 0.67921 -0.76472 -1.1681 -0.10965 -0.13181 -0.29521 0.070476 0.5762 0.85715 0.21679 0.27803 0.20916 0.43482 -0.17225 -0.9334 -0.035907 -0.19767 0.075021 -0.60443 -0.19597 0.017761 0.5743 -0.13269 0.50619 0.34224 -1.3255 -2.3538 0.16938 -0.064215
-0.92004 0.82375 0.84625 1.4935 0.28637 -0.31891 0.030236 0.6177 -0.58046 3.0842 0.55284 0.0079853 -1.1454 -0.1901 -0.063638 -0.14112 0.16304 0.479 0.67696 -0.37108 0.63714 0.44675 0.21469 -1.199 -0.78888 -0.029202 -0.13304 0.23295 -0.309 -0.28958 -0.28141 -0.2166 -0.4117 0.61532 0.14397 -1.6019 -2.3343 0.032106 0.01243
-1.2683 0.70099 0.059305 1.2267 1.3426 1.4881 0.52793 0.043961 -0.59011 0.16193 0.82423 0.32509 -1.1644 -0.29917 0.12458 -0.21235 0.072201 0.27961 0.10919 -0.32298 0.90577 0.32621 -0.6067 -1.8946 -0.55658 -0.041224 -0.20087 0.22184 0.24199 -0.26439 -0.57935 -0.66483 -0.32297 0.2384 -0.2123 -1.7294 -1.2109 0.039739 0.062554
-1.2409 0.77472 -0.12992 1.0755 0.69476 0.69166 0.24921 0.68764 0.84965 0.39187 -1.4293 -1.2427 -1.1885 -0.36433 0.14384 -0.32338 -0.30542 0.018326 0.19129 -0.4265 0.80614 -0.10957 -2.2469 -2.415 -0.69647 0.038175 -0.12603 0.13474 0.33489 -0.25963 -0.5339 -0.53212 -0.02474 -0.050899 -0.26456 -1.3643 -0.44464 -0.14637 0.061788
-1.4213 0.91908 0.69181 1.1509 0.50229 0.22112 -0.18232 1.1014 -0.29629 -0.36056 -1.6979 -1.0869 -1.1271 -0.37404 0.15929 0.27959 -0.19331 -0.21444 -0.21479 -0.38434 0.67103 0.031237 -1.9843 -2.0539 -0.91445 0.036993 -0.044571 0.023245 0.39924 -0.11043 -0.3476 -0.26435 -0.022873 -0.16374 -0.099126 -0.57798 0.026334 -0.22811 0.045295
