39 270
-0.84289 0.89874 0.57732 0.96584 1.1028 0.35555 0.21442 0.010948 0.0028527 -1.2946 -0.59778 0.24076 -1.1734 -0.48967 0.071045 0.25429 -0.32518 -0.69537 0.168 0.16117 0.044588 -1.0858 1.024 0.35198 0.33839 -0.074181 0.16557 0.051134 -0.20158 0.069652 0.022075 0.080412 0.24671 0.39368 -0.1564 -0.29069 0.10456 -0.10151 -0.012032
-1.4045 0.74443 0.57891 0.61978 0.34573 0.069403 0.001716 0.020976 -0.78718 0.11961 -0.30463 0.78627 -1.2812 -0.4435 0.091739 0.1338 -0.45655 -0.9825 0.29046 0.40899 0.63563 -0.93921 1.1657 0.45755 0.19656 -0.11603 0.3543 0.083566 -0.14614 0.40949 0.35554 -0.082793 0.41585 0.31072 -0.057976 -0.65041 0.15619 -0.19097 0.027144
-1.5868 0.91877 0.90243 0.47516 0.21005 0.72004 0.37424 0.7096 -1.0637 -0.15317 -0.2081 -0.23148 -1.3319 -0.20512 0.14806 -0.085618 -0.12086 -0.49578 0.26566 0.54367 0.56358 -1.4952 0.32881 0.49329 0.17867 -0.075506 0.59663 0.10661 -0.11283 0.6108 0.77313 -0.047226 0.37377 -0.043225 0.4109 -0.7946 0.2696 -0.15834 0.08679
-1.077 1.0626 0.84545 0.70561 0.46717 0.55092 0.54365 -0.36686 -1.5631 -0.49575 -0.18866 1.1055 -1.1703 0.020564 0.18039 0.12989 0.38331 -0.084827 -0.047796 0.82189 0.42608 -1.004 0.041077 0.57912 0.001085 -0.024141 0.5684 0.046053 0.095236 0.63619 1.0089 -0.054334 -0.32187 -0.68822 0.8771 -0.68593 0.15854 0.063749 0.11368
-1.2698 0.94688 0.54893 0.30931 -0.27302 0.6942 0.8577 1.3589 -0.79811 0.10496 -0.0092277 0.24796 -1.3383 0.37363 0.21754 0.025441 0.4636 0.38552 0.24117 0.72073 0.050009 -0.16052 -0.027273 0.81674 0.086995 0.038305 0.1544 -0.15051 -0.034251 0.19076 0.62714 0.17865 -0.81481 -0.78224 1.4294 0.064466 -0.038839 -0.035112 0.069712
-1.0528 1.0288 0.35333 1.1246 0.92317 0.50955 0.82048 0.41969 -2.6939 -1.3721 0.038423 0.51729 -1.2413 0.31088 0.13488 0.2445 0.51015 0.5692 0.19256 -0.33484 -0.55607 0.29636 -0.056542 0.59833 0.35635 0.034661 -0.093776 -0.27208 -0.32717 -0.21399 0.35576 0.49111 -1.1079 -0.81228 0.95734 0.18845 -0.2654 -0.20538 0.073807
-1.1465 1.0278 1.0969 1.5506 0.70127 -0.022277 1.3418 0.41886 -1.1652 -0.30726 0.35703 0.26553 -1.244 -0.063036 -0.11791 -0.22378 0.19384 0.42046 0.50051 -0.54041 -0.59048 0.95402 0.45047 0.38979 -0.091144 0.022298 -0.24835 -0.26918 -0.30729 -0.40898 -0.13905 0.28638 -0.82076 -0.057604 0.62643 0.50841 -0.55321 -0.53377 0.051166
-1.0096 1.0797 0.66816 0.80696 0.69443 1.0689 0.87376 0.055273 -0.73793 0.45757 0.99821 0.84128 -1.2471 0.072649 -0.16735 -0.38528 0.09595 0.60847 0.80141 -0.80888 -0.96166 0.5155 0.11845 0.2437 -0.35705 0.11855 -0.15866 -0.14594 -0.4867 -0.37065 -0.19289 -0.020262 -0.13854 0.49563 -0.065035 0.17377 -0.84994 -0.59179 0.041716
-1.0936 1.1242 1.3049 1.1407 0.95473 1.0061 -0.74545 -0.42498 -0.82765 -0.76632 0.16924 0.7092 -1.2498 0.044049 -0.14138 -0.26152 -0.13712 0.10576 0.50687 -0.71685 0.12337 1.0898 0.8296 -0.13284 -0.68824 0.089655 0.020458 0.01375 -0.029412 -0.034733 -0.05754 -0.51741 0.34831 0.69896 -0.66234 -0.47028 -1.0798 -0.34934 0.052835
-1.3286 0.70379 -0.1775 0.70372 0.62781 1.1713 0.3992 -0.29469 -0.0070122 0.36719 0.21949 0.4966 -1.1879 -0.027467 -0.13358 -0.68081 -0.056391 0.36076 0.14726 -0.52735 0.11476 0.090369 0.041321 -0.86319 -0.59799 0.077003 0.12437 -0.022203 0.2776 -0.3991 -0.16989 -1.0514 0.30216 0.50348 -0.67444 -0.035627 -0.2574 0.053024 0.15185
-0.96973 0.81635 0.11563 0.95626 1.1443 1.5329 0.04175 0.10061 -1.53 -0.669 0.46895 -0.65221 -1.155 0.029513 -0.11716 -0.14763 0.20223 0.44412 -0.20713 0.032808 0.32438 -0.26551 -0.4879 -1.2412 -0.71804 0.13942 0.41781 -0.063115 0.79758 -0.8047 -0.26218 -1.0716 -0.37768 -0.042 -0.75506 0.12355 0.4992 0.55961 0.35756
-0.98397 1.028 0.80439 1.2689 0.87993 0.46621 0.25748 1.0048 -0.19114 0.54414 -0.041319 -0.23536 -1.1567 0.31229 -0.22888 0.071973 -0.862 0.11864 -0.94244 -0.56401 -0.01798 -0.26517 0.65355 0.26505 -0.25056 0.37104 0.54729 -0.15808 1.0715 -1.3398 -0.80399 -0.95237 -0.86554 -0.041973 -0.057409 0.72586 0.99472 0.65721 0.53419
-1.2582 0.91229 0.12869 1.1965 1.2896 0.50497 0.32381 -0.15109 -1.1093 -0.31806 -0.86818 0.15209 -1.1955 0.64274 -0.21946 0.86847 -1.3246 -0.27493 -1.0896 -1.4678 0.092948 -0.36541 0.71233 0.28969 0.2859 0.59612 0.63819 -0.33162 0.70103 -1.1936 -0.98395 -0.44417 -0.7757 0.017467 -0.14283 0.60942 1.1152 0.24594 0.64868
-0.96154 0.89073 0.8543 1.0464 1.3406 1.2231 0.28755 0.11673 -1.1275 -0.87199 -0.84567 -0.086872 -1.0383 0.67109 -0.38526 0.84025 -1.9414 -0.84457 -1.3147 -1.5431 0.13374 0.018733 0.81248 0.35318 0.2514 0.82506 0.69574 -0.72359 0.012895 -0.46281 -0.92281 0.10519 0.27207 0.18016 0.046299 0.18014 0.33757 -0.75653 0.83997
-0.66033 0.53879 0.75514 -1.0592 0.68859 -0.58625 -2.013 -0.65508 -0.85882 1.2381 1.9068 0.29336 -0.65358 1.0214 -0.66548 0.7904 -1.6175 -0.99225 -0.9095 -1.0602 0.27611 -0.7141 0.57531 0.9385 -0.47518 1.0981 0.51312 -1.0453 -1.2635 0.066705 -0.61431 0.18523 1.4621 -0.16695 0.34313 0.26093 -0.4084 -1.3831 0.91427
-0.34283 0.52319 1.0204 -0.79417 0.19395 0.13403 -1.4991 0.6977 -1.0126 0.97986 0.16319 0.4354 -0.46415 1.3994 -1.3634 0.12012 -1.6298 -1.3207 -0.82412 -0.20963 0.25834 0.01225 1.022 0.6027 -1.4664 1.6555 0.23383 -0.98628 -1.7487 0.70546 -0.11844 0.67637 2.0076 -0.46555 0.54795 -0.30746 -1.4703 -1.4993 0.72905
-0.34398 0.55938 1.3506 -1.1976 -0.00024642 -0.53445 -1.4338 0.75133 -1.0456 0.13274 0.17681 -0.6021 -0.27777 1.2213 -1.688 -1.198 -1.3476 -1.2295 -0.96669 0.85505 -0.32749 0.38396 1.0661 -0.67116 -1.758 1.8522 -0.2442 -0.63652 -1.7153 0.59255 0.2365 0.66599 1.6102 -0.78209 0.88739 -0.27381 -1.8638 -0.80224 0.31949
0.10754 0.1496 1.4284 -0.085648 0.0040258 -0.31178 -0.32669 0.78565 -1.9505 0.76623 0.94004 -0.92716 0.063215 1.0035 -1.7215 -1.5179 -0.68042 -0.94561 0.062673 1.6035 -0.54719 0.65956 -0.090223 -1.8107 -2.2523 1.7807 -0.6126 0.030741 -0.99008 0.3963 0.49981 0.78463 0.56514 -0.58081 0.66708 -0.29045 -1.3324 0.2516 -0.24052
0.53746 -1.1274 -0.21956 -1.594 -0.41013 -0.1505 0.080444 -0.52694 -0.49316 0.98533 -0.18203 -2.1446 0.99575 0.77822 -1.6816 -1.6792 -0.91961 -0.70303 -0.024851 1.3255 -0.96596 0.88744 0.54017 -1.6137 -1.774 1.6194 -0.70501 0.69642 0.25438 -0.040167 0.47374 0.57742 -0.72233 0.030615 0.52247 -0.20653 -0.26325 1.0444 -0.65718
0.37077 -1.001 -0.87866 -1.7997 -0.4891 -0.86829 0.40922 -0.68587 -0.19175 1.4824 -1.1219 -1.7908 1.1 0.50666 -1.3173 -1.544 -1.0593 -0.59056 0.26988 0.71216 -0.64625 1.2084 0.66104 -1.6178 -0.95281 1.3319 -0.68012 1.3023 1.2117 0.050422 0.3866 -0.10931 -1.5005 0.46734 0.055606 -0.054715 0.96967 1.7288 -0.95765
0.44395 -1.072 -0.3041 -1.746 -0.73774 0.084155 -0.21725 -0.45453 -0.084424 0.43697 -0.9508 -2.5562 1.1609 0.1866 -0.59921 -0.71503 -1.2367 -0.4648 0.080924 -0.17277 -0.22287 1.2442 0.2313 -1.3122 -0.24902 0.87484 -0.39416 1.4179 1.457 0.62911 0.23484 -0.53537 -1.3837 0.30018 -0.29105 -0.36773 1.7141 1.5931 -0.96018
0.49686 -1.121 -0.25955 -1.8761 -0.64959 -0.13952 0.39897 -0.032735 -0.20561 1.6084 -1.8125 -1.7917 1.2155 0.061652 0.15809 0.29668 -0.42127 -0.29345 -0.21012 -0.71068 0.049846 0.60444 -0.096912 -0.029942 0.571 0.40186 -0.054291 1.143 1.0082 1.0547 -0.033097 -1.2474 -0.97449 -0.44966 -0.39984 -0.038292 2.3422 1.0939 -0.80584
0.37276 -1.0536 -0.39364 -2.2814 -0.71437 -0.17869 -0.22803 -0.082571 0.43311 1.0643 -1.1554 -1.9377 1.3532 0.28559 0.21715 0.16518 0.0063051 -0.37808 -0.85543 -0.78783 -0.69507 0.56169 0.14353 1.019 0.76691 0.32871 0.14579 0.72913 0.45489 1.2656 -0.24749 -1.4979 -0.53958 -0.85339 -0.35097 0.094365 2.5787 0.22791 -0.59783
0.52217 -0.97327 -0.00011254 -2.3228 -0.72981 -0.36886 -0.49544 -0.19708 0.29763 1.1283 -0.95431 -1.5982 1.3978 0.36307 0.39825 -0.075806 0.40569 -0.68616 -1.7542 -0.96901 -1.3596 0.68625 0.57605 1.9047 0.80105 0.13141 0.075741 0.40174 0.23615 0.93499 -0.24958 -1.3568 -0.16634 -0.69752 -0.56852 0.15035 1.968 -0.64078 -0.53033
0.57357 -0.86525 -0.21025 -1.9822 -0.88118 -0.8168 -0.88699 -0.87447 0.3861 0.81714 -0.27138 -1.2465 1.4724 0.3074 0.63258 0.3237 0.85336 -0.74137 -2.1395 -1.1437 -1.3121 0.44571 0.026368 2.8834 0.0922 -0.083181 -0.25044 0.33707 0.36893 0.5908 0.027592 -0.723 -0.066709 0.075473 -1.175 -0.085399 1.2223 -1.2048 -0.60809
0.80782 -0.79205 -0.70995 -1.462 -1.1714 -1.9159 -0.59188 -1.8087 0.60573 1.6714 0.32457 -1.0738 1.436 0.19426 0.69165 0.65252 1.005 -0.58882 -2.2788 -0.87025 -1.1096 -0.56641 0.20313 2.9743 -0.44669 -0.36205 -0.33757 0.25254 0.45215 0.06087 0.45727 0.4684 0.23601 0.8181 -1.7627 -0.26736 0.5089 -1.1582 -0.57142
0.84643 -0.6232 -0.20057 -1.2062 -1.7977 -2.0594 -1.4857 -1.8558 0.95803 1.6187 1.3993 -1.5371 1.2148 -0.082521 0.6911 0.48949 0.87583 -0.3599 -2.0383 -0.97117 -0.67117 -1.3547 0.10863 2.9229 -1.1403 -0.53657 -0.29133 0.12397 0.14459 -0.41674 0.66424 1.5878 0.39145 1.1472 -1.7227 -0.30308 -0.44677 -0.25778 -0.4865
0.65853 -0.30416 0.46436 -0.97312 -1.3617 -2.689 -1.2677 -1.0631 0.3518 1.1074 2.2096 -2.0321 1.14 -0.053706 0.83199 0.68856 0.51572 0.033068 -0.87122 -0.57075 0.022174 -2.2295 -0.043667 2.891 -1.0165 -0.68686 -0.19773 0.086273 -0.30038 -0.44784 0.736 2.3692 0.55387 1.1037 -0.824 -0.53779 -1.429 1.0503 -0.44783
0.55207 -0.30691 0.52812 -1.1975 -1.2429 -2.8181 -1.4427 -1.5037 -1.1299 1.2117 2.5234 -2.5107 0.94168 -0.095846 0.78563 0.56609 0.27483 0.26375 0.32529 -0.49133 0.5127 -2.452 -0.49893 2.0119 -0.17936 -0.81049 -0.4001 0.069562 -0.26895 -0.11251 0.7646 2.672 0.90198 0.49826 0.45584 -0.41222 -2.5904 2.1024 -0.54841
0.43008 -0.23568 0.044103 -1.0525 -1.1911 -2.8915 -2.0532 -1.4337 -1.7707 1.2663 2.7898 -2.8889 0.85925 -0.15529 0.79729 0.025558 0.42082 0.55623 1.268 0.023803 0.59806 -1.8001 -0.60257 0.5441 1.2438 -1.0441 -1.0333 0.055879 0.024836 0.2204 0.77016 2.1507 1.1747 0.18872 2.0603 -0.60857 -3.189 2.1454 -0.638
0.8212 0.1914 0.34657 -1.099 -0.97854 -1.6701 -1.19 -1.1975 -2.5252 1.1334 3.8783 -1.8982 0.67973 -0.75771 0.83019 0.29229 0.70171 0.8915 2.2252 0.57678 0.07415 -0.57911 -0.47489 -1.1218 2.0942 -1.3609 -1.6207 0.043597 0.59176 0.53423 0.93178 1.4582 1.3183 0.19021 2.9024 -0.69268 -3.1648 1.2044 -0.57911
0.71971 0.089302 0.13738 -0.88124 -1.2067 -1.4472 -1.6135 -1.0525 -2.072 0.94832 2.7763 -0.9308 0.39017 -1.6058 0.90592 0.85735 0.739 1.2431 2.4712 1.2976 0.62725 1.3003 -1.3041 -1.9625 2.3011 -1.5784 -1.7528 -0.091864 0.68999 0.44413 0.97896 0.37393 0.76038 0.19282 2.763 -0.35996 -2.2051 -0.071244 -0.2272
0.42375 0.4172 0.13301 -0.35124 -0.796 -0.70459 -1.28 -0.71462 -1.1572 0.55139 1.7453 0.20641 -0.12481 -2.327 0.80461 1.2639 1.173 1.7614 2.6335 1.5675 0.88702 2.2884 -1.5617 -3.1066 1.7843 -1.6024 -0.97923 -0.19882 0.053974 0.074784 0.58279 -0.83211 0.17797 0.45536 1.7029 -0.14834 -0.69921 -1.011 0.25874
-0.77071 0.63442 1.2536 -0.023344 0.25571 -0.080133 -0.23349 -1.563 -0.89527 0.7077 0.36436 0.017172 -0.50353 -2.5684 0.63073 0.84086 1.0643 2.0549 1.8088 1.0844 0.586 2.7546 -0.81953 -2.9078 1.2313 -1.339 0.39392 -0.34673 -0.78314 -0.088787 -0.18115 -1.5342 -0.44535 0.18106 -0.035984 0.57574 0.71791 -1.216 0.67437
-1.5183 0.70746 1.413 -0.47924 0.39367 -0.017971 0.26654 -0.26706 0.82157 -0.8147 0.69444 -0.19082 -0.79359 -2.0606 0.58896 0.38802 0.68785 1.6418 0.89342 1.0494 1.0383 2.3855 -1.0621 -2.0693 0.50217 -1.0077 1.6799 -0.37146 -1.2685 -0.27992 -1.1857 -1.9605 -0.95775 -0.1723 -1.3756 0.90027 2.0928 -0.58935 0.85243
-1.865 0.72093 1.3459 0.86296 1.1769 0.87562 0.008299 -0.028378 0.88759 -0.4592 -0.87421 -0.49733 -0.81689 -1.014 0.35906 -0.21457 0.80693 0.9601 0.27649 0.64911 0.92139 1.1765 -0.47736 -1.0553 0.38769 -0.64301 2.2569 -0.32759 -1.0366 -0.14314 -1.6958 -1.3409 -0.87061 -0.69139 -2.3757 0.93236 1.968 0.014148 0.74247
-1.6111 0.83437 0.70322 0.15465 1.4338 0.21043 -0.36867 -0.80439 1.2048 0.89677 0.49443 0.60001 -0.76321 -0.029338 0.23964 -0.64435 0.7491 -0.0050506 -0.51629 -0.16938 0.34998 0.1002 -0.019127 0.15422 0.95828 -0.39213 1.8704 -0.55947 -0.46031 -0.12094 -1.3664 -0.25911 -0.62494 -1.058 -2.1663 0.53283 1.4042 0.38356 0.648
-1.4126 0.86592 0.46348 0.026373 0.51434 -0.56719 0.03861 0.66803 1.266 -1.0051 -0.36102 0.062762 -0.9396 0.54505 0.1864 -0.63645 0.75153 -0.4364 -0.16531 -0.082714 -0.52495 -1.2467 0.43564 -0.083106 1.0138 -0.28957 0.92701 -0.6414 0.22033 -0.18664 -0.58988 0.78856 -0.20799 -0.69146 -1.1668 -0.15548 0.49647 0.083428 0.55158
-1.0147 0.87898 0.49964 1.2083 0.74172 0.10613 0.20036 -0.095466 -0.021612 0.17199 0.068552 0.75031 -1.0315 0.58276 -0.37617 -0.29486 0.47732 -0.32828 0.5953 0.14077 -0.46057 -1.0932 -0.52629 0.24872 0.96992 1.692e-05 0.0061423 -0.49784 0.44051 -0.47733 0.35987 1.6071 0.32222 -0.26512 -0.13844 -0.24521 -0.16426 -0.6141 0.45411
-1.314 0.90932 0.95133 0.80643 0.23751 -0.72147 -0.56977 -1.1787 -0.25022 0.19118 0.95649 1.2699 -1.0287 0.37896 -0.53731 0.015605 0.57466 -0.023034 1.2935 0.071412 -0.12859 -0.75165 -0.58272 -0.12136 0.53685 0.16912 -0.42052 -0.27186 0.1786 -0.76624 0.71606 1.1399 0.31021 0.5949 0.62116 -0.41286 -0.22313 -1.0831 0.29116
-1.0676 0.90611 0.55348 0.88853 0.32122 0.7511 0.28471 -0.83784 -0.92427 -0.14418 -0.54297 0.76725 -1.0985 0.070043 -0.33502 -0.14532 -0.10543 0.50709 1.9613 0.41424 -0.41169 -0.44445 -0.045034 -0.17244 -0.10268 0.20852 0.078846 -0.41879 -0.39746 -1.2479 0.11721 0.15439 0.14143 1.1854 0.8443 0.85589 -0.16381 -1.4367 0.53375
-1.1729 -0.042582 0.73534 1.1878 1.3127 1.7729 0.095002 -0.35703 0.255 -1.212 -0.074805 1.0807 -0.56526 0.038109 -0.34922 -0.38593 -0.47137 0.56365 1.4259 0.41669 0.68602 -0.22257 -0.66921 -0.33652 -0.72725 0.13825 0.80672 -0.78624 -0.67242 -1.7959 -1.0032 -1.2788 -0.35056 1.0378 1.003 1.5961 0.35602 -1.3537 1.0588
-1.0469 0.43178 0.5404 0.7766 0.99626 1.0522 -0.26913 -0.1449 0.41407 -0.020006 0.2672 1.0749 -0.68025 0.90236 -1.2593 -0.86799 -1.4665 -0.37894 0.83566 0.25943 1.6028 0.47413 1.1435 0.011423 -1.4127 0.99106 1.4377 -0.89291 -0.53968 -1.7967 -1.9543 -2.3097 -1.0499 0.42659 0.85734 1.6622 0.32915 -0.98868 1.3704
-1.3092 0.85623 0.24192 -0.029116 1.0744 1.9368 1.0577 -0.43707 -0.24634 -0.50158 -0.49862 -0.30881 -0.94544 1.442 -1.5496 -0.92162 -2.2952 -1.5357 -0.69857 -0.5651 1.0259 0.96464 1.9027 0.48582 -1.6496 1.7134 1.4647 -0.59864 0.16307 -1.1656 -1.9905 -1.9774 -1.4899 -0.81716 0.55733 1.1638 0.22112 -0.29462 1.2518
-0.95549 0.42111 0.25789 0.77622 1.1679 1.118 0.23313 0.61363 -1.0095 -0.73939 0.070599 0.13681 -0.97321 2.0003 -1.4082 -0.92276 -2.7454 -2.2653 -1.5896 -1.2377 0.3017 0.82206 1.8785 0.061521 -1.722 1.9262 0.78573 0.52351 1.2753 0.40744 -1.2334 -1.3583 -1.5749 -1.6404 -0.17343 -0.036521 0.033606 0.526 0.18526
0.34151 -1.4013 -0.31313 -1.9427 -1.054 0.67116 -0.27289 1.2346 1.0496 2.6196 0.7309 -0.88636 0.84018 2.1707 -1.3993 -0.062887 -2.1358 -2.3862 -1.3111 -1.8766 -0.38166 0.81363 1.1944 0.066613 -1.2059 1.9591 -0.48034 1.76 1.598 1.9975 0.48839 0.20632 -0.30697 -1.6719 -0.9113 -0.95833 -0.27804 1.0312 -1.3426
0.58588 -1.0557 -0.38025 -2.089 -1.4384 0.055832 -0.88783 -0.005448 1.2335 1.3174 0.036767 -1.1586 1.2198 1.9789 -0.36607 1.1206 -0.73957 -2.3612 -1.5718 -2.3003 -1.1336 0.17669 1.3722 0.27263 -0.55678 1.2067 -2.0524 2.6667 1.4933 3.4234 2.3675 1.326 1.1592 -1.0907 -1.4992 -1.8147 -0.22086 1.4335 -2.8259
0.92538 -0.90812 -0.1949 -2.3253 -1.195 -0.34902 -1.7953 -0.37748 1.1592 0.58428 -0.18227 -0.94351 1.1229 0.5801 1.2039 1.0904 0.65263 -0.51678 -0.29723 -0.65866 -1.7625 -0.68412 0.22075 -0.19401 -0.10108 -0.38185 -2.8891 2.523 0.49849 3.3205 3.2114 1.7239 2.4412 0.27401 -1.4872 -1.9071 0.026339 1.4341 -3.3258
1.0051 -0.49296 0.93301 -1.4493 -1.7209 0.28477 -2.1606 -0.77955 0.59233 0.93993 0.22716 -0.66443 0.82049 -0.94964 2.2558 1.3345 2.6308 1.4582 0.54926 0.52398 -1.2982 -1.6741 -1.2509 -0.26761 0.69563 -2.0701 -2.7542 1.2455 -0.56648 2.2336 3.0791 1.7143 2.7831 1.2964 -0.70481 -1.4377 0.015589 1.1221 -2.4259
0.88614 0.61868 1.8677 -0.03815 -1.9981 -0.33961 -1.9485 -1.3469 -0.96433 1.78 0.29922 -0.95182 -0.01216 -1.6391 1.9873 0.76588 2.7458 2.0181 1.0687 1.7013 0.26483 -1.4801 -1.2917 0.37374 1.1391 -2.4833 -1.5625 -0.81237 -1.1653 0.54804 1.4077 0.72569 1.8042 1.5835 0.5482 -0.19483 -0.17102 0.73531 -0.43421
-0.37591 1.1076 0.42473 0.75559 0.79016 1.1186 0.316 -1.1002 -1.0622 0.38187 -0.099904 -0.19904 -0.97765 -1.9392 1.5571 0.18649 2.6315 2.4257 1.1664 2.2083 0.55537 -0.94942 -0.74777 0.0041699 1.1439 -2.1782 0.086738 -2.5257 -1.3405 -1.3866 -0.67147 -0.15189 0.51228 0.67135 1.6894 0.62068 -0.50961 0.075837 1.7866
-0.78122 0.81356 0.98026 1.2409 0.84989 1.0728 0.14739 -0.43304 -0.61612 0.35758 0.11013 -0.022147 -1.1352 -1.7751 0.030064 -0.57459 1.7369 1.7743 0.84146 2.1877 0.61409 0.14393 -0.467 -0.68924 1.189 -1.1219 1.3321 -2.8877 -0.39461 -2.1354 -2.2877 -0.92586 -0.98101 -0.78097 1.5716 0.98574 -0.79974 -0.45634 2.9054
-0.88173 0.93249 0.45361 0.89555 0.68054 0.99281 0.78166 0.69097 -0.48577 -0.91351 0.76378 0.52829 -1.2561 -0.718 -1.4842 -0.56861 0.39427 0.2752 0.35796 1.3298 -0.077504 1.1764 -0.49843 -0.77547 0.80984 0.5155 1.665 -2.1223 0.48575 -2.2704 -3.1453 -1.5051 -1.7721 -1.0025 1.2482 0.88526 -0.15845 -0.80582 2.6979
-0.88768 0.95057 0.77837 1.5289 1.4456 1.0682 0.4623 -0.50151 -0.46226 0.80617 -0.45022 0.41797 -1.1364 0.18951 -1.8858 0.37496 -0.35728 -1.3828 -0.37729 0.13855 -1.0612 0.86444 0.46513 -0.85844 0.33564 1.4816 1.4938 -0.81761 0.50536 -1.7718 -2.4649 -0.9139 -1.5932 -0.4548 0.63395 0.85593 0.5265 -1.1233 1.6164
-0.96378 -0.60585 0.57562 1.3224 -0.18223 1.0917 0.94888 -0.65627 0.37593 1.0907 -1.0094 0.74366 -0.40757 0.12596 -1.4511 0.62309 -0.8101 -2.1545 -1.2309 -0.38536 -0.71276 1.3972 0.47037 -0.24533 -0.12862 1.4524 1.0665 0.18863 -0.39053 -1.4432 -1.0951 -0.12158 -0.7219 0.88939 0.078678 0.31648 1.1013 -1.1416 0.4326
-0.030482 -1.035 0.77167 0.37821 -0.95617 0.40657 0.48849 -1.7843 0.72966 0.16524 -0.53939 0.020112 0.55704 0.53766 -1.5194 -0.22163 -1.1635 -1.8347 -0.19047 -0.20746 -0.028513 1.4097 0.67523 0.087179 -0.70293 1.3646 0.93302 0.70179 -1.3417 -1.0634 0.51077 0.83087 0.20986 2.014 -0.24229 -0.72632 1.3402 -1.0043 -0.22008
-0.49675 -0.64026 1.2356 0.41462 -0.6714 0.77106 0.34742 -1.9746 -0.2659 0.76311 -0.88406 0.4268 0.34157 1.0618 -1.3236 -1.031 -2.0555 -1.6349 0.020146 0.030173 1.2575 1.077 -0.035892 0.94763 -1.0702 1.3646 0.86147 0.65197 -1.6944 -0.30556 1.5143 1.3585 0.78692 2.2135 -0.84674 -1.2777 0.5538 -0.58015 -0.30713
-1.0901 -0.16521 1.6404 0.16867 -2.0517 -1.0422 -0.42248 0.27697 2.0557 0.38496 0.73441 -0.095953 -0.088296 1.4316 -0.6487 -1.3736 -1.8365 -0.62769 0.65443 0.3619 2.1574 0.5024 -0.76132 1.2207 -1.3067 1.1229 0.58279 0.51512 -1.2681 0.55175 1.7543 0.58208 0.76796 1.338 -1.1522 -1.9337 -0.54823 -0.11025 -0.11666
0.1006 -1.1275 -0.75106 -0.45396 -0.74448 2.1254 1.117 0.54964 1.2944 0.81486 0.13558 -0.53448 0.31009 1.2582 -0.67853 -2.0496 -1.0769 0.2259 1.0574 0.9401 2.8152 0.019248 -1.3734 0.28421 -1.0554 1.0115 0.17613 0.19051 -0.35603 1.4068 1.8816 0.080541 0.43135 -0.25114 -1.3665 -1.5976 -1.6901 0.55054 0.025014
0.73864 -1.4449 -0.55942 -1.7509 -1.3066 0.90632 0.72739 0.63873 0.95698 0.84283 0.39558 -0.99322 1.1149 1.5094 -0.88922 -2.1475 -0.56087 0.68978 0.4514 0.90898 1.9823 -0.55463 -2.5059 -0.69801 -0.95918 1.3276 -0.57133 0.11154 0.9061 1.6034 1.1652 -1.016 -0.39183 -1.3071 -1.0083 -0.95248 -1.7386 0.94233 -0.11762
0.9984 -1.3754 -0.45203 -1.0177 -1.2627 1.6329 1.3444 1.4027 0.84575 -0.89305 0.64201 -1.0717 1.2998 1.3498 -0.85606 -1.3389 0.089379 1.411 0.2808 0.64028 0.81086 -1.3519 -2.3537 -1.5031 -0.11499 1.3077 -1.0755 0.35656 1.6956 1.4569 0.60489 -1.0968 -1.0243 -1.7673 -0.50389 0.071722 -1.0348 0.94783 -0.56779
0.71317 -1.3787 -1.219 -0.39424 -0.32348 1.3225 1.5378 1.7368 0.37622 -1.6137 -0.82136 -0.95187 1.3807 0.34697 -0.35991 -0.01552 0.75181 1.0789 -0.98743 -0.28642 0.41673 -0.99349 -2.1948 -1.3931 0.16897 0.75947 -1.4338 0.42835 1.7033 0.7652 0.05225 -0.83533 -1.1991 -1.6011 -0.0031295 1.2472 -0.25055 0.55586 -0.9315
0.82135 -1.3986 -0.99104 -0.24676 -0.17199 0.27432 0.99282 0.91681 -0.30565 -2.3148 -1.4826 -0.88643 1.4787 -0.1207 -0.28618 0.10429 1.1485 1.231 -0.41476 -0.55258 -0.10756 -0.85015 -1.4419 -1.4624 0.33788 0.25729 -1.1495 0.24767 1.1601 -0.1563 -0.6034 -0.44077 -0.93152 -1.1496 0.26659 1.6365 0.40548 -0.024952 -0.83056
0.95899 -1.5952 -0.49158 -0.20649 0.26006 0.62402 0.82062 1.3621 0.15875 -1.3871 -0.9608 -0.11985 1.4536 -0.37019 -0.38326 0.36549 0.42359 0.89504 -0.8703 -0.94212 -0.91641 -0.80952 -0.56696 -1.2375 -0.045591 0.14956 -0.49959 -0.021567 0.41009 -0.77589 -0.79286 0.29684 -0.24192 -0.61484 0.076961 1.6089 0.54616 -0.33477 -0.43927
0.65935 -1.6907 -0.6388 -0.058605 0.15831 0.77501 0.54149 1.1 -0.11593 -1.5863 -1.1975 -0.81164 1.4233 -0.38696 -0.39048 0.6687 -0.054678 0.33167 -0.65947 -0.93277 -0.93611 -0.86359 -0.0085652 -0.78254 -0.078711 0.09393 -0.081114 0.094699 0.26928 -0.76686 -0.8235 0.17175 0.44433 0.11867 0.1366 1.1314 0.60817 -0.32381 -0.13418
0.6552 -1.6973 -0.47418 0.10744 0.18757 0.87666 0.27917 0.73814 -0.32342 -1.6369 -1.4245 -0.71331 1.4809 -0.42769 -0.356 0.46928 -0.17994 -0.014508 -0.27408 -0.58826 -0.46399 -0.81726 0.19347 -0.65205 -0.33972 0.037793 0.22378 0.25975 0.075861 -0.27828 -0.44708 0.15475 1.081 0.67134 0.29451 0.68152 0.39699 0.044795 -0.051841
0.39716 -1.78 -0.37139 -0.45968 0.20423 0.0084442 0.24502 0.086316 -0.65089 -2.2492 -1.6654 -1.351 1.5255 -0.23506 -0.1312 0.55071 -0.065213 0.082601 -0.37162 0.18066 -0.094485 -0.54758 0.34536 -0.54959 -0.2092 0.067616 0.29438 0.27102 -0.18958 -0.060223 -0.15593 -0.173 1.1954 0.58723 0.41057 0.24195 0.00040143 0.11022 -0.023315
0.37199 -1.8182 -0.37287 -0.46071 0.1629 0.086747 0.14872 0.53608 -1.2581 -1.5939 -2.1917 -0.61096 1.5119 -0.032116 -0.03646 0.55374 -0.12051 0.15503 -0.70693 0.71205 0.058067 -0.32672 0.5403 -0.57255 0.094082 0.067687 0.42593 0.25225 -0.26759 0.10136 -0.089788 -0.15464 0.94498 0.40714 0.5051 0.13183 -0.010548 0.19327 -0.022872
0.49872 -1.8842 -0.26943 -0.32471 -0.14977 0.33785 0.23771 0.83168 -1.1006 -1.5744 -1.8753 -1.108 1.4738 -0.04172 -0.052778 0.24924 -0.20257 -0.046352 -0.79012 0.86186 0.022227 -0.21663 0.2393 -0.83737 -0.084768 0.036107 0.47279 0.28634 -0.50722 0.22883 -0.17002 -0.051083 0.3611 0.35065 0.60484 0.11496 0.46542 0.10677 -0.049295
0.71918 -1.6742 0.27147 0.033196 0.65408 0.43152 1.4749 1.4084 -0.16589 -0.72618 -1.4045 -0.40403 1.5327 0.25906 0.067255 0.093916 0.090068 -0.11351 -0.37525 1.0042 0.32033 0.11427 0.45159 -0.54523 -0.017919 0.011482 0.57836 0.4538 -0.92889 0.46868 -0.19976 -0.098225 -0.35547 0.51887 0.87185 0.41477 1.2948 0.18159 -0.13782
0.52088 -1.7444 -0.12112 -0.30364 0.3006 -0.46271 1.3368 0.52421 -0.85166 -1.348 -2.341 -0.89326 1.5292 0.4884 0.34298 -0.20272 0.2829 -0.10403 -0.64112 0.7747 0.4989 0.54502 0.56168 0.35555 0.050449 0.0053441 0.64528 0.70078 -1.2552 0.56089 -0.41499 -0.35855 -1.3854 0.4119 0.99187 0.96788 1.7541 0.44876 -0.47926
0.37707 -1.8722 -0.37991 -0.59244 -0.13574 -0.51691 1.0325 0.19993 -1.079 -2.0544 -2.9999 -1.2671 1.5365 0.76477 0.60402 -1.0082 0.56444 -0.19539 -0.97921 0.031681 0.89611 1.184 1.1397 1.4154 0.38613 -0.16916 0.22755 1.2146 -0.82864 0.60672 -0.40586 -0.15999 -2.0701 -0.26308 0.81982 1.3583 1.66 0.58873 -1.1498
0.86868 -1.6718 -0.23245 -0.16216 0.014249 -0.076842 1.5293 1.0816 -0.6115 -1.1235 -2.1133 -1.0208 1.5102 0.88964 0.97784 -1.6104 0.67027 -0.80698 -1.2057 -1.4801 0.58695 1.4001 1.7417 1.6892 0.62993 -0.75004 -0.83282 1.6509 0.59793 0.59242 -0.094928 0.62182 -1.7417 -0.74506 -0.13793 0.79479 0.91821 0.77486 -1.7711
1.1504 -1.2651 -0.55478 0.28314 0.098144 -0.61237 1.1645 1.8149 -0.039453 -0.33899 -0.72696 -0.26984 1.4946 0.47934 2.0071 -0.79892 1.097 -0.5457 -0.41407 -2.0956 -0.28292 1.4656 2.4744 2.1059 0.90091 -1.7132 -1.9319 1.6186 2.0431 0.22997 0.5208 1.2917 -0.69436 -1.2189 -1.3052 -0.43275 -0.0045745 0.62773 -1.8476
1.5229 -1.0697 -1.5713 0.72855 -0.097748 -1.0696 0.45735 2.2493 1.4566 0.35335 0.62603 -0.3204 1.192 -0.88559 2.7126 0.81806 1.189 -0.10244 0.31618 -1.718 -0.47897 0.1082 1.4009 1.8385 1.3897 -2.461 -2.1572 0.74259 2.4591 -0.16452 1.0217 1.556 0.70101 -0.83334 -1.6544 -1.5028 -0.53499 0.34142 -1.0517
1.4544 -0.52365 -1.7261 0.55457 -0.88019 -1.5644 -1.2681 0.94704 1.1711 1.0242 -0.52904 0.24129 0.3868 -1.8727 2.7475 1.6606 0.76075 0.48694 0.83711 -1.2657 -1.1295 -0.99476 0.40676 1.3157 1.2961 -2.6919 -1.0627 -1.0247 1.414 -0.77444 0.36064 0.87402 1.5898 -0.40985 -1.4398 -1.4103 -0.68624 -0.29706 0.64749
0.47866 0.86193 -0.27343 1.0811 -0.32892 -0.26646 -1.4263 -0.9576 0.33315 1.019 -0.40375 -0.18904 -0.75886 -1.8711 1.9846 1.8367 0.51398 0.69413 1.2738 -0.46036 -0.74179 -0.95099 -0.22843 0.99394 1.1252 -2.1837 0.9012 -2.6954 -0.31347 -1.3073 -0.73157 -0.028623 1.6656 -0.44955 0.038906 -0.35079 -0.50578 -0.97844 2.4444
-1.1215 1.2022 1.5839 1.1381 0.20387 0.5692 -0.0006337 0.84366 -1.8847 -1.1574 -0.27682 1.0041 -1.1209 -0.96458 0.45198 1.3743 -0.095968 -0.22364 0.85053 0.52622 -1.0177 -1.1213 0.46659 1.1341 0.39478 -0.66831 2.4429 -3.433 -1.8036 -1.6762 -1.7604 -0.92383 0.77459 -0.34001 1.5183 0.44626 -0.40827 -1.2115 3.5032
-0.77098 1.1148 1.0404 0.85207 1.0659 0.56254 0.12537 0.43078 -1.3361 0.0054231 0.74658 0.88059 -1.0611 0.31221 -1.1749 0.34756 -0.96691 -1.1699 0.25066 0.79152 -1.4841 0.25853 0.62863 0.89764 -0.21869 0.99605 2.9446 -2.6423 -2.4546 -1.6498 -1.8878 -1.4249 -0.58454 -0.82495 2.1526 0.93517 -0.48063 -1.2572 3.122
0.038888 0.36778 0.063302 1.1616 0.44916 0.1654 -0.054091 1.5063 0.61318 0.16377 1.2408 1.1016 -0.52884 1.5047 -2.0836 -1.0518 -1.8125 -2.0226 -0.4975 -0.30671 -1.4785 1.6926 0.8006 0.52803 -0.57685 2.1229 2.0615 -0.78222 -1.8967 -0.97561 -0.97733 -1.194 -1.423 -0.67252 1.4508 0.23671 -0.82533 -0.41369 1.4514
1.0782 -0.91802 -0.60956 0.205 -1.9234 -0.77723 0.30755 -0.71961 -0.23757 2.1888 1.493 -0.39734 0.66922 2.28 -1.6837 -1.6494 -1.8892 -2.0979 -0.89881 -1.2359 -2.2459 2.3083 1.3867 0.31583 -1.0292 2.1284 0.47461 1.3843 -0.61993 -0.0044213 0.48417 -0.67344 -1.2319 -0.43059 -0.50741 -0.45763 -0.83141 0.59425 -0.57841
1.2495 -1.2371 -0.33424 -0.99282 -2.3969 -0.57931 -0.63937 -2.5424 1.2951 1.0497 -0.37207 -0.12045 1.0723 1.8236 -0.76052 -1.2618 -1.5631 -1.6646 -0.96043 -1.3651 -2.0525 0.99955 0.49851 -0.24842 -0.081529 1.4188 -1.1683 2.8874 0.80594 1.0145 2.0257 0.051632 -0.24052 0.51268 -1.9542 -1.0995 -0.46577 1.7325 -2.2046
1.0923 -0.69295 -0.41655 -1.2786 -1.92 -0.055769 -1.7369 -1.4149 1.7476 0.4071 0.55207 -0.25283 1.1149 1.0251 0.73748 -0.74584 -1.0995 -0.38616 -0.86414 -1.1939 -2.1067 -0.49143 -0.17244 -0.39976 0.75373 0.29035 -2.3165 2.8634 1.6548 1.9247 2.6608 0.5997 0.95335 1.9351 -2.5999 -1.2775 -0.066499 1.8166 -2.807
1.4925 -0.17683 -0.40835 -0.88896 -1.3391 -0.5827 -1.3062 -1.2815 1.16 1.031 1.0802 -0.046624 0.81753 0.002474 2.0831 0.018739 -0.20039 1.109 -0.41341 -0.81679 -0.48466 -1.1385 -0.63195 -0.065471 2.1252 -0.98894 -2.6297 1.7221 1.9445 2.4265 2.5198 1.0752 1.8397 2.2675 -2.1095 -0.6496 -0.012063 0.61463 -2.4751
1.662 -0.009156 -1.0765 -0.73003 -1.299 -1.1161 -1.3881 -1.779 -0.068406 1.0086 0.65676 1.4253 0.50716 -1.0373 2.2269 0.85249 1.2363 1.749 0.023386 0.44013 1.009 -2.2522 -0.60963 0.074913 1.6363 -1.8 -2.5448 0.10369 1.9586 2.0716 1.4385 1.5715 2.0018 2.2487 -0.72093 -0.24667 -0.45788 -0.64507 -1.487
1.4829 0.76665 -0.99689 -0.66675 -1.1417 -1.3499 -1.3501 -2.6214 -0.61698 0.61164 0.48177 1.4882 0.19783 -1.9453 1.6985 1.6338 2.0681 2.2247 0.74079 1.5789 1.1237 -2.6871 -0.61188 -0.52587 0.73978 -2.0615 -1.8356 -1.1134 1.5181 1.0662 0.34804 1.7602 1.6275 1.4273 0.46867 0.049887 -0.68092 -1.7974 -0.30823
0.7354 1.3648 0.094439 -0.62163 -0.59202 -0.74177 -1.145 -1.5625 -1.0199 1.0225 0.76752 2.5509 -0.37039 -2.646 1.1152 2.1684 1.8637 1.8912 1.6948 1.7005 1.7837 -1.2761 -0.72045 -1.105 0.082445 -1.8924 -0.98104 -1.669 0.72134 -0.33163 -0.28413 1.2459 0.79354 0.49195 1.7799 -0.16502 -0.35577 -1.7314 0.74056
-0.45026 1.1892 1.1321 1.2499 0.39571 0.18455 -0.034038 0.11342 -1.5119 -0.43429 -0.13898 1.0258 -1.0515 -2.5423 0.5545 2.242 1.5951 1.7335 2.2635 1.8805 2.1046 -0.60842 -0.53232 -0.8589 -0.86452 -1.5065 0.098312 -1.5192 -0.53982 -1.2536 -0.84983 -0.14101 -0.1079 -0.48951 2.3891 -0.26836 0.45882 -1.2315 1.3909
-0.9417 1.0738 1.247 1.8558 1.4488 0.80818 0.85187 -0.065922 -2.4065 0.16132 0.22719 0.25324 -1.1493 -2.5264 -0.32196 1.9093 0.81799 1.4498 1.7479 1.913 1.5386 0.56706 -1.0271 -0.48895 -1.1907 -0.72373 1.062 -0.87682 -1.5388 -1.5579 -1.0456 -1.6093 -0.69501 -1.5402 2.287 -0.26434 0.92886 -0.36297 1.5889
-1.0751 1.017 1.4196 0.89197 0.36455 1.0507 0.55022 0.39802 0.035587 0.51085 -0.75922 1.0694 -1.1527 -1.8203 -0.42439 0.71784 0.11304 0.79059 0.43108 1.2545 0.21341 1.5698 -1.0391 0.071661 -1.2103 -0.10306 1.3751 -0.072352 -2.36 -1.5892 -1.2614 -2.2936 -1.1448 -1.853 2.1019 -0.0033417 1.3302 0.15574 1.3436
-0.82758 0.94079 1.1533 0.95407 0.72723 1.3436 0.8681 0.11415 -1.4749 0.30288 -0.145 0.61136 -1.1124 -1.0613 -0.038752 -0.021177 -0.47502 0.32368 -0.6038 0.59584 -0.50126 2.5921 -1.0397 0.27926 -0.52044 0.31056 1.3555 0.59541 -2.5319 -0.992 -0.73613 -1.6589 -1.099 -1.3151 1.125 0.34973 1.6477 -0.035811 0.76907
-1.9911 0.50577 1.8005 0.23054 1.0931 0.50603 1.374 -0.61421 0.46188 -1.2662 0.27462 0.2052 -0.60996 -0.75698 0.26994 -1.3115 -0.90006 -0.16581 -1.1418 0.2025 -0.76037 2.9354 -0.58627 1.4125 -0.89389 0.43261 0.93857 0.59255 -2.0724 -0.3918 -0.15449 -0.59884 -0.55149 -0.44524 -0.091537 0.23186 1.0507 0.07195 0.26898
-1.6799 1.0744 1.0376 0.62607 0.8779 -0.26005 0.70745 -0.69262 0.96958 -0.5365 0.78617 0.37473 -0.8688 -0.57614 0.43335 -1.9227 -0.63614 0.49627 -0.77946 0.19594 -0.73434 2.3241 -0.62062 2.1339 -1.4426 0.41425 0.73019 0.24778 -1.697 -0.093997 0.24817 0.36287 -0.053219 0.62157 -1.373 0.27797 0.26376 0.085885 -0.097452
-1.6384 1.282 1.1119 1.2557 1.2294 -0.13806 1.1192 -0.1831 2.0811 -1.4444 -0.24431 0.11487 -0.8485 -0.34274 0.43671 -2.3014 -0.58025 0.41386 -0.67839 0.33004 -0.61029 1.5083 -0.84718 1.2386 -0.61823 0.33661 0.72993 -0.12145 -0.55843 -0.0035347 0.44639 0.74897 0.17577 0.92902 -2.0066 -0.019283 -1.1172 0.36472 -0.14728
-1.6989 1.3462 -0.96969 -0.25293 0.47122 -0.16798 0.98287 -1.0039 2.1966 0.57749 2.5961 -0.95384 -0.63727 0.071006 0.33198 -2.7799 -0.81989 0.53351 -0.11264 0.42567 0.71489 0.33404 -0.41725 0.88002 -0.49816 0.18014 0.591 -0.38907 0.40612 0.05539 -0.1159 0.53336 0.13542 0.55673 -1.9653 0.32671 -1.7845 0.44148 -0.18568
-1.6906 1.2838 -0.54588 -0.036315 1.5548 0.7019 1.0008 -0.54013 2.4128 -0.84817 2.1436 -0.96105 -0.62769 0.25835 0.086101 -1.9639 -0.81427 0.70417 0.01854 0.44911 0.44931 -0.41378 -0.77952 -0.2202 -0.62459 0.28015 0.41798 -0.40055 2.0682 0.78662 -0.40226 0.27167 -0.078841 -0.0079857 -1.7064 0.28276 -1.8843 0.48731 -0.30751
-1.6642 1.1335 -0.93603 0.15749 1.4438 -0.18474 1.7655 -1.1115 0.2888 -2.0325 0.65843 0.50312 -0.5587 0.20834 -0.12501 -1.332 -0.4087 0.1364 -0.064682 0.41542 -0.10857 -0.9696 -0.066783 -0.73646 -0.53784 0.10275 0.19821 -0.27156 2.9947 1.2979 -0.79554 0.10111 -0.31912 -0.66207 -1.0129 0.62373 -1.2761 0.74071 -0.43453
-1.8534 1.0741 -1.5542 -0.82446 1.752 -0.048183 1.6612 1.279 1.5564 -1.2991 1.4537 -0.59174 -0.5598 0.35746 -0.089868 0.90562 0.77054 -0.16419 -0.16163 0.17642 -0.2242 -1.5338 -0.52103 -1.7532 0.3987 -0.18716 0.13799 -0.11237 2.7521 1.4892 -0.70896 0.30462 -0.54892 -0.34683 -0.15503 1.2041 -0.15337 0.83727 -0.59362
-1.0672 1.4375 -0.88412 0.090414 1.7148 -0.27337 1.0905 -0.6927 0.97295 -1.3143 -0.1505 -0.98214 -0.57255 0.38875 -0.094528 1.484 0.95509 -0.5806 0.17766 -0.087663 -0.34213 -1.2975 0.62427 -0.9321 0.51565 -0.38089 0.10483 -0.089924 1.9608 1.2315 -0.12588 0.60356 -0.56997 0.011613 0.29121 0.82507 0.47294 0.87563 -0.48475
-1.6178 1.0542 -1.108 0.40189 0.62998 0.055099 1.7577 -1.2264 0.91146 -0.16823 0.26797 -1.1448 -0.72648 0.42539 -0.14673 1.8639 1.4494 -0.31572 0.5039 -0.41853 -0.16832 -0.5829 1.1851 -0.44628 0.57547 -0.56357 -0.16311 -0.15953 0.43794 0.13742 0.13589 0.51958 -0.59574 0.70119 0.52075 0.46432 0.92735 0.72523 -0.24768
-1.2802 1.2261 1.0986 1.2007 0.6501 -0.030231 1.1021 -1.1576 -0.60946 -1.1527 0.40448 0.52538 -0.91355 0.37105 -0.2723 1.9148 1.688 -0.022131 0.80595 -0.44929 -0.12117 -0.8114 0.64619 -0.45602 1.1806 -0.59556 -0.087605 -0.057307 -0.4247 -0.61736 0.39577 0.27405 -0.55 1.2143 0.34334 -0.58165 0.34839 0.67144 0.022627
-1.3004 1.0482 0.74793 0.99145 1.2202 0.92696 1.2224 -0.39281 0.19554 -0.57446 0.74322 0.32198 -1.0395 0.073365 -0.30653 1.5104 0.67669 -0.16408 0.55996 -0.85762 1.123 -0.64593 0.32584 -0.14477 1.5594 -0.5329 -0.010225 0.018067 -1.3405 -1.3351 0.20808 0.040534 -0.10102 1.0802 0.139 -0.42911 0.27948 -0.076133 0.28491
-1.1686 0.94429 0.38197 1.8033 1.4819 0.10572 1.1298 -0.19654 0.34902 -0.21838 0.015648 0.6338 -1.166 0.40979 -0.12952 0.83488 0.12158 0.13285 0.69513 -0.98951 1.5433 -0.51939 -0.14168 -0.39909 1.4047 -0.35511 0.17959 0.14534 -1.411 -1.4453 -0.33779 -0.655 0.1023 0.33176 0.0010152 -0.017877 0.070815 -0.59359 0.47377
-1.1999 0.89575 0.59254 1.592 1.667 1.0403 0.82063 0.41461 0.30677 -0.61362 0.23237 0.3876 -1.1596 0.39244 -0.19243 -0.16951 -0.40651 0.027786 0.63857 -0.3525 1.2499 -0.42499 0.68292 0.070639 0.28569 -0.16314 0.42613 0.22703 -1.1057 -1.0064 -0.62952 -1.0533 0.23397 -1.0213 -0.27474 0.22366 -0.30993 -0.83718 0.56933
-1.2477 1.0647 1.0696 0.61175 0.3991 0.15938 -0.19497 0.24263 -0.46401 -0.68442 -0.28723 1.3217 -1.1839 0.54478 -0.066295 0.046878 -0.62747 -0.76817 -0.54279 -0.49051 0.5004 -0.9169 0.37884 -0.43739 0.56079 0.085499 0.39202 0.14186 -0.78334 -0.68924 -0.91501 -1.5408 0.18492 -1.2851 -0.16489 0.50105 -0.5173 -0.65924 0.51713
-0.90883 0.96761 0.5408 0.88082 0.93622 1.2989 0.56206 0.80066 -0.44984 -0.75149 0.068315 1.3307 -1.1627 0.78964 0.077283 -0.22103 -0.93787 -0.93609 -0.92577 -0.62674 -0.50077 -1.0396 0.45095 -0.76393 0.21684 0.28745 0.47638 0.065434 -0.41012 -0.2462 -0.62113 -1.1817 -0.13443 -0.99112 0.16663 0.35426 -0.8856 -0.3585 0.39237
-0.78324 0.87831 0.69557 0.78884 1.2635 0.99765 1.2064 0.51569 -0.91661 0.47427 1.1235 0.24182 -1.128 0.93263 -0.0078081 -0.64956 -0.97475 -1.1679 -1.6007 -0.47223 -0.27835 -0.56652 0.90424 -1.0366 0.045588 0.36481 0.23022 0.017207 -0.13934 -0.0024442 -0.18182 -0.4785 -0.43525 -0.51218 0.62432 0.6841 -0.54513 -0.60759 0.19721
-0.63796 0.94008 0.65131 0.53279 -0.029515 -0.8469 0.17307 0.049497 -0.85725 -0.24056 -0.85324 1.4796 -0.90789 1.0741 -0.10765 -0.61934 -0.71881 -0.97841 -1.1934 -0.63395 -0.4428 -0.23641 1.062 -1.4242 -0.22319 0.41432 -0.15785 0.095275 0.33351 0.30815 0.13027 0.084335 -0.56783 0.34627 0.74992 0.13779 0.067969 -0.25631 -0.028748
-0.22404 1.1142 0.058621 0.39112 0.32685 -0.78237 -0.29308 -1.0949 -1.1573 0.039611 -1.338 0.73567 -0.82411 0.82834 0.050252 -0.035338 -0.74093 -1.0911 -1.366 -1.3738 -0.60884 0.036804 1.3626 -1.2179 -0.50504 0.38237 -0.48876 0.13883 0.6749 0.52258 0.71162 0.87834 -0.14463 0.77286 0.63805 -0.68491 1.1018 -0.25779 -0.14333
-0.23136 0.8519 0.01461 -0.2859 -0.45655 -0.84691 -0.028133 0.97171 -0.43175 0.5266 -0.94708 0.82974 -0.81338 0.55845 0.21794 0.092741 -0.44453 -0.7062 -0.87638 -1.3338 0.37983 0.28614 0.43857 -0.55264 -0.061256 0.22586 -0.78565 -0.13928 0.68151 0.17318 0.87704 0.89717 0.31204 0.59888 0.50853 -1.3015 1.6921 0.080786 0.032821
0.12 0.85855 0.47449 -0.052116 -0.44863 -0.22439 -0.7052 -0.26387 -0.96708 0.71488 -1.8015 1.0133 -0.75578 0.30245 0.080323 0.2667 -0.07763 0.10501 -0.0071627 -0.4155 0.91797 0.55724 -0.18236 0.72451 -0.59187 0.19675 -0.59844 -0.62449 0.4372 -0.33987 1.0234 0.82319 0.70619 -0.28634 0.2971 -1.3206 1.2827 0.31435 0.49329
-0.10012 1.0975 0.84094 0.09111 -0.10935 -0.64267 -1.1455 -0.26405 -0.4959 1.536 -0.52336 -0.051747 -0.73893 -0.093454 -0.39046 0.51455 -0.70709 0.15715 -0.083239 -0.47324 0.037535 0.60782 -0.77428 0.98691 -0.030297 0.56689 -0.32546 -1.0131 0.15244 -1.0497 0.54485 0.21524 0.71837 -1.1307 0.38616 -0.65509 0.39295 0.20439 0.9687
-0.21456 1.256 0.61201 0.26407 0.068891 -1.0915 -0.73705 1.2411 -0.58078 -0.066846 -0.099615 1.0412 -0.84861 0.065885 -0.81829 0.5725 -1.2808 0.4981 -0.12065 -0.35891 -1.0456 0.52237 -0.67721 0.57254 0.11597 1.1135 0.080695 -1.0778 -0.24584 -1.3171 -0.17248 -0.16781 0.38014 -1.2656 0.35695 -0.15255 -0.72143 0.20218 1.1432
-0.12462 0.90662 0.5157 0.33723 0.25506 -0.71979 -0.076138 0.82437 0.048399 -0.87094 -0.261 0.29797 -0.55526 0.087141 -1.2302 0.21522 -1.9177 0.17905 -0.39155 0.10803 -1.0124 1.1429 -0.65375 0.29662 -0.0079792 1.5383 0.44197 -0.75921 -0.38339 -0.80726 -0.52771 0.051976 0.25571 -0.59544 0.36582 0.48466 -0.84218 -0.57695 0.84951
-0.3603 0.21759 0.65379 -1.678 0.019756 -0.74268 -1.2965 -1.4217 -0.22027 -0.30863 -0.24545 1.0185 0.078356 0.36472 -1.518 -0.068236 -2.0758 -0.23168 -0.18972 0.072886 -1.2133 1.0658 -0.59582 -0.39509 -0.20045 1.8008 0.38151 -0.23408 -0.33331 -0.028257 -0.74594 0.31709 -0.17948 0.50964 0.16531 0.34801 -0.38442 -0.89612 0.22866
0.21824 -0.17598 1.0876 -2.1027 0.17863 -0.71588 -0.78218 -0.81074 0.076709 0.66352 -0.83609 0.96235 0.62078 0.56985 -1.4646 0.087873 -1.905 -0.50072 0.053404 -0.16435 -1.133 1.1314 0.082785 -0.23653 -1.094 1.7761 0.27476 0.30794 -0.20857 1.0999 -0.61072 0.823 -0.41997 1.3452 -0.037917 -0.091883 0.020518 -0.94637 -0.4363
0.1173 -0.22694 0.70805 -2.171 -0.23758 -1.0794 -0.51426 -1.134 1.1573 0.075962 -0.89554 0.33051 0.86354 0.52676 -1.1457 -0.015324 -1.3421 -0.61298 0.2883 -0.58709 0.071778 0.88902 -0.41598 0.051196 -1.2284 1.4124 -0.035165 0.50599 -0.25985 1.5841 -0.50536 1.0679 -0.36898 1.4028 0.044281 -0.34703 0.23812 -0.48925 -0.92895
0.24417 -0.36582 0.46491 -2.0512 -0.37121 -1.0318 -0.89019 -0.67848 0.7834 -0.25681 -0.62361 -0.2282 1.0464 0.51329 -0.85009 -0.22472 -0.10861 -0.81594 1.011 -0.4177 1.1498 1.1519 -0.97776 0.098797 -1.4862 0.9346 -0.15791 0.30128 -0.40582 1.5616 -0.5526 1.0913 -0.0099072 0.64061 -0.13906 -0.0038177 -0.089306 0.351 -1.0673
0.44363 -0.46149 0.8001 -2.1799 -0.49477 -0.65983 -0.81419 -0.22759 1.0697 -0.44276 -0.12645 -0.73203 1.0952 0.33385 -0.88958 -0.42326 0.15923 -1.053 1.462 -0.55199 0.57056 1.1542 -0.80053 -0.10041 -1.0435 0.52294 -0.16201 0.011911 -0.44666 1.2243 -0.70608 0.5639 0.60101 -0.67285 -0.4007 1.0431 -0.15719 0.79099 -0.90403
0.31349 -0.7017 0.60388 -2.2997 -0.52566 -0.083679 -1.661 0.13243 0.9906 -1.3036 -0.28437 -0.78094 1.2276 0.38287 -1.0388 -0.49802 0.4331 -1.3523 1.6438 -0.1998 -0.05137 0.70034 0.21385 -0.35597 -0.47364 0.26926 -0.10081 -0.057573 -0.45812 0.85499 -0.53838 -0.63067 1.1879 -1.3819 -0.98355 1.7578 0.27403 1.1836 -0.6309
0.42494 -0.93136 0.5298 -1.7668 -1.166 0.74208 -1.5332 0.053131 1.8469 -0.76893 -0.64158 -0.66307 1.3182 0.30104 -1.0372 -0.74646 0.8089 -1.7175 1.0961 0.53425 -0.74396 0.24952 0.98228 -0.052997 -0.10442 0.091966 0.034375 0.20042 -0.41441 0.90934 -0.011374 -1.8174 1.9242 -0.8918 -1.2726 1.5083 1.0094 1.3304 -0.39002
0.61215 -1.2451 0.37079 -1.9194 -1.3988 0.71101 -1.0671 -0.67974 2.2005 -0.016918 -1.3142 -0.43545 1.2198 0.3506 -0.89167 -0.95277 1.2581 -1.5273 -0.066977 1.4686 -1.0922 -0.52367 1.5279 0.60954 0.49321 -0.0036258 0.020652 0.5134 -0.39441 0.747 0.73535 -2.5131 1.7841 0.044679 -1.2911 0.36129 1.4265 1.3208 -0.21328
0.59195 -1.4107 -0.069052 -1.4203 -2.2168 0.61597 -0.59455 -1.3364 1.5539 0.44678 -1.0028 -0.57148 1.1684 0.41791 -0.59733 -1.0021 1.5458 -0.97507 -1.3129 2.5476 -0.78331 -0.98786 1.4497 1.4282 1.228 -0.053923 0.05333 0.66449 -0.17116 0.43395 1.3778 -2.285 0.96225 1.1075 -0.88062 -0.75693 1.1254 1.1722 -0.061589
0.60651 -1.4755 -0.27531 -0.87606 -2.6011 0.070875 -0.039961 -1.2285 0.61255 0.66947 0.20904 -0.67238 1.1681 0.36728 -0.30916 -1.1383 1.5427 -0.26797 -2.1711 2.441 0.052818 -1.4751 0.6357 1.7524 1.5951 -0.047979 0.084248 0.68778 0.10533 0.048495 1.6763 -1.3001 -0.12752 1.7954 -0.034393 -1.1639 0.14284 0.75959 0.044616
0.84603 -1.4404 -0.19965 -0.44161 -2.0232 -0.85258 1.0649 -1.1464 0.1822 0.86845 0.97953 0.23023 1.1764 0.39526 -0.097111 -0.9958 1.5256 0.36895 -2.4157 2.0164 0.99119 -1.1797 -0.1113 1.6198 1.7698 0.0012902 0.12803 0.54573 0.30759 -0.25243 1.4075 -0.06278 -1.1535 1.7231 0.55844 -0.87003 -1.2329 0.12567 0.060551
0.81386 -1.3957 -0.57281 -0.09115 -1.6348 -1.4562 1.9369 -0.52732 0.31644 0.25251 1.1832 1.3503 1.2383 0.52098 0.13297 -0.77045 1.365 1.1026 -2.1129 1.476 1.7669 -0.49947 -0.030281 0.78473 1.7872 0.050088 0.028501 0.35369 0.53282 -0.46927 0.74365 0.79415 -1.6268 1.0463 0.73436 -0.25425 -2.1251 -0.8023 0.046864
0.89037 -1.3983 -0.93207 0.12118 -1.6425 -1.7065 1.3461 -0.0032722 0.11726 0.17074 0.77844 1.3175 1.2131 0.58012 0.19144 -0.61462 1.1364 1.1142 -1.469 0.67568 1.955 -0.26312 0.020981 -0.57981 1.375 0.0074978 -0.064491 0.16594 0.80282 -0.58213 0.121 1.1297 -1.519 0.16123 0.35982 0.39008 -2.1878 -1.597 0.016371
1.081 -1.465 -0.82115 0.18655 -1.311 -2.1087 1.4711 0.27133 0.49888 0.082323 0.63715 1.4456 1.1673 0.33204 0.19821 -0.32766 0.8103 0.83127 -1.0605 -0.21018 1.7505 -0.33977 0.016721 -1.4316 0.10061 0.034348 -0.16775 0.011156 0.98133 -0.56978 -0.29856 1.0578 -0.86635 -0.46671 -0.15276 0.65806 -1.3517 -1.6252 0.011521
1.2328 -1.1913 -0.9035 0.72329 -0.84219 -1.9116 1.5933 0.9806 0.47023 1.0079 0.46604 1.5061 1.2474 0.37699 0.17175 0.29919 0.65275 0.75473 -0.68795 -0.24173 1.3277 -0.4773 0.57728 -1.6816 -0.73572 0.038842 -0.18996 -0.031502 0.88598 -0.48113 -0.44854 0.88525 -0.19303 -0.76067 -0.33652 0.58001 -0.2153 -1.0741 0.02758
1.3421 -1.27 -0.87261 0.78813 -1.11 -1.97 1.2722 1.179 -0.27344 0.67217 -0.48215 1.4097 1.1566 0.32113 0.15561 0.62966 0.48101 0.70919 -0.39308 0.16693 1.0954 -0.72053 0.92973 -1.3949 -0.56512 0.05523 -0.1331 -0.10258 0.46638 -0.43442 -0.63584 0.75065 0.22215 -0.9233 -0.1513 0.19373 0.64979 -0.15252 -0.026635
0.99848 -1.2322 -0.61875 0.58292 -0.85842 -2.5808 0.96462 1.0516 -0.35304 0.34011 -0.83359 0.34737 1.2811 0.24358 0.14597 0.58179 0.3505 0.30784 -0.036953 0.095073 0.68249 -0.79898 0.64941 -1.0464 -0.55054 0.047232 -0.19082 -0.10766 -0.12641 -0.44545 -0.80159 0.58629 0.22528 -1.1054 0.33579 -0.52217 1.3044 0.35248 -0.059302
1.3575 -1.2595 -0.19467 0.86309 -0.60681 -2.3059 1.7264 1.2451 -0.24227 1.0868 -0.92844 0.42739 1.2665 0.16064 0.011765 0.40545 0.10331 -0.18021 0.11103 0.077646 0.13286 -0.50391 0.30726 -0.46011 -0.32897 -0.018792 -0.17346 -0.089627 -0.51971 -0.38293 -0.90045 0.46506 0.18395 -1.2695 0.81517 -0.8766 1.5765 0.59193 -0.11899
1.3824 -1.2396 -0.25304 0.79928 -0.58628 -2.1426 1.7632 1.6155 -0.80775 1.5675 -0.69406 1.1684 1.236 0.11367 0.034879 0.15459 -0.038325 -0.36073 0.22892 0.26552 -0.51207 0.14461 -0.1903 0.45474 -0.13782 -0.032817 -0.24761 -0.020019 -0.54249 -0.33997 -0.77047 0.33332 0.197 -1.2311 0.94185 -0.7693 1.4468 0.59297 -0.1284
1.4294 -1.1721 -0.37921 0.90427 -0.98731 -1.9139 1.4243 1.2531 -0.53491 0.85813 -0.64882 0.8154 1.2237 0.074228 0.035987 -0.16392 -0.080885 -0.71065 0.40086 0.45989 -0.97165 0.57642 -0.42504 1.0047 0.44377 -0.12255 -0.26753 0.041561 -0.22554 -0.25221 -0.52701 0.43271 0.12095 -1.0261 0.85484 -0.27653 0.95397 0.15027 -0.11556
1.3449 -1.238 -0.58455 0.81977 -1.3963 -1.8672 1.4048 1.0194 -0.39525 1.0823 -0.43023 0.92303 1.1814 -0.16057 0.088517 -0.18416 -0.22875 -0.92603 0.48197 0.30879 -1.3493 0.70404 -0.54841 1.111 0.28051 -0.13588 -0.2699 0.071306 0.26498 -0.25911 -0.30489 0.63648 -0.21764 -0.6784 0.52273 0.57136 0.33272 -0.27289 -0.14021
1.2977 -1.2363 -0.53607 0.54893 -1.3922 -2.1103 1.6763 0.12346 0.16427 -0.12709 0.14096 0.60268 1.1752 -0.18599 0.054451 0.12897 -0.29931 -0.91894 0.84679 0.30546 -1.6037 1.0711 -0.11025 1.1118 -0.24379 -0.17878 -0.2074 0.21778 0.72429 -0.30379 0.04416 0.90527 -0.97757 -0.27753 0.26414 0.94832 0.030265 -0.67899 -0.1551
1.1877 -1.1872 -0.58204 0.62372 -1.5807 -1.9895 2.1467 -0.038666 0.5515 0.46421 0.5206 1.271 1.1326 -0.24428 0.15063 0.49827 -0.44057 -0.84212 1.2751 -0.099606 -1.624 1.0325 0.72026 1.0535 -0.38201 -0.26129 -0.1459 0.43067 0.79637 -0.37414 0.40221 0.90702 -1.8557 0.27997 -0.19323 0.99228 -0.042423 -0.68655 -0.2667
1.2292 -1.1148 -0.26253 0.60938 -1.7853 -1.3652 2.0799 -0.10316 0.22742 1.0588 0.37969 1.0369 1.0994 -0.25778 0.40311 0.8614 -0.57479 -0.65325 1.8101 -1.3309 -1.4238 0.98721 0.74862 1.0783 -0.65968 -0.34366 -0.34974 0.85178 0.65951 -0.43928 1.0875 0.2224 -2.1666 0.61471 -0.96417 0.099514 -0.20878 -0.66456 -0.52486
1.2187 -1.1995 -0.082032 0.4158 -1.9541 -0.75326 1.7647 -0.48784 0.82819 1.4181 0.68619 0.38255 1.0038 -0.38615 0.70941 0.95371 -0.82992 -0.25696 1.8096 -2.6622 -0.8626 0.33013 0.91645 1.0266 -0.96202 -0.5413 -0.76702 1.3168 0.4397 0.14364 1.8621 -0.72937 -1.6141 0.69656 -1.2899 -0.64144 -0.36686 -0.52916 -1.0014
1.0778 -0.96524 0.13902 0.19524 -2.2814 -0.32518 0.83478 -1.0694 0.99875 1.6668 0.78629 0.21114 0.88392 -0.74902 1.3557 1.1442 -0.97236 0.93509 1.0219 -2.8376 -0.70752 -0.66373 -0.066694 0.69003 -1.3584 -0.99862 -1.2002 1.4156 0.20925 0.87815 2.2056 -1.3539 0.15371 0.98902 -1.1063 -1.0631 -0.79383 0.16139 -1.3241
0.99736 -0.67476 0.42632 -0.13052 -2.0721 0.19117 -0.86038 -1.0192 1.2216 1.0526 1.396 0.062342 0.78313 -1.3951 2.1223 1.1804 0.043155 2.0302 0.21127 -2.6418 -0.53409 -0.9336 -0.18504 0.49498 -1.1549 -1.7649 -1.3159 0.94586 -0.027955 1.551 1.9922 -1.062 2.0366 1.4295 -0.35859 -1.3012 -1.4048 1.1056 -1.2154
0.75132 -0.32153 0.45911 -0.63048 -1.4449 -0.25118 -1.8183 -0.70918 0.20257 1.0955 1.6235 -0.3853 0.48023 -1.9413 2.3289 1.1318 0.72605 2.5436 -0.095587 -1.0247 0.47176 -0.77483 -0.84134 -0.26604 -0.24568 -2.1529 -0.98023 0.022638 -0.2463 1.6874 0.87907 -0.13341 2.886 1.6192 0.53175 -0.65106 -1.4098 1.8075 -0.60948
0.17803 0.61048 0.92705 -0.50326 0.23507 -0.97881 -0.68403 -0.9412 -1.1249 0.42645 0.9405 -0.59686 -0.2241 -2.1894 1.9789 0.89105 1.3887 2.8605 0.24631 0.59476 1.5288 -0.38839 -1.3044 -1.3324 0.76795 -2.1864 -0.15406 -0.96509 -0.59268 0.85775 -0.40049 0.81832 2.6023 1.0445 0.90756 -0.028673 -0.76109 1.9093 0.33948
-0.57786 1.3831 1.1858 1.6102 0.82161 -0.80906 -1.2723 -1.0415 -0.39259 1.5402 1.0019 -0.59582 -1.2033 -2.1379 1.4616 0.80339 1.6925 2.2575 0.73636 1.4429 1.639 0.2184 -0.83884 -1.2435 1.4299 -1.9024 0.82719 -1.5654 -0.8544 -0.10481 -1.6509 1.0918 1.0956 -0.047455 0.66391 0.48689 0.36737 1.3345 1.181
-1.0349 1.1077 1.1896 1.2216 0.65126 -0.23024 0.83799 0.45337 0.71851 0.037514 0.14625 0.61405 -1.2404 -1.5732 0.74799 0.19819 1.257 1.4001 1.4275 1.4436 1.0582 0.53868 -0.29629 -0.56068 1.9693 -1.2697 1.5469 -1.6047 -1.0209 -1.1898 -2.2475 0.48384 -0.40692 -0.597 -0.039072 0.18162 1.2984 0.22027 1.6426
-1.2187 0.93223 1.0713 1.6391 1.2682 0.64292 0.84969 1.259 0.60896 -0.39814 -0.98987 1.5704 -1.2391 -0.73277 0.016703 -0.16754 0.58558 0.04726 1.4921 0.79165 0.59886 0.20271 -0.44328 0.069986 1.9172 -0.45237 1.5831 -1.291 -1.1729 -1.6778 -1.8299 -0.91021 -0.88539 -1.0915 -0.70048 0.13169 1.2286 -1.1379 1.7996
-1.2831 1.021 1.4491 1.5462 0.81164 0.83683 0.06914 0.63391 0.81926 0.50923 0.77567 1.4375 -1.2413 -0.060349 -0.29946 -0.58703 -0.40975 -0.43164 0.83281 0.091342 0.79119 -0.4624 -1.1994 0.60249 0.96464 0.09149 1.151 -0.75353 -0.94163 -1.7069 -1.1811 -2.3586 -0.28901 -1.4093 -0.74349 -0.077067 0.59455 -2.1759 1.7046
-1.0035 0.93271 0.52907 0.79397 1.0196 0.94197 0.18923 -0.3122 -0.20183 1.0952 1.2225 1.7806 -1.1726 0.0034621 -0.43052 -1.0575 -0.79092 -0.40451 -0.7853 0.3124 -0.51959 -0.79578 -0.18248 0.6264 -0.45931 0.70695 0.34241 -0.29274 -0.15721 -1.1484 -0.13951 -1.9077 0.23372 -1.3833 0.14852 0.011936 -0.78549 -2.2224 1.1925
-0.82708 0.96491 0.97015 1.2465 0.15442 0.51627 0.365 -0.23557 -0.83894 -0.31726 0.75036 1.6764 -1.08 0.16703 -0.44182 -1.1691 -1.4292 -0.67875 -2.1446 1.0951 -1.3393 -0.56998 -0.63169 0.33925 -1.3984 1.2668 -0.0095189 0.0020566 0.84261 -0.38945 0.3772 -0.22117 0.35175 -0.73402 1.037 0.49762 -1.7577 -1.5243 0.44458
-0.90288 0.91872 0.41541 0.98531 0.31645 0.2797 -0.5272 1.5963 -0.17917 -1.1059 1.1612 0.7064 -1.1653 -0.21566 -0.46611 -0.19198 -1.1747 -0.090231 -0.82976 0.76965 -1.2383 0.58103 -0.75739 -1.3918 -1.5541 1.14 0.1998 0.040763 1.2207 -0.14372 0.48353 1.5299 -0.34448 0.42254 1.3669 1.0405 -1.3426 -0.35367 -0.34615
-1.3929 0.33364 -0.19592 0.023443 0.64361 -1.4643 2.3585 -0.57179 -0.07131 0.4197 0.071025 0.12412 -0.041447 0.036929 -0.28584 0.57255 -0.98707 0.16406 0.41178 0.58373 -0.39375 1.0984 0.01129 -1.9342 -1.6852 0.68756 0.70922 -0.24552 0.93167 -0.055 0.067318 2.1043 -1.3449 0.92004 0.79987 1.991 -0.16205 0.39204 -0.56483
-0.86874 0.57252 0.013411 -0.55662 0.16698 -1.9315 2.0041 -1.3801 -0.1494 -0.86209 0.23989 -0.20473 0.29278 0.43871 -0.44049 0.38545 -1.2953 0.13556 0.98951 -0.13342 -0.1175 1.3339 1.485 -0.94915 -1.0723 0.36347 1.4666 -0.55362 0.18559 -0.14002 -0.74859 1.096 -2.1103 1.1223 -0.2472 1.7976 1.4519 0.53243 -0.34587
-1.5894 0.60401 1.8274 0.27074 1.0278 1.7398 -0.087123 -1.1372 1.8522 0.061449 -1.2856 -0.065808 -0.46412 1.1409 -0.92055 0.30444 -1.4767 -0.64685 1.1456 -1.1989 0.015764 0.78918 2.1021 -0.2234 -0.8408 0.62216 1.4586 -0.79185 -0.52807 0.086691 -1.1575 -0.27649 -2.0959 0.82417 -1.1575 1.0763 1.9389 0.53213 0.11952
-0.43961 0.75454 1.1757 -0.20975 0.84178 1.6988 0.95155 0.45439 0.51733 0.78116 -1.2098 -0.38074 -0.8031 1.9173 -1.1893 0.28071 -1.2058 -1.1409 0.98992 -2.6483 0.89547 0.20291 1.6724 0.65275 -0.88514 0.54007 1.069 -0.2958 -0.86234 0.61177 -1.2103 -1.8863 -1.1413 0.24049 -1.8089 -0.28663 1.8467 0.31263 0.33506
-0.25233 0.16407 0.52099 -0.8898 -0.030233 0.50487 -0.095927 0.46605 1.1247 1.4909 0.78206 0.1579 -0.51212 1.968 -1.3963 -0.39821 -0.85946 -1.4563 -0.14213 -2.4387 0.81472 -0.84083 1.9769 1.1428 -0.6882 0.81753 -0.16837 0.81359 -0.57577 1.3191 -0.36603 -2.376 0.080653 -0.61054 -1.3037 -1.0986 1.3991 0.67073 -0.18528
0.32431 -0.73683 0.1298 -1.7739 -0.8387 0.074825 -1.2 0.32387 0.60757 1.8045 0.71308 -1.0654 0.65927 1.9837 -0.76232 -0.92418 -0.39325 -1.8218 -2.1344 -1.843 -0.022881 -1.7671 0.93123 2.0605 -0.51572 0.87811 -1.4364 1.827 0.096634 1.8161 0.76608 -1.3228 1.5069 -1.0472 -0.65781 -1.6235 0.15366 1.2145 -0.98928
0.94793 -0.85174 0.69707 -1.4308 -0.76922 -0.38662 -1.3859 -0.36906 0.11375 1.4844 0.47279 -1.2801 0.72439 0.80518 0.37536 -0.20725 0.7264 -1.0119 -2.0379 -1.4344 -0.81106 -1.0474 0.26231 1.8666 0.35405 0.11414 -2.3737 2.3018 0.93173 1.9541 1.783 0.58631 1.9077 -0.69339 0.29003 -1.8258 -0.86788 1.5865 -1.9032
0.8617 -0.54758 0.37344 -0.7866 -1.1851 -0.25612 -1.8301 -0.14463 -0.99291 1.7719 0.87561 -0.64627 0.51875 -0.12094 1.3244 0.35412 1.5933 0.15279 -0.70496 -0.069185 -0.49098 -1.1161 -0.7112 0.58354 1.1071 -0.91717 -2.7611 1.6589 0.92416 1.3731 2.0897 1.8144 1.7696 -0.012993 0.83505 -1.2538 -1.8165 1.427 -1.8986
0.8489 0.39539 0.57186 -0.017797 -1.2666 -0.96841 -1.895 -0.50943 -0.92376 1.25 1.8283 -0.51726 -0.14006 -1.312 1.8454 0.72501 2.0123 1.0677 0.31211 0.5745 -0.41053 -0.53525 -0.83993 0.12243 1.7895 -1.7646 -1.7087 0.36026 -0.30252 -0.073093 1.5244 1.683 1.2551 0.54012 0.89084 -0.88992 -1.9441 0.52261 -0.87746
0.15022 1.2258 0.6777 0.50548 -0.37863 -1.3224 -0.82281 -0.43959 -0.034889 1.4709 2.0272 0.69512 -0.79549 -1.998 1.5886 0.35761 1.68 1.2515 0.31153 0.77039 -0.25926 -0.2114 -1.0328 -0.7314 1.7229 -1.654 -0.13845 -1.1421 -1.3581 -1.2588 0.3688 0.86972 0.3565 0.80737 1.1077 -0.23269 -1.2797 -0.23299 0.70228
-0.33126 0.88358 0.8707 0.66478 0.15934 0.2096 -0.32512 -0.0083972 -0.71169 0.37615 0.71335 1.1173 -0.94693 -1.3735 0.9072 -0.80175 0.53942 1.4426 0.81252 0.71254 0.1939 0.43291 -1.3777 -1.3962 1.1169 -1.1219 1.819 -2.384 -1.9278 -1.9061 -0.92025 0.16746 -0.27025 1.1481 0.72541 0.077021 -0.57495 -1.2286 2.1441
-1.0401 0.92218 1.2836 0.87117 0.56038 0.66691 -0.95883 -0.68 -0.42549 0.97271 0.44717 0.74615 -1.0438 -0.3381 -0.34459 -1.4895 -0.15854 0.70171 0.77965 0.59252 0.88664 0.80222 -0.95285 -1.243 0.93866 0.04521 3.0173 -2.6577 -1.6953 -1.7816 -1.6887 -0.44616 -0.39012 1.344 0.55519 0.55853 0.62613 -1.6478 2.6377
-1.1275 0.9378 0.67046 0.97362 0.2718 -0.76169 -0.77029 -0.72414 -0.84849 0.25451 -0.40792 0.96045 -1.0164 1.1869 -1.6424 -2.0455 -0.83673 -0.45039 0.41074 0.11362 1.4091 0.53222 -0.78239 -0.79235 -0.39905 1.3056 2.8353 -2.1773 -1.0035 -1.0931 -1.7827 -0.91795 -0.064566 1.2354 0.28549 0.55382 1.2075 -1.6409 2.3705
0.0068432 0.86408 -1.3956 -0.35778 0.56486 0.58807 -0.94345 0.48263 0.067499 -0.13737 -0.059085 0.75992 -0.88463 2.2403 -2.1014 -2.2708 -1.1539 -1.1028 -0.38006 0.27511 1.9354 0.94448 -0.28763 0.20824 -0.97394 1.9544 1.6274 -1.1272 -0.18772 -0.37897 -0.89005 -0.5506 0.22407 0.81715 0.26299 0.37159 1.0628 -1.4056 1.3869
0.576 -0.024364 -0.77449 0.12102 -0.42874 -0.33961 -0.34201 0.96895 0.89009 0.46752 0.96669 1.5164 0.024215 2.5234 -2.2832 -2.3414 -1.1235 -1.1404 -0.44207 0.74167 2.2447 0.98305 -0.67676 0.28734 -1.3673 2.2571 -0.14426 0.00069079 0.7731 0.41085 0.16946 -0.2501 0.28533 0.048775 0.12748 0.2502 0.35113 -0.63149 0.14991
1.4131 -1.1924 -1.1737 -0.55773 -0.94741 -0.096613 -0.55756 1.4701 -0.056476 0.2234 0.35945 -0.43204 0.90976 1.9725 -2.1345 -1.7152 -0.76365 -0.687 0.10506 0.73866 2.1691 1.1493 -0.32988 0.33565 -1.5271 2.1049 -1.3805 1.052 1.0098 0.70794 0.87483 0.069996 -0.29029 -0.78785 -0.19347 -0.1163 -0.55502 -0.21738 -1.0115
1.6511 -1.2777 -1.2745 -0.63606 -0.95638 -0.18637 -0.11712 2.0446 0.62906 0.23071 0.77449 -0.37721 1.0058 1.0623 -1.6326 -0.8636 -0.21853 -0.31306 -0.33283 0.46715 1.3854 0.70875 -0.32378 -0.16677 -1.4582 1.5042 -2.0199 2.116 1.3086 0.69585 1.2128 -0.34121 -0.7821 -1.6763 -0.28392 0.33293 -0.73373 0.73016 -1.914
1.3536 -1.1431 -1.8917 -0.45927 -0.55168 -0.37798 0.133 1.8435 0.88652 -0.47852 0.14851 -0.90655 1.1701 0.45337 -0.4726 -1.0983 -0.20558 0.21279 -0.29659 -0.1784 0.7082 0.66529 -0.74613 -0.69523 -1.4007 0.48132 -1.9916 2.4257 1.2625 0.23018 1.0294 -0.86422 -1.0489 -2.1582 -0.55128 0.74656 -0.67123 1.3227 -2.1462
1.3014 -1.2591 -2.0521 -0.37992 -0.27327 0.047072 0.086329 2.5503 1.3336 -0.097021 0.24964 -0.58337 1.1661 -0.40295 0.82438 -0.16846 -0.025606 0.80214 -0.92418 -0.39542 -0.53997 0.61277 0.13126 -0.68667 0.07303 -0.43058 -1.5148 1.962 1.2752 -0.20645 0.53235 -0.77949 -1.0422 -2.0101 -0.66744 1.3723 -0.13572 1.4392 -1.7952
1.5269 -1.3539 -1.9223 -0.52321 -0.33637 -0.24479 -0.41381 2.2029 1.0773 -0.17282 0.15239 -0.81966 1.0392 -0.92907 1.1532 0.33069 -0.40406 0.78793 -1.3264 -0.97084 -1.3914 0.0058102 0.8545 -0.76833 0.44632 -0.85189 -0.93915 0.97774 1.3253 -0.22223 -0.11346 -0.52845 -0.80417 -1.4687 -0.80012 1.4399 0.28413 0.78267 -1.0492
1.4622 -0.80243 -2.0756 -0.42526 -0.60499 -0.9143 -0.896 1.7928 1.4185 -0.64371 -0.18136 -1.1703 0.77033 -1.0094 1.2058 0.83971 -0.52663 0.45663 -1.3759 -1.2636 -1.7783 -0.40466 1.5163 -0.41867 0.60009 -1.1117 -0.19884 0.014228 0.66829 -0.0823 -0.46088 0.39925 -0.48957 -0.2641 -0.50574 0.60571 0.58882 -0.12161 -0.33161
0.72611 0.079963 -0.93947 -0.71635 0.46564 -1.5193 -0.72904 0.38538 0.75099 0.96243 -0.44743 0.22796 0.31479 -0.9544 1.1522 0.91089 -0.3936 0.17563 -1.1275 -1.385 -1.7536 -0.55658 1.3345 -0.2745 -0.051291 -1.0965 0.29697 -0.61628 0.11778 0.32533 -0.52781 1.3897 -0.003292 0.73936 -0.087124 -0.44036 0.70775 -0.47895 0.23397
0.2772 -0.11829 -1.2724 -1.3269 0.16466 -1.7813 -1.3677 0.3535 0.68142 1.1467 -0.30109 0.026284 0.13553 -0.74851 0.84339 0.80113 -0.19267 0.21667 -0.22817 -1.1863 -0.92024 -0.19888 1.0267 0.23305 0.049304 -0.91478 0.69467 -1.3641 -1.042 0.58881 -0.50372 1.9604 0.5532 1.3045 0.29075 -1.6509 0.73406 -0.75987 0.85687
0.41462 -0.15733 -1.1523 -0.91232 -0.13072 -1.5104 -1.5964 0.18786 0.46884 1.3228 -0.15712 -0.36681 0.047151 -0.51175 0.177 0.55922 0.073176 -0.11505 0.87262 -1.0139 -0.28287 -0.28304 0.18113 0.31129 -0.29591 -0.52282 0.98177 -1.6858 -1.758 0.76259 -0.10978 1.9946 1.3396 1.0162 0.42518 -2.6069 0.33814 -0.87959 1.3788
0.65201 -0.15963 -1.1124 -0.67418 -0.28757 -1.0946 -2.0419 0.69926 0.67152 0.95682 -0.070149 -1.3917 0.015564 0.043769 -0.85875 -0.98816 0.40521 -0.37372 1.5366 -0.31655 0.20595 0.091232 -1.2016 0.74676 -0.88095 0.1678 0.96163 -1.5593 -1.7404 0.62016 0.49051 1.5176 1.9826 0.41953 0.41539 -2.6482 -0.3921 -0.70645 1.6243
0.76982 -0.14922 -0.97924 -0.70125 0.11791 -0.585 -1.9926 1.0687 1.1851 0.67642 0.49512 -0.36472 -0.056852 0.44853 -1.1488 -1.5645 0.81633 0.26811 1.9708 0.91943 -0.2 0.22226 -2.7228 0.13185 -1.4391 0.8828 0.6556 -0.97373 -1.0431 0.33013 1.1396 0.82491 2.1489 0.0049007 0.41124 -1.676 -0.88112 0.073679 1.4783
0.34961 -0.31411 -1.0433 -0.47359 -0.46466 0.00045879 -2.0774 0.62761 0.45303 -0.0327 -0.20663 -0.93695 0.092399 0.53363 -1.41 -1.4734 0.66298 1.0003 2.2511 1.9002 -0.093075 0.45114 -2.7739 -0.48058 -0.87106 1.3519 0.31318 -0.21395 0.28353 0.07687 1.22 0.29328 1.5322 -0.041539 0.13865 -0.014827 -1.3494 0.79227 0.92737
0.63931 -1.3858 -3.002 -0.4411 0.0069381 0.092296 -0.82145 0.33824 0.85281 -0.42509 0.87861 -1.025 0.68596 0.4464 -1.3715 -1.2041 0.59799 1.4468 2.1607 2.2706 -0.13204 0.43068 -2.3767 -0.86049 -0.1662 1.5876 0.1896 0.34123 0.98212 -0.059405 0.72961 -0.45821 0.6559 0.16526 0.0099905 1.6274 -1.1225 1.3608 0.15414
1.0647 -1.3779 -2.9988 0.11685 0.70902 0.7704 0.17874 -0.14375 0.9903 -2.7688 -0.64772 -2.7831 1.3102 0.62222 -1.1545 -0.64286 0.66728 1.4435 2.0255 2.1408 0.076144 0.29018 -1.4575 -1.483 0.11556 1.5107 -0.006493 0.90972 1.4702 -0.0073029 -0.18956 -1.0514 -0.4017 -0.097935 -0.26483 2.0946 -0.97741 1.1793 -0.60423
1.1785 -1.5459 -1.9855 -0.041161 1.3846 1.5721 0.76528 0.79637 1.3897 -1.3384 -0.90431 -1.0922 1.4275 0.7558 -0.64815 -0.12128 0.69761 1.4908 1.1671 2.1416 0.052117 0.32716 -0.23993 -1.6371 0.88601 1.085 -0.34342 0.98009 1.3942 -0.10304 -1.0223 -1.3382 -1.1459 -0.32062 -0.32554 1.975 -0.27189 0.76272 -1.0762
0.97366 -1.4157 -2.0481 0.030289 1.5744 1.5797 0.42371 0.85935 1.3312 -1.5111 -0.80274 -0.64633 1.5457 0.37217 -0.082928 0.77496 0.59963 0.61903 0.64699 1.1463 -0.39895 -0.068049 0.21603 -2.0711 1.0429 0.49821 -0.65935 0.72289 0.94805 -0.22519 -1.4461 -1.465 -1.4559 -0.6616 -0.35189 0.74595 0.65357 -0.21658 -1.0544
1.3352 -1.5019 -1.8506 0.32428 1.3899 1.9647 0.57876 0.91887 1.0702 -0.93104 -1.6499 -0.28426 1.5109 -0.050985 -0.087301 0.73173 0.42898 -0.13414 0.17645 0.42894 -0.57408 -0.092673 0.6101 -1.1283 0.9415 0.12595 -0.76005 0.25402 0.62451 -0.31542 -1.4386 -1.0534 -1.4752 -0.41722 -0.37693 -0.43499 1.3264 -1.2711 -0.67821
1.3269 -1.4283 -2.3489 0.60692 1.5166 0.84385 1.6768 0.013228 0.92972 -0.59388 -1.9339 -0.23187 1.4628 -0.1741 -0.094651 0.72414 0.35721 -0.56881 -0.40598 0.024884 -1.0036 -0.25946 -0.47181 -0.44067 -0.38275 0.062221 -0.65555 -0.087764 0.36091 -0.47812 -0.82835 -0.92788 -1.1409 0.28722 -0.34396 -0.86767 1.7149 -1.6121 -0.22718
1.1061 -1.5258 -2.0152 0.45535 0.79427 1.2231 0.79788 -0.64473 0.81877 -1.5844 -2.4032 -0.74618 1.4734 -0.35479 -0.17653 1.0803 0.19601 -0.72538 -0.41137 -0.30935 -0.52721 -0.39092 -0.80367 0.19551 -1.0704 0.062744 -0.3848 -0.1028 0.64155 -0.6156 -0.36114 -0.78864 -0.92338 1.0347 -0.43661 -0.46518 1.2039 -1.1505 0.025333
0.89804 -1.5541 -1.4951 0.56076 0.83875 1.6083 0.69973 -0.10521 1.2667 -1.7014 -1.6537 -1.1213 1.5378 -0.66869 -0.21001 1.2738 -0.22841 -0.69802 -0.91338 -0.81323 0.16945 -0.66129 -0.83417 0.69522 -1.3314 0.11421 -0.0069265 0.016757 0.62363 -0.58692 -0.07109 -0.85251 -0.27973 1.5716 -0.35501 1.0442 0.5978 0.27521 0.057822
0.97799 -1.6263 -0.92997 0.3697 0.86099 0.98347 0.57 -0.14299 0.89181 -1.9334 -1.0054 -1.443 1.5583 -0.50171 -0.22935 1.6655 -0.4946 -0.76545 -1.1461 -1.0363 0.99472 -0.83484 -0.17566 0.70572 -1.0019 0.14602 0.44421 0.18356 0.14554 -0.43523 -0.15866 -1.0382 0.67024 0.97617 -0.068665 1.7055 -0.0644 1.2873 -0.032821
0.68962 -1.6229 -0.90711 0.46668 0.60557 1.1515 0.073657 0.50065 0.40834 -2.0725 -0.892 -1.8798 1.6031 -0.10818 -0.044996 1.606 -0.45717 -0.67556 -1.7424 -0.18084 1.5139 -0.80382 1.2104 0.48889 0.13787 0.12605 0.6129 0.25246 -0.50701 -0.21372 -0.56311 -0.45247 1.4655 0.06925 0.37249 1.6967 -0.4769 1.6041 -0.2065
0.55084 -1.7326 -0.77007 -0.04213 0.48614 -0.00228 -0.078759 0.77944 -0.1628 -1.4884 -1.3137 -1.8179 1.5979 0.18177 0.075302 1.1764 -0.54934 -1.0352 -2.0715 0.7462 0.83346 -0.46563 1.4684 0.15345 0.86003 -0.0034301 0.57515 0.25772 -1.0114 -0.097395 -1.0062 0.43866 1.4702 -1.1328 0.89882 1.0679 -0.13305 1.3611 -0.38046
0.82673 -1.6972 -0.23453 -0.10789 0.16673 -0.49893 0.17161 0.94277 -0.088297 -0.8858 -1.3951 -1.4195 1.6256 0.11462 0.10052 0.53545 -0.62275 -1.6554 -1.3558 1.2921 0.38598 -0.036158 1.6209 -0.0022898 1.0633 -0.18885 0.45853 0.2756 -1.0433 -0.027833 -1.0635 1.4742 0.36918 -1.9519 1.3429 -0.017642 0.82768 0.33567 -0.45321
1.0918 -1.4838 0.11954 0.043438 -0.073616 -0.5601 0.97044 1.5173 0.18706 0.12476 -1.415 -0.12251 1.6324 0.44295 0.17054 0.25545 -0.60349 -2.2373 -0.46528 1.2335 -0.81969 0.73129 1.6619 0.66822 1.3543 -0.39237 0.17163 0.47126 -0.74428 0.015033 -0.43464 1.7075 -1.1971 -1.9808 1.058 -0.59726 1.5574 -0.63658 -0.45283
1.1143 -1.4907 -0.19864 -0.22925 -0.60183 -0.99398 2.0661 0.38379 0.79949 -0.5554 -0.86862 -0.29985 1.4729 0.60421 0.4134 0.060188 -0.48423 -2.1486 0.39634 0.33214 -1.7511 1.5098 1.0253 1.8778 0.57168 -0.50834 -0.25292 1.0937 -0.12318 0.047182 0.69747 0.64343 -2.1494 -1.8014 0.15512 -0.86016 1.0728 -1.0882 -0.6137
0.72688 -1.6171 -0.68444 -0.55644 -1.6835 -0.13588 1.772 0.49516 0.40741 -0.26602 -0.97416 -0.76838 1.2838 0.25571 0.78979 -0.02163 -0.58797 -1.6287 0.46005 -1.2174 -2.2501 1.0562 0.53999 2.3251 -0.24043 -0.67185 -0.99943 1.6499 0.67033 0.47438 2.0003 -0.061087 -2.1277 -0.48667 -1.0631 -0.69284 -0.042175 -0.70483 -0.98762
1.3025 -1.4589 -0.48857 -0.46892 -2.4722 0.46906 0.95802 -0.84206 1.4043 0.3005 0.14554 -0.033107 1.1383 -0.24881 1.8227 0.42344 -0.5363 -0.57835 -0.53544 -1.8717 -2.6757 0.14023 0.43953 1.3079 -0.42732 -1.1714 -1.5149 1.6829 0.95173 0.97034 2.7364 -0.33102 -0.95965 0.97705 -1.6695 -0.26618 -0.97865 0.24506 -1.2791
1.4828 -1.0881 -0.21247 -0.65635 -1.8087 0.015276 -0.12511 -1.359 2.2454 -0.11531 1.5248 -1.2927 1.1 -0.95167 2.535 1.3374 0.36149 0.91531 -0.12303 -2.0096 -1.3843 -0.88431 0.54097 0.8526 0.36516 -1.8667 -1.6937 1.034 0.7513 1.4162 2.8538 0.20092 0.50899 1.9963 -1.4732 0.10992 -1.5127 0.76904 -1.1745
0.9794 -0.5166 0.04977 -0.84605 -1.5322 -0.43718 -1.4298 -1.445 0.76308 0.058714 1.271 -1.2432 0.85158 -1.5551 2.6715 1.1812 0.96072 1.9614 0.025296 -1.2302 -0.14926 -1.134 0.44856 0.6328 0.76089 -2.2497 -1.5183 -0.21962 0.063482 1.4231 2.0051 1.1626 1.6388 2.4009 -0.86804 0.049672 -1.2051 0.76942 -0.65022
0.46277 1.0556 0.60026 -0.68223 -0.64458 -2.0599 -0.22285 -2.2505 -0.099423 0.53536 -0.87429 -0.23624 -0.053629 -2.181 2.2859 1.0176 1.4648 2.7137 0.57918 -0.49589 0.65345 -1.4954 0.69755 -0.39105 0.75 -2.2802 -0.93914 -1.4094 -0.59216 0.72859 0.93707 1.1282 1.931 1.4909 0.52859 -0.68925 -0.39535 0.2554 0.36692
-0.38277 1.0956 1.2886 0.79801 0.35332 0.34577 -0.2709 -0.48575 -0.72206 0.062645 0.52121 0.53813 -0.98362 -2.4034 1.5296 0.68899 1.7269 2.4695 1.433 0.72218 1.3185 -1.4319 0.40505 -0.50636 0.96559 -2.1537 -0.11086 -2.0411 -0.85008 -0.17047 -0.18069 0.79289 1.1896 0.18547 1.5132 -1.6417 0.56574 -0.12836 1.3855
-0.71839 0.89999 0.089182 0.75203 0.24292 0.6927 -0.10557 0.24017 -0.045505 0.56383 0.93911 0.14032 -1.0668 -2.2385 0.46932 0.4381 1.42 2.5127 1.4239 0.96185 0.99141 0.41256 -0.84409 0.61231 0.77636 -1.2442 0.79225 -1.735 -1.1439 -1.6704 -0.89755 -0.45864 0.1446 -0.89931 2.2116 -1.5912 0.96406 -0.39931 2.0382
-0.85462 0.89996 0.8188 1.3047 1.3384 0.93017 -0.53774 -0.8616 -0.063137 1.2291 -0.028029 0.035982 -1.0115 -1.7238 -0.23494 -0.16662 0.64692 1.7201 1.1843 0.47389 0.060769 1.193 -2.0572 1.2514 0.4611 -0.23478 1.2978 -1.0144 -0.56295 -2.4095 -1.1768 -1.2138 -0.85683 -1.2791 1.7538 -0.9954 0.3696 -0.63696 2.0716
-1.3952 0.84248 0.74843 1.2727 1.2662 1.0849 0.8537 0.18084 -0.56451 -0.10332 0.72711 -0.18849 -1.2929 -1.068 -0.075774 -0.75278 -1.2973 1.3399 -0.21385 -0.073955 -0.6077 1.9862 -1.2488 0.65031 0.15068 0.48656 1.4279 -0.44822 -0.20858 -2.1688 -1.599 -0.71241 -0.5534 -0.71037 0.45743 0.16042 -0.81654 -0.772 1.3443
-1.8108 0.55303 0.93879 0.84321 2.2425 0.15186 0.087104 -0.86661 1.7867 -1.5835 1.7069 0.56737 -0.60863 -0.61207 -0.097732 0.19474 -1.6781 0.75942 -0.17328 -0.5082 -0.56636 1.5833 -1.4004 0.20101 -0.068648 0.76812 1.4766 -0.17724 0.48367 -0.91546 -1.7651 0.12184 0.16806 0.17571 -0.84668 1.2304 -1.3667 -0.63033 0.43655
-1.5837 0.99648 0.30721 0.56377 1.4369 0.33496 0.27908 -1.8516 1.1434 -2.2334 1.0859 0.84989 -0.66282 -0.18004 -0.44327 -0.15608 -1.7051 -0.13182 0.67868 0.32456 -0.18984 1.2111 -0.91125 -0.51825 -0.58741 0.71186 1.2415 -0.27014 0.71031 1.0277 -1.7694 0.62954 0.83276 1.0492 -2.2201 1.5337 -1.1015 -0.33972 -0.39821
-1.4854 1.0013 -0.30604 -1.7779 2.125 0.41521 -0.89366 -0.3642 2.4499 0.38199 1.2463 0.2154 -0.49176 0.53542 -0.38977 0.44244 -0.95852 -0.99473 0.97968 0.62035 0.21044 -0.25095 0.13574 -0.92488 -0.5031 0.45045 0.84829 -0.27746 0.25263 1.9934 -1.1886 0.22547 0.79634 1.321 -2.4028 1.4397 -0.56663 0.053884 -0.78689
-1.3811 0.59481 1.3595 -0.65487 1.2893 0.93947 -0.80058 -0.60201 1.3572 -0.9455 0.41544 -0.47034 -0.20874 0.63201 -0.4416 0.46324 0.37603 -1.2421 0.46494 1.0656 1.1896 -1.9035 0.9402 -1.0149 -0.35942 -0.082901 0.38259 -0.048826 -0.0017502 2.4187 -0.30526 -0.80245 -0.024898 0.60676 -1.9586 0.7669 0.34523 0.80197 -0.89019
-1.311 0.090369 0.5397 -0.29472 1.084 2.3141 1.6203 -0.90678 1.2191 -0.67715 -0.7513 -0.92101 -0.46238 0.53709 -0.62406 0.35163 1.224 -1.0049 0.38209 0.75069 1.4981 -2.0619 0.44651 -0.70454 -0.089265 -0.27342 0.068343 0.29335 -1.0164 1.4192 0.48304 -1.4967 -0.897 -0.23096 -0.57038 0.4816 1.2094 1.398 -0.71536
-0.79708 0.55845 1.5031 0.33248 -0.035612 1.4248 1.5775 0.22969 -0.86232 -0.86996 0.63981 0.16322 -0.7129 0.52334 -0.42519 -0.12952 1.9872 -0.71301 -0.62636 0.21086 0.42653 -2.1236 0.3852 0.049004 0.85886 -0.55396 0.027971 0.77663 -1.1802 -0.012429 0.87043 -1.3527 -1.6356 -1.1037 0.61977 0.22196 1.4533 1.6102 -0.26795
-1.2139 0.32646 0.73814 1.3529 0.91881 -0.26476 0.75972 0.41574 -0.90187 -0.27478 0.52917 0.63279 -0.73956 0.71974 0.14114 -1.2161 1.0432 -0.29878 -1.4647 -0.78269 0.099932 -1.3738 1.305 0.95606 1.7837 -0.62214 -0.063338 0.94926 -0.74554 -1.0015 0.76479 -0.88328 -1.306 -1.2931 1.2971 0.44195 0.90379 0.74126 0.065395
-0.95734 0.29884 0.23179 0.87493 0.53763 1.402 0.060097 0.48627 -0.68533 -0.93663 0.0083467 0.17112 -0.83538 0.5969 0.61626 -1.0204 0.44278 0.12546 -1.3141 -1.5071 -0.42882 -0.90215 0.89299 1.0577 2.0426 -0.39867 -0.10158 0.85438 0.216 -1.4912 0.1042 0.14504 -0.43744 -0.4305 1.3807 -0.2467 -0.069128 -0.27388 0.29422
-0.82391 0.328 0.14298 1.0704 1.1603 -0.29543 -0.70521 -0.63945 -0.42763 1.0043 1.213 1.1225 -1.0047 0.38968 0.61766 -0.641 0.016686 0.089236 -1.0393 -1.0563 -0.78795 0.14011 1.0065 0.59032 0.84549 -0.23175 -0.013323 0.46274 0.79735 -1.1587 -0.41994 0.91261 0.64745 0.20773 0.91848 -0.99023 -0.95145 -0.88668 0.38089
-0.30894 0.77836 -0.23321 0.58129 0.41221 -0.26895 -0.47871 -0.65855 -0.81192 0.54489 1.368 2.0093 -0.95518 0.50787 0.92204 -0.02043 -0.44723 -0.68986 -0.55115 -0.54375 -0.038941 0.11336 -0.0035866 0.077151 0.73795 -0.21149 0.31931 -0.083696 0.0065519 -1.1343 -0.65443 1.3082 0.85394 0.69325 0.43782 -1.1038 -1.2768 -0.83084 0.44682
-0.65261 1.0773 -0.017106 0.63124 0.97702 0.80219 0.134 -0.86291 -1.0872 -0.27588 0.80303 2.0871 -0.94924 0.74503 0.84329 -0.21018 -0.80205 -0.70241 -0.025741 0.060802 0.33056 0.11101 -0.24442 -0.48039 0.56829 -0.019612 0.77792 -0.84119 -1.1633 -0.91512 -0.38347 0.98387 0.32469 0.30824 -0.18715 -0.49813 -0.82898 -0.80996 0.67431
-0.66096 1.0347 0.96266 0.96571 0.16198 -0.82569 -0.1685 -0.18834 -0.39497 0.63328 1.2777 0.40485 -0.96216 1.0078 0.33934 -1.2388 -1.39 -0.75012 0.78948 -0.31861 0.45306 0.063669 -0.70211 -0.98714 0.42983 0.31193 1.0515 -1.6835 -2.0192 -0.49282 0.16277 0.47231 -0.15495 -0.46805 -0.037721 0.83259 -0.53705 -1.5274 1.0028
-0.52122 1.2856 0.27282 0.46583 -0.24108 -0.25547 -0.57051 0.85636 -0.636 -0.90451 0.0016328 1.7477 -1.0652 1.5663 -0.66789 -2.267 -1.3206 -0.62036 0.25313 -0.50314 -0.39815 -0.23771 0.32417 -0.55826 -0.70825 0.73911 0.86356 -2.0916 -1.6829 0.16984 0.60714 0.37653 -0.23176 -0.48793 0.21474 0.82102 -0.71479 -1.8183 1.0914
0.34888 1.1289 -0.6418 -0.60872 0.057032 1.5125 0.0085494 0.022485 -0.45125 -0.18172 -0.15794 1.516 -0.83058 2.0237 -1.4703 -2.8604 -1.1616 -0.39879 0.25076 -0.57604 -0.66255 0.20878 1.2929 -0.97835 -1.8275 1.2423 0.12431 -1.925 0.048677 1.0564 0.79163 -0.064016 0.18011 0.10364 0.16398 0.078204 -0.22477 -1.7335 0.91325
0.57564 0.64683 -2.0049 -1.1414 0.20284 0.46807 -1.4974 -0.71991 -0.69406 0.30105 0.41549 2.4932 -0.47564 1.8202 -2.1609 -2.626 -0.57951 0.32595 0.99373 -0.28166 -0.14118 0.50645 0.31615 -1.9362 -2.1132 1.5104 -1.0235 -1.1218 2.148 1.4791 0.54833 -0.098431 0.68462 1.0528 -0.36079 -1.3922 0.14725 -0.85775 0.46408
1.4614 -0.20673 -2.6312 -0.61886 -0.35948 -0.31064 -0.56272 -1.66 -1.6295 1.0731 0.93525 -0.15426 0.046408 1.1131 -2.5125 -0.98191 0.3294 0.34275 0.2897 -0.059026 0.53241 0.049605 -0.59828 -0.76548 -2.501 1.5957 -1.8752 -0.054295 3.5276 1.227 0.13801 0.067169 1.2157 0.94207 -0.99251 -2.0192 0.83162 0.050991 -0.082447
1.3476 -0.60666 -2.2364 -0.3312 0.32768 0.72782 -0.56894 -0.74589 0.21599 1.5943 -1.17 -1.7216 0.47086 0.15641 -2.2471 0.87698 0.85967 0.097497 0.035466 0.63947 1.1975 -0.93695 -1.5171 -0.38487 -2.1789 1.4106 -2.2209 1.0407 3.3027 0.16613 -0.18614 0.14462 1.0424 -0.19852 -0.92264 -1.2897 1.211 1.2125 -0.49424
1.1226 -1.2603 -1.6348 0.23462 0.62243 1.1377 -0.59913 1.1429 0.58064 -0.82563 -2.4065 -1.2739 0.50479 -0.56584 -1.5365 2.1038 0.54611 -0.0010604 0.86234 1.4495 0.6297 -1.2169 -1.8082 -0.099755 -1.7073 1.1412 -1.8043 1.7154 1.6574 -1.0182 -0.16945 0.27963 0.5232 -1.7888 -0.38421 -0.11592 0.83735 2.2124 -0.69466
0.78436 -1.3555 -0.82832 0.38016 0.077083 0.49665 -0.59972 1.2309 -1.5355 -2.0973 0.41871 -0.37103 0.66979 -1.3935 -0.71601 2.1177 -0.35844 0.14532 0.99449 1.0961 -0.614 -0.8563 -1.6645 0.14706 -0.00086471 0.83378 -0.8998 1.8731 0.010471 -1.6361 0.10187 -0.10091 -0.28518 -2.8746 0.6458 1.4605 0.38172 2.3561 -0.68578
0.61309 -1.3461 -0.1014 0.013117 0.025834 1.0859 0.85088 0.29322 -2.8222 -0.96581 0.15301 -0.89115 0.85234 -1.4037 -0.086615 1.5449 -1.074 -0.00094658 0.36683 0.78397 -2.3123 -0.82029 -0.80587 0.63431 1.0041 0.61386 0.021548 1.6038 -0.96364 -1.3287 0.32154 -0.73483 -1.0195 -2.2488 1.4594 2.1092 -0.82295 1.9166 -0.71443
0.26934 -1.1909 -0.1958 -0.57343 0.031009 1.3599 0.80063 -1.3644 -2.1592 -0.70311 0.21311 -1.1399 1.0233 -1.0637 0.51352 1.1609 -1.5645 0.31004 0.080074 0.39191 -3.3532 0.26658 0.79521 -0.0011766 1.3591 0.42022 0.81065 1.2832 -1.0249 -0.34791 0.22043 -1.0754 -1.519 -0.46571 1.7049 1.4925 -1.3592 0.83894 -0.90941
-0.25654 -1.1183 -0.51156 -1.1599 0.3517 1.298 0.48514 -2.2522 -0.91996 -0.65723 -0.50925 -0.66864 1.098 -0.68624 0.83202 0.72793 -1.4774 0.5602 -0.14928 -0.27913 -2.7134 1.3861 1.0489 -1.6943 1.59 0.041548 1.034 1.2122 -0.34413 0.83476 0.15779 -1.2306 -1.6332 1.7978 0.94756 0.66921 -1.3685 -0.25485 -1.2952
-0.18701 -0.92196 -0.2827 -1.4444 0.52528 1.0779 -0.0085783 -2.4616 -0.50047 -0.58599 -0.99906 0.29654 1.0878 -0.26584 1.21 0.55507 -0.84381 0.30998 -0.89626 -1.4734 -1.3965 1.7368 0.28445 -1.4342 1.4364 -0.54296 0.88946 1.0884 0.25735 1.7766 -0.18121 -1.2622 -1.164 2.9652 -0.65241 -0.032156 -0.21498 -0.95645 -1.5282
0.069819 -0.68123 0.32926 -1.6048 0.88178 0.84485 0.0067381 -2.5708 -0.14867 -0.35936 -1.2252 1.1369 0.91742 0.091768 1.818 1.1756 0.2172 0.32139 -1.6036 -1.6179 0.46081 0.50017 0.70956 -1.4135 0.41504 -1.2727 0.51542 0.83315 0.27627 2.0425 -0.4266 -0.96167 -0.31685 2.9576 -1.4772 0.11592 1.2243 -1.5827 -1.3289
0.014014 -0.35535 0.29004 -1.5048 0.5434 0.45329 -0.38159 -2.1783 -0.68069 -0.46012 -1.8446 1.2256 0.67986 0.17766 2.0425 1.4126 1.1021 0.086573 -1.7144 -1.3146 1.253 -0.70104 0.84803 -0.58919 -0.066644 -1.7169 0.014214 0.28539 -0.2552 1.6266 -0.56783 -0.22354 0.57785 2.0762 -1.2934 0.25353 1.8548 -1.1878 -0.73299
0.17568 0.18315 0.34572 -1.0687 0.17419 0.034131 -1.472 -1.9845 -0.062043 -0.66485 -1.2695 0.026674 0.13868 0.038949 1.9616 0.8108 1.5894 -0.15247 -1.6619 -1.0036 2.1391 -0.59235 0.94096 0.32613 -0.97738 -1.8013 -0.23323 -0.42755 -0.92003 0.59129 -0.53476 0.55011 0.97525 1.0787 -0.19113 -0.42287 2.0628 0.10049 0.044717
0.08379 1.109 1.2606 -0.1159 0.83435 -0.82562 -1.3621 -0.67443 -1.5348 0.66657 -1.9871 -1.0163 -0.54955 -0.20835 1.6624 0.23503 1.6875 -0.55457 -1.3151 -0.59762 2.0982 -0.51608 0.61277 1.405 -0.36297 -1.619 -0.19546 -0.97855 -1.1186 -0.34174 -0.31871 0.99892 1.1625 0.14785 0.51053 -0.99954 1.4825 1.2628 0.68773
-0.1422 1.0112 1.1188 0.23325 0.57042 -0.62295 -1.0369 -1.0172 -1.9076 0.29114 -1.0712 0.43605 -0.71832 -0.1363 1.2026 -0.0065964 1.0946 -0.39462 -0.70661 0.018536 2.2855 -0.0035927 -0.056685 1.7163 0.75376 -1.2401 -0.13218 -1.4419 -0.80191 -0.92051 0.085144 1.5133 1.065 -1.1749 0.70563 -1.7226 0.32643 1.6566 1.0518
0.0019465 1.0836 0.39985 0.40362 0.31361 -0.87139 -1.2115 0.47881 -0.4395 0.47091 -0.34256 -0.59103 -0.73495 -0.086768 0.58895 -0.32858 0.67461 -0.40501 -0.19932 0.55177 1.4802 0.11337 -0.6691 1.6771 1.6818 -0.74038 -0.036932 -1.5907 -0.71686 -1.2331 0.28822 1.7191 0.85637 -1.7099 1.1363 -0.84246 -0.67372 0.6229 1.2
-0.20755 1.1521 0.44754 0.44253 -0.27922 -0.70638 -0.90771 -0.27286 -0.91384 -0.084399 0.71407 1.4327 -0.84067 -0.25827 -0.1989 -0.45305 0.27646 -0.047474 0.79998 0.60002 -0.018417 0.62437 -1.8535 0.8298 1.4353 -0.31795 0.15109 -1.7509 -0.57393 -1.3573 0.028409 1.3952 0.40648 -1.7401 0.61853 0.72489 -1.2198 -1.0304 1.435
0.04008 1.2255 0.50365 -0.24444 0.17917 -0.46182 -0.76034 1.0802 -0.50945 -0.89717 -0.046321 1.7728 -0.89376 -0.20974 -0.6117 -0.92511 -0.34089 -0.1499 1.3624 0.86368 -0.33539 1.6343 -0.19641 0.47937 0.57609 0.11359 0.61889 -1.6558 -0.47475 -1.445 -0.34745 0.65248 -0.042754 -0.71184 0.15731 2.2744 -1.2429 -2.8276 1.6504
0.062491 1.142 0.4629 0.45821 0.031902 -0.57973 -0.68269 -0.30482 -0.83725 -0.8288 0.42689 1.4602 -0.95789 0.20638 -1.4706 -0.81896 -1.0807 -0.45372 1.2966 0.69541 -0.45543 0.57872 1.0763 -0.15051 -0.86085 0.95618 1.1944 -1.0873 -0.5389 -1.2085 -0.85023 -0.44366 -0.057741 0.49401 -0.39178 2.5348 -0.56633 -2.9421 1.5624
-0.55007 0.60107 0.81787 0.57957 1.1404 0.62883 -0.40773 -1.3904 -0.80085 -1.8147 -1.3016 0.6072 -0.92484 0.8169 -1.8715 -1.067 -1.5033 -0.87094 0.85344 0.41905 0.20078 0.47977 2.2774 -0.34473 -3.0849 1.6397 1.3731 -0.29976 -0.5041 -0.82019 -0.9261 -1.0938 -0.23737 1.3091 -0.85394 0.79211 -0.19148 -1.8508 1.0288
-0.25818 0.1995 -0.89846 -0.62675 -0.40127 1.0907 0.27947 -0.46476 2.0731 1.6702 0.70147 0.87175 -0.34487 1.4161 -1.6049 -1.4259 -1.5311 -1.3426 0.16696 0.70669 0.73787 0.35564 1.8322 0.088601 -2.8877 1.7753 1.233 0.76901 -0.59116 -0.036404 -0.67144 -1.1308 -0.21911 1.6139 -0.54625 -1.1388 0.30412 0.16672 0.024481
0.61626 -0.79824 -0.34131 -1.5336 -0.89191 0.19017 -0.56748 0.47451 -1.0153 1.742 -0.21802 -1.6796 0.70628 1.6995 -1.1116 -1.599 -1.7366 -1.5099 -0.2584 0.37539 1.7972 -0.10137 0.927 -0.040616 -2.2885 1.5848 0.49691 1.3106 -0.1364 0.90248 0.00072375 -0.82601 -0.052056 0.78369 -0.70876 -3.1683 0.088348 2.1362 -0.98333
1.0402 -0.65093 -0.53577 -1.6477 -1.2794 0.029964 -0.4186 0.60262 -0.45774 1.8435 0.021565 -2.7107 0.90996 2.0233 -0.42424 -1.6965 -1.0351 -1.439 -0.40682 0.27191 2.1131 -0.31133 -0.53776 0.29231 -0.93038 1.0281 -0.38292 1.3515 0.03962 1.5546 0.7298 -0.1385 0.082465 -0.29344 0.038264 -3.5144 -0.084541 2.8072 -1.5938
1.6445 -0.086249 -1.1198 -1.509 -1.1363 -0.38119 0.69497 1.3967 0.11028 -0.22806 0.069075 -0.90076 0.58902 1.4264 -0.025525 -1.2075 0.034136 -0.80859 -0.51055 0.53243 1.1435 -0.7194 -2.8112 -0.28505 0.37152 0.21519 -1.0299 0.85801 0.33183 1.7295 1.1346 0.46239 0.15661 -1.0755 0.59542 -2.3479 -0.076245 2.7164 -1.5435
1.3414 -0.17754 -1.3676 -1.6369 -1.3826 -0.071309 -0.34383 1.2428 -0.85925 -0.10593 -0.32875 -1.2664 0.5351 0.85801 0.36467 -1.5616 0.65857 -0.24852 0.014846 0.799 0.44203 0.75033 -3.2518 0.025143 1.6166 -0.45415 -1.4131 0.26268 0.51474 0.9728 1.2388 0.58249 -0.35973 -1.0307 0.72581 -0.1121 -0.13821 1.3564 -1.0016
1.8208 -0.17501 -1.7945 -1.0298 -1.1972 0.77558 0.19814 1.5868 0.033956 -1.0447 -0.070764 -0.22792 0.42166 0.40537 0.086177 -1.0488 0.83743 0.13385 0.45231 0.43415 0.37419 0.66049 -2.3789 -0.076046 2.0829 -0.49637 -1.0433 0.018684 0.61117 0.22869 0.92641 0.23508 -0.79192 -0.46236 0.66484 1.7794 -0.19279 -0.0052161 -0.36239
1.5028 -0.42656 -1.9171 -0.87337 -1.8886 -0.29376 0.93469 0.97274 -0.18345 -1.4083 0.13159 0.22558 0.36495 -0.043262 0.0018243 -0.80911 0.4878 0.53323 0.27309 -0.41159 0.33294 0.57388 -1.0277 -0.10564 1.0232 -0.44748 -0.76338 0.022504 0.85383 -0.17663 0.52361 -0.62794 -0.98331 -0.37314 -0.018675 2.4929 -0.63165 -1.0429 0.016079
1.851 -0.24944 -2.1263 -0.73411 -0.99311 0.053949 0.47937 1.088 0.54352 -2.2791 -0.17338 -0.37686 0.28635 -0.024322 0.18274 -0.43302 0.57265 0.631 -0.17198 -0.47795 0.22194 0.8119 -0.48373 -0.62273 0.63838 -0.45095 -0.52219 0.41957 0.6974 -0.30909 0.27571 -0.95892 -0.8854 -0.42102 0.084641 2.2298 -0.70903 -1.2976 0.021309
1.6046 -0.30534 -1.6477 -0.54729 -0.9162 0.73139 0.27096 1.6799 0.53612 -1.0826 -0.11412 0.93177 0.25156 -0.31695 0.35035 -0.25573 0.44259 0.54302 -0.92843 -0.75167 -0.27128 0.63695 0.64088 -0.98595 0.14525 -0.44771 -0.39213 0.56344 0.74674 -0.27489 -0.097234 -0.93251 -0.56982 -0.42937 -0.027924 1.7732 -0.41114 -0.95268 -0.018466
1.3762 0.021557 -2.3376 -1.2366 -0.37127 -0.12048 -0.7176 1.9666 0.31735 -1.2093 -0.24664 -0.10999 -0.0036102 -0.40687 0.68644 -0.010258 0.24973 0.68265 -0.86318 -1.2025 -0.2133 0.8151 1.1106 -1.0757 -0.20263 -0.45754 -0.41805 0.50665 0.80823 -0.36499 -0.34666 -0.52369 -0.46451 -0.4494 -0.23114 1.3933 0.32302 -0.91249 -0.059928
1.5565 -0.016643 -1.903 -0.3225 -0.9043 -0.15955 -0.56865 1.2165 0.57091 -1.0682 -1.4364 -0.20254 0.023247 -0.5634 0.79283 0.38889 0.10659 0.32932 -1.2448 -1.2112 -0.3565 0.51456 1.6025 -0.72072 -0.56173 -0.4782 -0.36599 0.2818 1.2164 -0.16433 -0.46794 0.29753 0.11326 -0.33339 -0.31716 0.79977 0.87329 -0.25876 -0.076171
1.3489 0.10369 -2.2076 -0.23225 -0.89574 -1.1279 -0.065945 0.5612 1.0598 -0.35785 -1.0805 0.2843 -0.081068 -0.65988 0.89843 0.77139 0.019818 0.07036 -1.061 -1.1949 -0.6844 0.37513 1.7169 -0.12252 -0.92971 -0.54552 -0.57728 -0.032298 1.351 -0.0071197 -0.21669 0.35306 0.24688 -0.28081 -0.4251 -0.14048 1.0442 0.24193 -0.13251
1.0911 0.5056 -1.7901 -0.71264 -0.49396 -0.94921 -1.0898 1.0297 1.3271 -0.49087 -1.0934 -0.27058 -0.15932 -0.8541 0.76193 1.6589 0.23351 -0.056297 -0.23712 -0.52171 -0.74203 0.17264 1.8541 0.27538 -0.049714 -0.54323 -0.77515 -0.32311 1.0193 0.51219 0.4627 1.0055 0.34565 -0.0050641 -0.29363 -0.79733 0.88709 0.7356 -0.17893
1.1474 0.64312 -1.3361 -0.70536 -0.39179 -1.0013 -1.518 1.2414 0.93836 0.22274 -0.75787 -0.91362 -0.29731 -1.3113 0.63364 1.9172 0.1731 0.46299 -0.66378 -1.0405 -0.61685 0.067909 0.65534 0.50747 0.026829 -0.66755 -0.87783 -0.55522 0.48348 1.0082 0.86214 1.4773 0.93662 0.13327 -0.53933 -1.0429 0.57578 0.77613 -0.20022
0.67682 0.76205 -0.89476 -0.71025 -0.88506 -0.55833 -1.6728 0.7905 0.71649 1.1776 -0.13038 -0.50923 -0.49933 -1.649 0.3146 1.7455 1.0437 1.0536 0.56251 -0.57987 -0.40981 0.034851 0.51434 0.72993 0.4748 -0.74456 -0.75994 -0.55869 -0.36986 1.0332 0.99876 1.4556 1.3776 0.20946 -0.57785 -1.2389 0.016348 0.22501 -0.12888
0.43135 0.72604 -0.17228 -0.2861 -0.66869 -0.37236 -0.65136 0.468 0.63779 0.77966 -0.62116 0.38963 -0.58646 -1.8613 0.078558 1.6351 1.6093 1.2198 1.4871 0.75016 -0.58069 -0.72158 0.2857 0.79066 0.40734 -0.81116 -0.19294 -0.36104 -0.88792 0.65987 0.59504 1.2903 1.6774 0.14164 -0.79131 -1.3179 -0.26317 0.03883 0.064458
-0.14673 0.64916 0.05556 0.11317 0.068528 -2.1311 -2.2917 0.06459 1.19 -1.0838 -0.96621 -0.1325 -0.75904 -1.9626 -0.010536 1.0787 1.5594 1.5378 1.5921 1.3999 -0.33092 -0.68168 -0.44697 0.15073 0.21021 -0.7073 0.31128 -0.093478 -0.92749 -0.19406 0.020123 0.34512 0.98182 0.198 -0.88677 -1.1277 -0.21146 -0.14473 0.23395
-0.67149 0.55654 -0.53505 1.4056 1.0784 0.59035 -0.83678 0.60214 1.309 0.87064 0.35979 0.78336 -0.95942 -1.5019 0.11482 0.54082 1.221 1.4012 1.396 1.3991 -0.36896 -1.2853 -1.5049 0.25266 0.22112 -0.56859 0.76597 0.092115 -0.59126 -0.65102 -0.55629 0.029332 0.39574 0.28075 -0.73081 -0.23328 0.0081827 -0.11541 0.38158
-0.90298 0.74065 0.44233 1.1861 0.82024 1.522 0.33714 0.4797 -0.7738 0.39571 0.13995 -0.64724 -1.1287 -1.2548 0.11411 0.50742 0.85502 1.0151 1.2955 1.104 -0.11047 -1.6016 -0.85802 0.55836 0.24716 -0.43837 1.0765 0.12308 0.0073788 -0.75524 -1.1035 -0.58643 -0.41561 0.32632 -0.39322 0.22641 0.34237 0.18733 0.36748
-1.1022 0.68883 -0.070158 0.93655 1.1811 0.51097 0.32372 0.70881 0.1047 -0.1768 -0.92655 -0.4972 -1.0592 -0.81047 0.18003 0.77706 0.67508 0.40228 1.6923 1.709 -0.11263 -1.8421 -0.020448 0.58739 0.12925 -0.24823 1.013 0.0088252 0.14847 -0.6418 -1.2287 -0.99249 -0.99681 0.58556 0.91471 0.73334 0.41522 0.70835 0.31403
-0.8581 0.96312 -0.067287 0.83772 0.63126 0.45909 -0.081013 -0.2831 -1.2763 -1.6696 0.25985 0.73272 -1.111 -0.33619 0.17841 0.95916 0.33985 -0.11536 0.27137 0.39815 0.21452 -1.2524 -0.79841 0.65506 0.62777 -0.19587 0.95 -0.018358 0.19299 -0.63228 -0.83994 -1.0714 -1.0139 0.68038 1.6039 0.50067 0.27608 0.87026 0.24482
-1.2983 0.67808 0.71628 1.2976 1.0964 0.54816 -0.050273 0.43084 -1.0525 -0.18754 0.19589 0.77492 -1.1285 -0.10504 0.091122 0.58275 0.21036 -0.43183 -0.07521 -0.28224 0.68442 0.52447 -0.14873 1.0223 1.4888 -0.11595 0.64215 -0.1227 -0.0093285 -0.6381 -0.19789 -0.9453 -0.60346 0.659 1.9565 0.53819 -0.4667 0.49736 0.17755
-1.2607 0.82132 0.86013 1.8133 0.98353 1.674 1.1306 0.19514 -1.3616 0.26673 0.3705 -0.30556 -1.1116 0.1335 0.11631 0.95733 -0.162 -0.20325 0.038457 0.030376 0.90522 0.6927 0.1353 0.87945 1.363 -0.057151 0.42281 -0.060867 -0.45793 -0.62381 0.26287 -0.22931 0.27731 -0.090124 1.2641 0.49755 -1.1014 -0.2416 0.17339
-0.99799 0.83069 0.73578 1.6369 0.75484 1.0285 -0.34918 1.3317 -0.83992 -0.62825 1.2433 1.4865 -1.3106 0.13318 -0.025776 0.74467 -0.33487 0.070627 -0.080274 0.66228 0.9115 1.4268 0.51555 -0.47796 0.77971 0.0067805 0.21278 -0.012708 -0.57199 -0.43622 0.36529 -0.37933 0.24531 -0.66406 -0.039394 -0.14966 -1.2154 -0.75886 0.12515
-1.0365 0.85626 0.69925 0.8771 0.06734 0.62368 -0.23943 1.3362 1.077 -0.24688 0.84909 1.5858 -1.1764 0.3224 0.11533 -0.01109 -0.62016 0.16192 -0.18561 0.49482 -0.096472 1.0378 -0.20749 -0.82258 0.4596 0.059519 -0.11894 0.034385 -0.71248 0.16387 0.21464 -0.32031 0.003332 -1.0916 -1.1028 0.14142 -0.62132 -1.0791 0.048359
-0.83572 0.9187 1.2204 0.45581 1.24 0.32239 0.60295 1.2225 0.04757 -0.71235 0.22018 1.6353 -1.062 0.19442 0.059903 -0.039964 -0.42224 0.11506 -0.72222 -0.010918 -0.21269 0.26936 -0.32486 -0.58342 0.33924 0.054267 -0.29883 0.063496 -0.27499 0.58156 0.056815 0.25617 -0.31964 -1.077 -2.0213 0.33414 0.51938 -1.0568 -0.078858
-0.99418 0.7378 1.0583 0.98685 0.99569 0.80109 1.4195 0.71544 0.46174 -0.12726 -0.91472 1.2109 -1.1229 -0.10935 0.1296 -0.025345 0.20663 0.2084 -0.28176 0.37612 -0.82501 -1.115 0.77943 -0.33151 -0.68574 0.0072704 -0.30702 0.0084205 0.20089 0.58288 -0.38906 0.4896 -0.54539 -0.37667 -1.3663 0.74894 0.94372 -0.85254 -0.15805
-0.92934 0.91211 0.4088 0.88647 1.2766 0.99403 0.54664 -0.083725 -0.18125 -0.31165 -0.33821 0.70712 -1.0958 -0.19188 0.077507 0.21159 0.40263 0.17157 0.47761 0.070901 -0.98602 -1.8731 0.62435 0.30368 -0.87011 -0.11152 -0.017444 0.11941 0.4624 0.18773 -0.50839 0.35512 -0.5705 0.18803 -0.26289 0.22456 0.94632 -0.27623 -0.10929
-0.9591 0.91172 0.89027 1.3594 0.57608 0.18226 -0.037443 0.8982 -0.99435 -0.63214 0.78958 1.0726 -1.1742 -0.040349 0.11422 0.23097 0.1209 -0.61703 0.19035 -0.65808 -0.50662 -0.84811 0.73449 0.61326 -0.73231 -0.14679 0.30357 0.039768 0.4652 -0.23764 -0.37331 -0.1773 -0.46001 0.79896 1.0944 -0.20713 0.59668 0.3606 0.01492
-1.2247 1.03 0.83829 1.6466 0.85292 0.53318 0.37786 0.32939 -1.9907 1.0403 0.78177 0.66409 -1.289 0.13316 0.28228 0.69871 -0.0072543 -0.45708 -0.25091 -0.65709 0.012481 -0.43082 0.084742 0.82881 -0.23241 -0.068761 0.29072 -0.029462 0.17933 -0.13647 0.069793 -0.4465 0.084749 0.65595 1.6464 -0.12165 -0.35214 0.57534 0.13004
-1.1495 0.86185 1.4151 0.86782 0.83596 1.6579 0.56041 -0.19615 -1.4442 -0.0097343 0.57047 0.40833 -1.2152 0.28795 0.09337 0.60326 -0.057442 -0.19707 -0.27317 -0.19742 0.33798 0.53759 0.5889 0.58835 -0.27169 0.01292 0.075509 -0.13684 -0.12615 0.21598 0.65048 -0.33296 0.35583 0.15204 1.2513 -0.50186 -0.82561 0.67947 0.12659
-0.71109 1.0024 1.2809 0.56677 0.17207 0.29292 -0.22518 0.62958 -0.067944 0.21468 0.17915 0.61041 -1.2083 0.1803 0.024975 0.35212 0.22284 0.11125 -0.18378 0.016062 -0.045211 1.0035 0.40461 -0.40696 0.080236 0.046125 -0.21486 -0.27989 -0.728 0.40998 0.59963 -0.21087 0.30802 -0.23552 0.39199 -0.65787 -0.87251 0.34058 0.010947
-0.82926 1.2107 1.6234 1.3651 0.67176 0.27325 0.27985 0.62876 -0.48577 -0.52003 0.59438 0.99918 -1.1626 0.079164 -0.020349 0.14805 0.43384 0.38787 -0.50966 -0.26531 -0.16869 1.1483 -0.46439 -0.44282 0.50915 0.026964 -0.44465 -0.32205 -0.86984 0.2581 0.41936 0.11877 0.27486 -0.48929 -0.78423 -1.2284 -0.49909 -0.068738 -0.084556
-0.6508 0.8891 0.91443 1.1327 1.0221 0.46511 0.10349 0.70153 0.061825 1.0557 1.2622 0.19172 -1.1082 -0.14995 -0.19088 -0.4783 0.5587 0.43973 -0.55536 0.0085151 -0.23575 0.11579 -0.73383 -0.42376 0.068335 -0.056018 -0.36318 -0.3689 -0.80085 -0.25883 0.002355 0.32928 0.27718 -0.3075 -1.2579 -1.16 -0.073863 -0.60715 -0.11889
-1.1134 0.92997 1.4395 2.0469 0.7597 0.32145 0.28114 0.27839 -0.37897 0.32859 -0.38653 1.3663 -1.2289 -0.35431 -0.40736 -0.6568 0.28591 0.47424 0.14809 0.37028 -0.59914 -0.7147 -1.3072 -0.42146 -0.42803 -0.090849 -0.18078 -0.23712 -0.44497 -0.57944 -0.34786 0.47729 0.36544 -0.10762 -1.1719 -0.91747 -0.040394 -0.76803 -0.080329
-1.1228 0.97912 1.2297 1.6498 1.4536 0.34063 -0.12916 -0.36627 -0.10528 -0.39059 0.13464 1.2645 -1.2652 -0.26149 -0.47756 -0.78909 -0.21411 0.085387 0.14312 0.26693 -0.48213 -0.78735 -1.505 -0.58187 -0.7361 -0.11258 0.020002 -0.047351 -0.010208 -0.60156 -0.43154 0.31132 0.16431 0.059729 -0.53798 -0.74336 -0.020311 -0.4311 -0.019753
-1.0625 0.61234 0.61767 1.1729 0.89638 0.49159 0.52132 0.088784 -1.2097 -1.3493 0.043568 -1.665e-05 -1.2602 -0.19029 -0.32726 -0.56111 -0.32464 -0.1048 0.092398 0.35447 -0.27955 -0.93616 -1.9336 -0.46078 -0.70901 -0.09187 0.10644 0.087541 0.118 -0.33717 -0.35004 -0.039762 0.012541 0.20549 -0.13785 -0.40092 0.018482 -0.11916 0.0052404
