39 270
-0.62457 0.49932 0.21835 1.1874 0.56622 -0.67679 0.52874 -0.0065349 -0.04326 2.1698 0.16139 -0.42947 -0.9321 -0.17561 0.28423 0.067623 -0.38551 0.48433 0.77869 -0.83844 -0.63925 -0.1031 -1.3946 -0.2415 0.83044 -0.078319 0.013953 -0.014968 0.16925 0.079629 -0.27886 -0.11143 0.11678 0.81167 -0.27458 0.35681 0.16456 -0.061881 0.049204
-0.6443 0.70175 0.47622 0.86305 0.79531 0.3078 -0.15282 -0.79218 -0.74094 -0.085092 -0.92385 0.20521 -1.0011 -0.20882 0.30118 0.2267 -0.34225 -0.098553 0.91295 -0.99506 -0.008087 -0.69499 -1.2898 -0.016273 1.082 -0.021139 0.046829 -0.11886 0.068927 0.13906 -0.45814 -0.30223 0.4333 1.4964 0.1386 0.42341 0.070009 -0.30538 0.080176
-0.53396 0.96558 0.2557 0.50087 1.1712 0.25846 -0.10396 -0.16301 -0.55461 -0.12633 0.17663 1.2968 -0.9617 -0.1284 0.24343 0.30744 -0.24021 0.20402 0.50639 -0.53861 0.67759 -0.34156 -0.7341 -0.016926 0.58218 -0.01266 0.095251 -0.2038 -0.14365 0.34151 -0.66754 -0.57451 0.952 1.7229 0.91083 0.47814 -0.043186 -1.0843 0.095437
-1.0334 0.69711 0.238 0.89111 1.0518 0.23285 -0.6316 -0.92247 0.35781 1.5538 0.017546 -0.074878 -1.0486 -0.10987 0.080077 0.082434 -0.17271 -0.30196 0.34028 -0.17642 1.7007 0.31317 -0.88021 -0.20602 0.33252 0.041813 0.019918 -0.22999 -0.20037 0.37758 -0.46024 -0.75468 1.0624 0.91811 1.0705 0.38913 0.18721 -1.1381 0.048149
-0.80346 0.82209 0.62537 0.84749 -0.18068 0.57783 -0.62943 0.66094 -1.5152 0.65925 0.20035 0.99354 -0.88928 -0.049234 0.01307 -0.11673 0.2189 -0.75471 -0.03668 0.53169 1.9565 1.2438 -0.64651 -0.22562 -1.0151 0.072096 0.0035224 -0.12907 -0.13321 0.27634 -0.23539 -0.41842 0.83076 0.059839 0.6786 0.1472 0.67234 -0.22819 0.018223
-0.63642 0.78007 0.61229 0.86432 1.3732 -0.25856 0.28921 0.99456 -0.085123 1.0668 -0.23152 -0.078826 -0.97255 -0.20714 -0.013809 0.077901 0.18931 -0.54979 -0.26603 0.4552 1.1972 0.68462 -0.55674 0.47063 -0.45002 0.028731 -0.13469 -0.015722 0.047298 0.16711 0.55751 -0.21112 0.46681 -1.2566 0.32518 0.69089 0.87144 0.28436 -0.10173
-0.76383 0.66216 0.16303 0.68015 -0.0040871 0.43865 0.0087461 2.0162 0.51314 -0.71891 -0.73362 0.55298 -0.89392 -0.067798 0.046916 0.072419 0.13799 -0.15782 0.01004 0.69889 1.062 0.85639 -0.59749 0.99913 0.50976 0.0294 -0.093229 -0.047449 0.11105 -0.11368 0.68271 0.1692 0.018753 -2.0299 -0.4332 1.1397 0.62237 0.79804 -0.12963
-0.72624 0.9094 0.19366 1.2288 -0.085797 0.32132 0.57161 1.1261 1.2592 -0.91439 -0.69814 -1.3797 -0.92964 -0.33555 0.029425 0.082773 0.20914 0.48257 -0.081232 0.61441 -0.34553 1.1794 0.46899 0.93485 0.15799 -0.12871 0.1236 -0.049529 -0.11269 -0.29129 0.57498 0.41187 0.13248 -1.7601 -0.72763 1.7538 -0.16459 0.17228 -0.15144
-1.1698 0.85655 0.58938 0.74234 0.73045 -0.31632 -0.1751 0.48152 -0.40352 0.77323 1.8722 1.3946 -0.98434 -0.14591 -0.10098 0.09308 -0.0095741 0.05979 0.20906 0.49077 -1.308 0.14283 1.102 0.79657 0.32272 -0.093954 0.20455 -0.1207 -0.57434 -0.51431 0.032349 0.11939 -0.20243 -1.057 -1.0085 1.0873 -1.1291 0.31923 -0.10474
-0.8991 0.73184 0.54114 1.1369 0.58844 0.71388 0.4337 1.3397 0.94571 0.85061 1.0065 1.1482 -0.94308 0.058405 -0.036142 -0.13195 -0.30968 0.45895 0.44242 0.81008 -1.1156 -0.40468 2.0696 0.24972 0.0014389 -0.19571 0.31025 -0.15006 -0.90497 -0.50025 -0.38356 -0.074793 -0.11007 0.09652 -0.42561 -0.87373 -2.111 -0.042273 0.10765
-1.1671 0.85523 0.68995 1.0998 1.0593 0.047681 0.61807 0.25914 0.53652 1.1733 0.32776 0.22769 -1.139 0.10635 -0.14825 -0.86934 -0.62012 -0.10205 -0.010072 0.22718 -0.64809 -0.36286 0.75996 -0.91264 1.2475 -0.13467 0.2457 -0.12045 -1.1137 -0.61414 -0.33838 -0.42911 -0.26483 0.50169 0.33651 -1.9847 -1.7756 -0.3287 0.39265
-0.6057 0.51516 0.32402 0.58559 0.54037 0.41114 0.94838 -0.55091 0.3311 1.3634 0.041696 -0.032772 -0.99528 0.098272 -0.22921 -1.0936 -0.47505 -0.21542 -0.1059 0.5446 -0.46966 0.59389 -1.0809 -2.432 -0.38663 0.096692 0.35406 -0.15229 -0.85981 -0.49244 -0.48345 -0.51547 -0.5583 0.64775 0.51038 -2.1114 -0.89979 -0.54005 0.6411
-0.73323 0.85989 -0.20586 0.29562 0.38242 1.3387 1.1921 0.9551 0.033371 1.7307 -0.24002 0.054476 -1.193 0.27879 -0.23193 -1.4678 -1.1435 -0.29254 -0.33697 0.13323 -0.61692 0.33884 -1.2411 -1.4121 -0.15315 0.50515 0.5996 -0.61649 -0.69061 -0.19924 0.050349 -0.48675 -0.28371 1.0535 0.12348 -0.8124 0.51026 -0.8892 0.92702
-0.90758 0.68932 -0.85246 0.32872 -0.066412 -0.64954 -0.052988 0.14046 0.47263 -0.26848 -0.78564 2.4829 -1.0453 0.6104 -0.2807 -1.4072 -1.0219 -0.42234 -0.38153 -0.18062 0.17427 0.28964 -1.0988 -1.2956 -0.40178 0.70068 0.96815 -1.3236 -0.50687 -0.051388 0.50928 -0.64783 0.10721 1.206 -0.59363 -0.032138 1.1235 -0.6958 1.3023
-1.1174 0.43111 -0.25745 0.48876 0.93315 -0.028434 1.092 0.11262 1.3234 -0.93103 -1.5533 -0.22583 -0.70695 0.92717 -1.2678 -1.9757 -0.73589 0.080987 -0.80405 0.064297 1.1448 0.055858 -0.83079 -0.45115 -0.56483 1.3216 1.1154 -1.6948 0.037637 0.33537 0.78001 -0.20271 1.0045 1.5145 -0.70035 0.042262 0.63756 -1.4249 1.4567
-0.28007 0.49885 -1.2202 -0.91079 0.25829 0.39141 0.71007 -0.029731 1.0995 0.20932 -0.26452 0.30422 -0.20509 1.5094 -2.1649 -1.7646 -0.77319 0.58538 -1.116 0.78275 1.0684 -0.44105 -1.3425 -0.65417 -1.6039 2.1581 0.86957 -1.4997 0.43135 0.3551 0.56038 0.082729 1.0103 1.1652 -0.81095 -0.111 0.52684 -0.97401 1.2518
-0.043012 0.45368 -0.93331 -0.23839 0.18298 -0.31361 0.40094 0.569 0.21984 0.52932 -1.6017 -0.72314 -0.42684 1.8276 -2.4303 -1.212 -0.59091 0.7268 -0.35162 1.5289 1.9704 -0.68701 -1.0285 -0.44807 -2.4711 2.5389 0.25697 -0.51674 1.1432 0.52134 0.092177 0.48405 0.40707 0.591 -0.3656 -0.39201 0.11374 -0.56282 0.47761
0.57001 -1.6828 -2.8178 -0.28327 0.7091 -0.64462 1.3333 2.1185 0.1484 0.246 -0.13256 0.056602 0.85857 1.7194 -2.4788 -0.98733 -0.37811 0.34342 -0.43701 0.97528 2.099 -0.95268 -1.2123 -0.23418 -1.4425 2.466 -0.30815 0.81926 1.1579 0.59206 -0.4044 0.41379 -0.6742 -0.13926 0.14469 0.014232 0.54192 0.35248 -0.51688
0.93018 -1.8952 -2.0191 -0.77464 1.2864 -1.1035 2.1391 1.6838 -0.2417 -1.892 -1.9674 -1.4564 1.7645 1.2869 -2.0715 -0.25257 0.11436 0.3643 -0.19583 0.73102 1.8218 -0.4059 -1.664 -0.42578 -1.7958 2.0741 -0.49118 2.1244 1.097 0.55678 -0.98218 -0.3131 -1.8633 -1.3303 0.17693 0.78961 0.797 0.97204 -1.5429
1.0854 -1.8931 -1.4448 -0.35516 1.0067 -0.34824 2.2698 2.4154 0.47423 -1.7985 -1.4558 -1.6937 2.0353 1.2349 -0.83309 -0.10554 0.063013 -0.053501 -0.3822 -0.072197 0.87829 -0.27232 -0.98934 0.42781 -1.2139 1.4117 -0.29845 2.5891 0.55305 0.4336 -1.3172 -0.84322 -2.1866 -1.7102 -0.14916 2.1642 1.3188 1.3109 -2.1188
1.0734 -2.1491 -1.6185 -0.54864 0.74471 -0.2309 1.5233 2.4116 -0.00454 -1.3153 -1.1182 -1.6114 2.0058 1.198 0.67279 0.37391 0.307 -1.038 -0.97462 -1.4193 -0.05954 -0.65303 0.42902 0.82506 -0.58666 0.14216 -0.1057 2.1271 -0.075524 0.050354 -1.3361 -1.2924 -2.0987 -1.673 -0.69096 2.5817 1.3073 1.9267 -2.0227
1.3666 -1.838 -1.6986 -0.43515 0.50545 -0.16188 1.1804 2.3783 0.35286 -1.3221 -1.0041 -2.2093 1.9326 1.2363 0.93478 -0.27489 0.3984 -1.5816 -1.6695 -2.0245 -0.35841 -1.1111 2.029 1.7899 0.64691 -0.58362 -0.26233 1.0103 -0.098348 -0.13231 -0.73278 -1.1063 -1.0807 -1.239 -0.64254 1.7712 0.60629 1.6754 -1.3495
1.8371 -1.02 -2.0113 -0.081336 0.36951 -1.758 0.5295 1.9651 -0.51175 -0.69689 -0.48099 -1.6522 1.6017 1.103 0.97544 -0.29901 0.055225 -1.5351 -2.0437 -2.2037 -0.88395 -1.3588 1.9403 1.5195 1.2313 -0.76162 -0.62739 -0.13236 0.088512 -0.34539 0.032167 -0.22765 0.1952 -0.91848 -0.072933 0.4168 0.12486 0.89226 -0.36877
2.257 -0.93039 -2.0263 -0.047374 -0.64681 -2.4764 -0.27592 1.8432 -0.92089 0.076973 0.33103 -0.84113 1.2836 0.81939 0.88021 0.057797 -0.066813 -1.2748 -1.979 -1.6921 -1.1678 -1.1943 1.7656 1.3027 1.319 -0.69361 -1.0384 -0.69787 0.67438 -0.44799 0.46248 1.0145 0.98274 -0.55647 0.62156 -0.6045 -0.54312 -0.10266 0.24597
2.3564 -1.0344 -2.0204 -0.26177 -0.72715 -2.9938 -0.16603 1.5046 -1.3631 0.67095 0.13427 -0.67197 1.2289 0.29131 0.45054 0.37833 -0.14105 -1.1478 -1.2501 -1.2177 -1.4737 -0.74009 1.3923 1.3263 0.91239 -0.50093 -1.3193 -1.0326 0.4277 -0.29987 0.7968 1.9549 1.4626 0.083877 0.9579 -1.236 -0.50358 -0.84106 0.62664
2.1292 -0.97827 -1.6333 -0.56178 -0.77447 -2.4209 -0.83331 1.4174 -0.91925 0.2511 0.23689 -0.23389 1.2417 -0.2073 -0.098612 0.63539 -0.38873 -0.88027 -0.091807 -0.68076 -1.1603 -0.15159 1.1145 0.80599 0.60021 -0.24671 -1.4194 -1.1718 0.012643 -0.092631 1.4235 2.5107 1.8824 0.57065 0.69524 -1.8527 -0.81904 -1.3382 0.86014
2.022 -0.94765 -1.5471 -0.56044 -0.65281 -2.8489 -0.52839 0.84596 -1.2622 0.66706 0.3951 -0.53237 1.1991 -0.73491 -0.45021 0.20717 -0.37368 -0.17597 0.80805 0.022482 -0.70709 0.065562 -0.17162 0.76653 -0.13041 0.20381 -1.1224 -0.98625 -0.35737 0.20415 2.0751 2.4246 2.3885 0.62803 -0.084389 -1.9887 -1.4462 -1.4654 0.90604
1.8625 -0.96105 -1.4185 -0.26503 -1.1283 -2.2981 -0.54502 0.28273 -0.61404 0.44343 1.0356 -1.2726 1.2093 -1.1976 -0.84217 0.17452 -0.12708 1.0357 1.8633 1.2028 -0.39948 -0.17995 -1.1097 -0.050674 -0.90068 0.58554 -0.66289 -0.63253 -0.52988 0.53618 2.2969 2.0615 2.4193 0.47116 -0.79394 -1.5031 -1.777 -1.3259 0.72861
1.7934 -1.2191 -1.3656 -0.70591 -1.1475 -2.0832 -0.64407 0.8805 -1.0209 1.2317 0.52995 -0.16807 1.1646 -1.213 -1.0071 -0.041044 0.14339 1.9797 2.477 2.2994 -0.58804 -0.87759 -1.4217 -1.1349 -1.3393 0.80147 -0.13461 -0.21981 -0.4126 0.55381 1.9488 1.2127 1.9702 -0.09112 -1.0248 -0.4265 -1.9424 -0.83794 0.33066
1.2504 -1.7078 -2.1389 -0.68612 -0.62784 -1.1949 -0.030484 1.217 -1.0805 -0.78815 1.2909 -1.0918 1.7431 -1.1468 -0.99513 -0.2078 0.43013 2.5663 3.0754 2.6972 -0.26663 -1.2595 -1.2263 -1.7955 -1.5112 0.83664 0.31188 0.23669 -0.36194 0.45004 0.85225 0.099564 0.78236 -0.9277 -0.61275 0.12061 -1.2883 -0.34121 -0.11268
0.6246 -2.1374 -1.4104 -0.42023 1.4278 0.31104 1.8719 0.8334 -1.6646 -1.1471 -0.73294 -2.0681 2.0765 -0.9951 -0.78507 -0.35313 0.46026 2.8943 2.5604 2.954 -0.94199 -1.4387 -0.94975 -2.2446 -1.5399 0.70606 0.55023 0.52958 -0.04094 0.12282 -0.71561 -1.0084 -0.91552 -1.4896 -0.031354 0.66499 -0.46969 0.52096 -0.52776
0.84017 -1.9464 -1.5602 -0.20577 1.6814 0.90586 2.2633 -0.063356 -2.2416 -1.082 -1.3512 -2.0198 2.0816 -0.74368 -0.51988 -0.32767 0.62009 2.2445 2.0249 2.3385 -2.0598 -1.1143 -1.1 -2.0691 -1.496 0.42063 0.7182 0.58634 0.067554 -0.33486 -2.1652 -1.9266 -2.4534 -1.598 0.65484 0.75521 0.76575 1.5065 -0.71311
0.80053 -1.9709 -1.8302 0.24891 1.8199 1.4065 2.4756 0.56995 -2.4847 -0.081127 -1.1488 -2.5042 1.9868 -0.42592 -0.26952 -0.048582 0.30148 0.70471 1.0606 0.77474 -2.6496 -0.99516 -0.16238 -1.9315 -0.27356 0.0099885 0.44981 0.43327 0.27797 -0.79519 -2.3721 -1.7523 -3.0694 -0.28776 1.4925 0.51928 1.6982 2.0627 -0.60911
0.67132 -1.9459 -1.9701 -0.050871 1.9957 0.66967 2.872 -0.9828 -2.1372 -0.58277 -1.405 -2.5683 1.9601 -0.14265 -0.17269 -0.22788 -0.15013 -0.64283 0.10599 -0.78571 -2.5873 -0.14541 -0.11901 -0.41054 0.95095 -0.16617 0.075284 0.29209 0.50674 -1.2659 -1.7266 -1.1689 -2.683 1.3812 2.2869 0.40643 2.1197 2.2498 -0.36141
0.63259 -2.1503 -1.9583 0.012303 1.5219 1.061 2.1713 -1.7435 -2.2701 -1.5635 -1.6291 -2.1104 1.8899 -0.48632 -0.16166 0.1164 -0.73227 -0.37522 0.13788 -1.2055 -1.2389 1.0984 -0.40596 0.33558 1.4731 -0.15425 -0.061778 0.23518 0.34939 -1.3517 -1.0664 -0.50441 -1.9522 3.0542 2.5652 0.1673 2.1733 1.6221 -0.129
0.44704 -2.2323 -1.7272 -0.3669 0.61862 0.89917 1.1908 -2.1394 -2.6966 -1.0854 -1.9176 -1.4364 1.9256 -0.57331 -0.038026 0.53029 -1.3793 -0.65167 0.23375 -1.6722 0.0035112 2.4589 -0.16711 1.0511 2.251 -0.18139 0.25108 0.47511 0.54952 -1.1624 -0.78793 -0.2931 -1.3157 3.8611 2.0594 0.1531 1.6404 0.82727 -0.14837
0.65344 -2.226 -1.687 -0.57481 0.90598 0.73147 0.99131 -2.2653 -1.6912 -0.97155 -1.0236 -0.62321 1.8776 -0.31529 0.09363 0.22322 -1.7713 -1.4207 0.030735 -2.4197 2.1608 2.8828 0.19978 1.6988 2.409 -0.22596 0.53617 1.3091 0.95561 -0.15344 -0.74568 -0.53924 -0.71381 3.1569 1.0575 0.081954 0.81746 -0.031036 -0.73241
0.038141 -1.9978 -1.5136 -1.1813 1.9649 1.6541 1.2229 -0.29247 -0.31515 -1.2215 -0.62265 -0.6111 1.8546 0.22608 0.57407 0.7379 -1.9406 -1.699 -0.39732 -2.6291 3.4282 3.1247 -0.11187 2.2015 2.1848 -0.41059 0.098085 1.8706 1.3364 1.5455 -0.11773 -0.74645 0.21166 1.4214 -0.51487 0.21922 -0.22592 -0.90594 -1.417
0.067326 -1.9804 -1.216 -1.8647 0.69802 1.4572 0.38464 0.31202 1.1408 -0.27068 0.17817 0.33665 1.6955 0.077563 1.9497 1.7791 -0.7495 -1.3469 -0.58 -2.0548 3.3594 2.9117 -0.26429 1.4055 1.4471 -1.4271 -0.55658 1.9268 1.3826 2.8419 0.5997 -0.53747 1.2871 -1.1859 -1.8849 0.60706 -1.1268 -1.0475 -1.803
0.55082 -1.943 -2.1102 -2.459 -0.81727 0.2801 -1.122 1.4578 0.68962 -1.076 0.28453 0.49179 1.6583 -0.58882 2.4902 2.2197 1.1999 -0.94154 -0.89545 -1.4562 2.2529 1.4265 0.50572 0.75273 0.8778 -2.266 -1.0874 0.73324 0.62098 3.0311 1.0245 0.14649 2.1267 -2.7324 -2.3202 1.0996 -1.3251 -0.90926 -1.2188
1.2052 -1.2685 -0.45667 -2.4688 -0.93174 0.365 -1.7047 2.01 0.91452 -2.1098 0.81824 0.78916 1.304 -0.89652 2.6959 2.0346 2.3339 -0.63298 -0.75019 -0.60172 0.39612 -0.04296 1.0989 0.17341 0.91781 -2.7152 -0.72407 -1.1615 -0.14119 1.6671 0.88023 0.64337 2.192 -3.3209 -1.7659 0.9525 -0.88289 -0.74784 0.46807
0.058431 1.0229 1.0319 -0.34649 0.0079293 0.31094 -0.62804 1.2974 1.1846 -0.98947 -0.69955 0.24071 -0.48725 -1.2239 1.553 1.7609 2.5706 -0.049131 -0.018053 0.61505 -0.52744 -0.048834 1.3886 0.17048 0.58838 -2.076 0.059929 -2.4031 -0.81826 -0.44798 0.35587 0.86123 1.5835 -2.7881 -1.0357 0.013496 -0.42507 -1.0637 2
-0.91869 0.51723 0.5798 1.7188 0.81597 -0.031355 -0.20221 0.72317 0.31994 0.42828 0.27698 0.47255 -0.97162 -0.89279 0.26462 1.7566 1.8978 -0.071619 0.23745 1.0021 -1.8616 0.11397 1.1854 -0.064507 0.061924 -0.63381 0.70112 -2.8526 -1.2121 -2.2809 -0.22665 0.84543 0.72821 -1.085 -0.42452 -1.1734 0.20192 -1.4854 2.7832
-0.93356 0.75476 0.10732 0.88554 0.30153 0.95085 0.14393 0.31569 0.016889 0.42373 -0.038779 1.2788 -1.0927 -0.47794 -0.74511 0.86065 0.53276 -0.53817 0.28865 0.69931 -2.1666 -0.71792 0.49635 0.027675 -0.87223 0.48559 1.3157 -2.0402 -1.7071 -2.8585 -0.47404 0.80625 0.12838 0.76973 -0.29767 -1.5571 0.22686 -1.5608 2.2781
-0.68149 -1.2568 0.30587 0.19388 -0.75133 1.1552 0.32375 0.4482 1.7253 0.60893 0.89008 1.1362 0.12766 -0.011256 -1.4376 0.26184 -1.1877 -0.85692 0.7438 0.71817 -0.93523 -0.54454 -0.76874 0.65683 -1.3951 1.2811 1.4668 -1.0953 -2.2921 -2.0974 -0.1043 0.54409 0.093351 2.1039 -0.19959 -1.2484 0.29219 -1.363 1.2871
0.35351 -1.3245 1.0271 -0.45064 -1.2021 0.14579 -0.62412 -0.94804 0.80698 -1.0448 -0.13046 0.049358 1.3725 0.69163 -1.3753 -0.62565 -1.5791 -0.6144 1.3003 1.0002 0.55813 -0.30045 -0.70685 0.27179 -1.8809 1.2861 1.3031 -0.034813 -2.2055 -0.77073 0.78 0.16399 0.47577 2.0339 -0.22098 -0.25736 0.057765 -0.51799 0.39215
-0.028762 -0.59766 1.2742 -0.71971 -0.71923 0.80414 -0.41942 -0.79757 -0.72383 -1.2107 0.26919 -1.0925 0.66789 1.1487 -1.4514 -1.7107 -1.2209 -0.2599 0.79558 1.0295 0.98614 -0.47826 -0.67503 0.4063 -2.2257 1.4068 0.77572 0.33657 -2.1633 0.34607 1.1318 -0.50928 0.64286 1.1872 -0.55184 0.79124 0.079025 0.60017 -0.13012
-0.99098 -0.41319 0.76166 -0.91396 -0.233 1.8027 1.2761 0.84689 0.54772 -1.041 0.61001 -1.1704 0.16141 1.2759 -0.80727 -2.2041 -0.97952 0.6865 0.59081 1.4348 0.94316 -1.1776 -0.052354 0.27618 -1.5152 1.1671 0.53289 0.13307 -1.4698 0.68247 0.57857 -1.4313 0.24432 0.27424 -0.39689 0.84245 0.28852 1.8496 -0.014932
0.27716 -1.6715 -1.3651 -0.28225 -0.1102 2.589 1.3942 1.9434 0.20905 0.50269 0.5669 -1.0162 0.58579 1.0881 -1.1035 -2.9222 -0.7892 0.71182 0.12312 1.7037 1.2537 -1.1983 0.4762 0.82046 -0.3421 1.0949 0.59331 0.36288 0.084488 0.69983 -0.31313 -2.0186 -0.81912 -0.43398 0.025741 0.31565 -0.092068 2.5412 -0.17666
1.1624 -2.1726 -1.9365 -1.3547 -0.99898 1.3432 0.96271 0.75233 0.17949 -0.95102 0.71024 -1.4539 1.8208 1.6796 -1.3076 -2.717 -0.4258 0.024391 -1.1239 1.1225 0.9847 -0.72097 0.39101 0.65021 0.97647 1.4147 0.050422 1.1739 1.7107 0.90522 -1.2348 -2.3472 -1.8167 -1.0872 0.79275 -0.52905 -0.41801 2.1484 -0.88852
1.2181 -1.9435 -1.0218 -1.5268 0.28711 1.1875 1.6898 0.34508 -0.52296 -0.21084 0.7545 -0.99869 2.1913 2.0125 -0.53444 -1.2909 -0.094009 -0.5684 -2.2446 -0.33857 0.11297 -0.63665 -0.26519 0.042361 1.7467 0.94903 -1.0674 2.4725 2.8708 1.4469 -0.88038 -1.505 -1.9992 -1.004 1.1455 -0.085994 -0.5472 1.1854 -2.1815
0.9707 -2.0442 -2.0896 -1.5218 -0.18926 0.38398 1.6749 0.89891 -1.6019 -0.85949 1.1087 -0.61545 1.9943 0.90951 1.0755 0.13646 0.48622 -1.1364 -2.759 -0.92906 -0.64196 0.15495 -0.72088 -0.16465 1.8528 -0.44335 -2.4602 2.8094 2.7297 1.659 0.094646 0.11186 -1.3877 -0.44408 1.425 0.83663 -0.17579 0.37225 -2.997
1.6959 -2.0318 -2.0966 -0.85098 -0.85205 -0.33518 1.58 1.7293 -0.47458 -0.38416 1.135 0.54927 1.7419 -0.428 2.275 0.94222 1.6484 -0.46965 -1.9624 -0.99587 0.077469 0.6869 0.86925 0.13921 1.6562 -2.1106 -3.0987 2.0417 2.0025 1.4321 1.1533 1.6611 -0.23187 -0.0072977 1.5006 1.4727 -0.0070932 -0.46798 -2.5428
2.1372 -1.2793 -1.1488 -0.6957 -1.1865 -1.0801 0.16932 1.1922 0.34076 -1.0965 0.1621 1.1096 1.2312 -1.4897 2.481 1.1978 2.0195 0.14223 -1.0378 -1.1337 0.1299 1.503 1.4858 0.25716 1.7899 -2.7358 -2.705 0.58239 0.98203 0.54001 1.8995 2.2855 0.41644 -0.22869 0.26298 0.91813 0.034895 -1.0717 -1.1363
1.2778 -0.076684 -1.2708 0.12149 -1.94 -1.6333 -0.042485 -0.098968 0.43734 -0.87951 0.46142 0.58041 0.23827 -2.3181 2.5357 1.8715 2.0034 1.054 0.12129 -0.66506 -0.27422 1.7271 1.5516 -0.17523 0.82243 -2.7241 -1.6102 -0.67149 0.23747 -0.49925 1.6495 1.7531 0.9727 -0.56232 -1.0955 -0.43605 -0.13356 -1.4743 0.43148
-0.12477 0.89115 -0.29292 0.91304 -0.15891 -0.78582 0.47506 1.1297 0.32452 1.2498 1.4755 0.33526 -0.85242 -2.9724 2.018 1.487 1.3938 1.84 0.63455 -0.31398 -0.90901 0.18216 0.76109 0.069995 0.075412 -2.2897 -0.068023 -1.4999 0.1943 -1.0914 0.99951 1.0717 0.99518 -0.32315 -1.6517 -1.1952 -0.77513 -1.645 1.433
-0.8889 0.42389 -0.21823 0.98947 0.89824 0.047376 0.59286 1.0867 0.9797 1.4698 1.2211 2.0492 -0.89148 -2.5578 1.2594 1.2425 0.97376 1.925 0.60603 0.41235 -0.51148 -0.83913 0.37631 -0.027242 -0.50685 -1.5147 1.4071 -1.9929 -0.23873 -1.3157 -0.29835 0.273 0.31086 -0.067532 -1.2079 -1.5645 -1.0784 -1.0964 1.8855
-1.1813 0.6806 -0.071371 1.143 0.42644 0.36716 0.79074 0.81028 0.98042 0.17727 0.24852 0.34318 -1.0139 -1.4858 0.33946 1.8778 0.36593 1.6642 0.80526 0.1876 -0.38279 -0.51958 -0.28333 -1.3621 -0.91594 -0.62306 2.2328 -1.6608 -0.076024 -1.2769 -1.374 0.10333 -0.31581 0.1754 -0.58797 -1.123 -1.0589 -0.78654 1.7488
-1.3039 0.54338 -0.34012 0.71194 0.85191 -0.33329 0.26079 -0.24337 -0.67459 -0.55899 0.9422 0.73331 -0.97306 -0.54184 -0.31703 1.2446 -0.09832 0.53156 0.57505 -0.33231 -0.65874 -0.3345 -1.0134 -1.6119 -0.92688 0.017836 1.9579 -1.121 -0.32769 -1.368 -1.6224 0.56874 -0.61166 0.11138 -0.39271 -0.4969 -0.52659 -0.05396 1.2568
-0.89685 0.90678 0.51837 0.98197 0.65553 -0.87032 0.71442 0.37337 -0.8045 -0.27272 0.17713 -0.030912 -0.94361 0.014384 -0.27109 1.3539 -0.60854 -0.20182 0.86066 -0.52702 -0.4722 -1.2352 -0.75811 -1.2515 -1.3238 0.26027 1.1972 -0.49371 -0.63596 -1.1585 -1.4435 0.9915 -0.37747 0.28828 -0.063541 0.42523 0.82671 0.48132 0.72099
-1.0379 0.5598 1.7967 0.96997 0.89999 0.47287 0.28285 0.089341 0.72281 0.15889 -1.2824 -0.61485 -0.92406 0.19564 -0.51397 0.90929 -1.2589 -0.37195 1.69 -0.36756 -0.23129 -1.2534 -0.36194 -1.1299 -0.40914 0.42699 0.73131 -0.42959 -1.3526 -0.93347 -0.99502 0.76488 -0.054657 0.60919 0.77138 0.92929 1.6295 0.98463 0.5119
-1.2059 0.097037 0.5327 0.75358 0.82495 0.73194 -0.025039 0.61836 0.44819 0.14566 -0.026106 0.33548 -0.82081 0.29002 -0.48016 0.88291 -1.356 -0.76005 2.1779 -0.49516 -0.0081547 -0.16984 0.23919 0.06054 -0.18282 0.5401 0.93555 -0.71851 -2.2108 -0.78083 -1.0283 -0.65304 -0.13496 0.71925 1.5905 0.96201 1.8755 1.5563 0.73756
-0.93716 0.27135 1.2397 -0.19293 0.18475 1.587 -0.017221 0.16218 -1.604 -0.3606 -0.33881 -0.21394 -0.51767 0.63255 -1.0119 -1.0013 -1.578 -1.178 1.4078 -0.44649 0.33774 0.70319 0.33318 1.0039 0.52724 0.84929 1.2991 -0.71253 -1.9479 -0.41051 -1.0737 -2.1359 -0.51532 0.66361 1.7244 0.67417 1.2853 1.0178 1.0006
-0.93716 0.10931 0.59931 -0.97372 0.036535 2.5283 0.41535 0.0078803 -1.3273 -0.90615 -1.0749 0.017806 -0.50565 1.473 -1.3561 -1.7516 -1.998 -1.8534 -0.25197 -0.7356 0.69134 1.0051 0.80431 1.4463 1.4054 1.4483 1.3399 -0.59914 -1.3776 -0.020107 -0.55158 -3.0774 -0.58512 0.32562 1.3486 0.27341 0.3084 0.61527 1.0296
-0.73663 0.21634 1.4702 -0.60783 -0.065402 2.1369 -0.51857 -0.019442 0.14153 0.43939 1.5618 0.19835 -0.32114 1.9308 -1.399 -1.3504 -1.7484 -1.9696 -1.2196 -1.2048 0.75602 1.6473 0.69615 0.75959 0.88945 1.8707 0.8113 -0.0061688 -0.041278 0.2821 0.22798 -3.113 -0.64593 -0.58603 0.29455 -0.33187 -0.54226 -0.40355 0.68899
0.070005 -0.88826 -1.1853 -0.89327 -0.85741 0.74229 0.12671 1.3591 1.6407 0.48371 0.58792 0.62569 0.248 2.0404 -1.3998 -1.4699 -1.3028 -1.4756 -2.4557 -1.2037 0.44555 2.09 0.60569 0.80803 0.90288 1.9822 -0.047797 0.67917 0.60386 0.49098 1.0928 -1.9847 -0.26421 -1.6012 -0.90704 -1.0493 -1.2519 -1.3763 -0.018357
0.97867 -1.4742 -0.45868 -2.2267 -1.6895 -0.24695 -1.2417 1.0867 1.4254 1.2117 0.50325 1.9549 1.1962 1.804 -1.0062 -1.2102 -1.3549 -0.93588 -3.5066 -1.4136 -0.69508 0.77163 -0.21673 0.24423 -0.044955 1.8894 -0.81896 1.4848 1.1617 0.60987 1.6703 -0.58894 -0.0034682 -2.24 -2.029 -1.1204 -0.74897 -1.3998 -0.79691
1.0284 -1.2018 -0.30224 -1.7975 -1.6586 -0.22442 -1.7016 1.1142 0.82338 -0.039562 0.33443 0.52542 1.5297 1.4567 -0.30056 -0.70247 -1.2075 -0.2281 -2.9404 -1.1204 -1.7639 -0.36416 -0.80743 -0.79648 -0.94658 1.4051 -1.2946 1.9685 1.2494 0.87573 1.8756 0.81518 0.086401 -2.0458 -2.1919 -0.84304 -0.09328 -0.93715 -1.4335
1.2466 -1.0878 -0.30533 -1.9975 -1.1691 -1.4251 -0.95151 -0.01449 0.81796 -0.052293 0.64606 0.72825 1.5874 0.76518 0.79397 0.41177 -0.57166 0.69129 -2.1069 -1.2493 -2.5943 -1.1905 -0.80621 0.06897 -1.0533 0.64952 -1.3017 1.8123 0.89636 1.0078 1.6016 1.6022 0.11487 -1.2841 -1.392 0.064867 0.84747 0.61987 -1.6514
1.0155 -0.92506 -0.80729 -2.7547 -0.88703 -2.8545 -1.7199 -1.3097 0.099139 -0.92224 0.081283 -0.38709 1.5765 0.25252 1.3376 0.026307 0.060136 1.4016 -1.5668 -1.121 -2.6724 -1.3217 -0.75984 0.71631 -0.51119 -0.11432 -1.0755 1.1685 0.57882 0.86045 0.80572 1.735 0.17124 -0.12142 -0.725 0.50642 1.2408 1.653 -1.3173
1.4452 -0.48306 -0.16477 -2.1256 -0.70446 -1.8388 -1.7935 -1.4482 0.66888 0.086156 0.2635 -0.65866 1.4746 0.086169 1.5232 0.082904 0.029129 1.398 -1.081 -1.1953 -2.7891 -1.5326 -0.10504 1.1931 1.0136 -0.48053 -0.66111 0.29593 0.4748 0.43508 -0.12337 1.8745 0.63001 0.89005 -0.1611 0.37825 0.50262 1.7968 -0.73669
1.2852 -0.04424 -0.42894 -1.916 -0.3847 -2.1524 -2.183 -1.4111 0.0046976 -0.18112 0.94817 0.51142 1.3453 -0.11952 1.4922 0.53506 0.21621 0.99262 -0.083698 -0.82424 -1.8954 -1.6339 -0.14916 1.1347 1.4158 -0.52608 -0.5366 -0.30434 0.75825 -0.077901 -0.73714 1.6493 0.86457 1.2562 0.18254 -0.23446 -0.41777 0.47951 -0.20981
1.2404 0.23835 -0.36902 -1.9803 0.13929 -2.4034 -3.0507 -2.1792 -0.62754 -0.35581 1.6126 1.3817 1.1253 -0.22422 1.2596 1.0391 0.22609 0.63168 0.79128 -0.21881 -1.194 -1.3404 -0.35621 0.8742 1.674 -0.54016 -0.45099 -0.54137 0.7179 -0.23404 -0.81561 1.4299 1.1304 1.6173 0.79487 -0.72583 -1.2359 -1.3197 -0.020524
1.1099 0.67816 -0.22638 -2.0324 0.12718 -2.2591 -2.7165 -3.0741 -1.2584 -0.37687 1.731 1.8843 0.94996 -0.54527 0.90173 0.95155 -0.18556 0.30635 0.70069 0.007161 -0.9507 -1.0323 -1.0908 0.046366 0.14688 -0.48127 -0.32937 -0.45482 0.41266 -0.15779 -0.69366 0.94518 1.1354 1.6118 1.3493 -0.7351 -1.6299 -2.3407 -0.131
1.0088 0.59838 0.39356 -2.057 -0.1263 -1.773 -1.6471 -2.4378 -1.1277 -0.65033 1.3114 1.4558 1.0655 -0.501 0.8122 1.2037 -0.22858 0.10739 1.3057 0.50131 -0.021944 -0.21573 -1.0627 -0.73107 -1.0552 -0.54087 -0.1743 -0.27434 0.0070824 0.5981 -0.51704 0.35241 0.85591 1.8892 1.4873 -0.39321 -1.4084 -2.2052 -0.43518
0.91289 0.64272 0.72809 -2.2693 -0.17786 -0.97222 -2.1303 -2.5089 -0.96854 -1.1661 0.82363 1.1992 0.89674 -0.56389 0.86973 1.22 0.13701 -0.13767 1.4996 0.93725 0.74704 0.53709 -1.2427 -1.3202 -2.0175 -0.77308 -0.2167 -0.24214 -0.38113 1.7734 -0.028829 0.40131 0.78541 1.8637 0.97596 0.43974 -0.68971 -0.77581 -0.80008
0.67818 0.75181 0.61861 -2.2837 -0.15097 -1.1553 -2.3063 -2.5473 -0.576 -1.4434 0.51843 -0.83203 0.82725 -0.52063 0.76333 0.92573 1.2657 -0.1893 1.0847 0.91636 1.7389 0.88599 -1.0508 -1.2564 -1.7636 -1.2182 -0.47833 -0.46887 -1.0041 2.2276 0.35437 -0.07277 0.85527 1.2152 0.29888 1.0705 -0.15326 0.59589 -0.80584
0.72152 1.2588 0.88224 -2.1493 0.10825 -0.32954 -1.8328 -1.3777 -0.52753 -1.4205 0.52043 0.051023 0.47607 -0.91693 0.47352 0.397 2.6119 0.37762 1.5987 1.2683 1.8999 0.39889 -0.21976 -1.0651 -1.0861 -1.6583 -0.62994 -0.79077 -1.318 1.598 0.5553 -0.12202 0.86384 0.75132 -0.010732 1.6149 0.65363 2.1179 -0.47755
0.47992 1.5489 1.1356 -1.5318 -0.14105 -0.3621 -1.4505 -1.7295 -0.17029 -1.9871 0.064003 -0.77912 -0.030112 -1.1734 0.13817 -0.22479 2.9845 0.53083 1.1258 1.9348 1.8389 0.47294 0.5504 -1.1581 -0.29379 -1.6249 -0.50806 -0.96038 -1.3965 0.34833 0.47852 -0.35656 0.40905 -0.011829 -0.16953 1.7039 1.3025 1.9591 0.15085
0.48296 1.3748 0.98743 0.37183 -0.36466 -0.84271 -1.0216 -0.35694 -0.20634 -1.6045 0.16943 0.13394 -0.62178 -1.3573 -0.28541 -0.62239 2.4725 0.58088 1.2533 2.0431 2.209 0.74015 1.1581 -0.052469 1.5974 -1.4741 -0.24357 -1.0085 -0.55175 -1.2898 -0.13791 -0.63589 -0.56438 -0.61959 0.056065 1.0446 1.558 1.2063 0.86799
-0.47239 0.79987 0.80425 1.7071 0.74289 1.6398 0.0027422 -0.25028 -0.92346 -0.70128 -0.2185 -0.080016 -0.96017 -1.2025 -0.63874 -1.1267 2.0382 0.63578 0.57765 1.2957 1.574 0.39235 1.6377 0.85404 0.9185 -1.0234 0.15342 -0.6435 0.58466 -2.3603 -0.6867 -0.54633 -1.5275 -1.2103 0.1886 -0.11155 1.2558 0.082101 1.2719
-0.58604 0.8556 0.14452 0.83045 0.44377 0.0020143 0.15243 -0.61006 0.15407 -0.56782 -0.86877 0.072939 -0.80255 -1.3319 -1.0085 -0.15961 0.52102 0.032254 0.65227 0.53886 0.80971 0.57013 1.3099 1.0574 0.78716 -0.31264 0.65459 -0.085744 1.1274 -2.3253 -0.89185 -0.82618 -1.6221 -1.2095 0.083668 -0.82154 0.23776 -1.0256 1.2608
-0.84505 0.70551 0.041149 0.11708 0.49253 0.91879 0.2087 0.97294 0.76162 -0.18085 1.4156 2.2161 -0.96505 -0.90631 -0.6955 0.62767 -0.73859 -0.57352 0.3792 -0.15865 0.13766 0.95559 0.26106 0.81018 0.28424 0.20657 0.90382 -0.0032233 1.0582 -1.9425 -0.46943 -0.78964 -0.85018 -0.75239 -0.17407 -0.89443 -0.5328 -0.98268 1.2221
-0.44233 0.72167 -0.24444 1.1036 0.68998 -0.070074 -0.59791 0.13547 -0.43465 0.25844 1.6277 -0.027209 -0.89257 -0.33021 -0.42031 0.58311 -0.76812 -0.59901 -0.23637 -0.25178 0.52783 0.64502 0.22864 0.45328 -0.18511 0.30193 1.0895 0.050956 0.17566 -1.1383 0.48296 -1.1905 -0.13239 -0.64586 -0.61141 -0.53208 -1.5527 -1.1328 1.0944
-1.4407 0.0026334 1.9103 -0.34426 -0.7159 0.93122 -0.67986 -0.79343 0.61574 -0.83622 0.60994 0.19083 -0.47655 -0.082888 -0.94346 0.45724 -1.1829 0.0026058 -0.49622 0.10891 0.22742 0.022749 0.41638 0.096295 -0.60703 0.98697 0.91301 0.16795 -0.74795 -0.79715 1.1413 -1.0135 0.44372 -0.29786 -0.17054 0.448 -1.3793 -0.44464 0.77884
-0.73214 0.56481 1.5737 0.004374 -0.66281 0.58834 -0.67906 0.058496 0.94249 -1.3429 0.36083 0.57938 -0.50286 0.20859 -0.79493 0.25676 -1.5188 0.67969 -1.2043 0.16185 -0.51023 -0.17566 0.18698 -1.6885 -1.0869 1.3728 0.735 0.57078 -1.2472 -0.53128 0.72945 -0.49597 0.39734 -0.099276 0.30337 0.91564 -0.59806 0.38599 0.25325
-0.83984 0.39305 0.33777 0.70225 0.64293 0.7514 0.29243 0.99012 -0.052753 0.41546 0.10324 -0.11612 -0.72048 0.4611 -0.20208 -0.57777 -1.9448 1.025 -1.0884 0.4659 0.075828 1.0409 1.1752 -0.87449 -0.17266 1.1485 0.27479 0.71057 -0.7824 0.052174 -0.41939 0.63464 0.1144 -0.092709 0.21691 0.56515 -0.18217 0.74344 -0.53158
-0.66291 -0.76656 0.21105 -1.8211 0.77885 -1.2021 0.33043 -0.11102 0.32125 0.32935 0.59826 0.18347 0.87888 0.71659 0.26041 -1.1868 -1.4385 0.31294 -0.88993 0.31457 0.41888 0.76455 1.6675 -0.25187 0.39411 0.70219 -0.21549 0.25457 0.051227 1.0334 -1.3997 1.9137 -0.10529 -0.27414 -0.36044 -0.2107 0.93185 0.68136 -1.0452
-0.4868 -0.017728 0.75129 -1.6538 1.3433 -1.0054 -0.41486 -0.47635 0.16068 -0.34793 -1.0745 -0.051937 0.68241 0.15972 -0.16107 -0.25299 -1.1108 -0.6638 0.58585 0.24963 -0.40878 0.0072679 0.80115 -0.97943 0.18224 0.31555 -0.18117 -0.64193 0.35722 2.0693 -1.6261 2.3476 -0.16372 -0.39367 -1.2814 -1.0679 0.99548 -0.0061283 -0.98464
-0.18609 0.78115 -0.11258 -1.73 0.90276 -0.65216 -0.14459 0.15636 2.2278 1.6697 0.92936 -0.081326 0.1722 -0.020033 -0.34907 0.19652 0.13309 -1.2651 1.6742 0.077293 -0.80148 -0.36605 -0.035541 0.23824 0.13808 -0.19112 0.37796 -1.5602 -0.22245 2.2056 -0.64614 1.4662 0.19448 -0.28553 -1.3732 -1.2011 1.3481 -0.084896 -0.20134
-0.49745 0.52374 0.64511 -1.5966 -1.3768 0.33427 -0.15597 0.50535 1.2783 0.69873 0.10762 1.4287 0.0097766 0.51142 -1.0897 -0.60415 1.4041 -1.4232 2.1851 0.28286 -0.085981 -0.95416 -0.078276 0.88219 -0.052736 -0.27038 1.1598 -1.8622 -1.3032 1.8251 0.80685 -0.47322 0.18409 -0.25292 -1.2693 -1.3965 1.1681 0.079768 0.79428
-0.80535 -0.35397 0.99835 -0.96177 -0.73004 2.0971 0.28446 -0.51969 -0.52852 -0.44009 -1.7012 0.02042 -0.12454 1.2217 -2.1666 -1.4127 1.7106 -0.60576 1.1596 0.66442 -0.29878 -1.4999 -0.26125 1.5254 0.3419 0.61445 1.4071 -1.5088 -1.6181 0.66367 2.0415 -2.1205 0.068574 -0.37199 -0.5208 -1.4137 0.2556 -0.16112 1.5361
-0.78594 -0.7548 0.22353 0.39663 -0.0412 2.0441 0.37626 -0.67755 -0.56543 0.42734 1.6916 -0.20924 -0.21252 1.6165 -2.7025 -1.8388 1.7482 0.58281 -0.062453 0.30316 -1.1513 -1.9619 -1.8409 0.72447 0.24847 1.4194 0.8695 -0.33125 -0.91971 -0.56428 2.0803 -2.8522 -0.32872 -0.24529 0.45913 -1.404 -0.58638 -0.12035 1.4879
0.75856 -2.0724 -0.95252 -0.34308 -0.67249 0.97253 0.23695 0.094346 -0.17754 0.27723 1.3487 0.15335 1.0305 1.9469 -2.3389 -2.1561 1.2927 1.7509 -1.2967 0.19876 -0.99755 -0.89205 -1.9432 0.83666 -0.33861 1.8769 -0.10313 0.98538 0.13994 -1.2316 1.3207 -1.9346 -0.48507 0.49574 1.1025 -1.2981 -1.7962 -0.39425 0.60482
1.4121 -2.0216 -1.2287 0.5368 0.69406 0.086512 0.54234 -0.62869 -0.63163 0.062603 1.1024 1.0489 1.4126 1.7079 -1.621 -1.9172 0.49592 1.4943 -2.098 -0.093758 -0.2126 -0.31604 -2.0072 0.059398 0.045077 1.9199 -1.1485 1.805 1.0089 -1.2456 0.35175 -0.31441 -0.50572 1.1859 1.1414 -0.5685 -2.0169 -0.52415 -0.49917
1.2398 -2.3549 -1.7025 0.5045 0.66874 -0.20208 0.025854 -1.6185 -0.56516 -1.9453 0.65658 0.64654 1.6925 0.99741 -0.88876 -1.1081 -0.11117 1.5314 -1.5575 -0.038215 0.23403 -0.086208 -2.7384 -1.7329 -0.3608 1.5117 -1.5506 1.8616 0.96088 -0.87875 -0.42492 1.0256 -0.6339 1.4351 0.63741 -0.14777 -2.0912 -0.6927 -1.276
1.2858 -2.3975 -1.1622 0.2334 0.98968 -0.43368 0.35905 -0.79104 -0.45071 -2.1829 0.36014 -0.097647 2.0136 0.045107 -0.092539 -0.49822 -0.025786 1.3685 -0.53022 -0.51797 0.61173 -0.049871 -2.5605 -2.0235 -0.81134 0.65674 -1.069 1.8894 0.79508 -0.2708 -0.81997 1.4104 -0.66083 1.2918 0.37146 1.2834 -0.89934 -0.60633 -1.7628
1.0556 -2.4045 -1.4662 -0.04568 1.1572 -0.67156 0.14176 -0.28537 -1.0809 -2.0952 -0.48568 -0.11809 2.0136 0.013819 0.3366 -1.0894 -0.19074 0.95312 -0.08448 -0.76782 1.4663 0.27565 -1.9516 -2.3035 -1.3271 0.090542 -0.51711 1.9774 1.0687 0.32011 -1.3558 0.64275 -0.95734 0.65351 0.28495 2.6298 0.54398 0.24846 -1.9749
1.0433 -2.1813 -1.5582 0.044904 1.7376 -0.2445 0.39448 0.12804 -0.1616 -2.856 -0.27076 -0.38134 1.9572 0.29557 1.2574 -0.45548 0.0038156 0.14111 -0.093364 -0.95788 1.7615 0.26864 0.14502 -1.4494 -0.71127 -0.71027 -0.22368 1.8364 2.0303 0.52376 -1.6345 -0.21693 -1.217 -0.23633 0.06307 2.8786 1.4294 0.97919 -1.8133
1.1512 -2.1279 -1.7556 0.10273 1.2344 0.17462 -0.83043 0.41388 -0.38324 -2.9812 -1.3602 -0.30099 1.8733 -0.045981 2.0901 0.84518 0.52054 -0.55745 -0.52093 -1.6003 0.97608 0.34606 1.1176 -0.92272 0.1034 -1.5476 -0.51204 1.5191 2.8528 0.57199 -1.6676 -0.57041 -0.86564 -1.1642 -0.38751 2.1817 1.9154 1.3161 -1.4966
1.575 -1.564 -3.1278 0.43667 1.9874 -0.36872 -0.55765 0.72068 -0.25211 -3.0461 -1.8994 -0.94932 1.4898 -0.31893 2.4237 2.2788 0.67121 -1.1301 -0.72142 -2.3682 0.3987 0.059963 1.6057 0.15701 0.48684 -1.9606 -0.85448 0.80515 2.389 0.28504 -1.0566 -0.32624 -0.040749 -1.501 -0.30855 1.0076 1.6879 0.97117 -0.86316
1.6002 -0.47751 -1.1585 0.31955 0.2443 -0.6891 -1.1025 0.75311 -0.34717 -0.86184 -0.41992 -0.18141 0.66346 -0.58804 2.5594 2.8015 0.62437 -1.7306 -0.8642 -1.6736 -0.16146 -0.38166 1.6405 0.73776 0.77842 -2.1204 -0.87748 -0.014221 1.2678 -0.13762 -0.4187 0.32838 1.1927 -1.1994 -0.17775 0.317 1.4585 0.49631 -0.080672
0.64916 0.30509 0.76276 1.0036 0.35914 -1.5341 -1.9247 0.33033 -0.16942 -0.76397 -0.9779 0.35424 -0.032546 -0.95431 2.5079 2.9709 0.52848 -1.3829 -0.54277 -0.99349 -0.65055 0.029744 1.8836 1.1093 0.94822 -2.0591 -0.81224 -0.78149 -0.47539 -0.33642 0.67086 1.1527 2.4951 -0.61012 -0.010614 -0.43319 0.45934 0.25352 0.56146
0.52784 0.24894 1.1167 0.72085 0.08444 -1.1425 -3.2862 0.30075 -0.92875 -1.0322 -0.03826 0.36134 -0.1859 -1.2903 2.0171 2.8402 0.32559 -1.2795 0.036074 -0.059141 -0.87857 0.021613 1.6128 1.5304 0.89546 -1.6503 -0.49152 -1.3515 -1.904 -0.41047 1.3411 1.6055 2.8796 0.1855 0.24928 -0.52023 -0.23961 -0.15945 0.94036
0.5897 0.74398 0.55169 0.81807 -0.49748 -0.9278 -1.0994 0.02557 -0.5639 -1.6817 -0.025988 0.35249 -0.41192 -1.4132 1.2443 1.3925 0.15783 -0.048381 1.0706 1.4824 -0.4465 -0.14491 0.76997 0.6884 0.95294 -1.1304 -0.16304 -1.7025 -2.5641 -0.31928 1.4882 1.3737 2.3664 0.94837 0.32266 -0.61465 -0.39343 -0.33752 1.0656
0.25701 1.121 0.67638 0.87659 0.1077 -0.50571 -1.8806 -0.27709 0.116 -0.10846 -0.57146 0.60967 -0.70234 -1.231 0.68592 0.094496 -0.00074486 0.23549 1.4479 2.4634 0.11986 0.22542 1.1755 0.47571 0.45339 -0.80122 0.090298 -1.6784 -2.0892 -0.23415 1.1995 0.70493 0.85477 0.89226 0.35853 -0.079749 -0.027009 -0.79654 0.95912
-0.088493 1.2708 1.1145 0.83978 -0.26195 -0.55447 -0.46481 -0.26099 -0.3484 -0.064029 0.87859 0.37473 -0.78088 -1.2695 0.018933 -0.36723 0.063061 0.78402 1.4213 2.1629 0.75533 0.59525 0.89371 0.85596 0.48125 -0.46258 0.28219 -1.6584 -1.1776 -0.30468 0.27439 0.27302 -0.54141 0.30767 -0.099382 0.12971 0.92108 -1.2693 0.87455
-0.6418 1.087 1.4 0.71798 0.53121 0.98401 0.58561 0.45078 -0.83345 -0.16098 -0.14387 1.6913 -0.93191 -1.1951 -0.48015 -0.11703 -0.085824 0.65752 1.236 1.1987 0.31367 0.39114 1.4004 1.4 -0.49846 -0.16499 0.4648 -1.5271 -0.53808 -0.28571 0.00027277 0.21035 -1.4702 -0.057026 -0.68756 -0.19119 0.95097 -1.3841 0.85921
-0.80551 0.95142 0.56785 0.98825 0.44135 0.33764 0.50009 0.59138 0.19034 0.41089 -0.29193 0.401 -1.0194 -0.92136 -1.2457 -0.66108 -0.3991 0.26344 1.7157 1.1086 0.083634 -0.40962 0.92129 2.0789 -1.1707 0.21035 0.62201 -1.0915 -0.075327 -0.19908 -0.38158 0.0057134 -1.494 -0.82926 -0.87509 0.045166 0.50861 -1.1916 0.70592
-0.77975 0.16674 0.16951 0.7915 0.8928 0.86931 -0.5967 1.2421 0.13148 -0.68431 1.6625 0.96662 -0.63331 -0.56905 -1.5119 -0.74097 -0.3313 0.47628 1.7186 0.25199 0.35525 -0.63759 0.79078 1.7768 -1.5558 0.49207 0.58974 -0.41888 0.31921 0.072478 -0.34808 -0.31986 -0.62119 -0.93624 -1.0073 0.067912 -0.50708 -0.16674 0.38834
-0.86901 0.53178 0.85167 0.62683 0.062545 0.78045 0.24904 -0.61063 0.07804 1.2932 1.6123 -0.91285 -0.71131 -0.46565 -1.4893 -0.18602 -0.20308 0.09965 1.2017 -0.14677 -0.90636 -0.63319 1.295 1.694 -1.4304 0.54806 0.64229 0.37652 0.63142 0.29846 -0.22322 -0.91712 0.13205 -1.0132 -0.78317 0.20156 -1.7019 0.26944 0.02317
-1.0194 -0.56758 0.0085424 0.10183 0.28634 2.6775 0.37182 -0.11607 -1.2851 0.94233 2.4119 -0.69294 -0.42935 -0.36371 -1.138 0.24077 -0.031162 0.03071 0.88436 0.67141 -1.0456 -1.506 1.355 0.58417 -0.70624 0.40328 1.1778 0.35678 -0.24185 0.24299 -0.41601 -1.1199 0.74767 -0.66263 -0.28424 -0.34786 -2.0801 0.99781 0.082762
-0.95547 -0.5076 0.54258 0.62894 0.97641 2.2105 0.27266 1.263 -1.2682 0.42379 2.0195 -0.79301 -0.23547 0.12913 -0.74063 0.017954 0.054168 0.024566 0.36779 1.1489 -1.2237 -1.5332 1.045 -0.72662 -1.0382 0.29964 1.8903 0.1371 -1.5628 0.19605 -0.24193 -1.4143 0.57942 -0.041808 0.33701 -1.2966 -1.9766 0.88391 0.49278
-1.3955 -0.67152 1.1193 0.72929 0.55867 1.9752 0.077039 -1.371 -0.63833 1.8246 1.3818 0.10339 -0.4272 1.2434 -1.2308 -1.2802 0.03279 -0.32928 -0.02216 1.0025 -0.79459 -0.74141 0.23495 -1.1724 0.29976 0.77414 2.0764 -0.21712 -2.2691 -0.20423 -0.071917 -1.2237 -0.063611 0.094244 0.95753 -1.7232 -0.99643 0.5097 0.92053
-1.0964 -0.41565 0.49695 0.9516 0.40112 1.2302 1.4469 -0.40181 -1.8706 1.6857 0.89016 -0.5098 -0.51006 2.1136 -1.1939 -2.2937 0.16405 -0.21904 -1.0725 0.77218 -1.102 -0.3192 -0.7023 -1.3798 -0.11545 1.2978 1.5456 -0.25818 -1.6464 -0.51237 -0.016065 -0.69271 -0.26575 0.61526 0.58052 -1.9402 -0.099193 0.35771 0.99728
-0.2498 -0.64352 0.071912 0.47738 0.60543 1.7118 1.123 -0.95258 -1.8633 0.79107 1.0364 -1.6973 -0.17046 2.3594 -1.3177 -2.7714 -0.48525 -0.0098101 -0.75399 0.74484 -0.90521 -0.16807 -1.1724 -1.0778 -0.11743 1.6502 0.35127 0.15834 0.045404 -0.52276 -0.20328 -0.057315 -0.36367 0.40281 0.057736 -1.517 0.055766 0.18903 0.41863
1.1409 -1.9065 -1.6041 0.33311 -0.64974 1.7546 1.4652 -1.0969 -0.80509 1.3677 0.57694 0.28691 0.75573 2.338 -1.1795 -2.2584 -0.70044 -0.18699 -0.59683 0.78574 0.072204 -0.6336 -2.0817 -0.96508 -0.091271 1.7531 -0.90622 0.67922 1.6187 -0.44414 -0.51543 0.32871 -0.43693 0.60012 -0.28 -0.41795 -0.090933 0.69116 -0.44856
1.4131 -2.0286 -2.5646 0.73789 0.88799 0.63617 0.84645 -0.90785 -1.7971 -0.84187 0.75149 -1.0428 1.4211 1.7644 -0.94967 -1.2064 -0.56932 -0.76753 -0.36041 0.32104 -0.56486 -0.44989 -2.0687 -1.2605 0.67997 1.341 -1.7498 1.4757 2.7054 -0.067888 -0.69371 -0.0058326 -0.72332 0.44823 -0.15194 0.58995 -0.36579 0.33592 -1.3218
1.1286 -1.7383 -1.5616 -0.25362 1.0663 1.2342 1.3137 -0.63842 -1.1553 -0.14184 0.40156 -0.52868 1.4132 0.79773 -0.12585 -0.089438 -0.67149 -0.87998 -0.62236 0.1728 -0.061737 -0.7236 -1.0736 -1.4631 0.90836 0.603 -1.8833 1.9222 2.7664 0.03339 -0.79246 -0.15009 -0.9247 0.1124 0.96499 1.8232 -0.25504 -0.18117 -1.8234
1.2265 -1.6835 -0.9158 -0.11359 -0.38057 1.0014 1.9052 -1.0598 -2.3876 -0.69935 -0.11795 -0.28258 1.2689 0.0091715 0.8811 1.1308 -0.62697 -1.0558 -0.74194 -0.29418 0.069197 -0.41069 -0.50234 -1.5541 0.076431 -0.27947 -1.468 2.0314 1.8378 0.20983 -0.34117 -0.21017 -1.1053 0.47132 1.5513 1.8828 0.3485 -0.88931 -1.7561
1.4388 -1.6736 -1.1474 0.27201 -1.0972 1.096 1.6342 -1.6136 -2.2814 -1.0779 -0.78411 0.22614 0.99473 -0.14322 1.457 1.672 -0.59689 -1.6307 -0.68607 -0.62777 -0.0073187 1.3068 0.74849 -1.3217 -0.15672 -0.8923 -0.93483 1.6725 0.67086 0.5198 0.60401 -0.026621 -1.4114 0.21527 1.9495 1.3664 1.1922 -1.121 -1.3241
1.2005 -1.159 -0.94986 -0.69347 -0.48601 0.64023 1.0002 -0.66212 -2.1154 0.12429 -0.66768 -0.032833 0.92625 -0.38213 2.0127 1.3029 -0.18004 -1.0872 -0.72488 -1.3367 0.36142 1.6747 0.75139 -0.62555 -0.60759 -1.2393 -0.58795 1.0011 -0.28052 0.63853 1.3698 0.017904 -1.0453 0.0043053 1.2356 0.70362 1.7654 -0.73014 -0.69881
1.1928 -0.73625 -0.66924 -0.28469 -1.1832 0.13175 0.6048 -0.77335 -1.0149 -0.059763 -1.1623 -0.4732 0.66297 -0.67107 2.3982 1.067 0.14978 0.31068 -0.67187 -1.9349 0.23486 2.1749 1.0094 0.4685 -1.0452 -1.4261 -0.26829 0.14439 -0.95166 0.55332 1.5686 -0.11207 -0.41679 -0.40174 -0.031369 -0.081172 1.283 0.093542 -0.050795
1.0886 0.053574 0.028937 -0.37833 -0.91835 -0.045056 0.25976 -0.94419 0.71086 0.26086 -0.64554 -1.4782 0.2459 -0.77162 2.2582 0.92497 0.2812 0.66363 -0.70381 -1.5867 -0.030007 1.6597 0.7661 1.0949 -0.97288 -1.3363 0.26384 -0.84946 -1.0086 -0.10982 0.95132 -0.1863 0.2775 -0.8339 -0.60425 0.25081 0.11153 1.0557 0.64926
0.53558 0.82921 0.12535 -0.29868 -0.78095 0.62667 -0.11584 -0.23752 -0.20331 0.3165 -0.37247 -0.74176 -0.27869 -0.4221 1.5968 0.11749 0.28407 0.57731 -0.90301 -1.2765 -0.59968 1.2693 0.58777 0.39567 0.22232 -0.9391 0.8656 -1.7165 -0.96843 -0.66518 -0.12327 -0.30044 0.64755 -0.70965 -0.92101 0.49565 -1.043 1.5725 1.299
0.52261 1.0537 -0.06242 0.48508 0.1644 0.039095 -0.82412 -1.3831 -0.25892 0.28472 0.50314 -1.2996 -0.51409 -0.029569 0.83709 -0.070591 -0.45807 0.64163 -0.95941 -1.1446 -0.87145 0.92968 1.4655 -0.3582 0.92902 -0.251 1.2262 -1.9992 -0.56722 -0.97906 -0.61592 -0.3593 0.61194 -0.31187 -0.44069 0.73694 -1.21 1.2141 1.6381
0.56584 0.859 -0.24547 0.10527 -0.33455 -0.24596 -0.31104 -1.3515 -0.38016 0.15733 0.30873 -0.83505 -0.40997 0.51002 -0.071822 -0.20959 -0.79898 0.057758 -1.1152 -0.9444 -0.74671 0.70467 1.6473 -0.8868 1.2345 0.49468 1.086 -1.6226 0.3294 -1.0091 -0.8582 -0.11922 0.62173 0.27006 -0.35621 0.69371 -0.44096 0.58589 1.4584
0.96044 0.64914 -0.97675 -0.62059 -0.25815 -1.1759 -0.76951 -1.3318 0.40076 1.0789 -1.2718 0.61402 0.01159 0.95874 -0.61109 0.052483 -1.1216 -0.31522 -1.2828 -0.60756 -0.56531 1.0733 1.7012 -0.68033 1.0164 1.053 0.68575 -0.84659 0.73048 -0.32236 -0.80817 0.18723 0.49888 0.50971 -0.76535 -0.07128 0.75093 0.10811 0.7628
1.2045 0.54019 -0.0071318 -1.2806 -0.48663 -0.9942 -1.1047 -1.8992 1.1769 2.3287 -1.6971 0.083011 0.35782 1.0297 -0.68581 0.67004 -1.3884 -0.66222 -0.96157 -0.3816 -0.20075 0.49875 1.8492 -0.3191 1.3852 1.1745 -0.13193 0.16406 0.89052 0.71976 -0.61627 0.89547 0.52679 0.66198 -1.5717 -1.1139 1.4216 -0.53089 -0.30364
1.5095 0.24411 0.026141 -1.1329 -0.87699 -1.0915 -1.134 -1.3548 1.0397 1.9027 -0.93714 -0.11705 0.63471 0.94141 -0.42691 0.84181 -0.79807 -0.61736 -0.66315 -0.49172 -0.11437 -0.48936 1.2307 0.86979 1.08 0.85608 -1.1542 0.92491 0.37435 1.6555 0.10769 1.4382 0.67679 0.51109 -2.288 -2.0722 1.3305 -1.0765 -1.2876
1.5728 0.25816 0.088608 -1.2503 -0.69867 -1.2911 -0.96266 -1.2053 0.62991 1.871 -0.10337 0.26361 0.80619 0.28865 0.135 1.0425 0.48275 -1.0305 0.31924 -0.016018 0.36162 -1.6585 -0.31344 1.1935 0.11799 0.018525 -2.063 1.1444 -0.17929 1.9274 0.52018 1.4487 0.985 0.53715 -1.3633 -2.3175 0.77873 -1.2405 -1.8174
1.7178 0.22258 0.65496 -1.5235 -0.75577 -1.468 -1.1053 -1.8611 -0.094811 2.5237 0.01806 1.0706 0.8174 -0.72705 0.68514 0.56306 1.2524 0.061936 0.87183 0.47574 0.18633 -2.4341 -1.309 1.2362 -0.55409 -0.80879 -2.3339 0.78728 -0.62604 1.4717 0.71445 1.1817 1.2328 0.62221 0.11145 -1.7104 -0.20155 -0.93457 -1.719
1.8116 0.3892 0.23537 -1.0786 -1.21 -1.4357 -1.206 -1.442 -0.82468 1.753 0.61083 1.0311 0.61558 -1.816 0.87094 0.48733 1.4381 0.0072519 1.0863 0.97568 0.7337 -1.2541 -1.4575 1.0652 -0.33833 -1.4372 -1.968 0.1138 -0.86174 0.63505 1.0607 0.84864 0.93248 0.85285 1.745 -0.66146 -1.0244 -0.48679 -1.0693
1.0575 1.0342 0.63359 0.43558 -1.9353 0.039474 -0.77068 -0.70937 -1.2195 0.54194 -0.79813 -0.16354 -0.18645 -2.1702 0.65711 -0.024868 1.6673 0.25725 1.2518 1.3156 0.95406 -0.44914 -1.5731 0.53768 -0.60481 -1.6737 -0.95876 -0.51088 -0.7589 -0.21412 0.80509 0.57842 0.43163 0.64364 2.2705 0.27661 -1.193 0.17017 -0.2209
-0.028842 1.3489 0.61024 0.38162 0.49458 0.37744 -0.2784 -1.8495 -1.7408 0.54983 0.38704 -1.275 -0.65351 -2.5 0.35492 -0.24159 1.5499 0.95043 1.7828 1.3071 1.6923 0.87859 -1.4825 -0.50195 -0.8509 -1.575 0.28352 -1.0955 -0.93708 -0.79621 1.0042 -0.04976 -0.11491 0.36693 1.7507 0.70148 -0.82954 0.75337 0.69631
-0.83014 0.99764 0.61296 0.30228 -1.2854 -0.13147 0.34966 0.20782 0.48392 0.41877 1.0861 0.63105 -0.93846 -2.0923 -0.00672 -0.46125 0.77765 1.1632 1.6539 1.1188 1.0043 1.0866 -0.74221 -0.36252 0.055811 -1.1576 1.4933 -1.3731 -0.76737 -1.0792 0.45877 -1.2107 -0.67057 0.05173 0.89626 0.96451 -0.41581 1.1434 1.492
-0.44927 0.74451 -0.053481 0.72948 -0.41086 0.17229 0.53293 -0.4824 -0.32606 0.41639 0.29834 0.087756 -0.95479 -1.3428 -0.82863 -1.0112 0.30317 1.521 0.79941 0.86343 1.4538 1.519 -0.47826 -0.13895 0.88151 -0.37426 2.4787 -1.1682 -0.40362 -1.4198 -0.56546 -2.1867 -1.1152 -1.0172 -0.59037 1.2566 0.19912 0.38929 1.9173
-1.1377 0.71559 0.39775 0.73933 0.40907 1.7077 0.11865 0.66495 0.82724 0.37996 -1.4101 -0.30953 -1.042 -0.075283 -1.2962 -1.0444 0.14659 0.8596 -0.58988 0.29034 1.1898 1.0523 -0.16032 -0.46927 0.87931 0.55531 2.8173 -0.59162 0.25648 -1.4321 -1.7259 -2.5166 -1.3071 -1.3119 -1.0822 1.2204 0.41215 -0.83784 1.8392
-0.76346 0.79644 -0.25991 0.31663 -0.12373 1.4123 0.28673 -0.74521 -0.41589 0.32539 0.31458 0.79658 -1.0346 0.92553 -1.1663 -0.68493 -0.95776 -0.036575 -1.3183 -0.35507 -0.41635 -0.27415 0.71929 -0.042164 -0.45948 1.204 2.6444 0.1564 0.95523 -1.2947 -2.3566 -1.8825 -1.144 -1.6348 -1.4231 1.4641 0.57791 -1.4463 1.3539
-1.0337 -0.15628 -0.63255 0.99617 0.98794 0.64594 0.74204 1.3874 0.90644 -0.34223 -0.21122 0.59109 -0.64986 1.8125 -0.93712 -0.14448 -1.4397 -1.4928 -2.1489 -0.70637 -0.66438 -0.17641 1.0801 0.42224 -0.98819 1.5407 1.7565 0.67748 1.3843 -0.9065 -1.7749 -0.68107 -0.77155 -1.1416 -0.92318 1.2177 0.21461 -1.2291 0.61752
0.056758 -0.48849 -0.47175 0.37284 0.6126 -1.8676 0.13494 -0.10133 0.18273 0.68317 0.30248 0.33302 0.29051 2.4433 -0.72345 0.30468 -1.4774 -1.9853 -2.055 -0.76841 -0.86685 -0.71224 1.8046 0.58052 -1.1477 1.7005 0.66493 1.0951 1.1855 0.029667 -0.87258 0.58578 -0.32466 -0.59824 -0.37946 0.49051 -0.14947 0.17033 -0.24878
0.63959 -0.21886 -0.063237 -1.6749 -2.256 -1.4208 -0.37346 -1.1147 -0.40163 1.8546 0.58088 -0.77104 0.50963 2.3096 -0.26884 1.0162 -1.3932 -1.6977 -1.5295 -0.93845 -0.84893 -0.56824 1.7128 -0.34317 -1.2938 1.4787 -0.7949 1.3727 0.68952 1.105 0.53639 1.7733 0.38809 -0.28883 -0.0026076 -0.57408 -0.45719 1.3521 -1.2206
1.7038 -0.074262 0.052197 -0.87638 -1.9399 -1.5789 -0.61665 -0.84396 -0.027708 1.4161 -0.21312 -1.4768 0.6524 1.8706 0.5211 0.92437 -0.91372 -1.6806 -0.48332 -0.84091 -1.5041 -0.8237 1.3803 0.048631 0.04727 0.76435 -2.2257 1.2396 -0.0090358 2.0886 2.0774 2.0339 0.87463 0.20265 0.10367 -2.3691 -0.49814 1.8804 -1.9267
1.5293 -0.12518 0.58053 -0.85507 -1.3619 -0.32157 -0.56754 -0.18136 -0.40562 2.4864 -0.19877 -0.69493 0.85024 0.68441 0.97578 0.8225 0.49019 -0.604 0.50884 0.057492 -0.90859 -0.1078 0.16397 -0.22017 1.1929 -0.3041 -3.1151 0.66055 -0.76065 2.2883 2.5391 1.6643 1.228 0.75518 0.59644 -2.9009 -0.081471 1.6521 -2.1062
1.5817 0.10603 0.68842 -1.1265 -1.1838 -1.5322 -0.61183 -1.1615 -0.58854 1.5757 -0.21752 -0.39873 0.80383 -0.71491 0.94312 0.39277 1.7541 1.558 0.87409 0.36875 -0.41949 -0.71571 -2.0996 -0.47135 1.4713 -1.0596 -3.0142 0.036947 -1.1927 1.7861 2.4264 0.85262 1.0249 1.0039 1.2552 -2.3046 0.10349 0.43467 -1.6823
1.3803 0.46667 0.13675 -0.30941 -1.5551 -1.0104 -0.50999 -1.2624 -0.21462 1.5608 0.47131 1.1584 0.42287 -1.9573 0.73766 -0.11 1.8444 1.6865 1.0245 0.7509 0.12846 0.59611 -2.2777 -0.23887 1.3881 -1.6011 -2.0689 -0.46195 -1.229 0.70643 1.5988 0.43578 0.39665 1.1678 1.4624 -0.066068 0.53035 -0.70213 -0.85252
0.96436 0.95557 0.74674 0.62296 -1.3574 -0.92147 0.3217 -1.7283 0.063061 1.0768 -0.076428 1.1506 -0.3136 -2.1878 0.70388 -0.79653 1.9792 1.9548 0.9201 0.7278 -0.006713 1.3683 -1.9499 0.27281 0.84593 -1.7752 -0.66602 -1.0433 -1.0468 -0.58624 0.60326 0.043672 0.10725 1.5322 1.4709 1.4733 0.86949 -1.303 0.29409
-0.24865 0.79306 0.36956 1.0196 0.57127 0.45319 -0.25848 -0.9989 -1.9429 -1.9335 -0.68172 -0.10409 -0.82858 -2.2696 0.23606 -0.83686 1.7945 2.3407 1.3401 0.62154 1.2278 1.8111 -0.034403 0.47769 0.069551 -1.5614 0.85362 -1.5186 -0.7869 -1.5596 -0.099676 -0.75581 -0.33689 0.98409 0.51407 1.5194 0.65457 -0.9112 1.5752
-0.81459 0.51465 -0.033374 1.3666 0.24203 0.13265 0.43913 0.17309 2.0283 -0.15363 -0.42842 0.47794 -1.0652 -1.743 -0.74096 -1.1624 0.61805 2.4044 0.81143 0.63718 2.1007 1.6548 -0.29999 0.91969 -0.53819 -0.52099 1.719 -1.3456 0.22969 -2.2818 -1.2799 -1.412 -0.50886 0.22589 0.16443 0.96328 0.13389 0.092804 2.1367
-0.69951 0.91021 -0.52627 1.4145 0.93794 0.27007 0.17182 -1.1514 1.2432 0.78391 0.84367 0.89032 -1.0445 -0.64906 -1.3543 -1.3674 -0.5771 1.2444 -0.37384 0.17151 1.0511 1.5054 -0.090271 0.75648 0.21518 0.75878 1.881 -0.50362 1.2204 -2.3341 -1.7761 -1.1022 -0.6213 -0.92789 -1.2518 -0.55655 -0.48861 0.99007 1.7769
-0.97117 0.43694 -0.19651 1.442 1.3658 0.4265 0.19219 0.65508 1.5014 2.3539 0.57258 0.15483 -1.0971 0.078572 -0.99514 -0.10069 -1.3772 -0.049382 -0.94607 0.007351 0.5455 1.8701 -0.0094475 0.40916 0.96799 1.1161 0.98202 0.39604 1.9016 -1.8072 -1.7571 0.022019 -0.64091 -0.8566 -1.5788 -0.30304 -0.95457 1.0878 0.60879
-0.66088 -0.7038 -1.141 0.37323 1.3818 0.08931 0.76391 1.5035 1.1639 -0.88292 1.3217 0.39031 -0.028696 0.18572 -0.57329 0.88615 -1.8544 0.033457 0.095548 -0.21875 0.16769 -0.79745 -1.2733 -0.23833 1.3522 0.98939 -0.25746 0.94826 1.6367 -0.94718 -1.0622 1.0652 -0.27473 -0.17158 -1.5867 -0.06451 -0.88917 0.48027 -0.61267
-0.0081389 -0.7263 -0.78618 -0.25763 0.24049 -1.5891 0.062413 -1.393 1.2634 -0.72219 -0.27564 1.3791 0.68112 -0.40026 -0.40337 1.2184 -2.3391 -0.48659 0.62993 -0.35946 0.84693 -0.35263 -0.30068 -0.48763 1.1297 0.51874 -0.80315 1.0992 0.73482 0.31442 -0.29837 1.3388 -0.079918 -0.071627 -1.0689 1.127 -0.57244 -0.39196 -1.2698
-0.64706 0.17211 0.88721 -0.60871 0.30293 -0.47848 -0.21406 0.29353 2.4304 -1.0983 -0.15688 1.4619 -0.098293 -0.86393 0.099612 0.99314 -1.9769 -0.65854 0.91091 -0.15383 0.57144 -0.55808 -0.065055 -0.56886 1.1242 -0.10296 -0.29844 0.39221 -0.73255 0.92229 0.15822 0.49612 0.41658 0.38364 0.28556 1.6612 -0.14015 -0.75244 -0.74497
-0.8047 0.2531 0.90562 -0.8331 1.0877 1.5801 0.24912 0.25554 -0.26701 -0.52662 0.032165 2.4799 -0.30954 -0.82579 0.69749 1.206 -0.68081 -0.31373 1.2488 -0.17047 0.21405 -0.38235 1.6227 -0.56479 0.28232 -0.74378 1.0015 -0.59833 -1.9923 1.0649 0.40023 -0.70322 0.78013 -0.27087 0.37074 0.62622 -0.38718 -0.34597 0.60454
-1.6182 -0.06024 0.37854 -1.9297 0.47136 1.2065 -0.33013 1.2662 1.3206 2.0881 0.71663 1.316 -0.50979 -0.129 -0.4027 -0.44793 -0.83618 0.24002 0.75715 0.4675 1.2627 -0.18982 1.058 -0.47299 0.23662 0.20939 2.0569 -1.3505 -2.2682 0.69268 0.098014 -1.8013 0.59118 -0.70371 0.89144 -0.69546 -0.98598 -0.039575 1.7208
-1.7956 -0.11222 0.11446 -1.2172 0.32866 0.79334 0.50694 1.4501 0.81022 0.096201 -0.2668 1.4924 -0.65478 1.0273 -1.2639 -1.7198 -0.77757 -0.16407 -0.64407 0.78874 -0.025731 0.2274 0.38361 -1.3037 0.86811 1.5095 2.5041 -1.3593 -1.7346 0.36774 -0.45083 -2.0049 0.13687 -1.3704 0.37153 -2.2883 -1.3904 0.16089 1.9184
-0.79762 0.36806 0.72029 -0.062748 0.60718 0.89134 0.11845 -0.25847 1.0962 0.70772 -0.10753 0.95206 -0.49303 1.8901 -1.423 -1.7104 -0.53906 -0.55949 -1.6194 0.47299 -0.69912 0.94903 -0.81388 -2.1671 0.75457 2.0335 1.9249 -0.28678 -0.19287 0.49193 -0.79752 -1.2442 -0.73162 -1.7617 -0.29159 -1.6114 -1.1139 -0.48667 0.75332
0.16052 -1.5349 -1.2596 -2.3537 0.75848 -0.42871 0.7247 1.1725 1.4452 -0.076468 -1.1602 2.5428 1.4763 2.6441 -1.312 -1.3471 -0.08788 -0.82597 -1.4338 0.085792 -1.5255 -0.186 -1.9602 -2.4955 0.35792 1.9819 0.57091 0.82651 0.82926 0.66141 -0.56812 -0.063902 -1.1052 -0.72557 -1.078 -0.61341 -0.034837 -1.4824 -0.86679
0.48063 -1.3032 -1.0468 -1.9476 0.12222 -0.47338 0.9729 0.15917 1.8629 -0.24352 -1.6746 3.3359 1.7266 2.5072 -0.91389 -0.98137 -0.19188 -1.0269 -1.2462 -0.54199 -1.4883 -0.55176 -0.95023 -2.1009 -0.5023 1.4023 -0.84973 1.8916 1.3768 1.3043 -0.23049 0.7692 -1.1659 -0.36358 -1.6483 0.44498 1.2466 -2.1661 -2.2762
0.91 -1.2872 -0.93181 -1.6445 0.017172 -0.59425 0.28942 -0.31812 1.1252 -0.63952 -2.3637 2.344 1.5597 1.7443 0.006132 -0.55033 0.37597 -1.0744 -0.94379 -0.76153 -1.0652 -1.1733 -0.75431 -1.399 -1.5405 0.18301 -1.7942 2.1965 1.3512 1.5125 0.15546 0.89528 -0.94311 0.33843 -1.1253 0.90725 1.7432 -1.8156 -2.6781
1.4223 -1.3406 -0.89078 -1.2196 -0.86192 -0.68486 -0.31236 -0.78321 0.5142 -1.1455 -2.2978 0.69798 1.2411 0.82755 1.4131 0.4328 1.8382 -0.91133 -0.36462 -1.2743 -1.6412 -1.856 -0.52952 -0.21059 -2.7359 -1.381 -2.0307 1.8392 0.96358 1.3477 0.55175 0.76878 -0.30491 0.7316 -0.52976 0.44288 1.9529 -0.56361 -2.0586
1.4718 -0.87917 -0.78215 -1.1157 -0.55663 -0.93673 -0.2392 -0.7165 0.22083 -0.48103 -2.563 0.70156 0.9675 0.28419 1.5838 0.44037 1.9215 -0.59623 -0.1308 -1.3035 -0.76061 -1.7801 -0.36892 0.058968 -2.2458 -1.7023 -1.7216 0.74811 0.46521 0.36167 0.91424 0.6595 0.35556 1.0171 0.24916 0.78342 1.67 0.78985 -0.68856
1.4895 -0.037466 -0.69292 -0.30658 -0.39644 -0.83396 -0.45616 -0.83559 0.015066 -0.32643 -1.7397 -0.10476 0.37215 -0.38495 1.6954 0.30448 1.7312 -0.19443 -0.15376 -0.83604 -0.16794 -1.2963 -0.25975 1.0898 -1.3015 -1.5565 -1.0367 -0.64274 -0.15128 -0.9759 0.86565 0.54849 0.77709 1.2777 0.89427 0.88242 0.94724 1.2447 0.73512
0.94694 0.32239 -0.72152 0.43823 -0.58086 -0.86508 -0.88336 -1.3565 -0.75563 -1.2243 -1.4849 -0.24054 -0.1917 -0.71955 1.2445 0.37785 1.1589 0.35592 0.23816 -0.31375 0.2404 -0.93366 0.66754 1.3038 -0.63268 -1.0336 -0.45305 -1.3881 -0.27368 -1.7306 0.56864 0.50099 0.82207 0.6507 1.0774 0.73692 0.11302 0.77972 1.4842
0.99591 0.3683 -0.41463 0.60633 -0.86909 -0.49163 -0.99632 -0.66068 -0.29669 -0.95245 -2.3501 0.71088 -0.22819 -0.51708 0.38894 0.19352 0.28151 0.30523 0.52336 -0.31603 0.42028 -0.46157 0.70481 1.0721 -0.98421 -0.32087 0.27797 -1.7097 -0.0494 -2.0351 0.097707 0.40684 0.83431 0.32932 1.0649 0.54906 -0.75773 -0.15387 1.7213
0.59663 0.57551 -0.68919 0.44547 -0.38673 -1.0487 -0.84409 -0.50769 -0.60542 -1.1256 -0.56167 -0.022228 -0.19426 -0.45347 -0.33579 4.6095e-05 -0.79674 0.25895 0.51112 -0.026401 0.25658 -0.011189 0.61358 0.30175 -0.80024 0.4944 0.59907 -1.4263 0.22286 -1.5224 -0.45982 0.10105 0.87756 -0.037204 0.79158 0.23272 -0.99102 -0.8099 1.3783
0.73019 0.053705 -0.32595 -0.0068349 -0.11385 -0.1169 -0.42175 -0.46942 -0.69104 0.76137 -0.88057 -0.38629 0.14323 -0.015708 -0.6823 0.41034 -1.3412 0.027331 0.50797 0.5802 0.4942 0.40355 0.86041 0.080412 -1.5289 0.94358 0.60578 -0.8441 0.53475 -0.47533 -0.74268 -0.12278 1.0411 -0.23511 0.45328 0.30121 -0.93346 -0.51312 0.67663
1.0586 -0.23849 -0.66802 -0.70296 -0.20917 -0.084537 -0.97278 -0.36549 -0.25927 0.10461 -1.3518 -1.2021 0.4759 0.10571 -0.8634 0.68745 -1.0577 -0.43492 0.45205 0.87873 0.14252 0.2448 1.0572 -0.17813 -2.0175 0.94806 0.4948 -0.23451 0.61139 0.64018 -0.85982 -0.2991 0.73032 -0.017128 -0.041099 0.017185 -0.13062 0.05384 -0.1509
0.59435 -0.22437 -0.75598 -1.1142 -0.38965 -0.2386 -0.66926 -1.0157 -0.17003 -0.62427 -1.7438 -0.73787 0.79109 0.29127 -0.91365 0.84182 -0.52777 -0.83725 0.32575 1.177 0.021624 0.34069 1.0859 -0.55041 -1.4239 0.73595 0.10261 0.24965 0.49754 1.2768 -0.40916 -0.29778 0.21603 0.2057 -0.56057 0.00814 0.56693 1.0309 -0.75523
1.0247 -0.37086 0.28024 -1.0105 -0.92492 -0.12185 0.15124 -0.13844 -0.098398 -0.19506 -1.4872 -2.0213 0.79287 0.28271 -0.65865 0.91735 0.08132 -1.0299 0.033729 1.0411 0.472 -0.044335 0.54199 0.36301 -0.73784 0.31312 -0.25639 0.85765 0.32811 1.3852 0.46688 -0.39297 -0.56071 0.71133 -0.66161 -0.079966 0.75626 1.3548 -1.1472
0.96207 -0.6305 0.38986 -0.4046 -1.3248 0.034621 0.26768 -0.41299 -0.27389 0.94487 -1.816 -1.9848 0.79421 0.084795 -0.32742 1.2189 0.64366 -0.50472 0.15118 0.90566 0.75309 -0.56179 1.1413 0.95307 -0.049296 -0.16964 -0.79874 1.4074 -0.2185 1.1715 1.2087 -0.44572 -1.2673 0.59523 -0.36516 -0.31822 0.9672 1.772 -1.3259
1.0298 -0.74728 0.11809 -0.36398 -1.0664 -0.32668 0.80146 -0.55573 -0.20782 0.96577 -0.99677 -1.607 0.7377 -0.24343 0.42567 1.1106 1.127 0.30249 -0.2109 -0.027762 1.209 -0.6172 0.87856 0.59263 0.079228 -0.77287 -1.0539 1.631 -0.54812 0.70598 1.4375 -0.36467 -1.3692 0.2107 0.37359 -0.53551 0.40783 1.6564 -1.2162
1.1862 -0.78405 0.51203 -0.29767 -1.3485 0.086629 0.27379 0.43999 -0.74372 0.67897 -0.39808 -1.2121 0.59239 -0.86698 1.1436 0.35094 1.2937 0.86788 -0.40428 -0.64874 0.85377 -0.08956 0.29545 1.2799 1.8077 -1.2335 -1.0729 1.3991 -0.87061 0.25073 1.1702 -0.01811 -1.1285 -0.38977 0.92195 -0.70193 -0.17951 0.94598 -0.85373
0.82689 -0.38882 0.85729 -0.045854 -0.57128 0.17256 0.084125 0.35971 -0.94473 1.0746 -0.55521 -1.118 0.28457 -1.1186 1.619 0.35047 1.1723 1.1079 -0.38397 -0.73197 0.85526 0.48944 -0.087064 1.0241 1.7365 -1.4596 -0.91403 0.62387 -0.80894 -0.20127 0.73481 0.39267 -0.2592 -0.87007 1.0726 -0.55063 -0.51407 0.21047 -0.28027
0.16122 0.69817 0.92957 0.69446 -0.022503 -0.88652 -0.71064 0.85403 -0.66618 0.31275 -1.6904 -1.4271 -0.35314 -1.3887 1.6599 0.004616 1.1291 1.3878 0.21323 -0.84344 0.16577 0.75826 0.24298 0.38523 1.0674 -1.4437 -0.3041 -0.33731 -0.72092 -0.46011 0.30588 0.86746 0.56657 -0.84788 0.57439 -0.48818 -0.99564 -0.98763 0.30636
-0.10804 0.92113 0.34251 1.0071 -0.212 -0.5571 -0.36303 0.4736 0.26388 0.70667 0.78272 1.1725 -0.76413 -1.6099 1.3171 -0.19708 0.81604 1.4763 0.25113 -0.41019 -0.16927 1.1355 -0.1771 0.017642 0.88565 -1.1981 0.42692 -1.2285 -1.2241 -0.95954 -0.071412 0.93629 0.93241 -0.92409 0.09018 -0.46085 -0.56406 -0.99959 0.85894
-0.17392 1.0125 0.76866 0.93835 -0.10153 -0.32319 -0.21059 0.52769 0.41737 0.98338 -0.57436 -0.18408 -0.81513 -1.1589 0.66575 -0.69415 0.56237 1.2688 0.96815 0.25088 -0.31199 0.7614 -0.61792 -0.20391 0.21125 -0.7825 0.89927 -1.3701 -0.95846 -1.1839 -0.43565 0.49375 1.0556 -0.51334 -0.66103 -0.76033 -0.20473 -0.88185 1.0376
-0.5268 0.94977 0.12946 0.95309 0.78725 0.73932 -0.54653 -0.293 0.19303 1.296 -0.58633 -0.85107 -0.86837 -0.46505 -0.16163 -1.545 -0.44967 1.0061 1.0618 0.46377 -0.73592 0.68747 -0.56095 0.19627 0.11819 -0.16094 0.81321 -1.0971 -0.3105 -0.97755 -0.76231 -0.099933 0.77978 -0.021746 -1.0487 -0.12696 0.77836 -0.61209 0.86065
-1.0159 0.86365 0.67876 0.75377 0.75705 0.15852 -0.3704 0.65998 0.48077 -0.13044 -0.7344 0.026284 -0.887 -0.34879 -0.14024 -1.0774 -0.59087 0.74096 0.77436 0.69233 -0.5616 -0.32981 -1.0618 -0.10669 -0.35367 0.0055444 0.32134 -0.62905 0.61471 -0.55564 -0.88524 -0.97057 0.49744 0.50302 -0.69423 0.49377 0.75183 -0.43413 0.52838
-0.56546 0.83155 -0.22047 1.1695 1.1385 1.3446 0.42735 0.12968 -0.1016 -0.15535 -1.1576 -0.97005 -0.89443 -0.55643 -0.31441 -0.56899 -0.54866 0.21198 0.16512 0.8273 -0.074542 -0.4111 -0.19909 1.5358 -0.083219 0.04037 -0.048846 -0.1877 1.3422 -0.041224 -0.80101 -1.2438 0.21246 0.86661 0.14756 1.115 0.5632 -0.89219 0.23259
-0.18556 0.49064 -1.5968 -0.35652 0.81851 0.20325 -0.22234 -0.44001 0.99028 0.044897 0.02324 0.18197 -0.56705 -0.5335 -0.42637 -0.04301 -0.48808 -0.10559 -0.45197 1.0007 0.37404 -0.068184 0.18497 0.63995 -0.57425 0.11945 -0.17266 -0.18287 1.3072 0.0040683 -0.62008 -1.0682 -0.33624 0.76267 1.1606 1.414 0.23407 -0.59448 0.13747
-0.78785 1.0344 -0.0076884 0.4813 0.54531 0.74149 0.76853 -0.14599 -0.6529 -0.40965 0.34482 0.24756 -0.91212 -0.45428 -0.37048 0.41584 -0.57514 -0.17549 -0.7224 0.70959 0.53826 0.87173 1.0282 0.95871 -1.5975 0.22399 -0.10474 0.003129 1.0726 0.081296 -0.24902 -0.45185 -0.7634 0.39356 0.7677 0.26763 -0.63071 -0.14337 0.070372
-1.3914 0.45755 0.54029 0.39957 0.44998 0.098437 0.59895 0.66555 0.013278 1.5794 1.5573 -1.1322 -0.81416 -0.70265 -0.45518 0.84379 -0.56138 -0.31216 -0.83945 0.12771 0.66666 1.3825 1.1286 0.65829 -0.81173 0.17531 0.027329 0.065363 0.49983 -0.024782 -0.13703 0.056773 -0.94349 -0.21156 0.50754 -0.70943 -0.71298 1.057 0.071971
-1.2713 0.30576 0.071269 0.32939 0.95382 -0.013147 0.79809 0.57895 0.58701 0.53428 -1.3743 -1.6592 -0.67419 -0.6533 -0.29885 0.96946 -0.34175 -0.19746 -0.50536 -0.15646 0.57752 0.42655 -0.13436 0.27068 -0.25415 0.14682 0.22522 0.19383 -0.10007 -0.018291 -0.44763 0.36593 -0.1424 -0.92295 0.31619 -1.653 -0.91176 2.1073 0.093482
-1.0544 0.49002 0.56361 -0.2202 0.6248 -0.52228 0.59378 1.1105 2.1557 0.89553 0.76712 -2.3573 -0.50524 -0.37949 -0.34589 0.60792 -0.64606 -0.38576 -0.44001 -0.32246 -0.054319 1.1939 -0.62974 -0.4368 0.92717 0.29545 0.47322 0.45708 -0.53989 0.40464 -0.29302 0.74286 0.69872 -1.3285 -0.29751 -1.3353 -0.13278 1.3136 -0.0074099
-1.2315 0.17003 -0.082755 -0.12227 0.47497 0.18738 0.1202 0.23471 1.5542 1.163 0.19625 -0.30511 -0.66624 -0.20782 -0.071134 0.35748 -0.56114 -1.0444 -0.2031 0.67276 -0.92905 1.6204 -1.3549 -0.31273 1.861 0.34211 0.55271 0.51633 -0.76005 0.94861 0.22136 0.87261 0.94583 -0.94374 -1.0318 -0.33073 -0.21997 0.49123 -0.27051
-1.3101 0.46437 0.28842 -0.51276 0.3842 -0.33784 -0.14637 0.35649 -0.29149 -1.1274 0.89898 0.44307 -0.5423 -0.074275 0.27201 0.16406 0.36339 -0.48848 0.45817 1.0201 -1.2168 0.20498 -0.89502 0.69152 0.83018 0.064588 0.74056 0.607 -0.59311 1.3478 0.78583 0.83987 0.64778 0.36615 -1.3633 0.23069 -0.2045 -0.77111 -0.52399
-1.617 0.3892 1.368 -0.19901 -0.057528 -0.00030647 0.78013 0.08523 1.6907 -0.16747 -0.61992 0.66211 -0.50668 0.18721 0.34287 -0.1995 1.0534 0.27182 0.74551 0.94019 -0.71049 -1.1371 -0.64868 -0.72661 0.80666 -0.24957 0.91016 0.39518 -0.70544 1.078 0.92894 0.67843 -0.54367 1.1667 -0.72619 0.99318 -0.36158 -1.197 -0.57427
-1.4949 0.27486 0.44842 -0.40169 -0.94283 -0.38782 2.2643 -0.62694 3.4227 -0.096576 0.37465 0.22514 -0.23069 0.75172 0.56553 -0.19726 1.2426 0.49087 0.72225 0.75582 0.58009 -0.15264 -0.51938 -0.63201 -0.12327 -0.40106 0.8752 -0.41237 -0.73728 0.46068 0.19252 0.057127 -1.2262 1.3275 -0.18024 0.7309 -0.30773 -0.44931 -0.1696
-1.0019 0.92778 -0.021903 1.2723 1.1609 1.0776 1.6103 -0.67264 0.15038 -0.24967 0.50148 -1.9868 -0.78346 1.0109 0.50863 -0.75226 1.1572 0.28383 0.98887 -0.20549 0.51307 0.35604 0.42885 -0.3678 -0.11376 -0.51273 0.50516 -1.2057 0.014694 0.022271 -0.83386 -0.69975 -1.4296 0.90684 -0.47479 0.61935 0.090329 -0.026315 0.39857
-0.77695 0.7416 0.092985 1.1374 1.1424 0.68529 0.77264 0.61586 -0.41986 0.10259 -0.71243 0.50454 -1.0332 1.0831 -0.57848 -0.90855 1.2383 -0.13363 0.45766 -0.69046 0.83268 -0.88617 0.019068 -0.096827 0.37303 -0.12436 -0.26654 -1.5811 0.76573 -0.53913 -1.8426 -1.6004 -0.77795 0.013525 -1.0361 0.31081 -0.12616 0.4313 0.81846
-0.29694 0.94519 0.13835 1.0305 0.54191 0.87642 0.81428 1.5183 1.8802 -0.75946 -0.3678 0.29061 -1.0524 0.92968 -1.3205 0.19106 1.1081 -1.0857 -0.46635 -0.99953 0.98546 -1.7076 0.31432 -0.80573 0.50899 0.36861 -0.69757 -1.051 1.4446 -0.8363 -2.1775 -1.7007 0.28885 -0.91242 -0.47608 0.34291 0.1376 -0.18123 0.88186
-0.41735 0.96368 -0.19967 0.70879 -0.15349 1.0689 -0.13421 0.054072 1.6236 -0.012976 0.3491 0.37091 -0.94033 0.32183 -1.45 0.74817 0.20015 -2.4899 -1.6381 -0.29455 0.38417 -1.1875 0.15984 -0.65826 0.45472 0.71077 -0.50755 -0.15688 1.4563 -1.2022 -1.9149 -1.1122 0.42449 -1.8672 0.40277 0.79737 0.30456 -0.66379 0.81794
-0.41422 -1.2276 0.023524 1.8751 -0.67038 0.21222 1.1501 0.61977 0.55007 -0.095119 -0.52362 0.58119 -0.19542 0.151 -1.0048 1.0859 0.016668 -2.8663 -1.2452 0.13905 -1.0695 -0.43318 1.0439 0.19609 -0.52195 0.7424 0.22715 0.51958 1.059 -1.1942 -1.1535 -0.18596 0.058451 -2.1323 1.2826 0.69641 0.35987 -0.94463 0.6589
-0.15654 -1.0001 0.88057 1.7847 -1.5215 -0.9657 0.72131 0.72907 -0.95749 0.39364 -0.90245 -0.38703 0.082202 0.57139 -1.0312 1.332 -0.60526 -3.052 -1.2956 -0.46425 -1.8513 -0.69479 1.2386 0.019886 -0.46891 1.2403 0.91564 1.0611 0.81474 -1.1274 -0.14993 0.83219 -1.0302 -1.628 2.0222 0.47527 -0.1124 -0.66483 0.45989
-0.73907 -0.084006 0.91407 0.994 -1.7494 -1.3454 0.88075 0.35583 -1.4236 -0.42255 -0.63612 -0.54573 -0.39153 1.2164 -0.57315 1.8559 -0.86256 -3.1069 -0.98705 -0.80194 -2.1369 0.64517 1.1596 -0.41636 -0.9628 1.3539 1.0029 0.90763 0.39172 -1.2 0.88167 1.1715 -1.5069 -0.33574 2.5718 -0.40209 -0.43439 0.32868 0.33304
-0.27253 0.076788 1.2798 0.83157 -2.7309 0.010895 0.71405 -0.99341 1.8 1.7714 0.25003 0.24777 -0.3301 1.4306 0.29286 1.8704 -1.6003 -2.6862 -0.14546 -1.742 -2.3163 2.3607 1.0493 -0.56968 -0.6844 1.2778 0.55681 0.69638 -0.14929 -0.94241 1.9827 1.3489 -1.2566 0.77706 1.965 -0.84177 0.2165 0.81504 0.042689
0.85007 -0.90331 1.3865 -0.10643 -3.615 -0.8496 -0.67443 -1.4488 1.0459 0.58242 -0.24489 -0.20943 1.0879 1.5188 0.0078369 1.5454 -1.8708 -1.3248 0.45824 -2.0291 -1.4934 3.2325 0.35047 -0.37181 0.26462 1.3559 -0.31471 0.43974 -0.82419 -0.70871 2.8682 0.8947 -0.67455 1.6446 -0.65185 -1.2752 1.0675 1.1173 -0.31655
1.2005 -0.75255 2.2848 0.42898 -4.134 -0.78358 -0.64708 -2.3284 1.7219 1.3387 -1.0607 -1.2881 1.0509 1.4206 -0.037939 1.2203 -1.9724 -0.04036 0.60375 -2.1908 -0.60971 1.9838 -0.014608 0.43883 0.59405 1.3211 -1.0711 0.53382 -1.322 -0.18007 3.1229 0.38175 0.30495 1.9498 -2.6675 -1.1503 1.8147 0.91966 -0.90461
1.0008 -0.52614 2.4836 -0.40651 -3.797 -0.35696 -1.1514 -1.4418 2.7743 0.97956 -1.6903 -0.33159 1.2225 0.66485 0.40122 0.67203 -2.0817 1.2247 0.38107 -1.832 0.30368 -0.46 -0.82351 1.2253 0.69473 0.73313 -1.3136 0.89684 -1.74 0.21502 2.4069 0.011816 0.79348 1.3981 -3.6686 -0.79175 1.9176 0.55759 -1.2753
1.2179 -0.40638 2.4357 -1.2986 -2.4071 -0.24186 -1.8134 -0.65114 2.875 0.23088 -0.51482 0.5344 1.2592 -0.050212 1.0792 -0.11792 -1.8458 2.1975 0.64277 -1.268 0.68797 -1.1427 -0.63179 2.2746 0.99186 -0.12466 -0.94734 0.74434 -1.7872 0.9421 0.99832 -0.24106 1.0672 0.26759 -2.9927 -0.53726 1.0717 0.12456 -1.3136
1.0465 0.043244 2.097 -1.8621 -2.0077 0.11441 -1.9626 -1.0966 1.3515 0.36215 1.2 0.53429 1.1477 -0.086896 1.104 -0.97981 -1.4971 2.2982 0.47218 -1.0067 0.65999 -2.5686 -0.89976 2.5593 1.2142 -0.33764 -0.33896 0.33076 -1.321 1.8747 -0.71066 -0.5512 1.0484 -0.58034 -1.2918 0.10241 -0.48274 -0.50513 -1.0244
0.91243 0.14078 2.0339 -2.0404 -1.9053 0.12658 -1.9622 -1.1469 0.31428 0.54315 1.4982 0.5821 1.0265 0.10969 0.98322 -1.2349 -0.37778 1.378 0.10208 -0.60908 -0.24078 -2.966 -1.0319 1.9262 0.59437 -0.63264 -0.18562 -0.054282 -0.65191 2.3028 -1.5426 -0.64777 1.0732 -0.57044 0.23501 0.28697 -1.7974 -1.0215 -0.78871
0.92208 0.47964 1.4608 -2.0709 -1.2439 -0.067467 -2.2507 -0.92761 0.17379 -0.038347 1.5457 0.30444 0.87696 -0.014987 1.0565 -1.1927 0.93089 0.20842 -0.40515 -0.20234 -0.3763 -2.1297 -0.41367 0.43995 -0.1384 -0.95386 -0.69613 -0.21961 -0.24722 2.3415 -0.93568 -0.37069 1.366 0.10693 1.7157 0.3355 -2.0644 -1.0679 -0.79286
1.1768 0.61245 1.2422 -1.5379 -1.345 0.050895 -2.0321 -1.1391 -0.87278 0.014821 1.1315 0.77896 0.68016 -0.41211 0.99783 -1.2034 1.5407 0.17028 -0.16209 0.33534 0.081496 -0.87107 -0.30003 -0.25892 -0.42312 -1.3107 -1.1947 -0.45902 0.054783 1.7032 0.15751 -0.029034 1.8604 0.94663 1.9365 0.24757 -1.5248 -0.53542 -0.57072
1.2839 0.62525 1.1487 -1.0224 -1.9748 -0.19978 -2.2308 -1.6425 -0.32413 -0.9084 0.87076 0.81301 0.42932 -1.064 0.6857 -1.4427 2.2212 1.0308 -0.10282 1.0728 0.72546 -0.14537 -0.59494 -0.47621 -0.46362 -1.5006 -1.3342 -0.74523 0.1808 0.57135 0.94548 0.3238 1.9652 1.255 1.779 0.2081 -0.25211 -0.18195 -0.19655
0.93699 1.1713 1.0692 0.027124 -2.2123 -0.89212 -2.0669 -1.0358 0.097467 0.3378 0.67357 0.0055526 -0.059273 -1.4945 0.31471 -1.0012 2.3818 1.2584 -0.094727 2.2272 1.11 -0.043247 -0.44445 -0.66283 -0.33705 -1.4402 -0.68995 -1.0303 -0.11952 -0.64884 0.71378 0.27447 1.3231 0.99036 0.90233 0.73901 0.34024 0.22116 0.44021
0.082698 1.313 0.5613 -0.18651 -1.2336 0.51655 -1.2108 -0.74503 -0.070764 0.10245 1.445 -0.11441 -0.60681 -1.8518 0.01463 -0.95317 1.6579 1.5149 0.19862 2.5212 1.6263 1.0544 0.077328 0.14437 -0.55027 -1.2608 0.53805 -1.3199 -0.47424 -2.0225 -0.15913 0.12791 -0.013069 0.24636 0.061756 0.71524 0.15141 0.14563 1.1876
-0.57531 0.7791 -0.046036 1.092 0.45485 -0.13203 -0.38592 0.19719 -0.10438 -0.94087 0.7603 0.17223 -0.74581 -1.2452 -0.57749 -1.6602 0.53656 1.3204 0.22914 2.0827 1.6199 0.36291 0.83272 0.11989 0.078434 -0.59519 1.6593 -1.3206 -0.39713 -2.4944 -1.2184 -0.19149 -1.2846 -0.46803 -0.396 0.73952 -0.55048 -0.26703 1.6843
-0.49554 0.77644 0.61645 1.1633 -0.14952 -0.34911 1.0265 0.16657 -0.47372 -0.71659 0.27659 0.33171 -0.71393 -0.22172 -1.315 -1.978 -0.88146 0.66498 -0.0065597 1.1243 0.97523 -0.20605 0.18836 -0.55673 -0.3681 0.32921 2.1684 -0.85293 0.3355 -1.9993 -1.9795 -0.19816 -1.8564 -1.3086 -1.0152 0.53748 -1.2843 -0.89158 1.6214
-0.83168 0.67854 0.16097 0.31288 -0.38729 0.41277 0.57639 0.58079 1.4738 0.38904 1.7633 -0.081002 -0.85637 0.66065 -1.4685 -1.2117 -1.3148 -0.74717 -0.3523 0.53317 0.51519 -0.19175 0.96993 -1.4075 -0.97152 0.95862 1.5356 0.020118 1.2246 -0.74802 -1.6028 0.015472 -1.7004 -1.3325 -0.5369 0.19685 -1.1084 -1.4022 0.88472
0.16699 -0.01714 -1.4145 -0.48303 -0.88531 -0.19467 -0.33148 0.29978 -0.33289 0.93265 0.75008 0.89095 -0.19806 1.0749 -1.1226 -0.55209 -1.3953 -1.3877 0.11625 -0.16306 -0.41847 -0.69306 1.079 -1.6572 -1.85 1.037 0.45538 1.0297 1.8671 0.84805 -0.30642 -0.020338 -0.60439 -0.9405 -0.62736 -0.13159 -0.42781 -0.76476 -0.12691
0.51929 -0.53518 -1.4365 -1.4759 -0.83074 -0.55986 -0.6062 0.14924 -0.63542 -0.35875 -0.31373 -1.3305 0.36204 0.85565 -0.6411 -0.11153 -0.6901 -0.84442 0.20825 -0.44165 -0.32795 -0.45587 0.78393 -1.5429 -2.053 0.72904 -0.77839 1.64 1.8184 1.5408 1.4084 0.20532 0.12966 -0.43515 -0.30228 -0.86293 0.59679 0.27883 -1.0438
0.44546 -0.48066 -0.13356 -0.84589 -1.6734 -0.01205 0.49839 0.31409 -0.1162 1.0441 -0.78862 -1.2914 0.40026 0.50003 0.17185 0.91577 0.50551 0.087314 -0.31564 0.48808 -0.46601 -1.3183 0.028275 -1.3386 -1.3919 0.20439 -1.4531 1.6401 1.4293 1.8212 2.0603 0.079368 0.17212 0.12919 0.054114 -1.2258 1.0443 1.3498 -1.4371
0.48682 -0.21975 -0.059789 -0.07057 -1.2278 0.29209 -0.011649 -0.58931 -1.0108 0.23448 -1.1208 -2.1301 0.17986 -0.43686 0.9139 1.4086 0.81557 1.2818 0.27172 0.45315 -0.31578 -0.46928 -0.20431 -0.36377 -0.62404 -0.60288 -1.3767 1.1295 0.43636 1.1536 1.5672 0.051238 -0.26929 0.19591 0.33789 -1.357 0.93292 1.9644 -1.2899
0.23499 0.25264 0.12695 0.0032908 -1.0667 0.2085 0.17704 0.29442 0.22125 0.85293 -0.34622 -1.7935 -0.14643 -0.86928 1.1298 1.3261 1.4918 1.6055 0.24875 -0.2857 -0.15355 -0.55933 -0.84429 -0.14722 0.2094 -1.0202 -0.91997 0.32795 -0.54219 0.2428 0.47128 0.22223 -0.567 0.17114 0.72626 -1.0997 0.62513 1.8057 -0.71662
0.12672 0.74458 0.41543 0.63124 0.022853 -0.81729 1.0529 -0.098373 -1.412 0.2212 0.10711 -0.88271 -0.42309 -0.91359 0.96509 0.49421 1.1253 1.4771 0.035823 -0.55336 -0.080077 -0.13729 -1.4567 -0.26212 1.1811 -1.1029 -0.22321 -0.33622 -0.91927 -0.13108 -0.33681 0.32962 -0.42001 -0.1776 0.13004 -0.4452 0.27152 1.0829 -0.00067376
-0.37731 0.72248 -0.059062 -0.37321 0.93227 0.5887 -0.39107 -0.15123 -0.84406 0.11653 -0.41418 -0.51736 -0.7023 -0.8995 0.74839 0.38303 0.84295 0.90202 0.24312 -0.062568 -0.22918 -0.0046973 -1.5134 -0.12957 1.4147 -0.90308 0.084474 -0.71289 -0.83725 -0.51517 -0.61664 0.76248 0.20986 -0.11578 0.45567 0.45726 0.76852 0.35394 0.43234
-0.551 0.61095 0.87569 1.2702 0.2632 0.041414 -1.0011 0.0039273 -1.1158 -1.5223 -1.2824 -1.8238 -0.74776 -0.81485 0.4779 0.19629 0.88673 0.94709 0.92325 -0.43814 -0.61895 -0.46678 -0.74314 0.17885 0.99957 -0.66176 0.20122 -0.7302 -0.10012 -0.37149 -0.57259 0.61584 0.86315 0.29115 0.50904 1.2079 0.60813 -0.31054 0.59951
-0.4858 0.7487 0.24532 0.86942 -0.34708 0.16637 0.14475 -0.074937 0.067074 -0.56298 -1.1943 0.51778 -1.0075 -0.76205 0.049775 -0.057856 0.59189 0.63043 1.2918 0.051841 -0.10177 0.54048 -0.28945 1.1794 1.0308 -0.42029 0.2329 -0.53502 0.074994 -0.6046 -0.29459 0.031672 0.99038 0.74174 0.50267 1.4866 0.47959 -0.29647 0.58204
-0.60588 0.99984 0.43729 0.99732 0.028051 0.65286 0.53638 -0.82326 -0.97917 -1.3787 -0.36723 -0.43746 -0.94904 -0.61715 -0.041253 0.53827 0.51818 0.46002 0.71435 1.0032 0.4503 0.63258 0.32773 0.30918 0.74037 -0.20689 0.17931 -0.39498 0.076545 -0.71281 -0.11678 -0.7503 0.69508 1.1245 0.51546 0.90691 0.055399 -0.32508 0.54254
-0.87069 1.0377 0.38572 1.3003 1.2637 1.5659 -0.61466 -0.4885 -1.2824 0.56407 0.56247 -0.37021 -1.0219 -0.57658 0.013429 0.35793 -0.17034 0.54267 0.41945 1.0678 0.7291 0.47528 0.89874 0.77352 0.94054 -0.026189 0.18315 -0.34441 0.10093 -0.5114 0.0090996 -1.338 -0.16607 0.94609 0.074817 0.5445 -0.46325 -0.065866 0.41214
-1.051 0.51133 0.15727 0.90886 1.143 1.379 0.77477 0.21589 -0.030079 -0.79025 1.4539 0.6865 -0.98712 -0.58157 -0.23936 0.13713 -0.14553 0.7399 -0.082618 0.35409 1.2221 0.62121 0.46375 0.50027 0.38221 0.17065 0.27202 -0.36377 -0.081655 -0.32594 -0.4334 -1.394 -0.99218 0.10482 0.23206 -0.12163 -0.23007 -0.19985 0.27397
-1.1515 0.61678 1.3973 0.86314 0.72456 0.94252 0.788 0.78458 0.20432 -0.16536 -2.2348 -0.36334 -0.95469 -0.44696 -0.49304 0.33633 -0.08798 0.48846 -0.88963 0.070308 1.4129 0.71485 0.72671 0.16332 1.0792 0.1732 0.42488 -0.22785 -0.0044135 0.090478 -0.55573 -1.2894 -1.3181 -0.53152 0.029073 0.053676 -0.1601 -0.72794 0.10817
-1.1137 0.89548 0.88281 0.91823 0.26114 0.3099 0.73806 0.59221 -0.52091 -0.24794 0.30789 0.33259 -0.82511 -0.19032 -0.46571 0.40666 -0.16486 -0.39038 -1.3194 -0.34509 0.33081 0.9979 0.18036 0.1609 0.26549 0.21375 0.5194 0.071555 -0.38411 -0.050641 -0.52669 -0.47213 -1.0008 -0.87409 -0.35359 0.16257 0.51712 -0.94232 -0.065824
-1.2185 0.48603 -0.12639 0.73717 1.1628 0.46606 0.27128 1.07 0.5653 -0.217 0.25355 0.79641 -0.77312 -0.0074648 -0.2996 0.22291 0.027894 -0.011733 -1.4479 -1.0376 0.12779 0.36356 1.1538 0.63001 -0.49011 0.15829 0.41407 0.27259 -0.92403 -0.36198 -0.26026 0.58006 -0.62901 -0.87591 -0.39025 0.069278 0.20806 -1.3064 -0.15828
-1.2494 0.25895 1.1776 1.1663 1.3629 -0.26641 0.082605 0.91407 -0.55777 0.34926 0.52256 1.1319 -0.8244 0.13231 -0.20833 -0.50518 -0.29632 -0.072092 -0.70698 -0.955 0.13434 0.10346 0.57896 1.3104 -0.76199 0.054297 0.22756 0.44478 -0.90025 -0.27327 0.052138 0.99783 0.13759 -0.42113 -0.52247 -0.22208 -0.38851 -0.61042 -0.21327
-1.1004 0.32365 0.98768 0.7971 0.15529 -0.18412 -0.74037 -0.35344 1.0138 0.10565 0.65098 -0.49969 -0.76521 0.13717 -0.12202 -0.90042 -0.73599 -0.20565 -0.062251 -0.79431 -0.22286 0.3949 0.67163 0.012916 -1.0829 -0.046147 0.078573 0.35883 -0.74593 -0.14523 0.042047 1.1656 0.98349 -0.26987 -0.16892 -1.0282 -1.6926 0.48187 -0.20617
-1.0594 0.3257 0.75744 0.92354 1.1104 -0.98159 -0.22093 1.149 0.21837 1.0809 0.67943 -0.49045 -0.79905 0.14959 0.26379 -0.68057 -0.31975 -0.21031 -0.069807 -0.20638 -0.32064 -0.051013 -0.010622 -0.30132 -0.68603 -0.087352 -0.0078024 0.28081 0.085227 0.25442 -0.15614 0.59212 1.3029 -0.16431 -0.5749 -0.58519 -2.0325 1.1551 -0.13194
-0.96781 0.64035 0.15232 0.17503 0.32653 0.43511 -0.29282 1.1829 -0.19072 -0.069383 -0.054064 -0.94371 -0.86836 0.12995 0.12361 -1.0543 -0.24188 0.12053 0.50074 0.4263 -0.16976 0.11902 -0.57784 -1.9474 0.46503 -0.16074 0.12039 0.12011 0.65429 0.46997 -0.45053 -0.1131 0.67078 -0.45491 -0.69579 -0.15306 -0.52101 1.5449 -0.016431
-1.0752 0.5328 -0.87061 -0.26432 0.46321 0.47945 -0.5001 0.0053816 0.56387 0.68646 0.46632 -0.18827 -0.8649 0.12766 0.18378 -0.26352 -0.027872 -0.56414 0.16845 0.86862 -0.20668 -0.89734 0.053423 -1.7737 0.8385 -0.13754 0.31633 -0.036128 1.005 0.18463 -0.58137 -0.51994 -0.069309 -0.55565 -0.35005 0.79515 0.45497 1.2859 0.081181
-1.0851 0.73307 0.22731 1.1818 1.2564 -0.34459 0.046371 0.53108 0.15248 -0.48529 -0.087182 0.41978 -0.8891 0.36889 0.13557 0.10305 0.063421 -0.94014 -0.38978 -0.076923 -1.174 -0.56395 0.34406 -0.28711 1.3289 -0.051223 0.46313 0.08377 1.096 -0.1331 -0.70969 -0.83948 -0.57922 -0.46186 -0.065326 0.92879 1.7977 0.6311 0.14138
-0.99979 0.17138 0.22732 0.76178 1.069 0.5701 0.53339 0.38065 0.18018 -0.37323 -2.7695 1.3829 -1.0442 0.60093 0.18632 0.59814 -0.096057 -0.85025 -0.62059 -0.080338 -0.91362 -0.3958 1.1084 -0.21255 1.5247 0.012759 0.36937 0.11732 0.10032 -0.49909 -0.15643 -0.2313 -0.75223 -0.016968 0.81747 0.74785 2.0021 -0.076189 0.10432
-0.85103 0.77055 0.81781 0.49922 -1.2966 -0.51297 0.4672 -0.024125 -0.86135 1.2413 -0.55167 -0.46954 -0.87275 0.7264 0.27269 0.53982 -0.46508 -1.1606 -0.71942 -0.17592 -0.7243 -0.24508 0.73895 0.88084 1.4212 0.033089 -0.097573 0.21549 -0.36865 -0.35422 0.6494 0.39581 -0.46961 0.79489 0.68906 0.011957 1.687 -0.72049 0.0422
-0.43107 0.63774 0.14556 0.49742 0.05552 -1.229 -1.2608 -0.54378 -0.31542 1.1752 1.5045 1.4128 -0.84136 0.61448 0.32766 -0.28941 -0.75078 -0.78345 -0.10395 -0.4813 -0.45208 0.60635 1.3424 1.6607 0.6405 0.019037 -0.60923 0.040766 -0.31833 0.18067 1.5217 0.89025 -0.15282 0.92527 0.46706 -1.05 0.81052 -1.1257 -0.016813
-0.28104 0.93792 0.4159 -0.32639 -0.30269 0.2455 -0.12193 -0.10742 -0.03371 1.1884 -1.0298 1.4315 -0.86635 0.19348 0.45896 -0.12375 -0.30748 0.29125 0.12877 -0.74869 0.19416 0.3397 0.2579 2.1632 0.29726 0.026609 -1.0098 -0.17526 0.28288 0.79808 1.5874 0.90402 0.36251 0.89784 0.030223 -1.1245 -0.21305 -1.6942 -0.026201
-0.35627 0.79377 0.058043 -0.20905 -0.54337 -0.92822 -0.18922 -0.71634 0.39231 0.46726 1.385 2.0604 -0.88381 -0.21535 0.16397 0.35195 0.19358 1.4144 0.68942 -0.075298 0.48615 0.2698 -0.72082 0.77747 -0.21839 -0.014899 -0.98907 -0.34158 0.79005 1.052 0.90978 0.41803 0.6683 0.62148 -0.48907 -1.3756 -0.71897 -1.6289 -0.019799
-0.48284 0.92544 -0.073324 0.43324 0.38407 0.21525 -0.32479 0.38965 1.0043 1.604 0.55335 0.66042 -0.96243 -0.65707 0.025619 0.74762 0.66243 0.86108 0.64466 0.30097 0.61089 0.0021421 -0.44645 0.90316 -1.6209 0.0013629 -0.59448 -0.39632 0.31258 0.46388 -0.18562 0.12263 0.62628 0.034987 -0.15933 -0.45228 -1.2779 -1.3693 0.02432
-0.88885 0.94219 0.61768 0.35193 0.72036 0.33801 -0.91412 0.57936 -0.57217 0.061691 0.77424 1.0332 -0.91937 -0.72159 -0.0923 0.73674 0.87029 0.71158 0.458 0.24414 0.59258 -0.1909 -1.019 0.85793 -1.738 -0.0048984 -0.086227 -0.26333 -0.30852 -0.082657 -0.77136 -0.70878 -0.0067152 -0.51135 0.45858 0.068242 -0.764 -0.15572 0.092541
-0.91284 0.907 1.3365 0.76327 0.89019 0.10667 0.11844 0.07378 -0.4509 0.30825 0.91887 -0.40149 -0.82096 -0.60979 -0.15082 0.26698 0.28739 0.25537 0.49247 0.26348 0.22404 0.26756 -0.4804 -0.42937 -1.7477 0.068686 0.3551 -0.18653 -0.88914 -0.37821 -0.64107 -0.94808 -0.056199 -0.72795 1.0665 0.15076 -1.1274 0.98778 0.09349
-1.1478 0.66704 0.76696 1.0425 0.57133 -0.008147 -0.56394 0.17019 0.32564 0.91468 2.168 -0.35202 -0.85944 -0.38736 -0.23967 0.03236 0.2244 0.1711 -0.59613 -0.065374 -0.32716 1.078 -0.56168 -0.079232 -0.46999 0.12784 0.33464 -0.082181 -0.82757 -0.56585 -0.37501 -0.5375 0.40223 -0.31846 0.61517 0.19659 -1.1899 1.4037 0.011762
-1.0542 0.85054 0.87438 0.64805 0.21339 0.7857 0.4747 0.63619 0.14502 -0.81731 -0.0037221 -0.17648 -0.94197 -0.18411 -0.25045 -0.52866 0.23927 -0.15707 -0.65322 0.3546 -0.36805 1.532 -0.36973 -0.87915 -0.22382 0.11319 0.27069 0.072123 -0.14581 -0.34891 0.1106 -0.12335 0.81694 -0.056946 -0.71564 -0.23151 -0.66216 1.2919 -0.048472
-1.1102 0.64021 -0.11447 0.045555 0.11916 0.0042332 -0.30323 -0.26635 1.2466 0.74608 0.4264 -0.51021 -0.78226 -0.3309 -0.19917 -0.38058 -0.22594 0.15581 0.00080926 0.95256 0.26667 0.43294 -0.6783 -1.2933 0.38452 -0.0038824 0.089252 0.15951 0.29497 -0.11929 0.32714 0.26097 0.94905 0.093012 -1.5714 -0.048662 -0.16135 0.41999 -0.061314
-1.0656 0.6724 0.63236 1.1644 1.3379 -1.1165 -1.0149 0.12016 1.8206 0.30762 0.91693 0.65433 -0.75986 -0.14874 -0.042261 0.21298 -0.17512 0.4618 -0.034238 1.282 -0.17317 -0.83186 -0.87279 -1.1413 0.48007 0.043634 0.016347 0.15896 0.69874 0.21419 0.48257 0.58203 0.22366 0.10634 -1.726 -0.20573 0.66299 0.28885 -0.035628
-1.1715 0.61276 0.37918 0.93827 0.2319 -0.31104 0.4842 -0.035243 0.75639 -0.70913 -0.39521 -0.071244 -0.76153 -0.23992 -0.053276 0.21227 0.20184 0.48886 -0.38981 1.2449 -0.22576 -0.88401 -0.39921 -0.26387 0.044218 0.047363 0.16154 0.077667 0.34445 0.24306 0.17965 0.49404 -0.84543 0.12861 -0.81917 0.25663 1.1391 0.25281 0.016316
-1.558 0.6105 0.95515 0.15189 1.038 0.99949 1.9184 0.9476 -0.37983 -0.43512 -0.24617 -0.066563 -0.95712 -0.19472 -0.033927 0.46872 0.46066 0.61112 0.67948 0.62935 0.10359 -1.2647 -0.909 -0.058212 0.54343 0.021006 0.29637 -0.05714 -0.11689 -0.048269 0.046318 0.094883 -1.7396 0.5345 0.4602 0.84924 0.94526 0.32878 0.012055
-1.0929 0.75842 0.95507 0.67951 0.90339 -0.070076 0.91448 -0.44634 -0.8142 -0.69897 0.33594 0.42413 -0.77126 -0.013627 -0.06428 0.13333 -0.050984 0.41655 0.61099 -0.29435 0.39813 -0.98094 -0.14541 0.45461 0.876 0.039336 0.54482 -0.060881 -0.22557 -0.20205 -0.22504 -0.42653 -1.996 0.60015 1.2996 1.0515 0.31941 -0.29069 0.031309
-1.3849 0.69251 0.45892 1.0015 0.76502 -0.71946 1.3093 0.041256 0.49326 -0.49337 -0.095205 -0.46056 -0.79109 0.27328 -0.14712 0.045195 -0.13683 0.56956 -0.34037 -1.1895 0.59439 0.16079 0.68724 0.40058 0.7432 0.071474 0.35416 0.0061114 -0.33925 -0.17513 -0.5612 -0.70064 -0.97542 0.37894 1.2455 1.1492 -0.21686 -1.0506 -0.10593
-1.3167 0.51715 0.70132 1.2522 1.5007 1.2904 -0.68184 0.15566 0.12241 -0.64039 0.723 1.1941 -0.71852 0.5051 -0.11396 0.01677 0.10579 0.04438 -0.69509 -1.5651 0.73931 1.0366 0.88972 0.15412 -0.6476 0.082454 0.27829 0.19459 -0.03456 0.14268 -0.79907 -0.14945 0.049153 -0.27037 0.14663 0.78458 0.15581 -1.0226 -0.25259
-1.0584 0.58691 0.83827 0.55066 1.4103 -0.13888 -0.68598 1.1279 -0.0038412 -0.092983 0.99669 1.7529 -0.76749 0.18431 -0.0024183 -0.089471 0.041164 -0.33316 -0.013364 -0.551 0.70221 0.25097 0.85364 -0.33488 -0.84586 -0.20039 0.15662 0.30318 -0.11507 0.16468 -1.0441 0.46698 1.4245 -0.64094 -0.97864 0.046466 0.33644 -0.89959 -0.3069
-0.88948 0.4211 0.62959 0.17013 0.92333 -0.74029 0.19622 0.87693 0.55733 0.35148 -0.58367 -0.0034697 -0.76478 0.53371 0.21876 0.14493 0.1527 -0.73308 0.16871 -0.51819 -0.1818 -0.71283 1.3304 1.142 -0.42308 -0.30259 -0.035119 0.28896 -0.2371 0.074662 -0.75911 1.0203 1.699 -0.80787 -1.1049 -0.56012 0.080393 0.02058 -0.2242
-0.79944 0.64917 1.0796 0.8676 0.87905 -0.30477 -0.2934 1.2317 1.0149 0.44848 0.28666 -1.8449 -0.80657 0.54448 0.24283 -0.22277 0.17627 -1.1274 0.14238 0.94789 -0.2103 -0.91566 0.56598 0.58814 -1.2103 -0.31682 -0.10347 0.26943 -0.28558 0.040518 -0.10006 0.88651 0.6625 -0.39724 -0.09493 -1.1792 -0.075081 0.84265 0.0055606
-1.2625 0.82133 0.39737 1.2122 0.32059 0.35428 0.49267 -0.027545 -0.75989 -0.013029 -0.16243 0.01249 -1.1493 0.26795 0.29341 -0.34505 0.19526 -1.0804 1.2129 0.85825 -0.40267 -0.58536 -0.06712 -0.13883 -0.4187 -0.28337 -0.32837 0.10005 -0.27317 -0.33262 0.50845 0.34836 -0.022832 0.56857 0.83966 -1.3909 -0.9448 1.287 0.13894
-0.44719 0.91395 0.85838 1.2522 0.21536 0.4062 -0.73232 -0.22069 -0.6694 1.5157 2.9611 0.66301 -1.0993 0.13802 0.45411 -0.36219 0.10882 -0.37749 1.1914 0.00023725 0.033528 0.014338 -0.7728 0.16264 0.88527 -0.19848 -0.28633 -0.0042077 0.11233 -0.60311 0.77293 -0.44593 -0.91151 1.095 1.3857 -0.99434 -0.98619 1.1922 0.24138
-0.51819 0.65891 0.3444 0.81903 0.18191 0.94736 1.2425 0.94864 -0.81823 -0.52813 0.41151 -0.56851 -1.0061 0.15597 0.2936 -0.28023 -0.46875 -0.1221 0.32919 -0.083248 0.84376 0.52995 -0.74404 -0.53043 1.1741 -0.097405 -0.29816 -0.17114 0.27085 -0.52911 0.64932 -1.2247 -0.67492 0.86501 1.2189 -0.35518 -1.0928 0.27903 0.26656
-0.89338 0.9346 0.44904 0.41385 -0.094845 1.3676 0.56429 0.76444 0.32235 -0.078327 -0.85145 0.43919 -1.079 0.094603 0.23031 -0.04059 -0.68632 -0.097363 -0.26854 -0.27788 1.3641 1.3332 -1.0551 -1.1841 0.44391 0.048743 -0.33257 -0.35877 0.52142 0.043624 0.19011 -1.0816 -0.49112 -0.2333 0.70581 1.0442 0.060441 -0.38777 0.19469
-0.80425 1.2013 0.38199 0.83624 0.82934 0.76587 -0.65001 0.95259 1.1047 -0.76748 0.28428 0.49731 -1.0308 -0.23733 0.08403 0.0004767 -0.45419 0.044141 -0.41769 -0.2579 0.67084 1.2262 -0.62131 -1.6471 0.37894 0.099303 -0.22027 -0.44551 0.37232 0.71731 0.13091 -0.67552 0.04104 -1.2616 -0.37873 1.4611 1.5862 -0.60109 0.096735
-0.64968 0.98384 0.69629 0.35122 0.3738 -0.081057 -0.16599 1.9914 0.55514 -0.10096 0.19524 0.33092 -1.0898 -0.25381 -0.10954 0.46492 0.19667 -0.10451 -0.51857 -0.8248 -0.33211 1.1046 1.2384 0.84956 0.49175 0.073208 -0.012418 -0.46692 0.027421 0.83183 0.036056 -0.24055 1.1346 -1.5287 -1.3965 1.3972 2.0958 -0.34393 -0.0060262
-0.84805 1.0621 0.41792 0.27885 -0.21997 0.1716 0.12956 1.2988 0.52867 -1.0677 -0.62805 0.79991 -1.0522 -0.057662 -0.3654 0.16008 0.52836 0.12043 -0.84305 0.27047 -0.81147 -0.099762 1.0063 1.6379 -0.07858 0.074714 0.13573 -0.23469 -0.17012 0.45312 0.051124 0.018453 1.2725 -1.092 -1.5599 0.18463 1.4782 -0.23917 -0.074119
-0.78664 0.80392 0.72995 0.61899 0.39605 0.49224 -0.32081 0.52581 0.88373 0.54723 0.041575 0.57438 -0.86853 -0.011739 -0.41351 -0.062057 0.48939 -0.084209 -0.511 1.5781 -0.93087 -0.79592 0.90189 1.3794 -0.028481 0.050588 0.11693 0.075455 -0.15681 0.012683 0.15411 0.14854 1.2201 -0.089308 -1.3576 -1.3913 -0.50442 -0.011783 -0.12881
-1.0857 0.57991 1.0301 1.2952 -0.029264 0.58099 -0.20762 0.33639 1.281 1.5768 1.7737 0.26027 -0.99505 -0.11021 -0.20285 -0.04124 0.3112 0.1151 -0.37518 0.9179 -1.1948 -0.94434 -0.080679 1.0568 0.15283 -0.028918 0.0072336 0.34206 -0.21461 -0.44543 0.10896 0.29414 0.19257 0.60836 -0.45442 -1.7474 -1.9925 0.016013 -0.15103
-0.77974 0.68386 0.31184 1.1803 0.69446 -0.601 0.87155 0.030486 -0.070356 0.095627 1.4129 0.36179 -1.0294 -0.012965 -0.055843 0.28487 0.33867 0.18303 -0.45436 1.1309 -0.30532 -1.187 -0.96284 0.13713 0.35634 -0.11818 0.043236 0.44109 -0.38465 -0.53457 0.34329 0.16938 -0.90459 0.7714 0.26675 -1.336 -2.8024 -0.49871 -0.063104
-0.66637 0.74066 0.3185 1.0201 0.35966 -0.15446 2.104 0.70393 -0.30921 -0.03807 1.3689 0.60547 -0.99124 -0.038448 0.084002 -0.40047 -0.27643 0.18236 -0.29135 0.85693 0.1026 -0.80054 -1.5104 -1.7249 -0.23366 -0.12623 0.066054 0.16928 -0.49827 -0.39463 0.028658 0.45417 -1.4982 0.64437 0.89825 0.16083 -2.0496 -1.0726 0.064929
-0.99759 0.83868 0.82572 0.3507 0.10137 -0.31467 0.048671 0.13834 -0.44993 -0.88025 0.46847 0.8535 -1.1371 0.035304 0.25453 -0.58246 -0.27471 0.54132 -0.21442 -0.075066 -0.02747 -0.3129 -1.0185 -2.8362 -0.85396 -0.019404 0.046983 -0.038984 -0.4282 -0.14887 -0.18866 0.86701 -2.0383 0.03427 1.3824 0.99021 -0.60051 -0.96097 0.13598
-0.87771 0.8803 1.1343 1.291 0.1986 -0.044397 1.4945 0.83327 -0.4268 -1.6036 -0.52745 1.2398 -1.1135 -0.010655 -0.04947 -0.5167 -0.16095 -0.027383 0.3947 -1.2699 -0.03499 0.44432 0.27247 -1.5549 -1.4381 0.045752 0.14188 -0.16695 0.044623 0.25638 -0.38785 1.1149 -1.3914 -0.048533 1.3018 1.0838 1.0903 -0.14366 0.13248
-0.93406 0.72714 -0.26915 0.27775 0.79224 0.19279 0.61741 0.38897 0.5593 -0.13936 -1.5264 -0.71607 -1.0089 0.062753 -0.065874 -0.43717 -0.0078027 -0.1054 0.89174 -1.6039 -0.15486 0.99045 0.1115 -1.1433 -1.0085 0.054583 0.11849 -0.15281 0.34749 0.13145 -0.61124 1.073 -0.54381 0.025484 0.85494 0.29731 1.7796 0.79694 0.038243
-0.84664 1.0211 0.041545 1.1898 1.0405 -0.42737 -0.01978 0.019454 0.30177 0.11686 -1.2403 -0.98304 -1.0092 0.20698 -0.069321 -0.38312 0.10953 -0.28167 1.3246 -0.97023 0.082789 1.1856 0.075581 -0.37966 -0.44664 0.088886 0.09236 0.069022 0.75124 0.10024 -0.4715 0.63086 0.49434 0.17545 0.12566 -0.8333 1.2071 1.6637 -0.044177
-0.70664 0.44183 -0.11762 0.72663 -0.066364 0.38233 -0.62964 0.3531 0.1258 0.21554 0.73511 -1.009 -0.9709 0.14384 -0.022911 -0.0018838 -0.13968 -0.56089 1.4086 -1.2356 -0.022226 1.055 -0.32486 0.1487 0.28984 0.0325 0.0040883 0.099095 0.87209 0.057381 -0.43595 0.25192 0.69315 0.24721 -0.28665 -0.95151 0.83001 1.5711 -0.073307
-0.75015 0.83319 0.4836 0.77751 -0.044644 1.6321 -0.37747 0.53747 1.1137 -1.1972 -0.84273 0.51944 -1.0299 0.11948 0.052114 0.65606 0.11302 -0.75253 1.3682 -0.52829 0.26197 0.68304 -1.1504 0.22475 1.3306 -0.025977 -0.058972 0.088416 0.73914 0.061027 -0.2763 0.0066623 0.42453 0.15439 -0.35117 -0.83212 0.31694 1.1177 -0.07653
