39 250
-0.52994 1.0333 1.1247 1.6937 -0.069364 1.1328 -0.029638 0.51541 -0.66521 0.94575 0.013055 1.4437 -1.6183 -0.22607 0.45869 -0.19993 -0.13226 0.13977 -0.39301 -0.52699 0.44487 -0.23847 -0.63342 0.21643 -1.1278 0.00027379 0.097556 -0.039302 -0.43296 -0.23231 0.010075 -0.046814 0.44384 -0.13226 -0.022594 0.63788 0.081184 0.63345 -0.00014287
-0.32516 1.6257 0.96515 1.5157 0.14647 1.0636 -0.39462 1.3602 -0.66209 0.47921 -0.98434 0.24701 -1.5699 -0.17259 0.4768 -0.66306 -0.40406 0.089221 -0.53219 0.064902 0.45147 -0.28493 0.049128 0.70027 -0.64436 0.011197 0.007072 -0.33551 -0.41599 -0.025833 0.12972 -0.019836 0.53561 -0.42485 -0.14163 0.65553 -0.092669 0.87551 0.0074517
-1.2742 1.1853 1.2552 1.7525 0.33762 1.3393 -1.2769 0.32302 -1.3493 0.51514 0.56321 0.62286 -1.7482 -0.07376 0.37256 -0.73349 -0.40599 0.18676 -0.41191 -0.0024682 0.14656 -0.23662 0.2982 0.092625 -0.018351 -0.0051724 -0.035922 -0.61442 -0.36421 -0.013695 -0.035772 0.16325 0.87633 -0.72404 -0.29226 0.41188 -0.13424 0.92914 -0.030055
-0.51933 1.5245 0.7053 1.4561 -0.095611 0.31108 -0.077836 1.2488 -0.6898 0.091736 0.37126 -0.10893 -1.5475 -0.29269 -0.068637 -0.66847 -0.048909 0.36702 -0.41685 0.19729 -0.31922 -0.4989 0.20806 0.063024 0.17548 0.015006 0.23183 -0.4683 0.0052701 0.049164 -0.22007 0.31239 0.82103 -0.71477 -0.12746 -0.21077 -0.51969 0.72953 0.0062801
-0.60768 1.4761 0.15327 1.0911 0.028359 0.66156 0.5361 0.99049 -0.99541 1.7667 0.87775 1.321 -1.6048 -0.23703 -0.3035 -0.8416 -0.34242 -0.06518 -0.10941 1.0099 -0.7152 -0.69231 0.11948 0.24002 0.43257 -0.048852 0.17405 -0.28411 0.26584 0.12161 -0.12689 0.53214 0.20324 -0.51301 -0.12214 -0.58627 -0.28116 0.55451 -0.022457
-0.55004 1.415 0.52644 1.3705 0.35721 0.95767 -0.52193 0.52937 -0.91168 1.1482 -0.85163 1.595 -1.643 0.33966 0.023267 -0.6045 -0.36001 -0.20365 -0.037044 1.0617 -0.64346 -0.28823 -0.24284 -0.4077 0.68249 0.043196 0.17527 0.02806 0.62466 0.28901 0.052241 0.40097 -0.84477 -0.27703 0.40352 -0.84213 -0.42765 0.1737 0.023595
-1.1422 0.96744 0.56742 1.9015 0.66491 0.68057 -0.18092 0.21412 -1.629 0.51766 -0.071337 0.69115 -1.5941 -0.06758 -0.15818 -0.30336 -0.049647 0.23162 0.49414 -0.049615 -0.79082 -0.56247 -0.58961 -0.24883 0.914 -0.054491 0.044223 0.20115 0.85272 0.56185 0.15349 -0.0055279 -1.463 0.017945 0.94093 -0.27946 -0.081989 -0.12433 0.10287
-0.84038 1.2974 -0.040983 0.81318 -0.31569 1.0755 0.92759 0.25251 -1.8094 0.37815 0.28242 0.57998 -1.7175 -0.052772 -0.10618 0.15469 0.29421 0.32105 0.10898 -0.78436 -0.8823 0.26721 -1.0494 -0.5503 0.32326 0.055328 -0.1009 0.146 0.66824 0.37122 0.20994 -0.35051 -1.2104 0.38673 0.94412 0.56532 0.12605 -0.30997 0.10149
-0.25687 1.5536 0.51122 1.248 -0.097914 0.73804 0.2946 -0.03147 -0.97313 0.2477 0.17759 1.8718 -1.5712 0.038329 0.084615 0.27161 0.29055 -0.031285 -0.18644 -0.69715 -0.5734 0.93602 0.0075222 0.11648 0.37666 0.10777 -0.20128 0.080187 1.1 0.062183 -0.061547 -0.38024 -0.38623 0.83365 0.83699 0.68354 -0.067749 -0.38155 0.20212
-0.78168 1.2498 0.086779 1.4266 0.71366 1.0633 -0.4987 0.45189 -1.5476 0.15461 -0.0075063 1.8717 -1.6306 0.093976 0.13341 0.27684 0.10119 0.33212 -0.40655 -0.78757 0.049427 0.87496 0.59005 -0.38621 0.32693 0.12257 -0.48998 -0.18084 1.0531 -0.4244 -0.38046 0.1446 0.34936 1.0868 -0.21347 0.23184 0.14091 -0.27077 0.10506
-0.84635 1.2173 0.70901 1.7727 0.72471 0.7417 -1.1259 -0.6284 -0.23567 0.36645 -0.79279 1.4481 -1.5344 -0.52174 -0.15604 1.5626 0.14516 0.1107 -0.018708 -0.72964 0.48926 0.83179 -0.04743 -0.4984 0.13804 0.23132 -0.35872 -0.31349 0.68651 -0.54571 -0.48286 0.29257 0.52389 0.56746 -1.113 -0.47315 0.25815 -0.3752 -0.021554
-0.69698 1.4163 0.84087 1.7465 -0.050984 0.57469 -0.73964 -0.11356 -0.0057366 1.3459 -0.066266 1.4828 -1.5434 -0.69438 -0.29865 1.3539 -0.37402 -0.47582 0.32823 -0.11861 0.86726 -0.083892 -0.54047 -0.010206 -0.099578 0.15971 0.1237 -0.27896 -0.32896 -0.4207 -0.37924 0.20546 0.83463 0.1498 -1.2972 -0.55066 0.84893 -0.37553 -0.14664
-0.86892 1.2356 0.37428 1.2621 0.91608 0.28246 -0.09004 0.75752 -1.28 1.0541 -0.2369 0.94373 -1.5309 -0.24323 -0.23309 0.93396 -0.42198 -0.54923 0.052001 -0.0663 0.20116 -0.78718 -0.31999 0.38599 -0.17089 0.055407 0.57342 -0.097805 -1.5155 -0.073062 0.42292 0.25739 0.51382 -0.46498 -0.76398 -0.013786 0.69046 -0.29438 -0.27682
-1.4227 1.1955 2.5416 0.93301 -0.47795 1.4888 -0.12022 0.89001 -0.40982 -0.64723 -0.35052 1.6245 -1.4118 0.18275 -0.30429 0.0086766 -0.34978 -0.06146 -0.014273 0.40842 0.49446 -0.88664 -0.31752 0.76211 -0.2801 -0.020809 0.52797 0.14559 -1.3438 0.85868 0.86887 0.20737 -0.31061 -1.0102 0.1861 0.37746 0.1808 -0.026886 -0.27529
-1.1022 1.082 1.3586 1.0593 -0.2819 1.1602 -0.53216 0.94117 -1.5471 -0.55227 0.19454 1.9762 -1.4687 0.11024 -0.32773 -0.43103 -0.0019246 0.71553 0.68641 -0.046032 -0.32237 -0.27128 -0.15626 0.40205 -0.36328 -0.11532 0.15434 0.2415 -1.1965 1.0307 1.0198 -0.0090568 -0.59425 -0.65543 0.38111 0.32997 -0.15887 0.039876 -0.2395
-0.81812 1.0237 0.71377 1.4001 0.46559 0.54984 -1.2313 -0.52691 -2.1403 0.77988 0.13496 1.0864 -1.6319 0.11429 -0.020481 -0.32838 0.88797 0.55749 0.44256 -0.67353 -1.0209 0.054248 0.14294 0.29092 -0.034883 -0.18941 -0.17117 0.42907 -0.36339 0.52612 0.42586 -0.22222 -0.53461 -0.34615 0.59476 0.12921 -0.182 0.28296 -0.066906
-0.35184 1.0188 0.4504 1.4265 0.69407 0.42013 0.11661 0.5713 -0.52866 0.63275 0.33045 0.74113 -1.529 0.076432 0.015606 -1.0035 0.72777 1.0959 -0.18765 -0.58341 -0.4416 -0.47143 0.12248 0.2793 -0.18521 -0.23826 -0.12753 0.44948 0.098514 -0.27908 -0.37585 -0.41342 0.12184 0.5856 0.43542 -0.082448 0.35193 0.47268 0.16888
-1.0408 1.0667 0.60376 1.4554 1.2514 1.9742 -0.59897 -0.15606 -0.47652 0.83646 0.12929 0.98647 -1.652 -0.12473 0.22703 -0.34801 0.18382 0.56599 -0.024583 -0.27304 -0.19288 0.42701 -0.1755 0.43684 0.24814 -0.064755 -0.13938 0.31418 0.24953 -0.99302 -0.7425 -0.21351 0.4974 0.79282 0.25989 0.075329 0.36504 0.13509 0.22381
-1.1638 1.3153 1.3554 2.349 0.59058 0.95791 -1.2656 -0.4499 -1.456 -0.028994 -0.071883 1.6951 -1.6472 -0.012866 0.2855 -0.25295 -0.14014 -0.0057829 0.081495 -0.0084947 0.48542 0.43717 -0.12823 0.96645 0.50973 0.089282 0.27675 0.24717 0.56399 -0.83582 -1.1521 -0.24155 0.61661 0.5276 0.19163 0.21388 0.25563 -0.070372 0.22772
-1.1673 1.06 0.76865 1.3273 0.90843 0.80044 -0.95007 0.81772 -1.9811 -0.75598 0.3377 1.4276 -1.659 -0.10589 0.35622 -0.27019 -0.39971 -0.31059 -0.12153 -0.043578 0.17523 0.14365 0.44464 0.60985 -0.074694 0.00049668 0.45754 -0.091977 0.022422 -0.49319 -0.8295 -0.12006 0.59836 0.46398 -0.28979 0.4602 -0.25211 -0.77675 0.040465
-0.82935 1.3539 0.37205 1.1049 0.62714 0.7503 -0.78005 0.0036872 -0.46286 0.33797 0.99342 1.97 -1.5127 0.58178 0.35104 -0.056703 -0.43097 -0.66873 -0.62607 0.435 0.47362 0.077401 0.25883 0.64547 -0.14634 0.088974 0.028163 -0.50473 0.36007 0.10255 -0.65113 0.2991 0.62373 -0.48063 0.16376 0.4728 -0.8846 -0.9406 0.13706
-0.48206 1.2972 0.23147 1.3853 0.65036 0.84272 -0.53739 0.49427 -0.78065 1.2502 1.4024 1.2369 -1.501 0.43141 0.029456 -0.41152 -0.53032 -0.688 0.090874 0.60532 0.77787 0.051017 0.55752 0.076224 -1.0254 -0.0004578 -0.54772 -0.99988 0.66952 0.34176 -0.81602 0.58278 0.50158 -1.4055 0.70003 -0.094165 -0.8439 -0.82719 0.60365
-1.0317 1.4675 0.51623 1.1542 0.4986 1.0108 -0.17358 0.33709 -0.35519 1.1565 0.24633 0.30897 -1.6739 -0.23246 -0.40335 0.44531 0.093073 -1.0611 0.59448 0.81308 -0.84698 0.83489 0.76644 -0.50085 -0.95958 0.30644 -0.31252 -1.5332 0.10503 -0.063429 -0.90112 0.12144 0.14559 -1.9458 0.82659 -0.43069 -0.42271 -0.38851 1.1749
-0.28608 1.4925 1.211 1.4433 0.098226 0.8107 -0.64688 0.371 -1.4443 -0.08307 0.74784 1.6424 -1.5479 -0.72859 -0.94347 0.64987 -0.081254 -1.6741 0.46775 0.69235 -2.1498 1.1891 0.036806 -0.47305 -1.3753 0.84528 1.0657 -1.8178 -0.9706 -0.56123 -0.82827 -1.0245 0.085933 -1.2044 0.50489 -0.55429 0.68714 0.3348 1.7627
-0.88964 1.047 0.25147 1.2892 -0.16555 1.0023 -0.53015 1.2857 -1.7375 0.40379 0.037059 -0.16716 -1.6685 0.57259 -1.7276 -0.40769 -0.77386 -1.8983 -0.55877 0.67224 -2.1895 1.1857 -0.29082 0.071838 -0.7601 1.5218 2.3208 -1.7323 -2.456 -1.0759 -0.15731 -1.6167 0.079988 0.98385 -0.052176 -0.36058 1.125 0.31056 1.713
-1.6215 0.51922 1.2822 1.3283 -0.46464 1.6608 0.45242 -1.6781 0.80513 1.2287 0.26009 0.58986 -1.0605 2.0218 -2.3476 -1.6943 -1.0738 -1.8525 -1.4212 0.84854 -1.1113 0.90941 0.035222 1.0701 -0.39935 2.1757 2.537 -1.0715 -3.0458 -0.77544 0.87298 -1.6504 -0.29187 2.692 -0.39229 -0.27324 0.81173 0.44894 1.0884
-1.4603 0.4112 0.88255 0.93097 -1.7201 1.0041 -0.016771 -3.1372 1.3802 0.68586 0.94273 -0.48521 -0.48635 2.7365 -2.598 -2.7007 -1.2753 -1.2706 -1.7613 0.89703 0.69706 0.89416 0.093895 0.84747 -0.77248 2.3466 1.2367 -0.045515 -2.6864 -0.069349 2.0102 -0.93525 -0.97935 3.4325 -0.67427 -0.34428 -0.28787 -0.20336 -0.049643
1.3031 -0.61318 -0.79067 0.17312 -1.4434 -0.43286 0.2579 -0.85843 -0.25474 0.53519 1.226 0.43026 -0.075237 2.9386 -2.3045 -3.5575 -1.1769 -0.31434 -2.3002 0.06908 2.0794 0.57393 -0.65864 0.6583 -0.4043 2.152 -0.41912 1.0505 -1.361 0.49427 2.9928 0.35307 -1.5339 2.3392 -0.50231 -0.39752 -1.4514 -0.70477 -1.1412
1.8236 -0.91325 -1.3974 0.18741 -1.6245 -0.66392 0.65175 0.4233 -0.31977 0.72972 1.5962 0.33265 0.35311 2.4272 -1.8366 -4.1988 -0.85086 1.1832 -2.0254 -0.69299 3.4523 0.028455 -0.58545 -0.31194 -1.1586 1.4555 -1.9432 1.9052 0.46445 0.90376 2.984 1.6339 -1.5518 -0.1802 0.043993 -0.14256 -1.7666 -0.90707 -1.6839
1.9716 -1.2468 -1.8225 0.27128 -1.1076 -0.47767 0.32135 2.061 -0.19964 0.13097 0.94542 -0.35191 0.44606 1.3875 -0.99036 -3.3403 -0.44248 2.6521 -0.5596 -1.1149 2.4382 0.36125 -0.37044 -1.1714 -1.6572 0.81924 -2.3227 2.1202 1.9654 0.76474 2.3262 2.0963 -0.85416 -2.3436 0.29952 0.21937 -1.5913 -0.7992 -1.6735
1.0342 -1.2572 -3.2631 0.12525 -0.36032 -1.0544 -0.53986 1.7434 0.68068 -0.22749 0.57164 -0.71326 0.41312 -0.13215 -0.093629 -1.9983 -0.092739 2.9609 0.71838 -1.3018 0.12138 1.1123 -0.29857 -1.6634 -2.0205 0.35391 -1.7512 1.815 3.0345 0.41869 1.1485 1.5364 0.10268 -3.2307 0.20954 0.24125 -0.58756 -0.055834 -1.0621
0.96429 -1.2822 -3.0927 0.29635 0.92158 -0.5103 -0.53526 0.96235 1.3193 0.7745 0.016808 -1.5643 0.44245 -0.13676 0.34365 -1.2109 -0.24595 3.2523 0.62382 -1.1549 -1.2226 0.65497 -0.34495 -1.7554 -1.6219 0.060142 -0.72515 0.88991 3.2532 0.35387 -0.18353 0.45364 0.98404 -1.5981 -0.35703 0.021748 0.53186 0.68556 -0.40093
1.5845 -0.7097 -2.9198 0.059794 1.6253 0.18778 -1.2039 0.059598 0.74409 0.089974 -0.08256 -2.4745 0.42969 -0.09517 0.50758 0.060978 -0.23595 3.0841 0.53348 -0.46988 -1.5592 0.32457 -0.098423 -1.1844 -1.2683 0.15796 -0.13138 -0.22358 2.9261 0.50782 -1.6133 -0.68222 1.4792 0.62771 -0.87343 0.010218 1.4888 1.417 -0.014214
1.554 -0.88911 -2.9296 0.062419 1.675 0.2444 -0.68585 -0.0063036 0.81226 0.13965 -0.42764 -1.7641 0.42824 0.0067819 0.17953 1.3385 0.23049 2.2416 0.4682 0.26718 -0.11365 0.06474 -0.3986 -0.42849 -0.57299 0.28431 -0.30015 -0.56396 2.5622 0.82461 -2.9951 -1.3119 1.5578 1.2396 -0.60723 0.047457 1.9421 1.8975 -0.054225
1.6658 -0.74039 -2.9535 -0.11157 2.403 -0.49033 -0.64421 -0.066321 0.33185 -0.084852 -0.52274 -1.7287 0.45329 -0.45375 -0.39555 1.8611 0.53593 0.38037 -0.59222 0.68126 0.8777 -0.31596 -0.22231 0.4909 0.44685 0.21962 -0.35378 -0.028289 1.5499 0.6863 -3.708 -1.6094 0.82392 0.13804 -0.65564 -0.29984 1.5122 1.9785 -0.41587
1.1779 -0.84894 -2.0057 0.064883 3.0068 -0.19403 -0.45227 0.49186 0.87367 0.051866 -0.37375 -2.4175 0.67084 -0.52349 -0.15566 2.3841 0.78137 -1.1268 -1.49 1.1057 0.16261 -0.21565 -0.16099 1.0939 1.5183 -0.056083 -0.23168 0.65942 0.53055 0.14324 -3.5433 -1.2637 0.05124 -1.5012 -0.85439 -0.52616 0.9059 1.6114 -0.62215
0.87643 -1.2219 -1.6316 0.7244 2.5124 -0.24196 -0.28142 1.8751 1.2556 -0.50084 0.17911 -1.6669 0.69745 -0.49653 0.61645 2.2554 0.66333 -2.3274 -1.7727 0.61912 -1.4212 -0.82296 -0.77218 0.91688 1.8536 -0.32834 0.23725 0.85407 -0.53435 -0.44036 -2.4647 -0.047692 0.14685 -2.1644 -0.83083 -0.64732 0.010888 0.66327 -0.36448
0.72493 -1.6211 -0.987 0.78365 0.6846 -1.1327 0.055219 1.3334 0.31978 0.74704 0.72426 -0.90691 0.52635 -0.40957 0.76016 2.0684 0.40489 -3.1849 -1.5195 0.40827 -2.1518 -1.3671 -1.1198 1.0583 2.1224 -0.42395 0.092268 0.19634 -1.6164 -1.0134 -0.93839 1.4411 0.74147 -1.5036 -0.2403 -0.24066 -0.61108 -0.47813 0.22028
1.4351 -0.31902 -0.45492 0.66822 0.031959 -1.6002 0.2671 -1.1552 0.33154 -0.50068 0.93012 0.27705 0.19492 -0.069935 0.55735 1.0758 -0.044277 -3.3063 -0.66779 1.313 -2.554 -1.3784 -0.97519 0.49201 1.5584 -0.17178 -0.42005 -0.83887 -2.1808 -1.1561 0.70381 2.7188 1.1163 -0.038735 0.92523 0.18356 -0.70231 -1.4127 0.80494
0.94319 0.14651 -0.96262 0.46084 -0.58934 -1.8199 -0.29673 -2.3849 -0.67773 -1.397 -0.074927 0.47917 0.13481 -0.56763 0.18928 0.13039 -0.62159 -2.4313 0.91302 2.1179 -2.4636 -0.39479 -0.49906 0.096819 0.68952 0.21374 -0.89588 -1.5095 -2.0662 -0.82633 1.9925 3.1936 0.77564 1.3139 1.5726 0.7461 -0.78145 -1.7816 1.123
0.88064 -0.40073 -0.40072 0.34122 -0.70747 -1.6284 -0.16361 -1.4153 -1.1133 -1.4164 0.9764 0.36987 0.31477 -1.2081 -0.50684 -0.61035 -0.82636 -1.3545 2.5805 1.8017 -1.3627 0.56555 -0.69521 0.013116 -0.36325 0.62421 -0.85893 -1.4326 -1.2201 -0.33438 2.5528 2.2357 -0.25725 1.7417 1.277 0.81113 -0.59612 -1.2714 0.90856
0.97271 -1.0273 -0.95575 0.32675 -0.99956 -0.22778 2.0645 -1.1518 -0.025216 -0.62299 0.26303 -0.80514 0.78754 -1.5226 -1.2334 -0.72205 -0.6382 -0.34421 3.3973 1.5849 0.013229 0.83061 0.22409 -0.23856 -0.62244 0.9517 -0.19008 -0.52759 -0.41846 0.15615 2.5378 0.26365 -1.1807 1.1482 0.10702 0.49246 -0.61676 -0.25364 0.38544
-0.15057 -1.2601 -1.4697 0.0095668 -0.94526 0.73828 2.5225 -1.2783 1.168 -0.30233 0.64258 -0.25186 0.81746 -1.2053 -1.1289 -0.64549 -0.62164 0.53932 2.6713 1.1313 -0.12778 0.58712 0.27384 -0.52116 -0.42303 0.89427 0.50273 0.6218 0.37241 0.25891 2.2544 -1.8267 -1.968 0.12203 -1.3151 -0.0041082 -0.62773 0.67535 -0.18753
-0.45459 -1.4593 -1.4267 -0.22533 -1.1997 1.2644 1.1665 -1.7032 0.70916 -1.067 0.81998 -0.93689 0.86987 -0.92885 -0.39 -0.5917 -0.4636 1.4823 1.4143 0.33377 -0.67046 -0.16767 0.0058533 -0.85649 0.21312 0.68763 1.0065 1.2661 0.75684 0.12608 1.5976 -2.8895 -2.2454 -0.46662 -2.0756 -0.60811 -0.46625 0.69039 -0.44906
-0.095462 -1.0582 -1.1014 0.078231 -0.13314 1.4682 1.3882 -1.6269 0.35302 -0.62402 -0.0037537 0.045364 1.0257 -0.56686 0.095397 -0.026254 -0.47607 2.0502 -0.15789 -1.1168 -0.77853 -1.5422 -0.56458 -0.9194 0.65785 0.46034 0.94684 1.0641 0.90786 0.13269 0.85262 -2.508 -1.4972 0.015452 -1.7415 -0.29455 -0.062814 0.39125 -0.34126
-0.15191 -1.189 -1.5148 -0.30832 0.21089 0.26378 1.1024 -2.312 -0.6915 -1.2069 -0.57809 -0.20326 1.032 0.040124 0.25148 0.29275 -0.50248 1.9609 -1.0923 -1.3372 -0.6629 -2.2329 -0.51253 -0.97123 0.3075 0.45976 0.65354 0.36922 0.90616 0.13365 -0.42203 -1.3739 -0.51465 0.5135 -0.59704 0.20324 0.46825 -0.19025 -0.13249
-0.10019 -1.0177 -1.2316 -0.1056 1.2179 0.25036 1.4821 -1.8567 -0.73235 -0.901 0.16179 0.33147 1.1577 0.080328 0.31093 0.50193 -0.3823 1.9346 -1.1989 -0.72522 -0.11445 -1.8402 -0.011606 -0.62185 0.3738 0.46953 0.27954 0.043177 0.69209 0.29749 -1.2343 0.11427 0.34815 0.83057 0.67172 0.66915 0.70537 -0.42399 -0.0096738
-0.20698 -1.1085 -1.1623 -0.43832 1.2274 0.13462 0.66284 -2.1094 -1.4371 -1.3322 -0.65751 0.0053152 1.2264 -0.031802 0.10555 0.73087 -0.28893 0.73464 -0.86861 -0.77603 0.066966 -1.1892 0.15505 -0.14482 -0.018401 0.47406 -0.11854 -0.049912 0.30439 0.35398 -1.5246 0.93052 0.48246 0.82377 1.2786 0.416 0.4896 -0.45876 -0.11351
-0.24088 -1.0708 -1.1136 -0.70367 0.94699 -0.031176 0.29361 -2.2471 -1.5973 -1.081 -0.2305 -0.30507 1.2546 -0.010915 0.22866 0.96538 -0.078723 0.30297 -0.028668 -0.75 0.59596 -0.69653 0.43547 -0.017404 -0.042161 0.43815 -0.1353 0.005665 -0.10368 0.36725 -1.3895 1.0443 0.76053 0.60701 1.5356 -0.081955 0.19477 -0.54668 -0.23424
-0.19202 -0.93973 -0.67586 -0.36338 1.6493 0.19214 0.66653 -1.5828 -1.497 -0.7375 -0.15946 0.043896 1.3866 -0.14004 0.19787 0.59085 -0.05272 -0.13932 0.23353 -0.43441 0.70695 -0.22315 0.10433 -0.37207 -0.42031 0.29644 -0.016282 0.046662 -0.63013 0.41167 -0.70327 0.63318 1.4629 0.26477 1.6556 -0.41415 -0.42502 -0.33343 -0.40303
-0.081158 -1.019 -0.43349 -0.22223 0.50541 0.071929 0.60265 -1.8477 -1.2453 -0.55093 -0.42735 0.043502 1.4982 -0.12273 0.26259 0.3851 0.12405 -0.2859 0.39377 0.49754 0.83262 0.7725 -0.11648 -0.17229 -0.54511 0.18867 0.036474 -0.14036 -0.96723 0.16499 -0.54226 0.099562 1.5206 -0.30686 1.7447 -0.36632 -0.55087 -0.02042 -0.56336
-0.19043 -0.84674 -0.52631 -0.41803 1.1888 0.29286 0.26438 -1.3064 -1.7458 -0.7354 -0.39109 -0.12587 1.4367 -0.010105 0.15468 -0.090392 0.31075 -0.31476 0.22284 1.2648 0.49255 1.412 -0.34673 -0.92008 -0.44027 -0.037426 0.23451 -0.16227 -0.65569 0.066274 -0.22549 -0.066467 0.96367 -0.55718 1.7412 0.31247 -0.023811 0.67329 -0.76326
-0.42323 -0.86437 -0.86428 -0.39582 1.1494 0.49779 0.81844 -1.1173 -1.0921 -1.254 -0.64555 -0.63394 1.3998 -0.01126 0.0048758 -0.39741 0.015149 -0.64493 0.18766 1.1695 0.039232 1.9998 -0.023518 -0.83747 -0.050134 -0.28433 0.25607 0.33001 0.21946 0.16357 -0.31064 -0.048766 -0.23528 -0.73829 1.1331 0.93227 0.84306 1.072 -1.1945
-0.31282 -0.82158 -0.72554 -0.42701 0.71131 0.41558 1.3829 -1.2969 -0.10326 -1.4504 -0.62965 -0.93108 1.4078 0.23985 0.044852 -0.17419 0.10708 -0.38904 0.2079 0.99079 -0.089204 2.6701 0.69645 -0.12273 0.76677 -0.67215 -0.18177 1.269 1.3518 0.26202 -0.05075 0.092658 -1.4562 -0.076593 0.20721 1.0973 1.5111 1.1045 -1.6894
-0.065674 -0.92959 -1.1279 -0.072867 0.76524 0.046524 2.1308 -1.6996 0.31774 -1.078 -1.5527 -0.41003 1.2145 0.2283 0.85551 0.80767 0.49905 -0.84098 0.30876 0.22606 -0.45203 2.4339 1.2086 1.0083 1.1208 -1.3801 -1.0214 1.7823 1.7186 0.42092 0.33456 0.013855 -1.993 0.70434 -0.87195 0.4683 1.3501 0.62033 -1.9807
-0.18303 -0.99173 -0.88245 -0.45541 0.38225 0.47533 1.4815 -1.6046 1.0108 -0.18925 -0.88538 0.49531 1.1404 -0.47413 1.8312 1.6763 0.51175 -0.31146 0.35914 -0.88144 0.56081 1.6333 1.2056 1.0174 1.3118 -2.1572 -1.7785 1.8162 1.4523 0.33509 0.48383 -0.17596 -2.1447 0.8515 -1.7023 -0.58066 0.9042 -0.36167 -1.6944
0.23592 -0.81641 -0.44796 -0.13683 0.43019 0.44322 1.2224 -1.6301 1.915 0.46647 -0.029898 1.2391 0.70592 -1.5714 2.0684 1.6907 0.52982 -0.040845 0.14767 -1.4838 1.1869 0.79785 0.66424 1.1442 1.001 -2.6695 -1.8652 1.0113 0.15608 0.14877 0.70428 -0.41952 -0.90989 0.6736 -1.8821 -1.057 0.57465 -0.99516 -0.81665
-0.25321 0.64491 0.65125 0.28434 0.13278 0.82801 0.38481 -1.7588 0.86305 0.19148 1.14 0.61609 -0.17053 -2.1959 2.4516 1.9301 0.66066 0.13951 -0.064241 -2.0182 0.87497 0.10677 -0.13367 1.5058 0.094176 -2.703 -1.0668 -0.1014 -1.2308 -0.00077825 0.064769 -0.47114 0.66771 -0.18417 -1.4019 -0.66824 0.42711 -1.328 0.42472
-1.4379 1.2514 0.9357 0.03943 1.0611 0.69729 0.11506 0.2847 1.079 -0.37541 -0.4597 0.67265 -0.75289 -2.4088 2.218 0.95012 0.67222 0.28416 -0.33052 -0.83483 0.79864 -0.54396 -0.15255 1.8286 -0.32929 -2.3966 0.44276 -1.0447 -1.7797 -0.11445 -0.50846 -0.50113 1.3425 -0.91972 -0.4853 0.073168 0.17106 -1.2316 1.6512
-2.2708 0.71456 0.35757 0.17186 0.55292 0.10149 0.28178 -0.20601 1.078 -0.67184 0.074083 0.50848 -1.0194 -2.0577 1.5759 -0.11973 0.43025 -0.34755 -0.35834 0.019704 0.35027 -0.47635 0.34098 1.4568 -0.77894 -1.6227 1.6816 -1.7927 -1.9684 -0.21002 -0.77938 -0.52073 1.2954 -1.1447 0.3412 0.73011 0.17149 -0.87072 2.3583
-2.1627 1.4329 0.97911 0.60333 0.75767 0.078227 -0.52138 -1.5282 0.77799 -0.74386 0.72693 -0.030697 -1.0876 -0.81475 0.75463 -0.41456 0.43868 -0.76823 -0.72321 -0.055912 -0.50959 0.14244 0.59906 1.4592 -1.1164 -0.60191 2.3244 -1.433 -1.0238 -0.23976 -0.36373 -0.17544 0.052477 -0.81986 0.73998 0.44996 -0.28942 -0.31483 2.1396
-2.3506 1.2765 -0.080321 0.26234 0.62978 0.36289 1.0949 -0.59982 0.59291 0.59839 2.338 0.64202 -1.1299 0.15368 0.18596 -0.84926 0.40626 -0.82382 -0.92593 -0.046239 -0.90526 0.46993 0.94319 1.9818 -1.3107 0.12408 1.9449 -0.9817 -0.073877 -0.04899 0.27739 0.31727 -0.433 0.32822 0.025499 -0.19746 -1.3129 0.34846 1.1235
-1.9165 1.3977 -0.21785 0.43303 -0.45799 0.31311 0.99353 -1.0998 1.2294 1.0266 1.4612 -0.27226 -1.0814 0.83631 0.51479 -0.4878 0.26175 -0.17157 -0.39835 -0.6896 -0.32148 0.48697 0.45293 0.97344 -0.69784 0.10905 1.0018 -0.66165 0.74471 0.16635 0.71759 0.92763 -0.5881 1.3794 -0.95523 -0.41291 -2.4964 1.0137 -0.023121
-1.4095 1.6549 0.79986 0.74994 -0.37978 -0.28687 -0.58249 -1.7158 1.2238 0.073089 1.7945 -1.272 -0.85647 0.75662 0.049192 -0.21761 0.42527 -0.11245 0.13559 -0.42972 0.9342 -0.5738 0.058661 -0.85588 -0.23379 -0.20365 0.63947 -1.0136 0.98379 -0.075701 0.5008 1.1578 -0.53655 1.8231 -1.5631 -0.076638 -2.6239 1.4825 -0.28655
-1.8117 0.96108 -0.49806 0.41128 0.47722 -0.76006 0.093958 -0.64967 1.8003 0.48572 1.8044 -0.96235 -0.66978 0.75696 -0.29056 0.57274 0.70713 0.25219 0.65109 -0.91111 1.4698 -1.2227 0.26599 -1.9473 0.49251 -0.47431 0.74418 -1.7938 0.23727 -0.86939 -0.35671 0.57251 -0.15302 1.1657 -1.4911 0.60003 -1.5291 1.3585 0.48687
-1.2783 1.7887 0.15257 0.58071 0.77052 0.1605 -0.87815 -1.0569 1.19 -0.37746 1.3287 0.21814 -1.2188 1.3876 -1.1112 0.34346 0.044056 -0.074598 0.9252 -0.88914 2.0357 -1.7783 0.9168 -1.6276 1.2231 -0.036519 1.4038 -1.599 -0.12199 -1.6854 -0.72853 -0.32232 -0.29927 -0.2321 -0.83567 0.62565 0.10207 0.52058 1.5659
-1.5191 1.3285 0.50041 1.1326 0.1645 0.78709 0.27641 0.48626 -0.97567 0.21464 -0.30433 -0.04293 -1.4843 1.9113 -1.9042 -0.35639 -1.056 -0.8709 0.38539 -0.71949 1.5754 -1.8697 1.223 -1.6109 1.443 0.79459 1.2897 -1.1592 -0.57787 -2.2395 -0.57533 -1.324 -0.02094 -1.1803 -0.021436 0.25837 1.6433 -0.68786 2.2812
-1.2652 0.79004 0.64245 1.0882 0.37329 1.0144 -0.05615 1.0481 -0.41805 1.8442 0.063101 1.0712 -1.4826 2.8056 -1.8187 0.027957 -1.6089 -0.94309 -0.38368 -1.0498 0.37546 -1.8982 0.82922 -0.86595 0.4058 1.6351 0.47557 0.087013 -0.21884 -1.8651 0.22227 -1.7607 -0.36033 -1.8668 0.78679 -0.59483 2.2225 -1.4796 1.8585
0.44587 -0.035813 0.13319 0.023076 -0.96767 0.52532 -1.1043 0.72928 -0.379 1.8299 0.30218 0.55112 -0.44978 2.4604 -1.879 -0.28913 -2.3378 -0.41248 -1.3959 -0.85138 -0.20958 -1.1818 0.84292 0.78594 -0.51429 2.2926 -0.69719 1.3318 0.4243 -0.826 0.73217 -1.2562 -0.46697 -1.5384 0.69539 -1.2026 1.8829 -1.7564 0.52259
0.60197 -0.58786 -0.44742 -1.0619 -0.98916 -0.77588 -1.423 -0.20196 -0.6027 0.96014 0.23262 0.61203 0.32742 2.0003 -0.99045 -0.079266 -2.5407 0.12411 -1.779 -1.458 -1.0318 -0.52449 -0.023112 1.3988 -0.87141 2.1497 -1.8538 1.9184 0.95496 0.40987 0.86865 -0.11969 0.06765 -0.49479 0.43444 -0.91537 0.71387 -0.9866 -1.155
1.4485 -0.094165 0.043325 -1.0091 0.17826 -0.73935 -1.0725 -0.55193 -1.0769 0.76895 0.72472 -0.53562 0.51182 1.0041 -0.11179 0.43763 -2.0237 -0.00049574 -1.4796 -1.3431 -0.9872 -1.1417 -0.66547 0.83021 -1.5712 1.3628 -1.9404 1.9311 1.3487 1.5052 0.37161 1.0092 0.36518 0.42477 0.059831 -0.36455 -0.82187 -0.016239 -2.1986
0.65354 -0.00083117 0.2768 -1.457 0.42762 -0.68391 -1.138 -0.36278 -1.0897 1.2893 2.0315 -0.44452 0.43287 0.057163 0.48111 1.3369 -1.0681 0.51619 -0.57941 -0.6642 -0.29674 -1.0254 -0.17133 0.44342 -1.1068 0.27624 -1.8672 1.0936 0.80577 1.6845 -0.39242 0.95108 0.95307 0.90882 0.42331 -0.12553 -1.5314 0.78663 -1.947
0.5525 0.19351 0.60281 -1.3698 0.031993 -0.78724 -1.7747 -0.19579 -1.3598 0.89758 0.82077 -0.60289 0.28041 -0.20696 0.58973 1.3666 -0.48715 0.10526 0.076158 -0.57013 0.30487 -0.78791 0.23596 -0.35016 -0.40581 -0.24237 -1.3379 0.43703 -0.17197 1.3963 -0.62622 0.064088 1.1259 0.49934 1.4836 -0.72087 -1.2494 1.3417 -0.91716
0.49576 0.25849 0.83402 -1.4748 -0.72902 -0.74621 -2.2489 -0.24258 -1.9285 0.99344 0.64483 -1.285 0.12678 -0.8959 0.46846 0.86658 -0.4127 -0.67754 -0.60387 -0.10247 0.22692 0.16922 -0.689 -0.98548 0.21781 -0.1221 -0.70928 0.2383 -0.9552 1.1583 -0.43224 -0.40817 1.1841 -0.32506 2.0248 -1.2016 -0.57705 1.2589 -0.1175
0.91994 0.13236 1.4345 -1.5043 -0.02221 -0.51118 -1.5805 0.049651 -1.4896 1.4191 0.80744 -0.61409 0.19295 -1.0296 0.61078 0.36604 0.047948 -0.59996 -1.3289 0.43077 -0.20948 1.2526 -1.7823 -0.88909 0.60076 0.11381 -0.32977 0.60179 -0.90687 1.2446 0.092364 -0.03689 1.296 -0.68178 1.8489 -1.0766 -0.075493 1.0296 -0.32264
0.62489 0.18825 0.83423 -1.615 -0.22198 -0.79482 -1.797 -0.034732 -1.6512 1.1178 -0.015159 0.039845 0.26267 -0.86399 0.85585 0.15495 0.65319 0.043808 -0.70462 0.99539 -0.74194 2.0286 -1.4749 -0.43139 1.0506 -0.087161 0.10625 0.77148 -0.70347 1.2696 0.49416 0.89366 0.76751 -0.27573 1.0408 0.08308 0.18694 0.76661 -0.8498
-0.30633 0.60689 0.90183 -1.6156 -0.68878 -1.8328 -0.89658 -0.39911 -0.30528 -0.70158 0.26434 -0.38252 0.4632 -0.84443 1.3867 0.12505 1.1176 -0.076172 0.058354 1.2435 -0.66681 2.0049 -1.4401 -0.80958 1.3583 -0.76912 0.45869 0.035872 -0.51163 0.4077 0.32205 1.3589 0.30335 0.2026 -0.13577 1.1395 0.26225 0.52191 -0.74291
-0.71486 0.79646 0.69639 -1.1835 -0.42384 -2.3125 -1.0644 -0.71099 0.68426 -1.3469 0.97136 0.28476 0.44348 -0.79317 1.3538 -0.25312 1.2332 0.0089533 0.53806 0.89734 -0.14256 1.8989 -0.66863 -0.7043 1.469 -1.0224 0.85144 -1.084 -0.47916 -0.6264 0.16427 0.87768 -0.28823 0.69558 -1.2876 1.4264 0.12276 0.13485 0.11879
0.17564 1.1442 1.1165 -0.38704 0.17576 -0.55388 -0.91503 -1.2072 0.6599 0.13641 -0.020879 0.5845 -0.15739 -0.20945 0.40994 -0.33321 0.45213 0.036392 0.8371 1.046 -0.096637 1.0696 0.065225 -0.28726 1.5092 -0.59153 1.137 -2.0493 -0.16093 -1.3752 0.31553 0.049363 -0.58665 0.67768 -1.7294 1.232 0.16468 -0.71907 1.2598
-0.1181 1.7541 1.2833 -0.39735 -0.90873 -0.13054 -0.59017 -0.50313 -0.032214 -0.28653 -0.63587 0.82474 -0.9032 0.40993 -0.47276 -0.46218 -0.1034 0.30442 0.70888 0.58985 0.42718 -0.055727 0.58237 -0.49471 1.2823 0.011883 0.78584 -2.0931 0.20133 -1.5333 0.36405 -1.1033 -0.74637 0.35017 -1.5411 0.2087 0.32131 -1.5929 1.8496
-0.20759 1.2261 0.58373 -0.55365 0.20273 -0.46115 -0.68698 0.3499 1.0005 0.70694 0.0068424 1.7752 -0.42239 0.68046 -1.1247 -0.057795 -0.59481 0.38254 0.081222 0.35297 0.46471 -0.45346 0.36537 -0.63614 -0.029195 0.70343 0.164 -0.85272 0.53829 -0.61575 0.61565 -1.5171 -1.2814 0.09029 -0.7964 -0.30058 0.47447 -2.2109 1.2626
-0.02651 0.1631 0.22865 -1.803 -0.54451 -0.99506 -0.12169 -0.79344 -0.08756 -0.033527 0.15367 1.745 0.37646 0.23039 -1.3766 -0.042006 -0.89678 0.5352 -1.3338 -0.089467 0.30113 -0.39856 -0.38238 0.048752 -1.0723 1.2512 -0.54157 0.76947 0.82132 0.39914 0.64872 -0.54714 -0.94322 -0.36341 -0.57123 -0.71819 0.77841 -2.1391 -0.34919
0.11708 0.2031 0.54035 -1.3535 0.029099 -1.5245 -0.49058 -0.011642 -0.0102 -0.56196 -0.12181 1.0698 0.61455 0.18386 -0.56996 0.39729 -0.22212 1.102 -1.238 -0.91583 0.14163 -0.32825 -0.0087787 0.31336 -1.918 0.78289 -1.4304 2.0171 0.63403 1.8003 0.81334 0.97696 -0.19441 -0.24387 -0.22777 -0.17261 0.77513 -1.1268 -2.2322
0.54669 0.043457 1.2988 -1.1514 0.35525 -1.256 -0.84096 -0.48511 0.23019 -0.20684 -0.40801 -0.41865 0.60232 -0.36008 0.51977 0.74793 0.3897 1.189 0.25642 -0.46534 -0.1947 -1.2372 -0.60096 0.48582 -2.2275 -0.57904 -1.7435 2.2815 0.01831 2.4832 0.3017 2.1986 1.002 -0.17019 -0.39981 0.43215 0.10792 0.051724 -3.2498
0.047986 0.28535 1.0154 -1.2358 0.49914 -1.7995 -0.98735 -0.49783 0.014864 -0.27373 -0.047357 -0.72767 0.45014 -1.7078 1.275 0.65597 1.858 1.615 1.2921 0.20639 0.18179 -0.46596 0.16772 0.5943 -1.7861 -1.9063 -1.4927 1.4495 -0.84627 2.1159 -0.64676 1.8307 1.4861 0.025487 -0.29014 0.87686 0.031728 1.1996 -2.6952
-0.14152 1.4567 1.3133 -0.57741 0.83583 -1.3344 -1.8868 0.24297 -0.14427 0.41387 0.15917 -1.029 -0.33586 -2.0938 1.4892 -0.14394 2.337 0.85863 1.9065 1.18 -0.094085 -1.1057 0.40124 0.077671 -1.0051 -2.5359 -0.24055 0.16145 -1.0165 1.4416 -1.3718 0.67133 0.86764 0.3617 0.31458 1.0788 -0.21552 1.9643 -1.0769
-0.77208 1.2306 0.99909 -0.73893 1.542 0.28399 -0.22944 -0.56406 -1.492 -0.9172 0.86884 -0.70335 -0.79866 -1.7495 1.3478 -0.64775 2.4446 0.031468 1.6895 0.96803 0.12963 -0.95061 1.2288 0.5407 0.0073284 -2.4947 1.3701 -1.0503 -0.79534 0.15997 -1.9093 -0.3598 0.027332 0.35171 0.27732 0.59453 -0.57782 1.9415 0.68064
-2.3519 1.1894 1.0516 0.87955 1.5553 0.061679 0.43822 -0.30425 0.080292 0.34848 0.39518 -0.82172 -1.3507 -0.79359 0.74061 -0.39016 2.5738 -0.64277 1.4384 0.74124 0.5801 -0.34177 1.0007 0.061713 1.0134 -1.9853 1.9706 -1.4415 -0.18582 -0.75172 -1.3802 -1.2342 -1.1803 0.47042 0.61245 0.1505 -0.51607 1.4105 1.7797
-1.5358 1.6718 0.42451 1.2629 0.63668 0.212 0.63032 -0.29514 -1.6609 0.11494 -0.82666 -0.89746 -1.6341 0.20508 -0.11164 -0.62247 2.0065 -1.2868 0.79732 0.49251 0.57232 -0.26934 1.0564 -0.54347 1.2946 -1.1065 1.6416 -1.2065 0.13751 -1.9256 -0.191 -1.3542 -1.5312 0.12575 0.32783 -0.91139 0.2294 0.75177 2.3086
-0.88501 1.5149 0.59973 1.0244 0.12406 -0.13185 -0.86882 -0.17795 -0.66332 2.0916 1.0248 -0.367 -1.5722 0.61702 -0.19348 -0.48767 1.2506 -1.122 -0.16518 -0.70088 0.66302 -0.19735 0.81036 -0.40759 1.3295 -0.41923 0.13324 -0.64728 0.4528 -2.5104 1.1569 -0.98506 -1.2526 -0.29587 0.50503 -1.3657 1.2772 -0.039455 2.1475
-0.66474 1.3704 0.95953 1.5863 0.02681 -0.085303 -0.55583 0.8488 -0.27363 0.3301 0.04725 1.1247 -1.5528 0.61684 -0.2062 -0.36224 -0.22379 -0.092115 -0.27179 -1.0644 0.33833 -0.34321 -0.42296 1.1777 1.4482 0.36829 -1.2626 -0.45474 0.84815 -2.2532 2.0502 -0.35366 -0.20692 -0.64234 0.44846 -1.6576 1.0377 -0.52808 1.6763
-0.3249 1.0722 0.35487 1.372 -0.21403 0.34843 -0.3071 0.39915 -1.2514 1.1821 -0.51514 0.4506 -1.4903 -0.75355 -0.30175 0.27019 -0.64975 0.97706 -0.035003 -0.72976 0.056398 0.72926 -0.89212 1.6129 0.87883 0.66889 -1.7351 -0.69742 0.87233 -1.8979 1.7312 0.23601 0.92319 -0.82987 0.24317 -1.0768 0.53717 -0.79264 1.3059
-1.2776 1.0868 0.38907 1.0277 0.7174 -0.11722 -0.66734 -0.093766 -1.4622 0.1299 0.42342 0.70127 -1.3887 -1.4787 -0.82648 0.48338 -0.93831 1.5908 0.015998 0.14979 -0.49715 0.18828 -1.2939 0.39884 0.43903 0.99688 -1.0498 -0.61253 0.86423 -1.1131 0.54157 0.13902 1.3143 -0.38798 0.31289 -0.27576 -0.6463 -0.73056 0.85111
-1.5749 1.3829 0.48329 0.49985 1.4673 -0.37431 -0.90154 0.044021 -0.55002 -0.22183 2.2445 1.0288 -0.96577 -1.5894 -1.0565 0.61676 -1.6745 1.3529 0.18104 0.37995 -0.68828 0.047153 -0.82352 0.97446 0.19921 1.3289 0.77087 -0.68162 0.053956 -0.8226 -0.89048 -0.17848 0.72423 0.2799 -0.035416 0.28018 -1.1188 -0.77551 0.7267
-2.2608 1.3473 1.1412 0.62026 1.5032 0.30251 -0.6955 -0.014689 0.15898 -0.10504 1.2088 0.24493 -1.0471 -0.93565 -0.8606 0.97749 -1.6402 0.75909 -0.088119 0.77642 -0.12466 0.64755 -0.96526 0.21985 0.28311 1.3826 2.2677 -0.5069 -0.7892 -0.45848 -1.7136 -0.39622 -0.11256 0.98955 0.26577 0.6779 -0.6264 -0.85088 0.6138
-2.1296 0.024668 1.2631 0.26724 1.7994 -0.14216 -0.2992 -0.47044 -0.79247 0.19388 0.060239 0.98749 -0.52517 0.41538 -1.4315 0.11313 -1.7265 -0.3093 -0.3408 0.28481 0.44604 0.4526 -0.48078 -0.48085 -0.64221 1.6239 3.07 -0.24724 -1.4596 -0.032576 -1.732 -0.60724 -0.80458 1.2197 0.38579 0.44245 -0.19515 -0.87373 0.55575
-2.0632 0.18754 1.1673 -0.54316 1.1668 0.39745 0.16186 0.035574 -1.0155 -0.62061 1.1956 1.3501 -0.23161 1.7636 -1.4948 -0.65557 -1.712 -0.85605 -0.52639 0.010965 1.011 0.54102 -0.11435 -0.11244 -0.89709 1.819 2.5063 0.15355 -1.6703 0.082002 -1.4058 -0.30607 -1.286 0.95721 0.67956 0.24392 0.63332 -0.99615 0.31151
-1.341 0.66423 1.2803 -0.44408 0.93177 -0.24661 0.40258 0.23861 -0.13614 -0.43565 0.096998 0.64829 -0.24622 2.8086 -1.1628 -1.1349 -1.7037 -1.1527 -0.83484 -0.67602 1.3055 0.89596 -0.35704 0.72875 -1.0154 1.9886 0.6999 0.38402 -0.94604 0.24314 -0.66254 0.30838 -0.7852 0.54349 1.0984 0.029393 0.47355 -0.70741 -0.1766
-0.73479 -0.48155 0.01917 -1.0496 0.60511 -0.84991 -1.2889 0.64882 -0.41307 -0.53819 0.96306 -0.84007 0.39957 2.5593 -0.75086 -1.3367 -1.5191 -1.5079 -0.45998 -1.053 1.4526 1.8091 -0.52217 0.79206 -1.5913 1.6924 -1.3658 0.12803 -0.088693 0.35523 -0.33817 1.1029 0.16336 -0.094891 0.69349 -0.20683 -0.32767 -0.33722 -0.60877
0.39358 -0.15305 0.031423 -1.2184 0.6799 -0.5113 -0.72403 1.3779 0.72691 0.048378 2.1807 -0.12418 0.82172 1.325 -1.1756 -1.2125 -1.4125 -1.2492 0.26417 -0.58682 1.3581 2.0396 -0.19006 -0.062508 -1.7515 1.4085 -2.696 0.17706 0.9097 0.69216 -0.073267 1.5857 1.4556 -0.87652 -0.051835 -0.25869 -1.3863 0.051021 -1.022
0.78847 -0.28682 0.30012 -1.2744 0.16797 -0.51447 -1.2119 1.1468 0.7854 -0.76335 1.2122 -0.53445 0.9549 -0.057029 -1.2868 -0.7773 -1.2538 -1.4527 1.1877 0.27928 0.7687 1.3802 -0.57148 -0.38282 -1.2103 1.1479 -2.7324 0.20334 1.477 0.94527 0.10849 1.195 1.8401 -1.5249 -1.0736 -0.34625 -1.6727 0.24163 -1.0816
0.10601 -0.65972 -0.14546 -1.7126 -0.43024 -0.27006 -1.0039 1.2997 1.4266 -0.93997 0.81118 -1.0209 0.97473 -0.93764 -0.61153 0.17825 -0.65153 -1.3181 1.5926 1.3093 -0.22013 1.0305 -0.80712 -1.3801 -1.0742 0.6472 -1.5095 0.6096 1.533 1.2635 0.268 0.39375 1.4361 -1.5412 -1.3667 -0.055862 -0.81688 0.32063 -0.96073
-1.095 -0.99217 -0.15838 -2.1583 -0.24149 0.74208 -0.040666 1.865 1.722 -0.59355 0.51332 -1.515 0.97225 -1.4321 -0.70584 0.55706 -0.27827 -1.2634 1.3278 1.3461 -0.99582 0.18981 -0.85905 -1.7947 -1.3992 0.3653 0.19187 0.66709 1.424 1.5405 0.38854 -0.55615 0.35438 -1.1654 -1.2713 0.46979 0.11786 0.27224 -0.69957
-1.1108 -1.0137 0.047451 -1.7936 -1.0028 0.66565 0.18695 0.98464 1.0377 -1.2384 0.13811 -1.2838 1.1162 -0.81905 -0.46238 0.80779 0.26993 -0.82846 1.007 1.4959 -1.0318 -0.075216 -0.12564 -0.96077 -0.9609 0.28288 1.5016 0.36973 0.95961 1.5251 0.29528 -1.2543 -0.66665 -0.49485 -1.0093 0.80556 1.2001 0.60736 -0.3583
-0.83245 -0.70807 0.44704 -1.5532 -0.73635 0.70776 0.1843 0.23598 1.1828 -1.391 -0.0010011 -2.1207 1.2095 0.23943 -0.26199 1.404 0.93333 -0.95132 0.35005 0.84458 -1.3035 -0.5862 0.033029 -0.40403 -0.67213 0.22551 1.7193 0.29075 0.38697 1.2303 0.17844 -1.3686 -0.81643 0.28577 -0.48067 0.95518 1.6076 0.9748 -0.25404
-0.75962 -0.95048 0.8272 -1.5231 -1.0166 0.66066 0.4888 0.11201 0.98777 -1.1946 -0.11132 -2.0771 1.1759 1.0361 -0.2293 1.4353 1.364 -0.90644 -0.47739 0.37099 -1.1274 -0.57672 0.34657 0.18857 -0.14126 0.1515 0.8882 -0.041952 -0.42675 0.55041 -0.10016 -1.2212 -0.69356 0.80962 -0.20153 0.67163 1.3652 1.0964 -0.24942
-0.23184 -0.96867 0.85289 -1.1446 -0.89629 0.61476 0.54171 0.43198 1.1119 -0.5794 0.21508 -1.7587 1.1839 0.85757 -0.34976 0.91815 1.2877 -0.88037 -0.72261 0.44844 -0.35971 -0.49716 0.79622 0.67615 0.25686 0.030059 -0.054654 -0.077848 -1.1976 -0.12234 0.037488 -0.72309 -0.34164 1.181 0.078416 0.54576 1.095 1.0476 -0.18983
-0.14605 -1.1356 1.3816 -0.84036 -1.855 0.40731 0.099398 -0.044224 0.6593 -0.88911 0.33872 -2.0867 1.1662 0.53215 -0.49998 0.2965 1.0331 -1.0532 -0.94784 0.45616 0.19149 -0.49906 0.83143 1.0797 0.89507 -0.013032 -0.49205 0.067087 -1.1986 -0.63393 0.26212 -0.1363 -0.10856 0.87294 0.24557 0.26153 0.90759 0.74761 -0.12271
-0.030062 -1.2074 1.3336 -0.52545 -1.3962 0.090825 0.5952 0.2457 0.82661 -0.37683 0.64855 -1.4209 1.1842 0.38529 -0.26792 -0.13465 0.87881 -0.80372 -0.88675 0.20105 0.51688 -0.44435 0.88392 1.2128 1.028 0.0082451 -0.26016 0.29257 -0.83078 -0.85805 0.54532 0.18869 -0.21246 0.16261 0.55208 0.071335 0.56986 0.30645 -0.10725
-0.27086 -1.208 0.87047 -0.43759 -2.0074 -0.12144 0.88591 0.31703 0.37605 -0.37092 0.79735 -1.1886 1.1831 0.34668 -0.1701 -0.14812 0.46611 -0.44056 -0.66686 0.31553 0.26325 -0.088072 0.84201 1.6233 1.0634 -0.031138 -0.08898 0.48275 -0.23206 -1.018 0.5655 0.53874 -0.51378 -0.60762 0.75279 -0.083413 -0.00052191 -0.22291 -0.18809
-0.24577 -1.302 0.75354 -0.66739 -1.979 -0.27243 0.75941 0.54426 0.67322 -0.28974 1.237 -0.85793 1.184 0.45921 -0.039046 -0.32332 0.08232 -0.14038 -0.46979 0.15159 -0.06754 0.42555 0.95949 1.4597 0.83917 -0.13002 -0.1628 0.64503 0.39729 -1.1773 0.63309 0.49569 -0.73125 -1.0167 0.7788 -0.40045 -0.61947 -0.42931 -0.23775
0.00045776 -1.1535 0.7942 -0.43417 -1.8146 -0.14117 0.45679 0.94669 0.47403 0.26546 1.2888 -0.71591 1.1829 0.32478 0.17798 -0.021465 -0.33334 -0.29997 -0.046859 -0.43157 -0.81572 0.5957 0.66057 0.91767 0.54752 -0.24069 -0.58359 0.85925 0.40091 -1.1351 0.76304 0.16546 -0.91103 -0.96543 0.52695 -0.84455 -1.048 -0.34981 -0.1791
0.38043 -1.2077 1.1443 -0.56108 -1.573 -0.083957 0.84047 0.19744 1.1145 0.36155 2.3786 -0.52092 1.1239 0.087551 0.6207 0.495 -0.76092 0.34032 -0.17536 -0.73139 -1.1075 0.79551 0.2236 0.33994 0.41176 -0.26219 -1.1946 0.89042 -0.002864 -1.0715 0.83453 -0.39932 -0.88732 -0.5126 0.061597 -1.4656 -0.78167 -0.073244 -0.057918
0.33523 -1.2125 0.92877 -0.69367 -2.0449 -0.31082 0.36069 -0.35415 1.3129 0.38798 1.7122 -1 1.0029 -0.5645 0.91947 0.14205 -1.0789 0.78219 -0.46829 -0.87431 -1.2722 0.80488 -0.40675 0.13563 0.56943 -0.24764 -1.492 0.78754 -0.73501 -0.8235 1.0144 -1.0183 -0.84548 0.43776 -0.36175 -1.5301 -0.49353 0.072553 0.034492
-0.045167 -0.92454 1.0958 -1.0057 -2.0693 0.051779 0.097378 -0.81125 1.2811 0.26646 1.3469 -0.45873 0.94766 -1.3379 1.0616 -0.41486 -1.4019 0.91848 -1.0687 -1.2155 -0.93793 0.46799 -1.3341 0.31399 0.69966 -0.21777 -1.1269 0.53028 -1.0228 -0.21858 1.126 -1.2566 -0.80671 1.3648 -0.47199 -0.82812 0.10013 0.082756 0.059265
-0.35561 -0.3735 1.4453 -1.5019 -1.1522 -0.60796 -0.028574 -0.54591 1.3259 -0.31549 1.2038 -0.45954 0.99032 -1.7613 1.2576 -0.86212 -1.4421 1.3553 -1.6761 -1.7023 0.0089454 0.059622 -1.5136 -0.053453 0.58029 -0.20819 -0.26909 0.078298 -0.70686 0.46316 1.0631 -1.2147 -0.72554 1.9195 -0.3492 0.39133 0.3271 -0.11222 0.020126
-0.90738 -0.34035 0.55711 -1.7496 -0.65286 -0.84507 -0.32744 -0.65227 1.7037 -0.70089 1.8807 0.19906 0.98352 -1.4289 1.3232 -0.80388 -0.96527 2.2116 -2.1349 -1.76 1.1201 0.24778 -0.80763 0.58891 0.60441 -0.18809 0.63495 -0.48801 -0.17503 1.145 0.52099 -0.48635 -0.36118 1.6011 -0.19109 1.6246 0.054368 -0.34486 -0.026405
-1.3767 -0.19306 0.24657 -1.8892 -0.85061 -1.4221 -0.93804 -0.28597 1.0419 -1.5304 2.363 0.16012 0.93975 -1.0269 0.90743 -0.90959 -0.50738 2.1731 -2.413 -1.8977 1.7391 0.24027 0.1223 0.58789 0.40687 -0.23046 1.2845 -0.90057 0.56292 1.4099 -0.38084 0.39653 0.2561 0.66891 -0.20577 1.9825 -0.49085 -0.70243 -0.015691
-1.437 0.07058 0.21797 -2.1045 -0.092444 -1.9924 -1.3758 0.11887 1.2842 -1.1452 1.6604 -0.24099 0.82811 -0.51935 0.41225 -0.70326 0.096667 1.5093 -1.688 -1.754 1.5646 0.019228 1.044 0.059992 0.089087 -0.24809 1.4827 -1.0849 0.62477 1.1148 -1.4198 1.2705 0.9916 -0.51752 -0.57201 1.2465 -1.5405 -1.0168 0.017581
-1.03 0.32855 0.45621 -1.572 0.99877 -2.4263 -1.6869 1.1686 1.9202 0.078896 2.1978 -0.025861 0.80498 0.18664 0.20156 0.071422 0.44962 0.97982 -1.081 -1.2245 1.1846 -0.2139 1.4543 -0.76796 -0.60803 -0.20273 1.4463 -0.83999 0.46523 0.64705 -1.8094 1.9675 2.0006 -1.3458 -0.80642 -0.32461 -1.8101 -0.73249 0.062452
-1.3118 0.025911 0.22328 -1.7659 0.69502 -2.589 -2.0409 1.249 1.524 0.41022 1.8368 0.28855 0.7623 0.73838 -0.14227 -0.2019 0.46999 0.092737 -0.19439 -0.28485 0.28832 -0.64556 0.98557 -1.7251 -0.99231 -0.17394 1.1831 -0.30289 -0.0064445 0.19711 -1.543 2.1301 2.5686 -1.8513 -0.78444 -1.7993 -1.6399 0.019137 -0.039712
-1.1592 -0.080699 0.31923 -1.4472 0.38984 -2.0796 -1.9582 0.81511 1.2002 0.5628 1.3915 -0.26915 0.79442 1.0501 -0.2259 -0.34798 0.41298 -0.57985 0.87262 1.0053 -0.48188 -1.0167 -0.45168 -2.0286 -0.56135 -0.16867 1.0629 0.43452 -0.33207 0.47086 -0.66116 1.9808 2.0907 -1.9782 -0.6761 -1.3789 -1.0137 0.87978 -0.52953
-0.75094 -0.048899 0.60302 -1.3795 0.2554 -2.1167 -1.7459 0.59462 1.0888 0.38498 1.0425 -1.0424 0.785 1.2617 0.1099 -0.50963 0.44598 -0.66219 1.7003 1.7966 -1.5295 -1.1248 -1.4807 -2.4924 0.13062 -0.3276 0.71381 1.017 -0.098283 0.85145 0.37375 1.2304 0.72315 -1.5785 -0.41937 0.2432 -0.19461 1.1308 -0.97018
-0.43121 -0.21197 -0.35344 -1.6003 -0.65661 -1.815 -1.1444 0.090141 0.10011 -0.67663 -0.15275 -1.4241 0.69969 1.9126 0.78753 -0.36265 1.2648 0.094064 2.0314 1.5355 -2.102 -1.3029 0.029215 -2.3661 0.69743 -0.9619 0.17039 1.0215 0.094638 1.0117 0.98763 0.18048 -0.75173 -0.9604 -0.045818 2.0742 0.4645 0.72949 -1.0766
-0.089107 0.078236 -0.017072 -1.502 0.034943 -1.0538 0.060326 0.099814 0.57173 -1.5557 -0.26522 -0.11324 0.62667 1.6407 1.0331 -0.37193 1.5036 0.47367 1.7506 0.776 -2.2524 -1.3175 1.2487 -1.9672 0.77076 -1.3092 -0.55385 0.43983 0.41794 0.76802 0.93893 -0.71132 -1.5708 -0.23195 0.38813 2.6297 1.3488 0.0094524 -0.63832
0.23624 0.53256 -0.094457 -0.92572 0.50017 -0.58866 0.033305 -0.86309 0.62982 -1.2375 -0.50098 0.90676 0.41431 1.1761 1.0021 -0.25538 1.6202 0.74525 1.224 0.17258 -2.1653 -0.98814 2.2562 -1.438 0.67082 -1.3777 -1.2099 -0.87428 0.24555 -0.14989 -0.0027939 -0.8932 -0.95556 0.70518 0.41069 1.2848 1.9817 -1.0539 0.45676
1.0605 0.92564 0.031507 0.15533 0.92052 -0.40959 -1.0721 -1.6451 -0.57968 2.3244 -0.84694 0.72615 -0.43634 0.58864 0.72353 0.16598 1.5839 0.81203 0.65607 -0.34724 -2.0035 -0.48192 2.5613 -0.40737 0.18852 -1.1275 -1.1554 -2.1109 -0.10293 -0.8596 -0.90766 -0.77568 0.3687 1.98 0.2588 -1.0103 2.2242 -1.593 1.4563
0.43302 0.79132 -0.076818 -0.042224 0.54588 -0.58925 -1.3375 -1.851 -0.55014 2.0335 -0.87685 -0.53198 -0.34427 0.16814 -0.52536 -0.20512 0.95715 -0.078039 0.75865 0.3852 -0.75194 -0.87538 1.9068 0.61693 -1.1933 -0.3312 -0.78787 -2.7285 -0.70317 -1.232 -1.4874 -0.47801 1.3382 3.081 0.45978 -3.3758 1.8361 -1.2919 2.0401
0.45594 0.71672 -0.081468 -0.11026 0.68696 -1.0312 -0.91823 -1.8333 -0.1065 1.9349 -0.94653 -0.44449 -0.31992 -0.023635 -1.7303 -0.58258 0.34362 -0.84979 0.40367 1.3542 1.2089 -0.83238 -0.51629 1.2334 -1.608 0.46763 -0.090339 -2.2743 -1.19 -0.85213 -1.0336 -0.046376 1.2528 3.1951 0.87966 -3.9224 0.57025 -0.3979 1.7451
0.2237 0.5179 -0.052443 -0.026651 0.55549 -0.70446 -0.69654 -2.2738 -0.031859 1.1838 -0.33386 -0.31612 -0.18019 0.0024845 -2.3268 -1.1208 0.1065 -1.2687 0.37955 1.7608 2.7229 0.13065 -2.7557 1.2253 -1.1112 1.0466 0.44981 -0.90742 -1.1587 -0.1256 0.10376 0.11563 -0.015464 1.9196 1.3663 -2.6629 -0.92256 0.47391 0.81755
0.42985 -0.73077 -0.4021 -0.33214 -0.04284 0.53514 1.2191 -0.39013 -0.92691 0.89086 0.78938 -1.5511 0.46589 0.49852 -2.1752 -1.4708 0.53063 -0.56882 0.75803 1.2494 2.9947 0.79855 -2.7235 0.34447 -0.66087 0.93975 0.65675 0.49505 -0.91099 0.40137 1.0921 0.20017 -1.1823 0.15935 1.4383 -0.11782 -2.0928 0.78645 -0.15385
0.68217 -1.2157 -0.8781 -0.016923 -0.52359 -0.4956 0.84798 0.84737 -1.0056 -1.0542 0.49954 -1.2061 0.48934 0.74604 -1.8258 -1.8007 0.63807 -0.01747 0.82532 0.42689 2.3957 1.066 -2.1506 -0.74551 -0.64974 0.72405 0.43179 1.4622 -0.25381 0.48164 1.4861 -0.089615 -1.7918 -1.3227 1.0462 1.6574 -2.2211 0.8558 -0.8305
0.90696 -1.215 -1.3472 0.37952 -0.62416 -0.3518 0.083142 1.4917 0.27258 -0.93328 -0.085695 -0.91764 0.38285 0.83125 -1.1679 -1.8472 0.76114 0.61769 0.5976 -0.10114 1.6937 1.601 -1.019 -1.8323 -0.16721 0.38622 0.0030176 1.6603 0.66198 -0.015792 1.0276 -0.26044 -1.0746 -1.644 0.29237 2.1296 -1.021 0.8782 -0.74563
0.89733 -1.0455 -1.5988 0.54977 0.67899 0.19163 -0.1622 0.84904 1.1627 -0.90626 -1.0993 -1.3877 0.43371 0.64133 -0.40679 -1.3831 0.81297 0.9853 0.28372 -0.78902 0.56306 1.8461 -0.34793 -1.9835 0.45871 0.012122 -0.16924 1.3911 1.5139 -0.38293 0.11734 -0.39426 0.23041 -1.1494 -0.83787 1.7778 0.52138 1.0505 -0.38523
1.2217 -1.1862 -1.9621 0.38118 0.80083 0.088012 -0.09345 0.2236 0.88526 -0.48253 -1.5302 -1.3845 0.43078 0.55282 -0.13119 -0.52183 0.40699 0.89936 0.50331 -0.069859 0.42163 1.0172 0.55567 -1.0322 0.64852 0.11846 -0.41163 0.69694 1.8263 -0.70637 -1.2189 -0.60444 1.2573 -0.50457 -1.9129 0.84738 1.6424 0.88055 0.013173
1.155 -1.2197 -2.0813 0.64083 0.86538 0.38776 0.31911 0.6866 1.3192 -0.039933 -1.6492 -0.74448 0.46563 0.56449 -0.038985 0.19046 0.14575 0.06874 0.073169 0.8455 0.58762 -0.29432 0.55687 -0.18325 1.1668 0.24982 -0.71866 0.14543 1.5638 -0.89023 -1.8972 -0.6647 1.5596 0.0013187 -2.3053 0.13193 1.5513 0.39119 0.27872
1.1907 -1.4239 -1.8803 0.65296 0.56486 0.27459 0.13372 1.2615 1.102 -0.64468 -0.97083 -0.69906 0.48444 0.094796 -0.20272 0.56867 -0.13248 -1.2549 -0.52641 1.3742 0.59976 -1.1316 0.20988 0.37986 1.3473 0.28842 -0.93777 0.0080623 0.97199 -0.93035 -1.6381 -0.67651 0.75848 -0.29304 -1.9617 -0.17553 0.6254 -0.16326 0.20026
1.425 -1.2345 -1.3187 0.47219 0.45835 -0.12006 0.51685 1.8955 0.47743 -0.38498 -0.64264 -0.14294 0.59601 -0.47972 -0.14044 0.81333 -0.46164 -1.567 -0.55398 1.3285 0.46124 -1.6673 0.11164 0.2479 0.95322 0.36754 -0.94425 0.06146 0.40608 -0.80436 -0.62198 -0.08193 0.12115 -0.7609 -1.0005 0.11089 -0.0036689 -0.87062 0.078482
1.6049 -1.0686 -1.2538 0.57757 -0.2235 -0.09902 1.1486 1.6187 0.063318 -0.073859 -0.92292 0.59163 0.64727 -0.68563 -0.07865 0.86902 -0.90286 -1.4161 -0.55984 1.0785 -0.14989 -2.1967 0.46565 -0.08591 0.43826 0.37608 -0.60943 0.15283 -0.092062 -0.46962 0.40568 0.32919 -0.27804 -1.1343 0.13821 0.04988 -0.15118 -1.2532 -0.038971
0.72579 -1.4571 -1.3466 0.21692 -0.97584 -0.45451 1.5375 0.71074 -0.31484 -0.62487 -1.1451 0.06047 0.6968 -0.818 -0.010278 0.7487 -0.8653 -1.0389 -0.070436 1.2299 -0.66084 -1.7393 0.67465 0.0050053 -0.17684 0.33016 -0.16877 0.25035 -0.40937 0.020742 0.84702 0.063767 -0.46548 -0.97879 1.304 -0.43636 0.47338 -1.1048 -0.1418
0.4851 -1.3782 -1.2479 -0.15491 -0.80661 -0.2142 1.2633 1.0077 -1.0806 -0.046193 -1.4315 -0.25533 0.79703 -0.8815 -0.02488 0.43455 -0.74957 -0.73997 -0.087424 0.93766 -1.2515 -0.79534 0.055118 0.17377 -0.68699 0.24581 0.51187 0.64852 -0.48718 0.66486 0.79288 -0.56906 -0.94103 -0.43689 2.2632 -1.0282 1.057 -0.40239 -0.25792
0.59438 -1.3024 -0.98187 -0.36441 -0.53801 -0.17341 1.2604 0.95473 -1.4456 0.60622 -1.3409 -0.14908 0.81164 -0.70167 0.23801 0.30687 -0.51146 -0.28118 -0.65244 0.57388 -1.0717 0.26438 -0.50415 0.98833 -0.77256 0.209 1.1776 0.90001 -0.57385 1.0607 0.33163 -1.492 -1.4945 -0.26467 2.2149 -1.2595 0.48136 0.50191 -0.39348
0.60975 -1.2853 -0.80863 -0.10722 -0.6177 0.20489 1.9205 0.78033 -0.7834 0.080588 -0.33408 -0.81174 0.80694 0.21146 0.86568 0.22959 0.057963 -0.2747 -1.4257 -0.27911 -0.88316 1.3526 -0.91956 1.412 -0.081619 0.029609 1.5422 1.008 -0.5737 1.1808 0.041561 -1.6382 -1.7726 -0.096426 1.5214 -0.76219 -0.4507 1.0965 -0.45619
0.50728 -1.1763 -0.99642 -0.23366 -0.86789 -0.5897 1.8628 -0.11341 -0.19953 -0.77797 -0.65627 -0.66302 0.83551 0.83787 1.0318 -0.16138 0.55143 -0.63429 -2.4464 -0.84891 -1.4198 1.6411 -1.2635 0.2715 0.59619 -0.18288 1.5287 0.68545 -0.49085 0.9132 -0.068212 -0.97777 -1.9019 0.0090728 0.26751 0.11366 -1.4971 1.177 -0.46984
0.4154 -0.8731 -1.1197 -0.070418 -0.88361 -1.3088 1.7929 0.11498 0.43604 -1.0446 0.20475 -0.45501 0.87814 1.2343 1.2454 -0.34361 0.7466 -0.48143 -2.5346 -1.5414 -1.2967 1.5835 -1.0214 -0.36978 0.94932 -0.27842 1.0117 0.029302 -0.039845 0.35772 0.19946 0.22569 -1.4413 0.40856 -1.0224 0.89907 -1.6449 0.70566 -0.35888
1.1902 -0.3516 -1.0503 0.19773 -1.3268 -2.097 0.45088 -0.092164 1.0327 -1.3833 0.13829 0.17605 0.68083 1.6472 1.1781 -0.27332 0.71027 -0.30597 -2.091 -2.2195 -0.86126 0.70788 -0.20219 -1.0295 1.2012 -0.37872 0.30163 -0.53554 0.67875 -0.13884 0.5263 1.3274 -0.52122 0.67597 -1.9131 1.2447 -0.8066 0.1067 -0.1534
1.6958 -0.38194 -1.4156 0.41684 -1.4238 -2.721 0.23535 -0.89376 0.22465 -0.93807 -2.103 0.71675 0.57419 1.6984 0.82969 0.21083 0.58655 -0.054626 -1.1344 -2.1848 -0.31468 -0.20207 0.33178 -1.1298 1.1182 -0.43897 -0.7791 -1.1541 1.0237 -0.56321 0.36245 1.7575 1.0623 0.42984 -1.8607 1.0654 0.52208 -0.78088 0.21215
1.9163 -0.04752 -1.1997 0.44846 -0.77349 -2.1683 -0.06514 -0.51273 0.71777 -0.60784 -1.1176 0.63969 0.58262 1.1672 0.33608 0.74867 0.38304 0.16222 -0.42364 -1.4531 -0.49802 -1.2692 0.5157 -0.93299 0.75995 -0.34461 -1.7643 -1.2009 1.0024 -1.0508 0.042976 1.9198 2.0576 0.066806 -0.47988 0.71601 1.4444 -1.4051 0.58646
2.2779 -0.18437 -1.0902 0.51702 -1.0753 -1.9451 -0.4767 -0.32779 0.13106 -0.47753 -1.1679 0.57271 0.48422 0.011008 -0.26724 0.93848 -0.070106 -0.019268 0.23453 0.015111 -0.58562 -1.1264 0.72597 0.54562 -0.44031 0.039797 -2.155 -0.80327 0.50921 -1.4195 -0.16935 1.5054 1.9433 -0.16578 0.90707 0.3276 1.2682 -1.132 0.75934
2.1522 -0.31399 -0.62277 0.3124 -0.9964 -2.1438 -0.58828 -0.30171 -0.29643 -0.72483 -1.4186 0.9577 0.44399 -0.81807 -0.28507 1.1185 -0.78264 -0.23895 1.1593 0.42146 -0.60017 0.23389 1.0259 0.8653 -0.93674 0.30827 -1.7691 -0.15501 0.053523 -1.4924 0.014122 0.88524 0.99998 -0.030592 1.7956 -0.084608 0.80707 -0.42696 0.62572
1.7299 -0.38311 -0.21513 0.47889 -0.85808 -2.2968 -0.029572 -0.92222 -1.234 -0.56895 -0.80124 0.74121 0.52675 -1.3499 -0.20917 0.91545 -1.2878 -0.17581 1.1611 0.41177 -0.62944 0.88469 0.74476 0.36561 -0.37876 0.43398 -0.8622 0.45249 -0.25109 -1.0742 0.33458 0.18203 -0.37076 0.20257 1.3241 -0.44107 0.11316 0.41046 0.19499
1.1083 -0.71014 -0.40802 0.054567 -1.6308 -1.9989 0.82558 -1.306 0.047996 -0.089493 0.37179 -0.92711 0.82067 -1.4703 0.037268 0.84943 -1.591 0.26994 0.9314 0.17541 -0.55628 1.341 0.3709 0.66725 -0.14001 0.44668 0.013297 0.6284 -0.35452 -0.42242 0.55427 -0.47964 -1.1424 0.49942 0.14099 -0.77585 0.29236 0.64619 -0.24839
0.909 -0.35251 -0.28069 -0.72284 -1.3654 -0.71239 0.28457 -1.3582 1.6125 0.86497 -1.6262 -0.37183 0.88326 -1.2818 0.31359 0.62728 -1.5275 0.36918 0.72817 -0.5155 -0.19508 0.99266 0.22325 0.82407 0.045564 0.27877 0.71184 0.61232 -0.17927 0.45782 0.44054 -0.59552 -1.4772 0.76072 -0.94957 -0.60061 0.75697 0.34406 -0.60541
0.68887 -0.15248 -0.21687 -0.95283 -0.68304 -1.0309 -0.27019 -0.74063 1.4324 -0.17506 -0.74063 1.0527 0.86959 -0.83089 0.48851 0.6352 -1.4003 0.55201 0.4018 -1.1649 0.22237 0.48577 -0.19613 1.1592 0.22893 -0.0061422 0.98885 0.17023 -0.22456 1.299 -0.1474 -0.5943 -0.97869 0.63211 -1.5623 -0.15228 0.7756 -0.2189 -0.67616
0.8172 -0.231 0.13799 -1.0922 -0.5377 -1.6089 -0.46666 -0.99397 0.77975 -0.55182 -0.11905 0.56259 0.78007 -0.33973 0.57339 0.70298 -0.60248 0.52891 0.21489 -1.574 0.57308 -0.56341 -0.11294 1.5338 0.18198 -0.29543 0.96167 -0.34081 -0.3726 1.7431 -0.7558 -0.21053 0.00089545 0.1848 -1.1147 0.5389 0.19022 -1.008 -0.43365
0.53792 -0.058731 0.16076 -1.0448 -0.74989 -1.6738 -0.91128 -0.82816 -0.062559 -0.24138 0.013172 0.5088 0.69458 -0.092557 0.17926 0.41246 0.17797 -0.089653 -0.020493 -1.0491 0.37972 -0.98239 0.27168 1.7623 -0.64177 -0.33377 0.77662 -0.67186 -0.41988 1.7275 -1.047 0.31741 0.93977 -0.08497 -0.19905 0.9606 -0.50894 -1.2343 -0.075575
0.60908 -0.016971 0.36283 -1.1791 -0.57943 -1.5335 -0.82879 -0.91789 0.11859 -0.39214 1.0706 -0.030702 0.63534 0.14691 -0.11101 0.07954 0.6808 -0.75438 0.5159 -0.55446 0.10118 -0.47935 1.0693 0.84976 -1.6049 -0.24199 0.67744 -0.86439 -1.7487e-05 1.0291 -0.87435 0.46881 1.3824 -0.31372 0.53119 0.58307 -1.1065 -0.84402 0.1062
0.73189 0.020614 0.2541 -0.70507 -1.0369 -0.88242 -1.1996 -0.42863 0.39818 0.54518 1.1503 -0.58006 0.58193 0.37703 -0.29988 0.20477 0.92853 -0.80824 0.90794 0.043309 0.26324 0.069364 1.1147 0.48753 -1.4372 -0.15197 0.65836 -0.78599 0.45855 0.48181 -0.57626 0.49734 1.0874 -0.18194 0.38452 -0.021717 -1.3032 0.56291 -0.023964
0.77842 -0.22581 0.031772 -0.56481 -1.2576 -0.89294 -0.96377 -0.83436 0.52155 0.89759 -0.033378 -0.51122 0.60096 0.69091 -0.63828 0.80204 0.78818 -0.78312 0.71706 0.39876 -0.047095 -0.0028873 0.6316 0.011423 -1.1627 -0.21837 0.58064 -0.61556 0.5428 0.18049 -0.38683 0.23098 0.74265 -0.053072 -0.22059 -0.81352 -0.72126 2.0089 -0.20971
0.92002 -0.36405 -0.06664 -0.22872 -1.5794 -0.89151 -0.89598 -0.77693 0.4788 0.80393 0.38644 -1.4207 0.64779 0.86513 -0.87777 0.85176 0.9463 -1.176 0.90368 0.45933 0.053889 -0.42761 0.47772 -0.35554 0.34059 -0.38318 0.40215 -0.28819 0.12655 0.060249 -0.35866 0.20683 0.21271 0.24544 -0.4217 -1.0091 -0.050699 2.6057 -0.27755
1.2 -0.46167 0.73273 -0.21126 -1.3383 -0.77867 -0.35484 -0.53041 0.43439 0.62224 0.89376 -1.1729 0.58478 0.98694 -0.85888 0.70456 0.97425 -1.3086 0.99787 0.59875 0.078176 -0.64832 -0.16842 -0.14955 1.7372 -0.45732 0.024699 0.18853 -0.52416 -0.034496 -0.21264 0.25049 -0.052538 0.53524 -0.14416 -0.85243 0.38875 2.3779 -0.11709
1.3536 -0.71507 1.4139 -0.46872 -1.5925 -0.94214 -0.57932 -1.0619 -0.29785 0.30281 0.39925 -1.0254 0.36452 0.9787 -0.68117 0.471 0.93046 -1.2297 1.198 0.34553 0.70368 -0.42768 -0.42269 0.43319 2.5936 -0.47056 -0.41797 0.55489 -0.93236 -0.25505 0.039256 0.051703 -0.11623 0.43779 0.18258 -0.63344 0.34252 1.0009 0.23317
1.6474 -0.93742 0.83705 0.2069 -2.4975 0.026096 -0.58163 -0.48774 -0.25472 0.85124 0.59749 1.2302 0.18607 0.67669 -0.43421 0.067131 0.72766 -1.1609 1.0897 0.37788 0.74341 -0.26741 -0.55025 0.32503 2.7146 -0.35935 -0.69516 0.6485 -0.8345 -0.42838 0.38189 -0.13536 0.013969 0.27438 0.28992 -0.094507 0.11465 -0.78426 0.58582
1.8258 -0.84527 0.44356 0.57156 -2.7866 0.24413 -0.43261 -0.40715 -0.14314 0.40344 0.44141 1.9544 0.23737 0.2335 -0.17757 -0.4717 0.62075 -1.1722 0.97085 0.37674 0.63076 -0.22902 -0.53656 0.026472 1.9724 -0.063698 -0.85314 0.50458 -0.19298 -0.86845 0.80905 -0.41215 0.21606 -0.34149 0.17785 -0.012688 -0.087408 -2.6857 0.78379
1.828 -0.9006 0.46216 0.39547 -2.4892 0.15358 -0.5486 0.30631 0.29935 0.2253 0.82193 2.1557 0.2712 0.053499 -0.042239 -0.29439 0.38132 -0.60383 0.84179 0.62573 0.67886 -0.14387 -0.26618 0.2361 0.43051 0.26461 -0.92297 0.22559 0.41307 -1.1995 1.1624 -0.48438 0.22032 -0.63856 0.11192 0.19292 0.038047 -3.7129 0.73221
1.59 -0.76097 0.52569 0.29237 -2.6994 -0.025722 -0.10605 -0.072605 -0.021551 -0.090447 1.0135 1.352 0.33689 -0.31172 -0.04841 0.30809 -0.40315 0.042974 0.486 0.62989 -0.00113 -0.10985 -0.55994 0.27243 -1.8629 0.45546 -1.0977 0.042229 0.56441 -1.3745 1.3824 -0.44321 0.32756 -0.70925 0.041067 0.35141 -0.24444 -3.5502 0.52286
1.4116 -0.73855 0.58201 0.30061 -2.9111 0.24308 0.026136 -0.19825 -0.39479 -0.0042263 0.4508 1.28 0.47494 -0.78353 -0.13469 0.39791 -0.83805 0.45913 0.34843 0.66729 -0.30544 -0.079291 -0.133 0.23742 -3.1173 0.53761 -1.1745 0.0077973 -0.059008 -1.2729 1.4371 -0.31859 0.26172 -0.55476 0.11671 0.45635 -1.0277 -2.1629 0.26906
1.6872 -0.94012 1.0034 0.21796 -2.5166 0.45291 0.08497 -0.014409 -0.53118 0.49688 0.7352 0.084024 0.55242 -1.4081 -0.072637 0.16862 -1.1492 0.9451 0.31811 0.96601 -0.39124 -0.15534 0.11133 -0.48058 -3.6625 0.62575 -0.9566 0.16633 -0.83668 -0.76948 1.4144 -0.18059 0.34383 -0.037985 0.51892 0.49439 -1.495 -0.15106 0.071247
1.3035 -1.0031 0.94002 -0.2655 -2.4135 0.68536 0.067938 -0.58154 0.018744 -0.27994 1.0214 -1.353 0.62029 -1.6024 -0.028757 -0.33304 -1.4499 1.6986 0.28125 0.94858 -0.31381 0.13616 0.31722 -1.396 -3.1736 0.60462 -0.57429 0.39533 -1.1817 -0.19032 1.1877 -0.11758 0.28241 0.23343 1.0415 -0.11786 -1.6325 1.4552 -0.072852
0.69863 -0.93927 0.64132 -0.47657 -1.942 0.31804 0.34961 -0.43994 0.059692 0.27771 0.83253 -2.1753 0.77346 -1.6981 0.16402 -0.80057 -1.4333 2.1333 0.15742 1.1288 -0.092742 0.8443 0.20815 -1.8155 -2.1263 0.53472 0.043053 0.43463 -0.98751 0.48291 0.6801 -0.066099 0.032089 0.55328 1.3388 -0.61347 -0.98063 2.6577 -0.24155
-0.1369 -0.80976 0.53437 -0.97043 -1.2317 0.312 0.95546 -0.096955 -0.20228 0.3078 -0.14353 -2.7105 0.91022 -1.7181 0.39377 -1.1976 -1.0332 2.1411 0.19551 1.1143 0.023014 1.5281 -0.38162 -2.2636 -0.81371 0.46832 0.52231 0.30506 -0.42023 0.95396 0.047694 0.12739 -0.341 0.90364 1.1817 -1.1007 0.1902 2.9779 -0.36286
-0.0013851 -0.75515 0.056431 -1.2311 -0.57469 0.44393 0.97499 -0.62023 -0.060408 0.43432 -1.2107 -2.2505 0.91849 -1.2733 0.42835 -1.1381 -0.53363 2.0282 0.23304 0.95853 0.59387 1.8507 -0.70551 -1.965 0.74722 0.31268 0.84444 -0.012793 0.064113 1.0243 -0.58184 0.025644 -0.96646 0.89736 0.67773 -1.4119 1.3106 2.417 -0.43087
-0.11208 -0.63886 -0.10293 -1.0711 -0.29415 0.62787 1.2664 -0.13823 1.0995 0.27683 -1.2272 -1.4145 0.97038 -0.84002 0.33554 -0.90702 -0.26341 1.8449 0.51135 0.43391 1.2367 2.0206 -1.3419 -0.99403 1.6497 0.14285 0.74538 -0.26145 0.42918 0.59581 -1.013 -0.40184 -1.2755 0.65288 -0.074389 -1.3855 2.0448 1.234 -0.41123
-0.30224 -0.56499 -0.26245 -0.8543 -0.064192 0.77016 1.1796 -0.202 1.921 -0.70494 -1.2765 -1.6552 1.003 -0.55886 0.16021 -0.83802 -0.060597 1.17 0.059254 -0.26271 1.181 1.9776 -2.0343 0.025489 1.7276 0.017272 0.28097 -0.31669 0.4256 -0.055778 -1.2721 -0.80999 -1.2785 -0.052143 -1.1043 -1.0931 1.861 -0.057627 -0.27861
-0.38435 -0.57129 -0.29563 -0.95203 0.11731 0.66509 1.2185 0.45663 2.1364 -1.0595 -0.85127 -0.49052 0.93607 -0.68264 0.080787 -0.59869 -0.25107 0.63342 -0.53239 -0.56603 1.0934 1.3396 -2.3884 0.62508 1.3047 -0.033138 0.023982 -0.13493 0.56815 -0.47622 -1.1373 -1.0016 -0.74544 -0.64575 -1.7799 -0.2108 1.281 -0.68269 -0.086271
-0.58464 -0.58164 -0.33946 -1.1055 0.71691 0.84647 0.92161 1.5129 1.9801 -1.1857 -0.51875 -0.21984 0.95125 -0.82931 0.016674 -0.54961 -0.64495 0.20117 -0.8949 -0.83776 0.53979 0.005955 -2.2835 0.75694 0.82389 -0.039067 0.031994 0.1864 0.85183 -0.49783 -0.70661 -0.65567 -0.18967 -0.83893 -1.8959 0.56282 0.5808 -0.92998 0.081169
-0.68777 -0.667 -0.65541 -1.2241 0.14829 0.1141 0.50538 0.63317 2.1437 -2.3463 -0.69062 -0.56648 0.92658 -0.66358 0.17097 -0.058183 -0.80153 0.15455 -1.0533 -0.61023 0.1773 -0.53022 -1.5987 1.0594 0.69689 0.035019 0.32132 0.4777 1.0523 -0.022092 -0.26003 -0.16212 0.22237 -0.67502 -1.225 1.1274 0.15525 -0.75188 0.15155
-0.78199 -0.58536 -0.64276 -1.5145 0.17466 -0.18956 0.49319 0.47032 1.9713 -2.5649 -0.67317 -0.42227 0.91284 -0.51216 0.41394 0.38297 -0.65293 0.059211 -1.0144 -0.56654 -0.14913 -0.85616 -1.3026 0.88463 0.10902 0.11162 0.44816 0.54342 1.1399 0.48373 0.24354 0.29582 0.47456 0.079382 -0.30696 1.4306 0.11851 -0.65733 0.12838
-1.2199 -0.55726 -0.73554 -1.7103 -0.023835 -0.13242 0.37278 0.4302 1.0838 -2.7466 -0.2914 -0.40067 0.97227 -0.24295 0.66613 0.77834 -0.29414 0.20906 -0.79703 -0.28194 -0.0039219 -0.65601 -0.65182 0.82139 0.11257 0.13109 0.4757 0.26276 0.7965 0.79713 0.45443 0.37966 0.16231 0.54336 0.35127 1.4235 0.041205 -0.77657 0.011594
-0.90284 -0.27381 -0.0019755 -1.6611 0.55725 -0.21334 0.72751 0.51782 1.5495 -2.4036 0.35239 -0.11756 1.0462 -0.20373 0.66253 1.0293 -0.07331 0.64255 -0.41056 -0.12584 0.78259 -0.52138 0.061098 1.0656 -0.2355 0.11588 0.4944 -0.11993 0.33522 0.68775 0.29127 -0.079771 -0.30138 0.57318 0.85272 1.6236 0.017472 -0.66276 -0.20748
-0.93926 -0.099357 0.15515 -1.6038 0.43697 -0.33864 0.31599 0.89323 1.034 -2.7878 0.062585 -0.38189 1.0319 0.069684 0.47268 1.0127 0.27452 0.73521 -0.57124 -0.51957 0.84399 0.028899 0.52365 1.0103 -0.73208 0.051439 0.40923 -0.18531 0.054642 0.39317 -0.53149 -0.7167 -0.80591 0.052564 0.7326 1.633 -0.26301 -0.59615 -0.5036
-0.82508 0.079955 0.25732 -1.3493 0.85257 -0.2566 0.43176 1.318 1.527 -2.2796 0.14804 -0.20456 1.0414 0.25404 0.2993 0.84975 0.23996 0.35613 -1.2832 -0.97581 0.62249 0.53099 1.304 0.78609 -0.83159 -0.17598 0.53294 0.22206 0.23189 0.29481 -1.3042 -0.79615 -0.74514 -0.97754 0.075214 1.5559 -0.39668 -0.062971 -0.85415
-1.1287 -0.12545 0.24378 -1.5226 0.86569 -0.51022 0.32244 1.472 1.3983 -2.3901 0.60616 -1.2465 1.002 0.29111 0.52749 0.95932 0.21838 -0.66272 -1.8197 -1.298 0.17166 0.30711 1.9394 0.41916 -0.81283 -0.51804 0.46623 0.73514 0.36905 0.50711 -1.3009 0.10546 -0.55696 -1.7427 -1.149 1.1633 -0.47602 0.81251 -1.2813
-0.74104 -0.17724 0.38467 -1.2775 0.99152 -0.9417 -0.36201 1.1895 1.8362 -1.7593 0.65658 -1.4544 0.97482 0.68028 0.99335 1.4585 0.45427 -1.1526 -1.4078 -1.0677 -0.96229 -0.48621 2.4155 0.56285 -0.30218 -0.94802 0.37473 1.2035 0.35553 1.312 -0.58683 1.3884 -0.19676 -1.8577 -2.1027 0.46786 -0.6191 1.5935 -1.6763
-0.79726 -0.094754 0.45464 -1.5885 0.29362 -1.8516 -0.75306 1.0295 1.8651 -0.61834 0.77013 -1.066 0.75429 0.7263 1.3384 1.3517 1.033 -0.99833 -0.28586 -1.4642 -2.0613 -1.7372 2.265 0.1714 0.7293 -1.5857 0.005279 1.058 -0.26338 1.9261 0.27326 2.2593 0.44745 -1.1427 -2.1953 -0.090165 -0.78924 1.4777 -1.8019
-0.48987 0.71625 1.4279 -1.329 -0.68205 -2.1754 -0.75456 0.8133 1.5284 -0.025312 0.47843 -1.0482 0.44288 0.73478 1.8866 1.2732 2.0865 -0.597 0.79767 -1.2315 -2.2018 -2.6294 2.0827 -0.31496 1.7586 -2.2892 -0.40528 0.37021 -1.0979 2.0752 0.76877 2.3992 0.95049 0.12824 -1.3188 -0.60756 -0.90702 1.0157 -1.3798
-0.020511 1.1682 1.8624 -0.80944 -0.61783 -1.092 -0.55849 -0.53425 -0.10873 0.096587 0.82054 -0.55546 0.030371 0.27005 1.8313 0.58468 2.7152 -0.41499 1.707 -0.38914 -1.6386 -2.989 1.9596 -0.69317 1.2757 -2.6928 -0.45134 -0.9044 -1.9615 1.417 1.3125 1.729 1.2883 1.4544 0.21253 -0.8659 -0.63307 0.28 -0.31705
-0.31009 1.2102 1.1989 0.0081321 0.43946 0.02256 -1.6237 -1.3161 -0.90995 0.15269 0.37378 0.80097 -0.6141 0.14543 1.3518 -0.090835 3.1833 0.029837 2.5114 0.13207 -0.91821 -2.4746 1.4135 -0.78198 1.576 -2.5732 0.0068357 -2.2011 -2.5941 0.10249 1.264 0.31139 0.89297 2.1998 1.6098 -0.99414 -0.29739 -0.42157 1.1043
-0.32179 1.7541 1.4607 1.0508 0.38051 -0.03358 -1.2349 -0.71273 -1.4817 0.38973 0.18811 0.95406 -1.2783 0.17171 0.087903 -1.4158 2.9196 1.2031 2.4017 0.20258 0.35449 -1.3656 0.94129 -0.8468 1.4317 -1.9441 0.61186 -2.3332 -1.9194 -1.2815 0.671 -1.088 0.32203 1.8668 2.3265 -0.92254 -0.028161 -0.86754 2.1232
-0.62111 1.5568 0.79733 1.3261 -0.23313 0.074603 -0.49182 -0.19573 -1.224 1.5489 -0.20942 -0.60937 -1.53 0.79304 -0.91929 -2.2872 2.1521 1.016 1.0946 0.10588 1.4342 -0.19698 0.68354 -0.84607 0.82275 -0.91939 1.2057 -2.2603 -1.4374 -2.5806 -0.33082 -2.0091 -0.24472 1.0455 2.157 -0.54022 0.41618 -1.4198 2.7744
-0.34211 1.463 0.81704 1.6632 -0.24136 0.66161 -0.45791 -0.062186 -0.89466 1.1502 -0.013566 1.6094 -1.5193 1.0888 -0.9306 -1.6929 1.0117 0.37882 0.19689 0.22401 1.114 0.54999 0.55586 -0.75272 -0.13933 -0.16646 1.6672 -1.3681 -0.48665 -2.9487 -1.3617 -2.2286 -0.77933 -0.11474 1.3893 -0.30357 0.72058 -1.6507 2.7682
0.14385 0.56179 -0.28468 1.7558 1.7357 0.81268 -0.82071 0.83217 -0.62736 0.75089 -0.34399 1.1311 -1.2599 1.9419 -1.9149 -2.4813 -0.32243 -0.18886 -0.48907 -0.3042 0.89564 0.90634 0.5827 -0.068447 -0.58655 0.9196 1.246 -0.74505 -0.13629 -2.5845 -1.4069 -1.886 -0.66576 -0.58842 0.56728 -0.17025 0.52903 -1.6864 2.2487
1.1441 0.13722 -1.0239 1.6283 0.79546 0.040895 -1.1574 0.67083 -0.88756 0.85788 -0.20526 0.814 -0.89707 2.717 -1.7044 -2.1781 -0.93774 -0.79861 -1.3584 -0.98539 0.36578 0.88571 0.4295 0.10874 -1.2952 1.5081 0.46388 -0.25374 0.079833 -1.7093 -1.2768 -1.3652 -0.13568 -0.41665 0.40506 -0.2329 -0.042822 -1.1151 1.4435
0.46311 1.0402 0.18086 1.2576 0.30184 0.050174 -1.1469 -0.3637 -0.37219 1.2574 -0.71809 -0.0020886 -1.2189 2.3096 -1.7849 -2.2887 -1.3396 -1.0861 -1.9788 -0.47691 0.54945 0.79376 0.44438 -0.2998 -2.1056 1.7947 -0.93255 0.21356 1.0014 -0.63069 -0.10635 -0.42489 1.0645 0.20751 0.022283 -0.74449 -0.81727 -0.15621 0.50288
2.0373 -0.71809 -1.9492 0.51195 -0.66222 -0.68529 -1.145 0.93804 -0.1905 1.8876 0.45703 -0.48937 -0.25494 1.7703 -1.4298 -1.6537 -1.4367 -1.6142 -1.8439 0.082137 0.39121 1.4404 0.20057 -0.75676 -1.6899 1.6757 -1.9872 -0.11399 1.2172 0.099687 1.1587 0.59861 1.98 1.0777 -0.52182 -1.6562 -1.3396 0.96147 -0.078991
2.6916 -0.048049 -1.41 0.56862 -1.035 -1.1667 -1.7932 0.26555 0.040731 1.7793 -0.20502 -1.7008 -0.027868 0.66448 -1.7081 -0.98965 -1.1697 0.017795 -1.1083 1.1056 1.3058 0.6974 -0.72449 -1.2407 -0.69145 1.6302 -2.4556 0.16237 2.1516 0.86947 1.8893 1.6744 2.1734 0.92255 -1.203 -2.2395 -1.1873 1.9234 -0.69611
1.9165 -0.88205 -2.2168 0.42063 -0.043887 -1.2537 -0.72042 1.3212 0.058757 1.0428 -0.88874 -0.72605 0.25224 -0.18697 -1.9442 -0.69473 -0.85976 0.86998 -0.56175 1.8238 2.2492 -0.086136 -2.1849 -2.0275 0.035703 1.4659 -2.2582 0.23376 2.2942 1.1002 1.7316 2.2334 2.0957 0.6732 -1.9398 -2.1827 -0.40761 1.9647 -0.94671
2.1472 -0.8271 -1.9248 0.21175 -0.45135 -1.1601 -0.74621 0.96888 1.5575 0.87336 -1.4658 -1.016 0.19779 -1.3159 -1.2689 1.0057 -0.13749 1.2909 0.81288 2.6027 1.5543 -0.82562 -2.6987 -1.9792 1.0836 0.80059 -1.2435 0.96338 2.1974 0.92911 0.12587 2.1592 1.1078 -0.79057 -1.5206 -0.71524 0.87051 1.0276 -1.056
1.2852 -1.4691 -1.3179 0.2524 1.1645 -0.91929 0.51966 2.2536 -0.82302 -0.08849 -1.5592 0.033447 0.53904 -1.4737 -1.2718 1.3729 -0.064166 1.0663 1.7719 3.1434 1.6739 -1.6547 -3.0373 -1.2068 1.5612 0.59574 -0.38271 1.4111 1.3371 0.3868 -1.1267 1.5098 -0.070538 -1.9973 -0.90842 0.94608 1.7977 -0.25317 -0.84411
0.80072 -1.508 -1.332 -0.0025961 0.66747 -0.7979 0.83803 2.9995 -0.62423 -1.6126 -2.7091 -0.50873 0.46924 -1.0254 -0.45151 1.8309 0.026024 0.163 2.1496 2.4678 -0.092513 -1.5363 -1.6629 -0.019105 0.7222 0.3979 0.43625 1.5959 -0.013497 -0.45406 -1.6531 0.19662 -1.7148 -2.4317 0.75319 2.3281 1.692 -0.88289 -0.59092
1.083 -1.7057 -0.54651 0.68178 0.42009 0.3566 1.604 1.8974 -1.1335 -1.0209 -1.3161 0.8466 0.57006 -1.0529 -0.014411 1.2362 -0.28336 -0.72055 1.8661 1.7809 -1.1632 -1.5242 -0.82914 0.40251 -0.28892 0.33447 0.55645 1.7792 -0.54033 -1.0043 -1.1412 -0.95751 -2.7188 -2.2341 2.2664 3.0132 0.90214 -0.3613 -0.55145
0.98003 -1.4335 -0.31519 0.32939 0.45354 0.71333 2.0681 2.5353 -1.8128 -2.2599 -1.7441 0.5201 0.60136 -0.71276 0.74877 1.0456 -0.81997 -0.9778 1.1753 0.19801 -2.1808 0.63961 0.76477 0.42362 0.18478 -0.0017188 0.16589 1.4991 -0.68614 -1.2464 -0.2412 -1.7998 -3.069 -0.66714 2.4474 2.4467 0.27937 0.27746 -0.63194
0.87186 -1.1614 -0.32821 0.22297 -0.035528 0.80617 1.7034 0.21378 -0.72443 0.027213 -0.82713 -0.43517 0.59498 -0.59129 1.0797 0.81185 -1.3822 -0.54535 0.3074 -0.62452 -2.018 1.8149 1.6517 0.26437 1.0982 -0.075053 -0.018857 1.2076 -0.28777 -0.83879 0.17144 -2.0701 -2.9148 0.53704 1.7044 1.8838 0.75012 0.73789 -0.71925
0.42231 -1.074 -0.76014 -0.4059 -0.98429 0.42474 1.4172 0.17239 -1.2207 -0.68738 -1.5391 -1.6931 0.63938 -0.94917 1.4865 0.83333 -1.5831 -0.3839 -0.74586 -1.8659 -1.0903 1.7137 1.8953 0.54815 0.63442 -0.39505 -0.20209 1.1471 0.3558 0.22341 0.38625 -1.4684 -2.0225 1.6738 -0.45549 0.58926 1.3514 0.41207 -1.0218
0.29384 -0.65504 0.053085 -0.80722 0.49858 0.14813 0.46994 0.36491 0.75422 0.52607 -1.7267 1.6496 0.41437 -0.97371 1.6164 0.83221 -1.3574 -0.68688 -1.401 -2.4445 -0.5893 1.3722 2.307 1.7413 1.0561 -0.60446 -0.20796 1.2044 0.8117 1.539 0.57784 -0.42574 -1.3103 1.6846 -1.8427 -0.14674 1.9295 -0.096687 -1.4686
0.42247 -0.47899 -0.17319 -1.2467 0.040693 -0.046398 0.62525 0.79803 1.6391 0.23794 -2.0226 2.1098 0.44271 -0.90386 2.3793 1.6555 -0.45601 -0.16522 -0.96724 -2.5347 0.62587 -0.026381 1.6152 2.2393 1.0934 -1.3504 -0.056005 0.78406 0.43777 2.7771 0.75399 0.79608 0.13786 1.0903 -2.0986 -0.67465 1.3726 -0.58976 -1.6214
-0.10229 0.032286 0.68007 -0.76342 -0.21342 -0.24101 -0.55612 0.83916 -0.41536 1.0548 0.17514 0.48402 0.11786 -1.0072 2.6275 1.8215 0.69958 0.45387 -0.4456 -2.644 0.66795 -0.97741 1.5353 3.0816 0.69103 -1.9164 0.022016 0.037413 -0.15802 3.1438 0.83412 1.5812 0.85923 0.24951 -1.5405 -1.0961 0.25992 -0.8986 -1.3823
-0.16544 0.33705 0.26334 -1.1705 -1.1064 -0.89931 -0.78872 0.74003 -0.15818 1.5011 0.9601 0.96288 0.039281 -1.041 2.2751 1.1027 2.1692 0.49149 0.41236 -1.4994 0.56934 -1.2858 0.99566 2.4727 -0.39313 -2.2994 0.029394 -1.1521 -0.97863 2.2789 0.44409 1.4164 1.5659 -0.66897 -0.26754 -1.639 -1.7208 -0.38296 -0.53861
-0.2704 1.7348 1.688 -0.11573 -0.0099679 0.10845 -1.2818 0.92393 -1.0889 1.7229 1.0047 0.58835 -1.0186 -0.86759 1.7191 0.82632 2.7431 0.58394 1.1513 -1.3899 -0.049376 -1.0559 0.50981 2.0854 -0.057361 -2.3126 0.31677 -1.8915 -1.0911 1.04 0.09009 1.035 1.9527 -0.68917 0.4026 -1.715 -2.825 0.13444 0.41071
-0.8622 1.5502 1.2066 0.33007 0.68256 -0.063478 -1.948 1.1494 -1.3836 1.26 1.3345 0.91386 -1.2686 -0.92233 0.903 0.42967 2.4436 0.62228 1.1394 -0.31071 -0.44452 -0.49851 -1.0373 -0.60034 0.69055 -2.0026 0.64185 -2.1491 -1.1367 -0.66605 -0.27487 0.1092 1.5978 -0.57327 0.87123 -1.1152 -2.2841 0.45998 1.4686
-0.71256 1.3129 0.72374 1.763 1.0236 0.74269 -0.41281 1.2367 0.37257 1.6779 0.32201 1.5354 -1.6628 -0.47686 0.15169 0.23709 2.3471 0.56336 1.3157 0.3127 -0.29686 -0.54187 -0.76167 -0.83729 0.45548 -1.416 0.72095 -1.6086 -0.77576 -1.7406 -0.52451 -0.48871 1.3827 -0.33705 0.66125 -0.48391 -1.5603 -0.17205 1.9622
-0.53774 1.2028 0.91919 1.4274 -0.17462 1.0095 -1.717 0.30047 -0.62887 0.95899 1.6021 1.2899 -1.5517 -0.037645 -0.53199 -0.60374 1.2095 -0.021975 0.56084 0.55792 -0.53375 0.22382 -0.51276 -0.48408 0.33837 -0.42828 0.50181 -0.64649 -0.1772 -2.276 -0.52951 -0.58889 0.56705 -0.10399 0.21008 0.00010157 0.10885 -0.88089 1.9005
-1.4069 1.1436 1.2962 1.2041 0.10326 0.24461 -0.81934 0.1461 -1.6001 -0.69641 -1.1426 1.4664 -1.7394 0.037017 -0.25399 -0.024131 0.34924 -0.095564 0.44801 0.69516 -0.73246 -0.070475 -0.66617 -1.0028 -0.21671 -0.00085068 -0.063188 0.099418 0.14475 -2.0476 -0.16867 -0.29128 0.55952 -0.014614 0.22977 -0.093405 0.21486 -0.86372 1.2951
-0.39532 1.1134 1.0105 1.7377 0.26834 0.92978 -0.58759 0.95333 -1.169 1.6538 0.7471 1.2492 -1.6009 -0.24286 0.017516 0.24432 -0.49189 -0.059465 0.37575 0.5415 -0.46198 -0.29015 -1.0553 -0.34644 -0.793 0.29133 -0.28004 0.40564 0.33591 -1.0498 0.12335 0.35136 0.445 0.28781 0.12448 0.27694 0.62854 -0.60104 0.54244
-0.42031 1.1827 0.52577 1.2619 0.56636 0.57131 -1.0031 0.35886 -0.10868 1.2035 0.98206 1.1263 -1.4417 -0.49634 0.030903 0.06252 -0.34277 0.26166 0.81962 1.3507 -0.37917 0.19857 -0.64296 -0.53165 -0.76252 0.26968 0.13814 -0.65139 -0.34984 -0.74015 -0.29385 -0.1277 0.39871 0.22295 0.37929 0.67678 0.13595 -0.0076859 0.77262
-1.037 1.2413 1.2347 1.1597 0.68589 0.83927 -0.62134 0.062519 -1.0188 -0.019344 -0.68173 0.71305 -1.4012 -0.2993 -0.010473 -0.061889 -0.264 0.037968 1.1011 1.0527 -0.11781 0.36213 0.044968 0.4482 -0.6224 0.29332 1.1393 -1.7386 -0.91174 -0.59164 -0.82697 -0.77403 0.52388 -0.0073357 0.65992 1.3193 -0.66821 0.33423 1.348
-1.1568 1.3118 1.1732 1.0245 0.21394 1.383 -0.062915 0.4078 -0.44992 -0.46796 0.48835 0.2738 -1.4069 0.32033 -1.3365 -0.49018 -1.0502 -0.70437 -0.16864 1.1784 -0.44901 0.38594 0.13241 -1.1769 -0.29331 1.2185 1.8722 -2.2094 -1.4678 -0.80388 -1.0433 -1.239 0.31228 -0.1202 1.0063 1.3378 -0.58049 0.20376 1.946
-1.4058 1.1085 1.0068 1.1074 0.17329 1.6918 0.33925 -0.32897 -1.0316 0.048163 0.0007189 0.57139 -1.4183 1.4794 -2.2059 -1.0853 -1.1675 -1.1571 -0.70636 1.593 -0.45809 0.96009 1.1581 -1.3429 -0.30298 1.9459 1.7931 -1.8224 -1.6309 -0.72606 -0.47255 -1.0369 0.36367 -0.34109 1.1068 0.63042 -0.99315 -0.1427 1.9125
-1.0399 1.0937 0.94239 1.2113 0.39744 1.3688 0.2351 0.75247 -0.82937 1.0306 0.3405 0.81956 -1.4142 2.118 -2.5627 -2.0082 -1.2864 -1.1356 -0.80411 1.663 -0.47853 1.9364 1.4376 -0.78697 -0.47079 2.5167 0.93805 -0.40318 -1.1565 -0.24073 0.46559 -0.05159 0.14438 -0.34921 0.75265 -0.51445 -0.2996 -0.32441 0.9726
0.73016 -1.0549 -0.091886 -0.10217 -0.82005 -0.20127 0.49007 -0.069375 0.113 2.026 -1.2358 0.84465 0.29214 2.1574 -2.4441 -2.1718 -1.4071 -0.64858 -0.6951 1.4858 -0.83931 1.8248 0.65071 -1.6891 -0.80766 2.6647 -0.47629 0.90983 -0.23804 0.094847 1.1582 0.78769 -0.10988 -0.54793 -0.34532 -2.0658 -0.26689 -0.17279 -0.20142
1.0878 -0.96871 -0.46973 -0.058928 -0.76844 0.015269 1.164 -0.57695 1.2346 1.7307 -1.0892 0.17899 0.47525 1.735 -1.9005 -1.9827 -1.3546 -0.064926 -0.27253 1.5105 -1.0118 1.483 -0.58713 -1.616 -0.69543 2.3953 -1.691 2.0746 1.0052 0.73331 1.639 1.4579 -0.30628 -0.16262 -1.6103 -2.5717 0.30089 0.19867 -1.5589
0.65638 -0.88072 -0.89864 -0.026118 -0.56272 0.9569 1.6501 -0.31701 1.4444 0.821 -0.68015 -0.36296 0.71019 0.77495 -1.0333 -1.5209 -0.97882 0.52709 0.64661 1.4877 -1.3648 0.51983 -1.8266 -1.4778 -0.52766 1.6888 -1.9563 2.1303 1.6095 0.9997 1.4897 1.3987 -0.56871 0.42308 -2.0847 -1.7789 1.0496 0.65035 -2.0684
0.73358 -0.83572 -0.97094 -0.32247 -0.16701 1.0893 1.5582 -0.82395 0.95083 0.12945 -1.711 -0.68172 0.71205 -0.36248 0.17557 -0.57308 -0.24475 1.4164 1.5149 1.1251 -0.57496 -0.60846 -2.3071 -0.35313 -0.17 0.54311 -1.4111 1.4794 1.6105 0.87437 0.91035 0.59861 -0.84959 0.82758 -1.886 -0.38559 1.1893 0.76661 -1.8779
0.63251 -0.89733 -0.99825 -0.32808 0.3713 0.99541 1.9219 -1.2054 0.37835 -0.15076 -1.8117 0.43065 0.77127 -0.46245 0.054234 -0.054725 -0.24678 1.4648 1.2799 0.66666 -0.17931 -1.2759 -1.9272 -0.34506 0.31616 0.32454 -0.64001 0.55103 1.0543 0.49832 0.10424 -0.18588 -0.8671 1.1673 -0.85991 0.86289 1.3438 0.58582 -1.2235
0.5704 -0.8106 -1.0162 -0.31436 0.49467 1.3219 1.9574 -1.1197 0.15931 -0.73652 -1.8077 0.20877 0.82878 -0.29352 0.0080119 0.10778 -0.22151 1.2113 0.64274 0.40091 0.12859 -1.368 -1.2589 0.060864 0.51263 0.11207 0.035336 -0.21346 0.30732 0.11409 -0.59189 -0.64897 -0.63899 0.83909 0.23352 1.3376 1.0106 -0.074212 -0.53974
0.41443 -0.84765 -0.74213 -0.28914 0.89778 1.5404 1.9931 -0.55269 -0.05102 -0.74615 -1.04 0.17627 0.88536 -0.46225 -0.043456 -0.01444 -0.13995 0.83164 0.70972 0.29796 0.73437 -0.79674 -0.63918 0.85484 0.38244 -0.027514 0.11184 -0.18949 -0.035824 0.19973 -0.68191 -0.53455 -0.3878 0.38597 0.85831 1.0667 0.75191 -0.67813 -0.35765
0.45066 -0.89895 -0.68676 -0.3478 1.0054 1.7638 2.058 -0.67575 -0.10561 -0.89494 -1.4625 0.21211 0.82694 -0.30009 -0.14271 -0.058263 -0.11035 0.6024 0.47968 0.17039 0.72563 -0.35707 -0.31424 0.9475 -0.33373 -0.13298 0.19001 -0.048138 -0.060255 0.31918 -0.61775 -0.35978 -0.34875 -0.35299 0.87797 0.37501 -0.1461 -0.88355 -0.13168
0.37612 -0.83379 -1.0128 -0.43876 0.94101 1.4276 2.0464 -0.37559 -0.49757 -0.88143 -0.99812 0.24918 0.77062 -0.25334 -0.19762 -0.039374 0.033171 0.46634 0.27518 0.097448 0.32218 -0.040556 -0.29082 0.61606 -0.65575 -0.1175 0.24127 0.11798 0.14127 0.37705 -0.4645 -0.3204 -0.39915 -0.89533 0.69836 0.015923 -0.75445 -0.64217 0.053239
0.091973 -0.91508 -1.1273 -0.50896 0.98418 1.8729 2.0002 -0.062719 0.0018776 -0.6391 -0.79584 0.27393 0.66981 -0.045702 -0.0066941 0.0096682 0.23347 0.21383 0.13125 -0.11264 -0.42672 0.033989 -0.67261 -0.13754 -0.79348 -0.050642 0.2052 0.383 0.36618 0.33828 -0.41906 -0.10718 -0.44674 -1.1289 0.59075 -0.1665 -0.87268 -0.21413 0.17553
0.41056 -1.068 -0.96798 -0.36724 1.2732 1.4829 2.1929 -0.52404 -0.089997 -0.81038 -0.75629 -0.3826 0.70725 -0.14115 0.073409 0.19495 0.32949 0.13917 0.23575 -0.26554 -0.5968 0.42855 -0.39945 -0.087141 -0.70749 0.015635 0.3185 0.50716 0.52065 0.27079 -0.43111 0.087157 -0.53151 -0.50009 0.26009 0.33548 -0.56567 0.33748 -0.049647
0.225 -0.9877 -0.81928 -0.17195 1.2219 1.7839 2.0228 -0.70033 0.074549 -1.3705 -1.0878 -0.8958 0.81586 0.024538 0.34803 0.46291 0.31597 -0.033781 0.28741 -0.43924 -1.2157 0.61393 -0.55495 -0.41215 -0.73141 0.077897 0.17335 0.26467 0.047853 -0.062538 -0.66028 0.18805 -0.36723 0.61819 -0.050571 1.0026 -0.16396 0.91308 -0.43046
0.46845 -0.71414 -0.68222 -0.037198 1.1079 1.7173 1.7498 -1.3333 -0.22946 -1.83 -1.6322 -0.63517 0.8344 0.30451 0.45806 0.64361 0.45001 -0.23269 0.3827 -0.68379 -0.35555 0.21356 0.33381 -0.36909 0.04465 -0.25993 -0.033056 -0.079922 -0.23107 -0.33536 -0.62711 -0.11899 -0.31688 1.2851 -0.37016 1.3655 -0.144 1.2964 -0.71513
0.08395 -0.82162 -0.69449 -0.16397 1.1307 1.9916 1.7412 -1.0094 0.57577 -0.83385 -1.1111 -0.37919 0.75994 0.052514 0.23016 -0.13538 0.056398 -0.86178 0.44978 -0.55077 0.74334 0.064135 0.9445 -0.34861 0.7671 -0.59239 -0.39617 -0.52855 -0.46516 -0.66033 -0.36866 -0.70199 -0.25353 1.3071 -0.36584 1.0475 -0.39481 0.96577 -0.57205
0.40664 -0.41275 -0.60568 -0.23895 0.86819 1.7518 1.5313 -1.89 0.42976 -1.5468 -1.2654 -0.85481 0.78974 -0.22078 -0.012383 0.083534 -0.12808 -0.64487 -0.081582 -0.76591 1.1235 -0.013202 1.542 -0.43266 1.2824 -0.7783 -0.32113 -0.035669 -0.041346 -0.57045 -0.18418 -1.1346 -0.04095 0.59448 -0.10152 0.21101 -0.65082 0.06992 -0.39821
0.70194 -0.61831 -0.29877 0.18116 0.85638 2.2723 1.2373 0.24605 -0.066968 0.36684 -1.1385 0.50647 0.22664 -0.45873 -0.30865 -0.078718 -0.54281 -0.53099 -0.9093 -0.83967 0.79122 0.019306 0.91231 -1.1751 0.69667 -0.56606 0.0057444 1.0407 0.74644 0.10208 -0.22845 -1.3259 -0.14013 0.02324 -0.047289 0.16427 -0.3529 -0.55555 -0.53614
0.20922 -1.0145 -1.6114 -0.45746 -0.090039 1.9108 1.7431 0.5109 -0.076224 -0.1124 -1.4967 0.44086 0.18811 -0.045189 0.65644 0.53792 -0.2432 -0.74823 -1.2516 -0.59615 0.86108 0.056709 0.79073 -1.2416 0.25107 -0.9017 -0.008682 1.988 1.2804 0.93613 -0.083546 -0.7023 -0.30193 -0.31029 -0.23156 -0.34071 0.49911 -0.8628 -0.88588
-0.21571 -0.86868 -0.21411 -0.25714 0.85917 1.3982 0.74211 -0.11201 0.16766 0.26436 -1.9763 0.91455 0.20685 -0.028227 1.6173 0.94358 0.28105 -1.245 -1.6705 -0.87194 0.90812 -0.041601 1.6699 -0.65854 0.14435 -1.3771 -0.014824 2.2143 1.4107 1.6407 0.52939 0.41902 -0.52325 0.017479 -0.63092 0.18471 1.8686 -0.28512 -1.276
-0.11194 -1.001 -0.83757 -0.89052 0.58339 0.45095 0.75267 -1.1564 0.25877 -1.1559 -3.1581 -0.39997 0.51802 -0.456 2.324 1.8163 1.0656 -0.44538 -1.1305 -1.2789 0.39388 -0.42214 0.52861 0.22866 -0.22319 -1.7715 -0.25496 1.2582 0.45897 1.5222 0.88984 1.0683 -0.58111 0.42015 -0.79535 0.53449 2.3477 0.16696 -1.0693
0.65155 0.78134 0.35594 -0.038637 -0.13997 0.94329 1.2932 0.33522 0.73553 0.57385 -1.8727 -0.27273 -0.46298 -0.2848 2.5338 1.7548 1.6236 0.33342 -0.10534 -1.4279 1.0462 -0.97956 1.4329 1.6358 0.36159 -2.1459 -0.33793 0.043707 -0.21148 1.1358 1.037 1.2869 -0.50072 0.60326 -0.52358 0.20321 1.6785 0.50366 -0.47111
0.49454 1.416 0.34391 0.52962 -1.1455 0.18588 0.17057 0.41422 -0.29396 2.1063 -1.4471 0.25502 -1.0148 -0.39825 2.2822 0.93362 1.7019 0.16839 0.15854 -1.3525 1.6643 -1.0415 1.9805 2.0762 0.51683 -2.2056 -0.26526 -1.5077 -1.3271 0.13045 0.62497 0.63605 0.11425 0.2378 0.1006 -0.44809 0.33825 0.47576 0.61305
-0.6183 1.183 1.4006 1.3239 1.0394 1.5786 -0.32112 0.94677 -0.9663 -0.12073 -0.79105 0.52468 -1.5193 -0.69389 1.6994 1.0088 1.9129 0.43561 0.32504 -1.724 1.5321 -0.75546 1.3695 1.5992 0.85372 -1.9038 -0.069461 -2.1291 -1.458 -0.71604 0.40346 -0.048473 0.80599 -0.66677 0.59301 -1.901 -0.74368 -0.10998 1.527
-0.25004 1.1415 0.0020031 0.88176 1.0706 1.6743 -0.058936 1.364 -1.1311 2.0127 0.15893 1.2722 -1.507 -0.7521 0.21844 -0.14614 1.137 0.70233 -0.037141 -0.90679 0.63787 -0.30913 -0.2836 0.85808 0.55172 -0.92421 0.51208 -1.8058 -1.1523 -1.071 0.13121 -0.65897 0.98145 -1.2426 0.46954 -2.0102 -0.7342 -0.45285 1.8149
-0.4349 1.4694 0.50429 1.113 0.51554 0.62716 -0.74096 1.3154 -0.46024 2.4662 -0.71792 0.66648 -1.5413 -0.24172 0.0080469 -0.27062 0.66218 0.84121 -0.099375 -0.17489 0.135 -0.13566 -1.1109 0.78098 0.13866 -0.37488 0.63789 -0.98488 -0.37546 -0.98598 -0.40448 -0.68086 0.93096 -0.99288 0.089332 -1.4807 -0.037931 -0.72328 1.3752
-0.41871 1.5381 0.9372 1.6057 0.31659 0.71271 -1.0795 0.9222 -0.20182 0.43898 -1.5148 0.51119 -1.5771 0.3313 0.10875 -0.45509 0.47111 0.21918 -0.97009 -0.33363 -0.27839 -0.38832 -0.66808 1.0396 -0.049045 -0.1038 0.47161 -0.060223 0.36835 -0.63283 -0.48796 -0.097365 0.53723 -0.50278 -0.31341 -0.59061 0.59654 -0.29595 0.58786
-0.18726 0.9847 -0.030816 1.3149 0.50244 0.8237 0.54696 1.1442 -0.11869 0.24639 -0.27332 0.71875 -1.5266 -0.044254 0.10237 0.4991 0.53637 -0.094678 -0.59412 -0.30854 -0.12326 -0.51335 -1.2949 1.3981 -0.33554 -0.14211 -0.080025 0.030655 0.2336 -0.70357 -0.24726 0.22195 0.26487 -0.18213 -0.15889 0.55687 0.19293 0.11318 0.17673
-0.1827 1.4374 0.47553 1.4501 1.1842 0.81543 -0.40355 0.70042 -1.4382 0.10692 0.20173 0.67682 -1.5731 0.028987 0.059363 0.11115 0.09947 0.2386 0.01833 0.14952 -0.31088 -0.72341 -1.3133 1.656 0.19394 -0.112 -0.47537 0.034833 0.069892 -0.79388 0.12747 0.48696 0.11906 -0.051948 0.42066 1.1655 -1.0074 0.26833 0.029031
-0.13603 1.3405 0.42496 1.6935 1.4439 0.3705 -1.1564 0.89475 -1.6615 0.52176 0.94636 0.78723 -1.6427 -0.24419 0.072176 -0.14823 -0.3744 0.3606 -0.13223 0.08016 -0.24912 -0.26213 0.32671 0.80519 0.27894 -0.091445 -0.35592 -0.092882 -0.57637 -0.8292 0.097173 0.16478 0.231 -0.054577 1.0357 1.7276 -2.0018 0.27356 0.085833
-0.61023 1.4433 1.0639 1.4786 0.010401 0.75275 -0.59557 1.4754 -0.95983 0.76184 1.054 0.38697 -1.6632 -0.463 0.17024 -0.013431 -0.45167 0.23799 -0.19752 -0.29524 -0.34076 0.35138 0.82244 -0.63362 0.23036 -0.083047 -0.27828 -0.15722 -0.46064 -0.49457 -0.0439 -0.03192 0.24905 -0.010505 1.1351 1.3352 -2.2486 -0.01728 0.10792
-0.27162 1.5229 0.43451 1.2261 0.92059 0.76292 -0.2179 0.41367 -0.91191 -0.53661 0.21664 1.146 -1.6206 -0.46876 -0.11937 -0.4556 -0.62714 0.094069 -0.14179 0.34916 -0.23917 1.045 1.0342 -1.3339 0.24385 -0.020797 -0.051385 -0.19404 -0.37789 -0.20001 -0.024364 0.083756 0.42808 -0.045121 0.71937 0.34899 -1.5056 -0.05672 0.10622
-0.67063 1.3081 0.13713 0.96684 1.1879 0.52253 -0.35883 0.6576 -0.36046 1.4219 -0.64465 0.9302 -1.6277 -0.38378 -0.11832 -0.54891 -0.6361 0.29026 -0.0349 0.483 -0.35359 0.91761 0.96513 -1.6245 0.2001 0.023341 0.066951 -0.16597 -0.32876 -0.10434 0.077279 0.10205 0.45747 -0.025792 0.23932 0.040354 -0.57285 -0.036739 0.08119
