39 164
-0.5352 1.0103 0.7745 1.1688 0.30618 0.65213 -0.88086 0.073873 -0.13157 0.3456 0.49755 -0.002226 -1.3751 0.22201 0.20686 -0.0043214 -0.19814 -0.47284 -0.041599 1.0474 0.46341 -0.62554 0.38299 -0.70877 -0.14145 0.096963 -0.27216 -0.089345 0.1856 0.13005 0.41299 0.27679 -0.30583 0.026057 0.097141 -0.7255 0.10732 0.2306 -0.04255
0.33797 1.063 0.58804 1.5666 0.17754 0.5844 -0.72906 0.29343 -0.5298 1.0122 -0.15287 -1.0382 -1.1989 -0.098391 0.21284 0.25254 -0.021487 0.006596 0.25228 0.70581 0.50518 -0.82495 -0.42017 -0.74967 0.092865 0.075606 -0.31827 -0.1521 0.042409 0.15488 0.66764 0.27 -0.34479 -0.13285 0.18968 -0.76235 -0.061899 0.46374 -0.10123
-0.60384 1.2073 1.0231 0.78457 -0.62546 0.74629 -0.33196 0.69708 -0.80083 0.42684 -0.11686 0.16178 -1.3748 -0.14652 0.067266 0.18268 -0.034642 0.061572 0.34156 0.55193 0.46222 -0.28909 -0.73247 -0.43042 0.22228 0.025898 -0.33972 -0.16967 0.12612 0.12882 0.69855 0.041125 -0.52578 -0.35262 0.22746 -0.5606 0.29609 0.5703 -0.17634
-0.43143 1.1698 0.67268 0.8324 0.032585 0.57756 0.51048 0.53267 -0.79737 0.85024 -0.38349 -0.10788 -1.2652 -0.20842 0.040606 -0.014743 0.018138 0.49159 0.28439 0.5498 0.15412 -0.38142 -0.65518 -0.91746 0.65619 -0.04917 0.065181 -0.03655 -0.19895 0.11077 0.35323 -0.26605 -0.68991 -0.37921 0.29097 0.051089 0.54659 0.10625 -0.10943
-0.789 1.1553 1.1391 1.4647 0.82339 1.2026 -0.76626 0.59527 -1.1093 -0.8273 -0.30531 0.23725 -1.3167 -0.37766 0.029069 0.34823 0.031576 0.57183 0.037765 0.012729 -0.12676 -0.36327 -0.66375 -0.0017506 0.78429 -0.15022 0.16495 0.15863 -0.21911 0.033746 -0.32336 -0.38257 -0.80071 -0.12193 0.30561 0.36361 0.69236 -0.22228 -0.026446
-0.40063 0.98517 0.78006 1.1298 0.14425 0.99166 -0.40785 0.59148 0.039633 -0.24627 0.19815 0.063969 -1.3465 0.11729 0.179 -0.13881 0.16134 0.41824 -0.066969 -0.47039 -0.021182 -0.1833 -0.31001 0.14381 0.026818 -0.031971 0.072124 0.18208 -0.37482 -0.15022 -0.88568 -0.37539 -0.31106 0.062158 0.47826 0.58062 0.92283 -0.45936 0.10626
-0.37971 1.1482 0.59429 1.2674 0.84269 0.82254 0.0087241 0.20842 -1.1634 0.32788 -1.6279 0.82071 -1.381 -0.023285 0.25444 -0.096576 -0.033629 -0.45057 -0.16882 -0.60866 0.26263 0.24419 -0.091858 0.42879 0.049324 -0.037022 -0.080518 0.16048 -0.30621 -0.13643 -0.55013 -0.37273 0.34279 0.0075138 0.09374 0.042889 0.3934 -0.42688 0.19012
-0.51432 1.2159 1.3585 1.2104 0.31979 0.51414 -0.60742 0.31032 -1.2857 0.15197 0.66686 0.35716 -1.4281 -0.27255 0.22146 -0.3863 -0.21898 -0.5563 -0.28512 0.18367 0.053992 0.27484 0.33639 0.70305 0.02901 0.065891 -0.25387 -0.12881 0.031985 -0.17713 -0.19381 -0.33652 0.58168 -0.085563 0.16956 -0.11921 0.41255 -0.1727 0.153
-0.51782 1.447 0.55151 0.95947 0.026746 0.83196 -0.62662 0.90623 -0.81485 -0.083946 -0.058336 -0.27838 -1.2998 -0.35422 0.26713 -0.010638 -0.022324 0.10288 -0.52107 0.33599 -0.18311 -0.36205 -0.85996 0.53005 -0.14203 0.11532 0.052763 -0.24589 -0.19275 -0.38284 0.38812 -0.42661 0.47557 -0.29205 0.19269 0.28122 0.14189 -0.26119 0.25255
-0.65134 1.2753 0.73768 1.0581 -0.38771 0.70419 -0.53359 0.9458 -0.052001 0.062654 0.22366 0.2568 -1.3131 -0.21187 -0.026506 -0.11561 -0.16411 -0.17454 -0.49197 0.19246 -0.010124 0.494 -0.1458 0.94166 -0.25913 0.14312 0.34835 -0.43098 -0.23342 -0.89907 0.2692 -0.79587 0.077804 -0.5916 0.1916 0.65093 0.36148 -0.2221 0.53487
-1.0859 1.1916 0.62155 1.1075 0.34502 0.88727 -0.13636 0.21595 -0.60304 -0.20726 0.66972 0.5447 -1.2511 0.023345 -0.0062669 -0.53042 -0.76366 0.087998 -0.83268 0.30674 -0.34538 0.55267 0.78614 0.63428 -0.37746 0.34515 0.58775 -0.62157 -0.18445 -1.4603 -0.097585 -1.1416 -0.27656 -0.95701 0.23822 1.1259 0.49331 -0.10045 0.9453
-0.53609 1.3316 0.9613 1.2287 0.92929 -0.073438 0.25844 -0.032737 -1.4613 -1.54 -0.041023 -0.0616 -1.2706 0.16665 -0.31986 -0.49091 -1.5115 -0.033052 -1.5777 0.31074 -1.1262 0.23347 0.94128 1.4006 -0.34053 0.85251 0.75057 -0.59953 0.57633 -1.3871 -0.29435 -1.2191 -0.81807 -1.0167 -0.04313 0.52657 0.026666 0.10947 1.1832
-0.58047 1.1281 0.67381 0.82356 -0.0088537 0.29333 -0.38265 0.62235 -0.11591 1.2309 0.62742 0.19996 -1.2531 0.53077 -0.56625 -0.10803 -2.0563 -0.11104 -2.0642 -0.32997 -1.6443 0.27268 1.0407 1.3053 -0.32843 1.3611 0.71208 -0.74199 1.2733 -0.71104 -0.73588 -0.53714 -1.3905 -0.57709 -0.088715 -0.24274 -0.47148 0.52504 1.0266
-0.50698 1.4108 0.43038 -0.50745 0.092099 -0.42681 -0.48982 0.078321 -0.16323 1.3889 1.6659 -0.76668 -0.87334 0.91218 -0.69164 0.62264 -2.0893 -0.57171 -2.1053 -1.1951 -1.5037 0.60456 0.8888 0.70798 -0.061788 1.6408 0.63655 -0.48155 1.5475 0.32636 -0.69963 0.44844 -1.4841 0.034703 -0.55372 -1.2501 -1.4242 0.6405 0.40593
-0.52959 0.92687 0.025064 -1.3618 -0.23044 -1.2114 -0.022625 -1.0347 -0.42469 0.43898 2.0029 -0.30313 -0.11092 0.9566 -0.99126 0.99316 -1.7881 -0.93263 -1.5401 -1.808 -1.3879 0.25118 0.32823 0.11861 0.59377 1.6899 0.30426 -0.15422 1.5942 1.21 -0.67351 1.4609 -0.94446 0.76061 -1.1437 -1.7753 -1.5927 0.72822 -0.46565
-0.14644 0.61932 1.1616 -1.4207 0.063263 -1.712 -0.90203 -1.7269 -0.046559 0.73886 1.5706 0.26427 0.15923 1.119 -0.8655 1.4839 -1.0285 -0.84708 -0.99306 -2.008 -1.2168 -0.75416 -1.342 -0.71131 0.55589 1.3701 -0.07997 0.7246 1.0747 1.5845 -0.4834 2.1813 -0.12489 1.5685 -1.3827 -1.6906 -1.1717 0.67843 -1.3755
0.18541 0.74677 1.6282 -1.177 -0.13968 -1.531 -1.5008 -1.2771 -0.22055 0.32004 0.66262 0.34572 0.26574 0.97317 -0.71873 2.0625 -0.32528 -1.1513 0.093895 -1.886 -0.24457 -1.1659 -1.6072 -1.0164 0.90785 0.69421 -0.62407 1.6267 -0.25717 1.7636 -0.043022 2.2746 1.02 2.0042 -0.98792 -0.95113 -0.47945 0.28919 -2.0236
0.45829 0.43102 1.5502 -1.2246 -0.83386 -1.3516 -1.9225 -1.0968 -0.91654 -0.043495 0.23123 0.92984 0.30866 0.73343 0.32538 1.8462 0.13756 -1.2987 1.1206 -1.4551 1.1434 -1.2585 -1.7254 -0.94133 1.2198 -0.213 -1.4062 1.691 -1.6946 1.8045 0.59291 1.7985 2.0934 1.6414 0.18258 0.49483 -0.19105 -0.11778 -2.2043
0.44487 0.60398 1.5836 -1.1164 -1.1102 -0.852 -2.3398 -1.0869 -1.1845 -0.40919 0.51774 0.19355 0.21383 -0.035372 0.99626 0.40899 0.92048 -0.75195 1.6181 -0.059689 1.5545 -1.319 -1.4799 -0.64379 0.86801 -0.9739 -1.7788 1.3193 -2.6015 1.7176 1.5007 0.97427 2.501 0.71083 1.2938 1.4643 -0.042427 -0.69962 -1.8247
0.29575 0.66303 2.3036 -1.4868 -1.321 -0.55974 -1.8016 -0.63301 -1.6953 -0.94473 0.93632 0.87042 0.066782 -1.0196 0.96176 -0.42479 1.7163 0.050654 1.5817 1.2824 1.2537 -0.27872 -0.31169 -1.217 0.31167 -1.5588 -1.6306 0.28263 -2.281 1.4858 2.1565 0.2373 2.0085 -0.57472 1.742 2.0066 -0.20399 -1.0114 -1.0648
0.32662 1.4244 2.0021 -1.0312 -1.5786 -0.00010103 -1.6049 0.54508 -1.5186 -1.5895 0.46867 2.2863 -0.40153 -1.4877 1.0589 -1.0091 2.0914 0.90236 1.6799 1.7762 1.1402 0.85183 0.85411 -0.91041 -0.14656 -1.7494 -1.0465 -0.77388 -1.4959 0.6161 2.3328 -0.50875 0.85745 -0.84263 1.7265 1.5607 -0.15691 -1.0638 -0.047687
-0.28441 1.5363 1.2709 0.66442 -0.31261 0.16825 -0.95384 0.13761 -1.5573 -0.59545 0.096508 1.0843 -1.0067 -1.6014 0.74695 -1.1318 2.3269 1.7806 1.5469 1.6582 0.12414 1.0143 1.4362 -1.1525 -0.44812 -1.6478 -0.32655 -1.3405 -0.55623 -0.64124 1.9285 -1.0613 -0.13878 -0.95381 0.56127 0.38475 0.64392 -1.1855 1.0302
-1.0877 1.1328 1.0583 1.448 -0.21838 0.26642 -0.18266 -0.040518 -0.23099 0.48686 -1.8268 0.29679 -1.3597 -1.7167 -0.11776 -1.6505 1.7715 2.6064 0.71667 1.4473 0.33724 1.3632 1.0207 -0.92941 -1.0395 -1.0199 0.14807 -1.4231 0.20115 -1.9938 0.9687 -1.4631 -0.4545 -0.49444 -0.33923 -0.83718 0.9372 -0.88844 1.7419
-0.94753 1.3238 0.76851 1.118 0.056844 0.94409 -0.59193 0.31447 0.12058 0.95658 0.13504 0.43574 -1.323 -1.5352 -0.56922 -0.99243 0.69285 2.6956 0.12533 1.1197 -0.35742 0.58311 0.46344 0.088607 -1.7896 -0.17851 0.77795 -0.85728 0.64804 -2.8637 -0.45486 -1.5686 -0.51332 0.1251 -0.79558 -1.0058 1.5331 -0.12389 1.9876
-1.0733 1.3474 1.265 1.6278 1.1012 1.0842 -0.77024 -1.2869 -0.7796 0.49761 -0.64028 0.064933 -1.4024 -1.2662 -0.53331 -0.73818 -0.79194 2.2174 -0.2884 1.0775 0.32116 0.47606 -0.41553 0.33264 -1.3882 0.47294 1.4166 -0.46624 0.74065 -2.8 -1.8518 -1.7814 -0.66926 0.05534 -0.6471 -0.24452 1.3815 0.75093 1.8756
-1.5687 0.62559 0.54298 0.62802 2.0093 -0.11399 0.011525 1.2124 -0.0027909 -0.80972 -0.31705 0.059054 -0.93182 -0.39789 -0.39888 -0.52217 -1.7105 1.19 -0.82416 0.7558 0.3573 0.0004988 0.037458 1.2331 -0.55103 0.98106 1.8498 -0.44325 0.029192 -2.1099 -2.5745 -1.9276 -0.92619 0.18468 0.28699 0.67645 1.1789 1.1536 1.6146
-1.5254 1.1497 0.96693 0.50815 1.8525 0.20285 -0.12136 -0.52865 -1.1924 -0.50989 0.54858 -1.2711 -0.74685 0.33404 -0.93682 -0.66954 -2.2274 0.06426 -2.0746 0.22535 0.060305 0.4789 0.74574 1.2216 -0.065072 1.5849 1.7479 -0.45546 -0.30868 -0.99707 -2.4973 -1.5304 -1.2809 -0.52188 0.69704 1.0569 0.72628 0.78159 1.1511
-2.0217 0.99918 0.32939 -0.36188 2.1155 0.053213 0.66336 0.81307 0.08969 -0.14236 -0.6142 -1.0945 -0.72358 1.0915 -1.0649 -0.96512 -2.5058 -0.82104 -2.5173 -0.37964 0.1217 1.1787 1.3654 1.9754 0.0037387 2.0057 0.94504 -0.52303 -0.64545 -0.097547 -1.5708 -0.7558 -1.0697 -0.18849 1.0529 0.21294 -0.063243 0.28208 0.56179
-0.94863 0.8503 0.6905 -1.1064 0.55716 -0.3887 0.074598 0.099429 -0.061739 1.6521 0.92646 0.43246 -0.2731 1.2261 -0.91709 -1.0033 -2.2399 -1.2316 -2.245 -1.0002 -0.6778 1.2621 1.2171 1.417 -0.0062701 1.9115 -0.096548 -0.18137 -0.52551 0.73198 -0.55941 0.43038 -0.60811 0.23337 0.47832 -0.80335 -0.34497 -0.19096 -0.16172
-0.33592 0.1905 0.24608 -1.8241 0.52406 -2.0829 -0.96701 -0.37391 0.58187 1.4637 1.815 0.4179 0.60851 0.89638 -1.2326 -1.3884 -1.876 -0.95211 -2.1134 -0.84807 0.30108 1.6593 0.29259 1.0633 0.010574 1.7652 -1.2444 -0.067813 -0.28714 1.3718 0.42644 1.3344 0.34643 0.89195 0.037624 -1.4593 -0.8276 -0.55977 -0.84932
-0.22787 0.21249 0.1437 -1.9299 0.88699 -2.2124 -0.80997 -0.20731 0.82822 0.98752 2.0517 -0.73347 0.89755 0.23023 -1.1354 -1.2964 -1.1704 -0.8431 -1.4632 -0.8202 0.4203 1.1987 -0.4015 1.0604 -0.48915 1.4205 -1.5447 0.15297 0.36347 1.6343 0.67617 2.0999 1.0762 1.4344 -0.24404 -1.167 -0.64279 -0.48764 -1.2567
-0.90231 0.20823 -0.34802 -2.3823 0.7237 -2.0734 -0.67151 -0.050192 1.0278 0.089318 0.91488 -0.81896 0.84891 -0.75166 -1.0583 -1.2703 -0.47797 -0.21699 -0.42744 0.18802 1.3882 1.3342 -0.91239 0.60266 -0.96422 0.79559 -1.04 0.27309 1.2064 1.4751 0.17697 2.3912 0.9659 0.92747 -0.5968 -0.53238 -0.33971 0.061964 -1.3246
-0.99138 0.12306 -0.43308 -2.1624 0.77138 -1.7995 -0.36254 0.75639 1.2241 0.15918 1.4406 -1.041 0.88145 -0.85087 -0.75688 -0.45832 0.11212 -0.3522 0.80468 0.6206 1.7193 1.014 -0.64219 0.45386 -0.57402 0.2469 0.34441 0.070107 1.8543 1.1347 -0.54364 2.0917 0.53863 0.25318 -0.6256 -0.080342 -0.23249 0.6289 -0.97591
-1.4411 -0.14831 -0.62212 -2.1524 0.22579 -1.784 -0.52212 1.1243 1.4984 0.53868 1.6234 -0.88053 0.8947 -0.5231 -0.98415 0.16441 0.23755 -0.84746 1.1827 0.34656 1.5408 0.67157 -0.69092 0.75957 0.17326 0.087039 1.8303 -0.085181 1.7262 0.83445 -1.4806 1.2749 -0.26859 -0.94773 -1.1125 0.00071564 -0.50466 0.45464 -0.50566
-1.2997 -0.40922 -0.39862 -1.9091 0.37027 -1.5037 -0.029417 1.6649 1.8817 0.76091 2.5581 -0.92622 0.92402 0.73659 -1.0564 1.0094 0.59318 -1.4724 1.6093 0.14832 0.83477 0.39523 -0.64891 0.58241 0.27482 0.10361 2.6109 -0.019397 0.69086 0.76042 -1.4853 0.27257 -0.55264 -1.2138 -1.4483 -0.13161 -1.2067 -0.086215 -0.25922
-0.95645 -0.35699 0.033025 -1.666 0.33896 -1.055 -0.45744 1.5657 1.7667 0.21603 2.2229 -0.8184 1.005 1.8452 -1.0385 0.81114 0.84411 -2.2848 1.5412 -0.16647 -0.16948 -0.41527 -0.87227 -0.38779 -0.4286 -0.0031276 2.5211 0.38517 -0.52455 0.73393 -0.87156 -0.66988 -0.72804 -0.98204 -1.576 0.26216 -2.1496 -0.76574 -0.35123
-1.0343 -0.64166 0.12814 -1.9568 -0.41194 -0.66435 -0.45153 1.6179 1.4736 -0.64303 2.4434 -0.35443 0.93098 2.8107 -0.75545 0.35362 1.2337 -2.2698 1.1477 -0.29008 0.022606 -1.1386 -0.79789 -1.257 -0.46974 -0.15872 1.5573 0.64825 -1.5271 0.47385 0.39456 -1.5461 -0.63215 -0.59368 -1.3678 0.99853 -2.2566 -0.77533 -0.47821
0.20772 -0.7249 0.55228 -1.3341 -1.4681 0.074636 -0.35975 0.95401 1.5749 -0.53064 1.3035 -0.63464 0.9596 3.1181 -0.51923 -0.3446 1.2929 -1.9825 0.19752 -0.95743 -0.12422 -1.5 -0.020307 -2.4295 -1.1044 -0.38919 0.31132 0.93406 -1.4489 0.14898 2.038 -1.7747 -0.19318 -0.37501 -0.65541 1.8687 -1.4663 -0.047429 -0.40175
0.98969 -0.90182 -0.19043 -0.77146 -2.4114 -0.30174 -0.59316 0.50679 0.48614 -0.36456 0.87195 -2.4299 0.8309 2.9818 -0.28371 -0.87639 1.2604 -0.88258 -0.55108 -0.78476 -0.45354 -1.6057 1.0968 -2.7127 -1.0577 -0.52698 -1.1598 1.0141 -0.8784 -0.51641 2.9639 -1.4683 0.35081 -0.75608 0.14097 1.7703 -0.35633 0.71028 -0.22778
1.4906 -0.77603 -0.40575 -0.21108 -1.8601 -0.70367 -0.65282 2.124 0.2189 -0.019427 0.37283 -1.073 0.69666 2.3186 0.21085 -0.91073 1.1178 0.71528 -0.86322 -0.35671 -0.74354 -1.373 2.2138 -2.4467 -0.24832 -0.51242 -2.0709 1.0161 0.055143 -1.039 2.8793 -0.51345 1.0346 -0.89113 0.94613 0.71324 0.62409 1.77 0.058748
1.7743 -0.78142 -0.49861 -0.32867 -1.4634 -1.4323 -1.4645 1.3791 0.24397 0.80747 -0.87616 -2.7296 0.48732 1.027 0.4916 -0.77441 0.37007 1.7385 -1.0106 0.076128 -1.2702 -0.88211 1.908 -1.8876 0.60899 -0.49427 -2.2639 0.7228 0.49818 -1.3252 1.3799 0.33694 1.1023 -0.83058 1.3403 -0.62926 0.99047 1.8863 0.27999
1.8866 -0.64559 -0.51066 -0.25446 -0.58896 -1.3 -1.0024 0.36082 -0.17239 1.273 -1.0516 -1.6412 0.47342 0.2136 0.70844 -0.29185 -0.18554 1.9122 -0.50019 0.6665 -1.5985 -0.013919 1.1353 -1.5843 1.8354 -0.31478 -1.7 0.31027 0.22595 -1.1078 -0.49122 0.80583 1.005 -0.20004 1.1968 -1.6996 0.9998 1.5298 0.39284
1.576 -0.42063 -0.39188 -0.27857 0.13201 -0.9892 -0.32031 0.14079 -0.02491 2.1702 -0.63212 -0.18303 0.47994 -0.20737 0.61793 -0.36318 -0.54407 1.0303 -0.091558 0.89559 -1.7831 0.31056 0.32487 -1.1772 1.9222 -0.15829 -0.65403 -0.19632 -0.25754 -0.52901 -1.7733 0.79131 0.56062 0.66177 0.64409 -1.8331 0.93845 0.68633 0.39332
1.4323 -0.37047 -0.40932 -0.81045 -0.088679 -1.1704 -0.27431 -0.89977 0.28668 1.1495 -1.2503 -0.47421 0.40983 -0.25464 0.64437 -0.73544 -0.47675 0.21895 0.18315 1.2279 -0.93634 0.35413 -0.59583 -0.81718 2.3545 -0.020735 0.097316 -0.65068 -0.6524 -0.080291 -1.8864 0.61032 0.042221 1.2454 -0.095348 -1.228 1.3639 -0.40081 0.28807
1.4291 -0.2612 -0.64475 -0.81974 -0.27691 -1.0566 -0.06883 -0.43797 0.51273 0.67263 -1.5092 0.74994 0.47822 0.020539 0.21751 -0.95625 -0.45892 -0.56881 0.12686 0.88785 -0.2631 0.20854 -1.1133 -0.40517 1.805 0.019202 0.43663 -1.0203 -0.54922 0.28004 -1.0227 0.65275 -0.24661 1.2216 -0.36533 0.19493 1.7706 -1.1997 0.22804
1.4754 -0.31376 -0.86813 -0.9484 -0.73973 -1.128 -0.27705 -0.0046489 0.51974 0.77753 -1.6493 0.85574 0.44943 0.25966 -0.11753 -1.0397 -0.3677 -0.64523 0.53588 0.71059 0.1902 -0.091446 -0.73769 0.71892 1.0245 0.07774 0.28543 -1.3637 -0.27014 0.48461 -0.059269 0.77292 -0.44936 0.59267 -0.0066419 1.266 1.6873 -2.4407 0.19472
1.6185 -0.11689 -1.2496 -0.78192 -0.77633 -1.1256 0.083972 -0.17016 0.32376 0.47976 -1.9249 0.97529 0.46834 0.32801 -0.61311 -1.088 -0.067657 -0.34285 0.95561 0.60822 0.15303 -0.10753 0.8481 1.5307 0.0091482 0.17152 -0.098462 -1.2239 0.043 0.68838 0.67136 0.69194 -0.4567 0.38075 0.7236 1.1871 1.0766 -2.7851 0.235
1.8431 -0.54336 -1.1843 -0.92847 -0.89648 -0.93289 0.26471 -0.30525 -0.054128 0.34197 -0.91419 1.4979 0.50178 0.1023 -1.0965 -1.0936 0.23923 0.031632 1.2139 0.41016 0.050464 0.55196 1.1674 1.5297 -1.9797 0.22542 -0.51949 -0.91991 0.283 0.73584 0.54394 0.16122 -0.60727 0.69136 1.4206 0.08423 -0.11981 -2.244 0.216
1.6535 -0.51276 -1.1947 -1.0597 -0.44639 -0.045796 0.50269 0.0301 0.091928 1.3347 0.83157 0.89867 0.55745 -0.10572 -1.2276 -0.84523 0.52841 0.33109 1.0836 0.065615 0.56212 1.3124 0.50918 1.3226 -2.6616 0.33625 -0.75095 -0.25245 0.4577 0.64455 0.28138 -0.41323 -0.63758 1.429 1.4299 -1.4757 -1.2077 -0.95832 0.15453
1.6933 -0.99982 -1.5294 -0.81904 -0.60023 -0.0215 0.22272 -0.81458 0.55288 2.5553 0.2314 -0.7657 0.63798 -0.51325 -1.2631 -0.68759 0.71338 0.027195 0.78879 -0.29617 1.3852 1.9468 -0.3528 0.6414 -2.4515 0.35392 -0.52478 0.29017 0.49512 0.43053 -0.049868 -0.8788 -0.42818 1.609 0.42341 -2.2952 -1.9526 1.0003 0.0546
1.4133 -1.2423 -1.8226 -0.2744 -0.40539 0.2316 0.17913 0.11733 1.6852 1.5367 -0.39676 -2.9204 0.71487 -0.78547 -0.92491 -0.53407 0.90451 0.19705 0.42558 -0.37821 2.4151 1.961 -1.5141 -0.31162 -1.8167 0.36113 -0.19468 0.6062 0.47909 0.028189 0.1415 -0.86314 0.16653 1.086 -0.82873 -2.1917 -1.8612 2.3297 -0.07283
1.4419 -1.1707 -1.6061 -0.12377 -0.4105 -0.20197 -0.1936 1.1278 2.0524 0.36601 -0.20816 -2.2147 0.82427 -0.55746 -0.78306 -0.43154 0.86215 0.041206 -0.058343 -0.28249 2.4268 1.0836 -2.6965 -1.3809 -0.27524 0.29667 0.038429 0.50727 0.25181 -0.53939 0.50411 -0.6585 0.61191 -0.082345 -1.8331 -0.92622 -1.3129 2.8562 -0.15849
1.0379 -1.266 -1.7622 0.041752 -1.0484 -0.13909 0.013009 1.7246 2.3034 -0.27956 -0.60288 -1.1919 0.81615 -0.46791 -0.50198 -0.1816 0.5163 0.61046 -0.065245 0.3513 2.2593 0.22373 -2.9731 -1.2171 1.2204 0.23157 0.17435 0.19948 -0.051593 -0.89065 0.6238 -0.23923 0.80719 -1.3882 -1.7266 1.0028 -0.68048 2.169 -0.20107
0.93626 -1.3072 -1.5577 0.16391 -0.15203 0.055623 0.10562 2.9551 1.9153 -0.82754 -0.46852 -1.009 0.89503 -0.62178 -0.66572 -0.44096 -0.08642 0.75833 -0.1608 0.53561 1.258 -0.61079 -1.5698 -1.3959 2.126 0.13952 0.51718 0.39495 -0.10415 -0.80724 0.7231 0.035636 0.6324 -2.1101 -0.87017 2.7152 -0.075159 0.52773 -0.14914
1.2784 -1.4184 -1.8225 0.14131 -0.43715 -0.040298 0.17511 2.0432 1.1611 -1.1215 -1.5796 -0.17975 0.86815 -0.4497 -0.66247 -0.59882 -0.26875 0.99136 0.055123 0.80564 0.085907 -0.41606 0.10337 -1.5705 1.609 0.08803 0.84022 0.64518 -0.49115 -0.53952 -0.088229 -0.14877 -0.062689 -2.3115 -0.01688 3.2749 0.66547 -0.81619 -0.1714
1.1024 -1.5502 -1.8045 -0.020286 0.57052 -0.0060523 0.74594 2.0034 1.4068 -1.1392 -1.489 -0.050558 0.91495 0.37614 -0.07193 -0.37767 -0.23767 1.182 -0.03323 0.72846 -0.89737 -0.19545 1.6099 -1.2994 0.64679 0.10519 1.0527 1.1971 -0.25665 -0.13535 -0.65274 -0.2307 -0.6881 -1.641 0.59653 2.5911 1.997 -1.3906 -0.17001
0.44277 -1.8878 -2.3106 -0.58136 0.26924 -0.19609 0.43347 2.0399 1.2812 -0.26496 -2.1957 0.42871 0.87993 0.57802 0.22857 -0.99596 -0.40224 0.27224 -0.38386 0.082155 -1.4914 0.036423 2.4792 0.072463 0.20223 -0.052419 0.94874 1.3627 0.014043 0.097513 -1.4397 -0.50883 -1.4834 -0.85565 0.32391 1.2195 2.601 -1.1061 -0.21204
0.96553 -1.6199 -2.0308 -0.26819 0.47013 0.0086491 0.70809 1.3911 2.0789 0.68748 -2.1585 0.26732 0.92851 0.80539 0.79093 -0.64458 -0.26172 -0.022677 -0.34726 -0.54478 -1.3913 0.34739 2.8214 1.6967 -0.15688 -0.089041 0.48751 0.95162 0.49995 0.23597 -1.6877 -0.80464 -1.5906 -0.20115 0.023193 -0.69063 2.0615 -0.65928 -0.23136
1.9138 -0.99472 -1.8315 0.020473 0.68381 -0.074085 0.78901 0.86411 1.7724 1.6354 -2.0429 -0.68538 0.97311 1.0829 1.0706 -0.42831 -0.065454 -0.96068 -0.70681 -1.6142 -1.4761 -0.020398 2.142 2.0142 -0.36684 -0.18522 -0.038892 0.24197 1.3251 0.3494 -1.21 -0.94096 -0.76868 0.6708 -0.53421 -2.2313 0.61925 -0.020963 -0.10777
1.5258 -1.2269 -2.9331 -0.59899 -0.30868 -0.62086 -0.12993 0.79613 1.3669 1.6574 0.2286 -0.2903 0.72995 1.0111 1.0201 0.16403 0.04287 -1.2016 -1.3363 -1.6973 -1.3565 -0.07062 0.33607 1.7686 -0.49091 -0.23168 -0.84765 -0.6711 1.6932 0.22739 -0.90275 -0.84312 0.82035 1.16 -0.92078 -2.8351 -0.67528 0.71652 0.052458
1.8683 -0.78154 -2.1698 -0.27865 -0.023662 -0.29465 -0.268 0.30073 1.7309 1.9899 0.86684 -0.027437 0.80622 0.38128 0.50242 0.76419 0.10546 -1.2801 -1.6053 -0.94725 -0.15186 -0.71593 -1.0171 1.2849 0.31214 -0.1739 -1.3373 -0.92297 2.1626 0.0344 -0.12035 -0.081257 2.4771 1.2012 -0.63805 -2.0805 -1.2602 0.85267 0.28498
1.8098 -0.8655 -2.2195 -0.26872 -0.89086 -1.0471 -1.2401 0.24419 1.3135 1.2983 -0.0041628 -0.44604 0.70899 -0.44533 0.016482 1.521 0.085781 -1.4527 -1.4335 0.74137 0.31811 -0.9998 -1.6299 0.805 1.0237 -0.014653 -1.494 -0.62667 1.6799 -0.36971 0.37758 0.81465 2.6471 0.65178 -0.089073 -0.73836 -1.2119 0.72463 0.3633
1.6149 -0.98131 -1.8227 -0.39079 -0.98713 -1.9487 -0.79033 0.12597 1.6738 -0.10226 -0.80543 -0.49984 0.6799 -0.70313 0.11471 2.4167 -0.013077 -1.0192 -0.7885 2.1488 0.14358 -0.71422 -1.2913 0.10792 0.68713 0.18227 -1.2092 0.17889 0.97788 -0.77483 0.97046 1.4241 1.4817 -0.4259 0.62185 0.20678 -0.53717 0.32225 0.30695
1.6959 -1.015 -1.1424 0.12936 -0.77894 -1.6481 0.53585 1.7253 0.73644 -0.025691 -0.14486 0.94831 0.82934 -1.2532 0.22584 2.078 -0.57601 -0.62151 -0.22255 2.082 -0.18679 -0.18811 -1.0714 0.062428 0.85904 0.19962 -0.82864 0.84685 0.046012 -1.0066 1.225 1.3891 -0.7564 -1.056 0.59262 0.53912 0.207 -0.06958 0.10165
1.0747 -1.0356 -0.89572 -0.2392 -1.5849 -1.5554 1.8051 0.94588 0.21633 0.25003 0.49702 1.116 0.92397 -1.4902 0.68622 2.0867 -0.99567 0.079984 0.43539 1.3445 -0.8171 0.1107 -0.81869 0.66714 1.0714 0.23239 -0.45124 1.2042 -0.36503 -0.94843 1.0456 0.61381 -2.6406 -1.1672 0.23122 0.38655 0.42744 -0.42324 -0.24077
0.83487 -0.83231 -0.57887 -0.79526 -1.3388 -1.0542 1.5832 0.14956 1.1464 0.72438 0.7631 0.14015 0.92843 -1.6179 1.0778 1.7749 -1.2863 0.23077 0.5362 -0.43719 -1.426 -0.23526 -0.67749 0.97615 0.67052 0.1241 0.23407 1.3415 0.23754 -0.21725 0.75595 -0.047404 -3.068 -0.46697 -0.41011 0.29958 0.022993 -0.72587 -0.63196
0.48479 -0.44994 -0.50806 -1.3011 -0.76161 -0.80426 0.55784 -0.32458 1.9608 0.15623 0.064853 1.1155 0.92581 -1.3834 1.602 1.9902 -1.413 0.46532 -0.016175 -1.9966 -1.692 -0.19947 -0.62594 0.52833 -0.13603 -0.19926 0.67861 1.242 0.52198 1.0918 0.1823 -0.29658 -2.1395 0.66203 -1.2652 0.41637 -0.72879 -0.81867 -1.2506
0.22491 -0.28143 -0.20643 -1.6351 -0.68308 -1.123 -0.17322 -0.66614 1.2176 -0.72253 0.55132 1.3312 0.91619 -0.89169 1.8988 2.526 -0.76179 0.57612 -0.064635 -2.5201 -0.75221 -0.75888 -0.49157 0.22657 -0.10188 -0.67 0.71701 0.85743 0.28858 2.2143 -0.22969 0.31647 -0.0069474 1.6424 -1.7042 0.62731 -1.1162 -0.9476 -1.7051
-0.054791 -0.10198 0.042757 -1.8057 -0.85146 -1.4697 -0.62683 -0.86823 0.30967 -0.92533 0.97441 0.86256 0.83744 -0.60969 2.2489 2.5724 0.78356 0.26697 0.20834 -2.0022 0.18472 -1.9761 0.014436 -0.31791 -0.3055 -1.5095 0.33845 0.19525 -0.76378 2.5892 -0.16454 1.4086 1.5367 1.9814 -1.3108 0.73371 -1.1355 -1.1152 -1.6861
0.21256 0.49825 1.0431 -1.7811 -0.54192 -1.6676 -0.64293 -0.36271 0.26045 0.02336 0.74861 0.39172 0.54543 -0.68948 2.1181 1.9663 1.7458 -0.050574 1.0272 -0.49398 1.0076 -2.5286 0.37973 -0.71012 -1.2836 -2.1336 0.14003 -0.73408 -1.9643 2.0553 0.10919 1.6811 1.9729 1.3764 0.026951 0.55977 -0.86924 -0.78949 -1.0891
0.083902 0.7084 1.5628 -1.1611 -0.91935 -1.0034 -0.59464 -0.13136 -0.15483 0.12714 0.69859 0.78644 0.045335 -0.87493 1.8068 1.0449 2.1612 0.51519 2.0556 0.063877 1.5033 -1.7497 0.54347 -1.1501 -1.9425 -2.3479 0.20639 -1.8532 -2.9136 0.85274 0.65687 0.90815 1.1511 0.4571 1.3034 -0.0065717 -0.28792 -0.13183 0.1102
0.010559 1.3872 1.4158 0.94225 -0.73408 -0.29249 -0.88696 0.28304 -1.078 0.54635 -0.39578 -0.064822 -0.98282 -0.51943 0.9615 0.11657 2.3839 0.68032 2.132 0.40581 1.4089 -0.76856 0.4768 -0.98893 -0.98407 -2.1147 0.74942 -2.6599 -3.4255 -0.31514 0.95054 -0.1355 0.19665 -0.27993 1.892 -0.22437 0.35293 0.65041 1.3599
-0.65283 1.2306 0.80397 0.74564 -0.79541 0.51247 0.20108 0.88493 -1.416 -0.26598 -0.72214 -1.0258 -1.2501 -0.33137 -0.10467 -1.2162 2.0611 1.1138 1.3506 -0.16117 0.89778 -0.33031 -0.012945 -0.68533 -0.74946 -1.3406 1.3196 -2.5962 -2.9859 -1.5224 0.52005 -0.90126 -0.23962 -0.78274 1.5772 -0.18545 1.2587 1.2144 2.1599
-0.86551 1.1482 0.70688 0.68489 0.3882 1.1053 -0.5139 1.0765 -0.68545 -0.23766 -0.38845 -1.9449 -1.2609 0.41436 -1.1365 -2.4473 1.2192 1.39 1.1494 -0.027794 0.69546 0.40466 0.21308 -0.20939 -0.50138 -0.33074 1.2315 -1.6099 -1.3221 -1.8018 0.12844 -0.93782 -0.54928 -1.3641 0.86744 0.43728 1.6529 1.0242 2.0226
-0.029382 0.68664 0.69942 1.352 -0.13696 0.33182 -0.2648 0.7624 -0.17092 0.34648 0.098767 0.64971 -1.1996 1.0967 -1.2537 -2.504 -0.079554 1.1268 0.90414 -0.25116 0.20224 0.70914 0.31376 0.9458 0.40098 0.42901 0.58468 -0.47463 0.52386 -1.413 -0.4718 -0.60094 -0.15996 -1.4362 0.17648 0.61978 1.4966 0.64215 1.2599
-0.032097 0.45167 0.074256 1.3295 0.80794 -0.37447 -1.2412 0.63469 -0.51217 0.13546 -0.31122 -0.69906 -0.86034 1.0408 -1.0103 -1.3706 0.11108 0.93672 0.64501 -0.70955 -1.1069 0.41025 1.2843 1.4439 0.61875 0.43555 -0.69312 0.34951 1.8981 -0.78282 -0.75808 -0.61667 -0.048354 -1.3646 -0.29683 -0.068247 0.76536 0.10064 0.35377
0.58775 -0.11456 -1.0994 1.1558 0.63283 1.3728 -0.22966 1.1088 -0.12527 0.64147 -0.069706 -0.5593 -0.62725 0.42394 -0.91494 -0.89028 -0.0044205 0.52496 0.51392 -0.19045 -1.2142 0.054205 0.81276 1.434 0.05152 0.41241 -1.0207 0.29868 1.7658 -0.2276 -1.1994 -0.94002 0.25025 -0.8085 -0.034127 -0.42233 -0.2221 -0.079824 -0.08901
0.77422 0.71928 -0.77921 0.26488 0.4455 1.4158 -0.76492 0.68123 -0.56368 0.46091 1.1785 0.176 -0.78585 -0.56272 -0.74698 -0.16 -0.26531 0.36111 0.22663 -0.20177 -1.4609 0.22124 -0.14722 1.0776 -0.12369 0.2707 -0.13052 -0.12809 0.82486 -0.42187 -1.3318 -1.9435 0.17626 0.22779 0.43542 -0.54872 -1.0708 0.070802 0.3499
-0.18025 0.33753 0.38662 1.3374 0.80007 1.2476 -0.83292 -1.3103 -0.6794 1.7356 1.3908 -0.54421 -1.0005 -0.025691 -0.90702 -0.22979 -0.30507 -0.70805 -0.60092 -0.042588 -1.332 0.79128 0.1611 0.74947 0.58922 0.35057 1.2139 -0.76427 -0.26641 -0.44665 -1.4437 -2.4483 -0.18371 1.3011 0.66656 -0.18306 -1.5133 0.28639 0.99826
-0.33384 -0.016905 -0.10139 1.032 0.94852 0.93445 -0.5979 -0.12537 -0.2105 0.35976 1.3338 -1.3167 -0.70156 1.0009 -1.2123 -0.34807 -0.51381 -0.80741 -2.3627 -0.4712 -0.60991 0.9204 0.47128 -0.2355 0.48905 1.053 2.2581 -0.83542 -1.0383 -0.65885 -1.6172 -2.1499 -0.089548 2.3231 0.22444 -0.24997 -1.3749 0.24846 1.4218
-0.5863 -0.21822 0.093976 0.87643 0.44906 -0.016387 -0.81589 -1.0096 0.26654 -0.43666 0.83241 0.75763 -0.71027 1.8835 -1.8885 -1.2143 -0.7015 -1.4523 -2.6876 -0.4741 1.0245 1.0219 0.14706 -0.78724 0.34537 1.7119 1.7497 -0.25128 -0.3929 -0.59451 -1.3004 -0.84347 0.38387 2.3356 -0.58129 -0.19588 -0.4854 -0.22027 1.147
1.0388 -0.53104 -1.2771 0.55579 -0.64666 -0.40041 -0.95779 -0.49909 0.7062 1.2296 0.65019 0.34183 -0.22362 2.6707 -1.5752 -1.3384 -1.2833 -2.1401 -2.6757 -0.21325 2.1447 0.58423 -0.63983 -0.76402 0.51734 2.0019 0.36977 0.53867 0.5733 -0.32206 -0.97018 0.87643 1.0285 1.4227 -1.2024 0.014694 0.69786 -0.9554 0.28551
2.2489 -0.83298 -1.1737 -0.065462 -0.13083 -1.5035 -0.88974 0.49367 0.56914 1.809 -0.025606 0.075817 0.73094 2.3796 -1.1188 -0.35791 -1.0168 -2.3458 -1.9805 0.56212 2.1005 -0.091346 0.33276 0.12482 0.091737 1.8201 -1.3685 1.2492 1.9661 0.059292 -0.0084605 1.7387 1.1538 -0.14198 -1.333 0.28467 1.4549 -1.6473 -0.67877
1.9325 -1.0409 -1.1249 -0.25074 -1.3048 -1.44 -1.395 1.7264 0.35839 0.43592 0.67514 0.042769 0.87485 1.4208 -0.7385 0.1683 -0.94565 -2.0716 -1.0801 1.0527 1.7684 -0.75236 0.44509 0.70897 -1.4396 1.4758 -2.5603 1.2185 1.8977 0.43568 0.55206 2.046 0.62147 -1.5292 -0.84879 0.50452 1.4657 -2.1686 -1.4006
1.9665 -1.0352 -0.46884 -0.43188 -1.7868 -1.7857 -0.61979 1.4248 0.02247 -0.30802 0.49014 0.02462 0.94618 -0.064079 -0.32219 1.2369 -0.75017 -1.4697 -0.25887 1.1893 0.88378 -0.78698 0.24891 1.3415 -2.2114 0.80975 -2.2982 1.1112 0.87252 0.4708 0.95251 1.5616 -0.27418 -2.1946 -0.17183 0.31464 0.79488 -1.6597 -1.5674
1.7635 -0.90475 -0.29521 -0.15669 -2.0367 -1.3113 0.39707 1.8881 -0.10501 1.2201 1.8309 -0.50733 0.99035 -0.90158 -0.037425 0.95779 -0.59605 -1.5542 0.25677 0.68908 -0.45285 -0.62629 0.51679 1.5137 -2.9813 0.11268 -1.3111 1.4464 0.062625 0.77028 1.1753 0.81022 -1.2554 -1.6931 0.17821 0.023776 0.012988 -0.1489 -1.6905
1.4562 -0.95598 -0.53993 -0.69366 -2.2171 -1.3513 0.007827 0.77082 -0.50951 1.1793 1.4012 -2.1331 0.97286 -0.76481 0.29672 0.67742 -0.3057 -0.86108 0.25077 0.14193 -1.3749 -0.42805 1.0053 1.3107 -2.6993 -0.17665 -0.56962 2.1164 0.01961 1.1121 1.544 0.70707 -1.5813 -0.75994 0.30791 -0.53305 -1.1128 1.704 -1.8928
1.4757 -0.94868 -0.14878 -0.77752 -1.9492 -0.99797 -0.10345 1.0906 0.011238 1.9034 2.1959 -3.3381 0.98374 -0.69437 1.2492 0.56394 0.27533 -0.23219 0.17904 -1.0171 -0.64824 -0.54124 0.15297 0.79979 -1.5264 -0.91903 -0.52866 2.5228 0.70692 1.4184 1.9169 0.96078 -1.0163 0.64024 0.61064 -0.97157 -1.865 3.5328 -2.015
1.1209 -0.96466 -0.38392 -0.99577 -2.6648 -1.4023 -0.76341 0.16288 -0.2683 1.3808 1.9077 -4.1445 0.84568 -1.2509 2.3934 1.48 0.89338 0.67551 1.1037 -1.2126 -0.62902 -0.19278 -0.67447 -0.40441 0.69321 -1.9069 -0.89904 2.2446 0.94047 1.3691 1.8474 1.1307 -0.19215 1.1041 0.39621 -1.3356 -2.2503 3.8381 -1.851
1.2271 -0.63545 -0.22581 -0.37348 -2.4651 -1.2709 -0.86933 -0.071362 -0.33507 1.0956 2.4245 -2.7474 0.63765 -1.6654 2.9172 1.7179 1.4536 1.1536 1.622 -0.74198 0.46776 0.46727 -0.68686 -1.1869 2.8656 -2.4629 -0.89076 0.97161 0.58254 0.84004 1.6817 1.0069 0.68639 0.84162 0.18737 -0.89048 -2.0072 2.5492 -0.9543
1.1931 0.5988 0.27049 0.43478 -1.8068 -1.4047 -1.2328 1.5517 -0.98017 0.033325 1.6479 -1.4947 -0.37233 -1.9766 3.0249 1.6408 1.6627 1.7973 1.6344 -0.43113 0.32277 -0.12802 -1.3971 -1.9997 3.3007 -2.5662 -0.5126 -0.686 -0.40147 -0.048899 1.0628 0.30353 0.89497 0.073806 -0.23432 -0.33075 -1.2373 0.3861 0.23083
-0.18779 1.4143 1.3751 0.98938 -0.77204 0.98862 -0.56833 0.41302 -0.052426 0.9404 0.73445 0.54236 -1.3096 -2.0134 2.4782 1.4431 1.4637 2.2604 1.7905 -0.060147 0.58707 -0.16565 -1.3557 -2.236 2.6093 -2.2237 0.17201 -2.2181 -1.2626 -0.88748 0.38175 -0.22542 0.84253 -1.0833 -0.47407 0.05364 -0.39211 -1.4258 1.3322
-0.38847 1.1624 0.76086 0.96411 -0.96255 0.49747 -0.77074 1.7162 0.7176 0.93301 -0.069021 1.3105 -1.3702 -2.0539 1.5308 0.98016 0.80716 2.0637 1.5989 0.21759 -0.56995 -0.26858 -1.0125 -2.2236 1.6348 -1.6426 1.0442 -2.9063 -1.8786 -1.3273 -0.5942 -1.0857 0.63127 -1.1399 -0.55234 0.47044 0.77463 -2.0432 1.9698
-0.51662 1.3201 0.97586 1.2517 -0.031679 0.17861 -0.91352 0.54637 -0.98696 -0.49024 -0.19422 -0.10797 -1.3474 -1.3275 0.15403 0.013691 0.23971 1.7384 1.2435 0.59827 -1.3671 -0.30968 -0.7292 -1.7834 0.637 -0.66529 1.2779 -2.5813 -1.4609 -1.1713 -0.96815 -1.3747 0.29348 -1.0417 -0.56464 0.55242 1.3954 -1.92 1.9353
-0.72357 1.1259 0.78212 1.0799 -0.022587 0.49448 -0.96966 0.9028 -0.72182 -0.52384 -0.55128 -0.54378 -1.3609 -0.3944 -0.41375 -0.67863 -0.18543 1.0229 -0.075089 0.47548 -1.0986 -1.0518 -0.66865 -0.67695 -0.095008 -0.00039048 1.215 -1.5082 -0.70986 -0.6192 -1.117 -1.1274 -0.11501 -0.035866 -0.15163 0.64226 1.5761 -1.1094 1.3297
-0.98988 1.2611 1.0159 0.9451 0.2498 0.86074 -0.53756 -0.90125 -0.72446 -0.038341 -0.55041 0.77952 -1.5438 -0.48229 -0.63534 -0.083925 -0.20992 1.0736 0.11151 0.36112 -1.3434 -0.79316 -0.31048 -0.25924 -0.6443 0.2414 0.76685 -0.13448 0.22753 -0.088033 -1.083 -0.75108 -0.38951 0.71973 0.2377 0.37869 1.2654 -0.14043 0.5474
-0.50311 0.94526 0.53109 0.96577 0.69722 1.1243 -0.1454 -0.18949 -0.66346 -0.24986 -1.143 0.50188 -1.3745 -0.23286 -0.45966 -0.10864 -0.11044 0.42147 0.10503 0.057259 -0.69052 -0.26218 0.18756 0.11402 -0.10949 0.15908 0.29454 0.57612 0.41788 0.13453 -0.80449 -0.42258 -0.35711 1.2272 1.0645 0.097439 0.78015 -0.00041607 0.17494
-0.6753 0.99247 0.52488 0.65956 0.09072 0.24442 -0.2784 -0.15988 -1.3189 0.27695 0.12981 0.556 -1.2414 -0.0001786 -0.03115 0.11217 0.048215 0.12553 -0.2123 -0.028682 -0.11272 -0.201 -0.31184 0.31973 0.33164 0.17785 -0.098686 0.28989 -0.058814 -0.056695 -0.73529 -0.69538 0.20651 1.0676 1.4121 -0.49504 0.76417 0.08375 0.36517
-1.2305 0.53544 1.0299 0.91009 0.88075 0.50442 -0.83187 -0.28771 -0.66149 -0.26195 -0.63283 -1.0356 -1.0164 -0.10777 0.20215 -0.084332 -0.054338 0.083687 -0.67304 -0.099925 0.79695 0.72466 -0.42427 0.59327 -0.59614 0.32 -0.43066 -0.51764 -0.63397 -0.30487 -0.5936 -0.54615 0.89043 0.21727 1.6479 -0.7471 0.4733 0.17289 0.66772
-0.72457 1.1508 0.82272 1.2005 0.27571 0.6257 -0.97314 -0.37777 -1.3449 -0.37592 -0.11247 0.029916 -1.401 -0.75018 -0.50186 -0.17725 -0.33365 -0.046407 -0.76248 0.81339 0.092841 1.4456 -1.0285 1.0299 -0.23413 0.7735 -0.42287 -0.82973 -1.0548 -0.50263 -0.7782 -0.31544 1.2634 -0.69012 1.2699 -0.23411 -0.04962 0.4403 0.55155
-0.69485 1.3012 0.91779 1.031 0.16185 0.4944 -0.47845 0.32669 -0.70197 -0.88961 -0.31873 1.2683 -1.2661 -0.68204 -1.0397 -0.97839 -0.47702 -0.52688 -0.60764 1.3981 -0.37702 2.0942 -1.0174 0.72493 0.53088 0.98903 0.028935 -0.86764 -0.79105 -0.49794 -0.69628 0.01239 0.75121 -1.1697 0.38864 0.46737 -0.46411 0.67125 0.33612
-1.0694 1.2725 0.54297 0.58984 0.72399 -0.097939 -0.23349 0.47367 0.77354 -0.21171 0.26104 -0.99473 -1.0066 -0.52271 -0.72018 -1.1382 -0.66595 -0.93516 -0.80723 1.7413 -0.99143 1.5766 -0.48097 0.20815 0.69751 0.77328 0.95288 -0.50311 -0.33716 -0.51976 -0.5596 -0.041332 -0.65383 -1.0626 -0.678 1.3286 -0.75477 0.34717 0.17742
-1.7587 -0.20989 0.30384 0.20252 0.43262 -0.068049 1.1155 -0.64575 0.86496 -1.7289 0.8799 0.20248 -0.10373 -0.18896 -1.0587 -0.87323 -0.80497 -0.69073 -0.60824 0.9154 -1.1213 1.4491 0.33713 0.15643 0.36134 0.88321 1.5825 -0.092276 0.5395 -0.58912 -0.37942 -0.31553 -1.7599 -0.97596 -1.458 1.583 -0.66282 0.2157 0.22792
-1.4296 -0.039582 -0.32873 0.23793 -0.80593 -0.2582 0.58297 -1.0187 1.1681 -0.79171 0.55887 1.3527 -0.26276 0.75817 -1.2847 -0.76267 -1.1271 -0.93772 -0.81885 -0.31783 -1.7733 0.53395 1.172 -0.095932 0.58084 1.1193 1.8051 0.51074 1.0117 -0.49082 -0.080378 -0.5161 -2.2742 -0.67115 -1.2984 1.5016 -0.59864 -0.21008 0.23584
-1.3505 0.80483 0.33627 0.29953 -0.35348 -0.22903 0.59113 -1.6375 0.31347 -0.63476 -1.0243 0.12038 -0.8189 1.6061 -0.89867 -0.27644 -1.3329 -1.1751 -1.1642 -1.19 -2.0446 -0.09898 1.5782 -0.35522 1.0383 1.1949 1.1882 1.1542 1.2176 -0.17717 0.36399 -0.51423 -1.3606 -0.3293 -0.8772 0.75646 -0.78068 -0.7088 0.021922
-0.53222 0.40324 0.22475 -0.040541 -0.24547 0.034791 -0.37564 -0.94426 0.76346 0.3377 0.60354 0.88419 -0.41227 1.9233 0.014185 0.21929 -1.3055 -0.80523 -1.4616 -1.8676 -1.9561 -0.060984 2.1465 -0.64403 -0.1025 1.0098 -0.15357 1.5751 1.2972 0.60839 0.81409 0.15241 -0.068944 0.67509 -0.50707 -0.2746 -0.66771 -1.1058 -0.65987
0.091435 -0.29909 0.005518 -1.1627 -0.80001 -1.073 -0.7302 -2.1372 0.5697 0.72278 -0.10771 1.4441 0.52095 1.422 0.12592 0.6258 -1.0356 -0.070877 -1.2158 -1.1168 -1.7472 0.13431 1.5036 -1.0298 -0.82512 0.966 -1.4625 1.79 1.0751 1.6079 0.84715 1.0892 1.1387 1.682 -0.77341 -1.1799 -0.68089 -1.0203 -1.6584
0.15154 -0.10087 0.1589 -1.4589 -0.98754 -1.724 -0.69289 -2.8652 0.91679 0.92513 0.15405 0.83838 0.70302 0.54257 0.70414 0.90546 -0.13375 0.0049161 -0.49241 -0.53986 -0.55617 -0.49255 0.65701 -1.0003 -0.86468 0.10073 -2.0615 1.6927 0.71818 2.2892 0.76221 2.0523 1.4216 2.5636 -1.1665 -1.4467 -0.1467 -0.15768 -2.4493
0.011016 0.22952 0.41967 -1.1679 -0.90186 -1.5811 -0.75877 -3.3711 0.83484 0.94708 -0.52459 -0.14358 0.5604 -0.4512 1.5981 1.1393 1.083 -0.026044 0.3798 0.41192 0.70969 -1.2985 -0.16631 -1.4442 -0.77494 -1.184 -1.7338 1.132 0.13925 2.2253 0.6712 2.4354 0.5498 2.6058 -1.2982 -1.3223 0.39674 0.54202 -2.4978
-0.13153 0.70362 0.56619 -0.68369 -0.32414 -1.0683 -0.29581 -2.9079 1.0489 0.9579 -1.8191 -0.44725 0.1245 -1.0043 1.9656 1.1422 1.905 0.5739 1.5456 0.20806 2.0982 -1.5058 -0.078581 -0.67039 -0.47709 -2.0955 -0.89821 -0.17941 -0.46032 1.2444 0.50032 1.7426 -0.14218 1.9145 -0.50032 -1.0011 0.80326 0.92476 -1.378
-0.68487 1.4534 1.3105 0.41718 -0.24618 -0.22766 -0.35269 -1.1063 -0.94316 0.20059 -1.4019 -0.54939 -1.0144 -1.058 1.2941 0.74766 2.0958 0.88267 2.2769 -0.42032 2.2957 -1.7702 -0.92264 -0.37685 0.128 -2.1986 -0.41343 -1.637 -0.75895 -0.086465 0.51591 0.45539 -0.71519 0.28844 0.63347 -0.80094 1.4923 0.94755 0.37736
-0.74069 1.2803 0.9028 1.114 -0.87703 0.030557 -0.035945 -0.15372 -0.86657 0.36821 -0.95801 0.77163 -1.2521 -0.84981 0.57676 0.36857 1.6853 0.48159 1.7928 -0.4578 2.5872 -1.1537 -1.0716 0.070405 0.6493 -1.7478 -0.065909 -2.626 -1.3869 -1.6053 -0.07827 -1.0563 -0.22342 -1.4713 1.9508 -0.62336 1.3897 0.55879 2.0689
-0.86304 1.2155 0.90073 0.93707 0.070143 0.33115 -0.92761 -0.32651 -0.65921 1.2099 -0.49918 0.47243 -1.2904 -1.3206 -0.29669 0.3088 1.0418 0.97916 1.1157 -0.75225 1.0291 -0.22 -1.3483 1.123 0.67606 -0.72449 0.63013 -2.693 -1.4774 -2.4146 -0.43272 -1.7934 0.68737 -2.0059 2.7888 0.084437 1.0342 -0.14242 2.9489
-0.9371 0.92503 0.8338 1.3178 0.33059 1.0696 -1.3631 -1.0257 -0.98953 -0.85786 -0.94673 0.3299 -1.4232 -1.0173 -1.3955 -0.87465 -0.54543 0.41718 0.19743 -0.12492 -0.35437 1.4734 -1.1643 1.3188 0.43167 0.68133 1.458 -2.3797 -1.6628 -2.4448 -1.1226 -1.74 1.4456 -1.778 2.6379 0.61885 0.39912 -0.42921 3.0791
-0.90534 1.0027 0.92809 1.1662 -0.46659 0.30904 -0.61572 0.51219 -0.20504 -0.27818 -1.2463 0.56396 -1.3515 0.17903 -1.9825 -1.0138 -1.2722 0.16959 -0.21378 0.76293 -0.42809 2.2609 -0.66043 1.0503 -0.080032 1.5992 2.2749 -1.5242 -1.5642 -1.8986 -1.7893 -1.2932 2.0179 -0.55347 1.7155 1.3423 -0.32776 -0.66222 2.4821
-2.2496 0.70501 1.3064 1.1211 1.3957 0.42395 -0.94055 -1.5633 0.16659 -0.96134 0.48769 0.58859 -0.85183 1.097 -2.3466 -1.6541 -1.6973 -1.0984 -0.73218 1.6732 -0.40627 2.6642 -0.056233 0.92924 0.097152 2.3245 2.115 -0.56008 -0.88744 -0.69827 -1.2912 -0.33119 1.8103 0.14588 -0.013842 1.2197 -0.8587 -0.87657 1.3698
-1.4686 -0.09348 -0.24603 -0.91701 -0.73442 -0.056179 -0.045769 -1.2124 1.1822 -0.69986 0.71687 0.58329 -0.076845 1.8416 -2.2317 -1.8254 -1.9054 -1.4456 -0.78512 2.3989 -0.12724 2.4924 1.005 0.73384 -0.5852 2.6715 1.1474 0.18842 -0.63886 0.22467 -0.60441 0.33847 1.4445 0.5806 -1.5874 0.735 -1.4812 -0.8003 0.18506
0.37494 -0.62113 0.026852 -0.49728 -0.34441 0.13774 0.55788 -0.30465 2.0656 0.39077 0.011757 0.41804 0.52692 2.0727 -2.1535 -1.8946 -1.5184 -1.0629 -0.10819 2.686 -0.23658 1.3837 0.64794 -0.13418 -1.2027 2.4685 -0.22861 0.92681 0.40431 1.2221 1.1153 0.73539 0.73197 0.64858 -2.9878 -0.22238 -1.6587 -0.45779 -0.95069
0.31906 -0.76053 -0.59463 -1.0425 -1.5832 -0.29138 0.47732 -1.1074 2.1958 0.42932 0.20691 0.64127 1.0231 1.8087 -1.7754 -1.9159 -0.93373 -0.90192 0.11809 3.1431 0.65692 -0.058949 0.59531 -1.2336 -1.1539 1.833 -1.5013 1.2687 0.84449 1.6875 1.9351 0.50837 -0.10029 0.56346 -3.5442 -1.3183 -1.1174 0.39601 -1.6024
0.53423 -0.66398 -0.40118 -1.0295 -1.234 0.09771 1.5225 -0.65585 1.7865 0.23238 -0.17578 -1.0771 1.1754 0.6659 -1.101 -0.9385 0.10085 0.66566 0.19217 2.7413 0.51248 -1.6776 -0.292 -1.2461 -0.6098 1.1155 -1.6282 1.2787 1.1228 1.7007 2.1757 -0.12694 -0.92995 0.53453 -2.9847 -1.5785 -0.15744 1.0251 -1.6223
0.20678 -0.95623 -0.59575 -0.83359 -0.55186 0.44219 2.1714 -0.64725 1.1629 -0.14477 -0.91131 -1.247 1.219 -0.27512 -0.74243 -0.91885 0.43508 1.1989 0.021935 2.1222 0.63252 -2.6502 -1.3104 -0.82192 -0.046981 0.61002 -0.95891 0.87961 0.95054 1.3853 1.8172 -0.46487 -1.8327 0.084421 -1.6544 -1.4486 0.86509 1.371 -1.1899
-0.31431 -1.2545 -1.1275 -0.89715 -0.22789 0.37848 2.6432 -0.47005 0.16435 -0.077186 -0.99533 -0.47732 1.2528 0.057924 -0.63858 -0.557 0.97183 1.8277 -0.27469 1.2634 0.84991 -2.9322 -1.7413 -0.59437 0.42381 0.30813 0.27033 0.47178 0.63697 0.83677 0.68105 -0.45226 -2.1569 -0.074006 -0.0073188 -0.69823 1.3154 1.246 -0.69632
0.14852 -1.1828 -0.8483 -0.49714 0.19059 -0.044966 2.6973 -0.20521 -0.56095 -0.75209 -0.89684 0.33797 1.3123 0.30372 -0.60769 -0.54997 1.2184 1.8139 -0.48634 0.11663 0.62896 -2.5188 -1.7441 0.16465 1.2491 0.20119 0.86954 0.39235 0.87707 0.51344 0.038574 0.068835 -2.0553 -0.3453 1.2806 0.026144 1.276 0.8161 -0.35625
0.257 -1.2028 -0.90523 0.081318 0.55387 -0.032039 2.346 0.33383 -0.86175 -1.2907 -0.72891 0.30661 1.3686 0.85903 -0.41569 -0.075092 1.2761 1.6139 -0.36829 -0.67915 0.32642 -1.7048 -1.5339 0.85595 1.3947 0.12489 0.39696 0.24243 0.76079 -0.10372 -0.4654 0.69442 -1.4736 -0.46576 1.8046 0.49936 0.87249 0.13833 -0.21017
0.58736 -1.2361 -0.98551 0.31698 0.65515 -0.52617 1.9294 -0.1571 -1.3358 -1.7783 -0.69167 0.21268 1.399 0.92388 -0.22711 0.27767 1.2482 1.4072 0.21527 -1.1238 0.14373 -0.78139 -1.323 0.97201 1.2006 0.085703 -0.16028 0.053919 0.72182 -0.58254 -0.52373 1.0505 -0.5352 -0.29335 1.5834 0.70832 -0.016263 -0.39066 -0.19785
0.58111 -1.3604 -1.0162 0.65272 1.3509 -0.011535 2.0028 0.043799 -1.248 -1.7051 -0.048496 0.70183 1.3668 0.46645 -0.43968 0.27797 0.77375 1.2271 0.67491 -1.1529 0.092149 -0.3239 -0.84825 0.74032 0.7316 -0.0013105 -0.74363 -0.085828 0.20963 -0.81695 -0.60337 0.89919 0.19086 -0.058205 0.9801 0.68406 -0.91437 -0.43497 -0.18507
0.91922 -1.4569 -0.72654 0.76897 1.4895 0.1985 1.7165 -0.34546 -1.0468 -1.7321 0.23164 1.3734 1.3315 0.17985 -0.50526 0.45905 0.3954 1.0985 0.94919 -0.77827 0.10332 -0.1521 -0.53619 0.24125 0.7329 -0.081908 -0.82648 -0.060555 -0.23879 -0.89421 -0.77475 0.10618 0.55066 -0.16866 0.27221 0.3611 -1.4146 -0.49351 -0.15346
0.63218 -1.3364 -0.75517 0.91173 1.4747 0.67009 1.5151 -0.0023249 -0.94031 -1.8829 0.11659 1.5971 1.3899 -0.17656 -0.40765 0.18864 0.1921 0.71632 0.94282 -0.50997 0.19156 -0.1071 -0.42845 -0.49758 0.68608 -0.11575 -0.6145 0.1287 -0.64803 -0.66655 -0.84023 -0.56146 0.67214 -0.3432 -0.15581 0.062748 -1.5079 -0.43707 -0.10327
0.56148 -1.6437 -0.61769 0.55841 1.7713 0.59214 1.3761 0.25113 -1.2446 -2.0297 -0.17327 0.85554 1.3188 -0.31667 -0.33411 -0.050886 -0.11516 0.30281 0.29672 -0.37303 -0.29014 -0.32082 -0.7251 -1.0959 0.15568 -0.12769 -0.3311 0.21072 -0.80552 -0.43469 -0.74567 -0.85091 0.56033 -0.50756 -0.35072 -0.0065663 -0.98569 -0.63118 -0.053789
0.53307 -1.6572 -0.55414 0.7297 1.9834 0.87067 1.5706 0.26991 -1.3202 -2.1029 -0.60302 1.3476 1.2726 -0.4522 -0.31632 -0.50435 -0.20151 0.1475 -0.014878 -0.036778 -0.45728 -0.48282 -0.58432 -1.4585 0.073201 -0.16357 -0.061925 0.37495 -0.45787 -0.16 -0.43053 -0.62335 0.533 -0.4601 -0.2615 0.17505 0.0017964 -0.68731 0.020578
0.39534 -1.5534 -1.0442 0.76718 1.5876 0.61766 1.4819 -0.12892 -1.4265 -2.2397 -1.2423 1.6098 1.2655 -0.32094 -0.21201 -0.48729 -0.20688 0.0754 -0.12185 0.076959 -0.65931 -0.57739 -0.43708 -1.1352 -0.32279 -0.15888 0.06767 0.50443 0.092373 2.2225e-05 -0.16586 -0.099739 0.46505 0.024349 0.032432 0.69492 0.94453 -0.63809 0.11305
0.37673 -1.6606 -0.9381 0.44417 1.7344 0.25993 1.5252 -0.82297 -1.5017 -2.7065 -1.1622 1.0027 1.2286 -0.31126 0.13048 -0.32187 -0.049973 0.08867 0.021944 0.3014 -0.61247 -0.42265 -0.16269 -0.42421 -0.55685 -0.074395 0.059348 0.54172 0.68654 -0.026081 0.032406 0.38766 0.42863 0.54472 0.33999 1.1376 1.3402 -0.7468 0.17833
0.3228 -1.7167 -1.1961 0.54344 1.6845 0.48057 1.6327 -0.65361 -1.5703 -2.2474 -1.672 1.6945 1.1731 -0.28238 0.24688 0.022027 -0.18107 0.066388 0.11391 0.35633 -0.1964 -0.23696 0.58616 0.26472 -0.90622 0.010958 -0.069347 0.49624 0.76439 -0.16502 0.036976 0.57835 0.37728 0.81466 0.59455 1.3412 1.0577 -0.55086 0.182
0.24934 -1.5821 -0.95018 0.53698 1.7778 0.75899 1.5114 -0.44017 -1.8108 -2.3794 -1.1182 0.37357 1.2261 -0.38223 0.31772 0.36928 -0.25313 0.24238 0.60183 0.64805 0.40668 0.044553 1.3733 0.48488 -1.2445 0.045914 -0.046118 0.35003 0.67252 -0.37159 -0.08628 0.38782 0.19927 0.49585 0.72886 1.0568 0.51658 -0.28542 0.11862
0.19756 -1.4411 -0.76832 0.63992 2.065 0.80041 1.9004 -0.40771 -1.7073 -2.1424 -0.58477 0.13272 1.2518 -0.43611 0.48577 0.42175 -0.40257 0.097126 0.67451 0.62392 0.48641 0.36968 1.6997 0.50691 -1.1693 0.081611 0.059603 0.23643 0.31734 -0.42443 -0.20149 0.055031 0.02878 -0.12277 0.87146 0.35686 -0.088527 0.33812 0.01246
0.18029 -1.3922 -0.69352 0.36265 1.7949 0.84787 1.925 -0.10705 -1.4952 -1.0935 -0.47929 0.35515 1.3021 -0.34175 0.57072 0.58382 -0.62088 -0.049565 0.47652 0.5266 0.04021 0.70958 1.5769 0.50444 -1.048 0.082984 0.065979 0.048871 -0.13331 -0.4417 -0.39629 -0.36084 -0.31641 -0.66017 0.81186 -0.53266 -0.59331 0.64013 -0.082507
-0.1325 -1.3561 -0.79858 0.20383 1.9178 1.325 2.2527 0.14042 -1.2858 -0.60801 -1.0119 -0.4409 1.2705 -0.2129 0.50004 0.44396 -0.77719 -0.11749 0.29764 0.42999 -0.30214 1.1367 1.2831 0.13391 -0.29362 0.004356 0.026524 -0.076465 -0.33408 -0.29969 -0.31878 -0.4325 -0.47881 -0.66647 0.69633 -1.0878 -0.79864 0.67389 -0.15573
-0.090861 -1.254 -0.66018 -0.19816 1.7791 1.0134 2.0594 -0.4677 -1.045 -0.83987 -0.72 -0.38922 1.2806 -0.39223 0.39301 0.15612 -0.87794 -0.33016 0.14429 0.05732 -0.60261 1.2541 0.47716 -0.42633 -0.32561 -0.065244 -0.0079744 -0.16803 -0.46065 -0.13373 -0.49243 -0.3868 -0.70786 -0.22097 0.54374 -1.0799 -0.69105 0.7699 -0.17949
0.029387 -1.1311 -0.51247 -0.24656 1.6444 1.1005 2.0693 -0.75734 -0.7879 -0.64004 -0.70512 -0.13458 1.2752 -0.38281 0.45843 0.10775 -0.8219 -0.30316 0.062469 -0.15877 -0.60883 1.4712 -0.042621 -0.5227 -0.10157 -0.11875 -0.025802 -0.18964 -0.36541 0.0056964 -0.67908 -0.25886 -0.83055 0.40812 0.33616 -0.66925 -0.34734 0.63729 -0.16752
0.045427 -1.1041 -0.47073 -0.46756 1.8389 1.1233 2.1086 -0.74367 -0.28366 -0.90215 -0.66106 0.091091 1.2257 -0.29305 0.33022 0.018705 -0.83755 -0.80928 -0.099753 -0.66126 -0.2991 1.6266 -0.035524 -0.45407 0.49026 -0.17041 0.03518 -0.19856 -0.14457 0.08423 -0.74217 -0.22103 -0.87846 0.96697 0.063788 -0.14042 0.15444 0.68441 -0.15031
-0.48442 -1.1317 -0.77445 -0.66906 1.4755 1.0156 1.9579 -0.97051 -0.15529 -1.2918 -1.4686 -0.57933 1.1882 -0.33198 0.23589 -0.066019 -0.77697 -1.0658 -0.038228 -0.94197 0.35823 1.6408 0.14274 -0.47401 0.64909 -0.23761 0.22609 -0.19925 0.17067 0.18205 -0.78244 -0.28668 -0.87181 1.1195 -0.41279 0.16892 0.64994 0.55432 -0.16718
-0.3321 -0.92092 -0.60613 -0.85021 1.4727 1.1837 1.8552 -0.57394 0.45858 -0.67867 -1.3036 0.041911 1.1694 -0.37345 0.1946 0.022675 -0.73385 -1.2501 -0.19347 -1.3796 0.88507 1.3428 0.11926 -0.10161 0.75049 -0.27106 0.50574 0.17832 0.45988 0.39215 -0.35047 -0.33196 -0.78311 0.76307 -0.95144 -0.085664 1.032 0.30077 -0.35578
-0.34604 -1.0918 -0.71163 -1.1409 0.56582 1.0932 1.3187 -0.36814 0.77378 -0.54596 -1.3305 0.60247 1.0781 0.057466 0.21545 0.39698 -0.52517 -1.4564 -0.39987 -1.6146 1.0866 0.88217 0.27663 0.60885 0.94152 -0.3624 0.55133 0.40307 0.51722 0.51144 0.13447 -0.45929 -0.57255 0.054665 -1.4411 -0.48323 1.1426 -0.024597 -0.59866
-0.32799 -0.99103 -0.57123 -1.2563 0.493 0.97018 1.0581 -0.056714 0.96779 -0.67183 -1.0937 0.70156 1.0184 0.43359 0.62802 0.54771 -0.22389 -1.2115 -0.51164 -1.9599 0.885 0.25273 -0.25054 1.0514 0.97502 -0.72315 0.1303 0.95323 0.76855 0.81323 0.70988 -0.076992 -0.036359 -0.69804 -1.3436 -0.44723 0.92714 -0.59783 -0.87877
-0.4531 -0.92907 -0.42492 -1.2469 0.34796 0.84957 0.64991 0.41497 0.7717 -0.78342 -0.67022 0.87491 0.97969 0.27087 0.66293 0.52501 -0.070407 -0.81135 -0.70671 -1.8594 0.43729 -0.49647 -0.67106 1.2104 0.47195 -1.0403 -0.7361 1.2186 0.85216 0.97723 1.2617 0.45058 0.31163 -1.3124 -0.98208 -0.081173 0.39802 -0.80885 -0.97171
0.086434 -0.89508 -0.12337 -1.1538 0.0064433 0.58016 0.51251 0.41367 0.70824 -0.67296 0.050282 1.173 0.78596 -0.25865 1.4865 1.22 0.56189 -0.26506 -0.16249 -1.3765 -0.2724 -0.46517 -0.32857 1.4417 -0.30552 -1.4379 -1.2965 1.115 0.9392 1.1182 1.175 0.91458 0.99134 -1.406 -0.43177 0.67204 -0.19134 -0.67048 -0.78011
-0.011117 -0.28783 -0.37815 -0.95009 0.1061 0.55874 -0.24687 -0.05901 0.19599 -1.6899 -0.33019 0.92792 0.22089 -0.98999 1.7224 1.4579 0.91025 0.36943 0.27619 -1.3193 -1.0911 -0.57014 0.17718 1.2341 -0.16031 -1.6691 -1.226 0.81701 0.87758 0.96574 0.68902 1.1986 1.213 -1.1404 0.058617 0.9701 -0.69318 -0.27803 -0.33548
-0.25957 -0.52326 -0.19741 -1.1798 0.32471 0.35362 -0.070586 -0.044102 -0.05551 -1.2218 0.24971 0.80615 0.011607 -1.3743 1.8703 1.6195 1.3765 0.34119 0.70337 -0.26329 -1.3012 -0.47739 0.79845 0.71964 -0.15503 -1.7465 -0.60218 -0.19345 0.43023 0.50216 0.19245 1.0506 1.292 -0.18145 0.20793 0.76317 -1.0464 -0.022449 0.30084
-1.0249 0.53526 0.82613 -0.014957 0.23791 1.3338 0.042642 -0.81303 0.72487 -0.50512 0.75718 -0.22243 -0.49508 -1.4781 1.7708 1.7635 1.3292 0.15558 1.0907 0.00061585 -1.4479 -0.32672 0.87627 0.28052 -0.21017 -1.4666 0.26479 -0.73482 -0.090497 0.14233 -0.433 0.54352 1.0049 0.71984 0.30651 0.23354 -1.1304 -0.28243 0.73346
-1.5878 0.40153 0.7718 0.0026221 1.2125 1.3011 -0.57261 -1.3957 0.12001 -0.30095 0.54028 1.1683 -0.63921 -1.1585 1.1607 1.7796 1.2967 0.21976 1.3876 0.54058 -0.50469 -0.13989 0.98998 -0.055951 -0.34088 -1.0361 0.94655 -1.3493 -0.89743 -0.33782 -0.58244 -0.44396 0.23338 0.88543 -0.17308 -0.41446 -0.63793 -0.4068 0.95706
-1.4229 0.63807 0.96707 0.80682 0.19552 1.5122 0.84856 -0.8779 0.040036 0.17729 0.1914 0.88714 -0.86503 -0.62565 0.91766 1.2453 1.2248 -0.31565 0.95613 0.27301 -0.030761 -0.10484 0.61632 -0.51513 -0.68367 -0.78454 1.318 -1.2164 -1.4144 -0.41102 -0.56396 -1.0541 -0.093155 0.83379 -0.35123 -0.60549 -0.16068 -0.45858 0.80506
-1.1338 0.74182 1.2587 0.30921 -0.025929 1.7768 -0.028447 -1.6477 0.10839 -0.46697 0.21629 0.57207 -0.82034 -0.05738 0.16357 0.43672 0.80986 -0.43748 -0.028665 0.028731 -0.2077 -0.86438 0.076869 -0.066564 -0.80055 -0.46702 1.1819 -0.75113 -1.3882 -0.50107 -0.25551 -1.3911 -0.79729 0.34049 -0.62208 -0.3375 0.17623 -0.20692 0.55713
-1.3447 0.51764 1.2297 0.73742 0.80591 2.271 0.39962 -0.049576 0.044468 -0.4377 -0.2291 -0.10869 -0.90054 0.40678 0.34655 0.15413 0.81759 -0.49688 -0.12593 0.021983 0.098576 -0.5786 0.072536 0.025185 -0.97334 -0.38944 0.72953 -0.33654 -0.94992 -0.40868 0.048111 -0.93963 -0.65287 0.14539 -0.55702 0.29532 0.23823 0.23881 0.31981
-1.3211 0.70786 1.211 1.0064 -0.26337 1.4591 -0.0032428 -0.55716 0.20174 0.031588 -0.077653 -0.72084 -1.0201 0.50705 0.26089 0.08675 0.57769 -0.11653 -0.61761 -0.99766 0.10249 -1.0311 0.57498 0.065126 -0.65083 -0.29419 0.30982 0.18584 -0.36606 -0.27931 -0.022203 -0.40923 -0.48404 -0.0043548 -0.017963 0.59726 -0.089515 0.88791 0.12863
-1.365 0.61707 1.0963 1.1812 0.15171 0.9661 -0.11733 -2.1071 -1.0549 -0.34698 1.1768 -0.56296 -1.0401 0.43068 0.34065 -0.1069 0.59023 -0.35754 -0.46292 -0.58441 0.081331 -1.0261 1.0344 -0.06979 -0.26007 -0.33564 0.10664 0.13576 -0.47658 -0.45431 0.12967 0.10788 -0.086239 0.088882 0.16084 0.25691 -0.24857 1.1575 0.14813
-0.89391 0.93648 0.93641 1.3805 0.33504 1.5741 0.12136 -0.75683 -0.33172 0.048632 0.045261 0.21719 -1.1319 0.48684 0.46601 -0.012502 0.41361 -0.51489 -0.59541 -0.69602 -0.24246 -0.62231 0.90908 -0.14202 0.72946 -0.28416 0.028998 0.15077 -0.42003 -0.63484 0.015451 0.54652 0.79482 0.75168 0.66401 -0.26526 -0.47911 0.88478 0.15977
-0.73182 0.86131 1.3621 1.2567 -0.049802 0.93765 -0.76018 -0.59489 -1.3583 0.96447 -0.013771 -0.29549 -1.1214 0.59428 0.46411 -0.55532 0.06403 -0.032588 0.081512 -0.34936 0.42105 -0.42539 0.49039 -0.30193 0.7997 -0.15149 -0.093241 -0.13678 -0.35199 -0.69824 0.090012 0.15757 0.76066 0.88386 0.56694 -0.93256 -0.32794 0.28661 0.22727
-0.97322 0.93762 1.1128 1.179 -0.36117 1.7809 -0.2729 -1.0708 -0.82679 0.66334 -0.10764 -0.24391 -1.2185 0.45791 0.44307 -0.35636 -0.33073 -0.2191 0.13777 0.4526 1.4573 -0.018991 0.31464 -0.69554 0.69925 -0.12347 -0.22238 -0.31619 -0.63342 -0.44205 0.23552 -0.035819 0.56922 0.70152 0.49467 -1.1869 -0.00083167 -0.40187 0.17515
-0.97851 0.96486 1.1962 1.5345 -0.083647 0.96406 -0.37287 -0.74292 -0.40691 0.5267 -0.1063 1.2439 -1.2344 0.24994 0.14034 -0.49188 -0.32712 -0.31157 -0.51931 0.33974 1.0303 -0.19949 -0.62851 -0.37728 0.35571 -0.038252 -0.36887 -0.25031 -0.11405 -0.087069 0.33288 -0.30239 -0.036655 -0.0059792 0.49188 -0.57783 0.48999 -0.69549 0.051652
-0.55653 1.1547 0.2769 0.97696 0.07127 1.5944 -0.27657 -0.50322 -0.90843 0.23788 0.1923 0.15745 -1.1245 0.22307 0.1318 -1.0578 -0.2036 0.079882 -0.3415 0.069304 0.87356 0.25587 -1.0356 -0.055702 0.079728 -0.051804 -0.47105 -0.071373 0.32797 0.1582 0.59912 0.19206 -0.51663 -0.71963 0.51204 0.30093 0.8582 -0.88909 -0.054294
-0.74879 1.0858 1.0753 0.5949 -0.08968 1.2551 0.81196 0.80347 -1.0156 0.31842 -0.3695 0.65051 -1.2215 0.0027015 0.22804 -0.37541 -0.15174 0.44812 -0.21703 -0.27758 0.66617 0.42302 -0.035591 0.37645 -0.3902 -0.10865 -0.59174 0.14357 1.0979 0.27543 0.61128 0.67181 -0.47074 -0.8333 0.7633 1.2539 0.74868 -0.59733 -0.16079
-0.62388 0.92685 0.69097 1.1345 -0.39654 0.46942 -0.32495 0.25708 -0.92311 -0.60077 -0.61531 0.31063 -1.1625 -0.31796 0.29109 0.13186 -0.11422 0.5096 0.36043 -0.33282 0.11245 0.69384 0.69726 0.63831 -0.84151 -0.19001 -0.55444 0.181 1.2646 0.27209 0.36832 0.73267 -0.3157 -1.0023 0.56254 1.4236 0.60728 -0.28614 -0.12477
-0.69035 1.0283 0.13602 1.1271 0.14709 1.1025 -0.98125 -0.18869 -0.56792 -0.15142 0.30316 -0.27539 -1.2525 -0.60401 0.29319 0.70911 0.15054 0.60396 0.38842 -0.46014 -0.35183 1.0824 1.223 0.77454 -0.4734 -0.25224 -0.32997 0.13125 0.61294 0.23705 0.17181 0.60035 -0.14734 -0.86016 0.39352 0.83005 0.36689 0.032212 -0.052671
-1.1747 1.3101 1.1376 1.0441 0.551 1.6911 -0.30384 -0.32141 0.14406 1.3471 0.70457 -0.22395 -1.382 -0.52851 0.39104 0.46626 0.16139 0.69584 0.72671 -0.52568 -0.73065 1.0461 1.4162 0.97049 -0.50289 -0.20176 -0.081224 0.0908 0.12246 0.14575 0.11133 0.27968 -0.088758 -0.48126 0.14843 0.36467 0.19635 0.15718 0.013378
