39 251
-0.29817 0.99032 0.1712 0.79557 0.50639 1.4474 -0.19328 0.33241 -0.92613 -0.068874 -0.10381 -0.11357 -1.3479 -0.2905 -0.16411 0.12655 0.63623 0.031099 -0.046104 0.45044 0.56684 0.067113 0.15316 -0.6089 -0.57987 -0.10217 0.055169 -0.027055 -0.048042 0.019448 -0.042413 0.0098833 -0.14186 0.2064 0.046777 -0.23994 0.43251 0.26073 0.063359
-0.24104 0.88925 0.011853 1.3984 0.18659 1.0795 -0.048642 1.4515 0.031883 1.3903 0.3902 -0.80035 -1.3206 -0.075617 -0.18136 0.084852 0.69649 0.14461 0.21286 0.68139 0.74438 -0.18832 0.0058502 -0.33295 -0.1741 -0.028485 0.039256 0.11204 0.056349 -0.17066 -0.21216 -0.11601 -0.2879 0.11827 0.2008 -0.37603 0.25673 0.32998 0.057708
-0.68288 0.9797 0.73999 1.6169 0.54714 1.3521 -0.0083422 1.1308 -0.99423 -0.59595 -0.63902 -0.75143 -1.4424 -0.30237 -0.20073 0.052128 0.62181 -0.10081 -0.15168 0.049862 0.89418 0.29155 -0.29812 0.1636 -0.24981 -0.024646 0.32888 0.24595 0.12282 -0.57814 -0.22616 -0.28343 -0.31376 -0.29671 0.067246 -0.11184 0.1493 0.55674 0.077339
-0.5663 0.73457 0.064257 1.2806 0.66862 1.5321 0.66361 0.68714 -1.0452 0.17511 -1.3344 -0.78574 -1.4689 -0.2153 0.056696 0.26745 0.30976 -0.32069 -0.2196 0.073625 0.63713 0.3744 -0.449 -0.45185 -0.066966 -0.03673 0.63004 0.26322 0.16248 -0.68393 -0.47406 -0.45167 -0.4307 -0.59122 0.098386 0.3946 0.26701 0.53107 0.05839
-0.13155 0.83785 0.20099 1.5491 0.72358 1.8386 0.71949 1.4773 -1.2238 -0.03751 0.097981 0.12863 -1.2833 0.32749 0.15785 0.26562 -0.25296 -0.18225 -0.38886 0.12551 -0.0032693 -0.074626 0.14074 -0.23057 0.51924 0.041466 0.64126 0.23715 0.25744 -0.49424 -0.36003 -0.10061 -0.10472 -0.72195 -0.11528 0.40712 0.36447 0.47867 0.05555
-0.82656 0.78333 0.22621 1.538 -0.013946 0.72337 -0.90802 1.7984 0.27357 -0.41062 0.66547 -0.86782 -1.3824 0.65556 0.1111 0.28408 -0.1431 -0.761 -0.56188 -0.21907 -0.03935 0.19965 0.67367 0.42891 0.54031 0.04389 0.12146 0.03496 -0.07397 -0.15229 0.10077 0.22445 0.16179 -0.53567 -0.17558 0.37069 0.48597 0.036837 -0.011322
-0.46937 1.1958 0.66716 1.3243 -0.12975 1.0746 0.32144 1.3991 -0.18863 -0.14969 -1.5996 -0.54079 -1.4214 0.32685 0.19738 0.53076 -0.080124 -0.59685 -0.1762 -0.014621 -0.27024 0.13604 0.05567 0.49157 0.43579 0.035366 -0.27356 0.02267 -0.21352 0.16921 0.4206 0.70726 0.62984 -0.1419 -0.3057 -0.16233 0.22156 -0.22477 -0.024929
0.24807 0.99244 0.4625 1.0135 0.46674 0.74783 0.556 0.91786 -1.0977 1.6367 -0.20089 0.21921 -1.29 -0.0098025 0.10215 -0.0098069 -0.076571 0.10042 0.1244 0.46574 -0.34703 -0.10018 0.42759 0.20924 0.038961 -0.053648 -0.51494 -0.066992 -0.30482 0.19028 0.88517 0.72164 0.50863 0.087281 -0.34512 -0.56017 0.0040311 -0.16691 0.038905
-0.010942 0.87065 0.80663 1.5892 -0.7384 0.99772 -0.27508 0.93994 -0.86168 0.12048 0.10169 -0.018481 -1.4381 0.2122 0.20566 0.0019102 0.0047181 0.24635 0.67781 1.041 -0.1532 -0.56665 -0.088425 0.3491 0.28641 0.04579 -0.3387 -0.087705 -0.58795 0.10932 0.83943 0.026697 -0.28988 0.34707 0.030034 -0.51559 -0.10839 0.10105 0.13504
-0.4613 0.97524 0.48956 1.2704 0.14888 1.723 0.82541 0.77185 -0.52508 -0.47233 0.024513 -0.10408 -1.3337 -0.13419 -0.0093976 -0.036172 0.14414 0.61431 0.4495 0.26867 0.072044 -0.17356 -0.49189 0.51556 0.25264 0.10906 0.12685 -0.12915 -0.50596 -0.3203 0.57448 -0.71828 -0.83182 0.55886 0.40215 -0.29607 -0.16822 0.71599 0.33441
-0.55638 0.98487 -0.034265 1.4878 1.0571 1.4368 0.82538 1.5801 -0.6755 0.96448 0.3906 -0.49651 -1.4012 -0.16664 0.099903 -0.58034 -0.0095971 0.85079 -0.28143 -0.49715 0.22708 0.23437 -0.62298 0.11899 0.5276 0.19732 0.65339 -0.4422 -0.40604 -0.56796 -0.058985 -1.5449 -1.4254 0.39934 0.32192 0.37174 -0.08517 0.86738 0.46113
-0.18332 1.2763 0.69157 1.3499 -0.13074 1.5014 1.0174 1.4148 -0.81409 -0.66289 0.013086 -0.17784 -1.3005 0.3937 -0.072047 -0.68671 -0.67811 0.96806 -0.81916 -0.42985 0.60744 0.34077 0.04502 -0.020105 1.4045 0.47253 1.2166 -1.0508 -0.17517 -0.87855 -0.98245 -1.3816 -1.0286 -0.15469 -0.054261 0.77893 0.17072 0.46718 0.84986
-0.23987 0.94104 0.73662 1.4112 1.0689 1.3143 0.26833 1.0344 -0.80758 -0.098305 -0.71154 0.41942 -1.2365 1.033 -0.54763 -0.4504 -0.648 -0.039132 -1.7538 -1.4613 0.394 -0.15049 0.4795 0.44602 1.5135 0.69395 1.0258 -1.6758 -0.047741 -0.95207 -1.6145 -0.76341 -0.49949 -0.86268 -0.36382 0.90313 0.28782 -0.63827 1.1412
0.012978 1.0079 -0.54346 1.0843 1.2875 0.039003 -0.96424 1.159 -0.51946 0.32475 0.57284 1.1032 -1.0927 1.2819 -1.5541 -0.43871 -1.1713 -0.91309 -1.5556 -1.3074 -0.34162 -0.09615 0.69946 0.71568 0.72485 1.3899 0.26068 -1.4418 -0.057454 -0.69874 -1.8677 -0.0057816 0.21076 -1.5438 -0.25561 0.26043 0.12059 -1.7122 1.0078
0.2246 0.72713 0.071827 0.41847 0.69563 0.51538 0.16045 2.2124 -0.072341 0.057582 0.015892 1.9845 -0.83543 1.0898 -2.1408 -0.79904 -1.5328 -1.4566 -1.4261 -1.0586 -1.0919 -0.31091 1.0688 0.35933 -0.48181 1.7918 -0.53706 -0.37793 0.13456 -0.47808 -1.1095 0.98815 1.0777 -1.742 0.17072 -0.51327 -0.60839 -1.9866 0.36988
0.69625 0.27298 0.066617 0.80999 -0.15856 -0.68825 -1.3243 1.3183 -1.3431 0.98106 1.0571 1.172 -0.5794 0.80067 -1.8403 -0.6256 -1.5399 -2.0822 -0.99027 -0.21126 -1.8509 -0.11598 0.33903 0.28214 -1.1956 1.7369 -1.5324 1.0645 0.55531 0.32333 0.052434 1.264 0.99219 -1.4899 0.5956 -1.2278 -0.86078 -1.3174 -0.73673
0.86917 -0.98906 -0.14 -0.099995 -0.84768 0.045856 -0.48635 0.52882 -0.7676 1.5331 1.0329 -0.32548 0.38747 0.38993 -1.0747 -0.10421 -1.3624 -1.6833 -0.068483 0.14407 -2.4624 0.21589 -0.47352 -0.60112 -1.6984 1.1862 -2.4379 1.9743 1.0219 1.0484 1.3533 1.3639 0.85426 -0.43469 1.3804 -1.5128 -1.0487 -0.10861 -1.5982
0.68976 -0.92657 -0.28527 -0.53212 -1.6452 -0.26875 -0.71093 -0.66183 -1.2322 0.65159 -0.53855 -0.81115 0.5432 -0.89749 -0.18838 0.26854 -0.68234 -0.68349 0.28187 0.073722 -2.7462 0.88732 -1.2527 -0.59522 -1.4379 0.36782 -2.8634 2.1172 1.1076 1.5092 2.3417 0.98013 0.27085 0.88236 1.2574 -0.9993 -0.93822 1.0993 -1.902
0.44295 -0.40922 -0.42728 -0.33322 -1.1474 -0.31167 -0.13862 -1.2078 -0.34339 0.026042 0.2881 -0.23818 0.26784 -2.0877 0.55242 0.69781 -0.05473 0.58568 0.65264 0.50559 -1.5532 2.079 -1.4931 -1.3857 -0.60097 -0.3981 -2.4133 1.3725 0.88173 1.4341 2.0577 0.61722 0.20836 1.8979 0.85038 -0.25755 -0.11941 1.7272 -1.4134
0.52041 0.28505 -0.26747 -0.61705 -0.77392 0.30431 -0.62712 -1.2528 0.10218 -0.69975 -0.48185 -0.58269 -0.15123 -2.6906 1.1198 1.0806 0.55986 1.5198 0.60125 0.1481 -0.4923 1.5863 -1.3661 -1.2785 0.54439 -0.89191 -1.0065 0.35964 0.36917 0.87065 0.98217 0.49402 0.18479 2.1197 -0.054009 0.45305 0.30508 1.2623 -0.52316
-1.0532 0.18709 0.85137 0.11906 -0.3239 0.52652 -0.23561 -1.4661 0.75861 -1.3826 -0.10163 -0.1207 -0.44377 -2.6994 0.71857 1.1665 0.63214 1.3784 1.0027 0.52205 0.32287 1.6472 -0.98094 -0.50193 0.91376 -0.72593 0.48341 -0.29898 -0.25614 0.28044 -0.18435 0.15924 0.16095 1.4218 -0.78158 0.97851 1.0003 0.38115 0.25237
-1.5256 0.034773 0.59222 0.58325 0.53602 0.094648 -0.36747 -0.52207 1.7182 -0.27632 -1.3895 -0.41417 -0.47984 -2.2515 0.37201 0.73407 0.55429 0.91282 1.0929 0.43353 0.68638 0.98874 -0.49145 -0.3928 0.43456 -0.40894 1.8066 -0.50113 -0.73819 -0.4301 -1.2942 -0.15235 0.4434 0.32686 -0.9189 0.98779 1.486 -0.39949 0.67397
-1.7397 0.10786 0.69351 0.09085 0.86573 0.71589 -0.33178 -0.53002 0.35175 -0.71946 -1.2109 0.5596 -0.23254 -1.5037 0.39677 0.37921 0.44342 0.52756 0.72756 0.68324 0.78573 0.73856 0.25635 0.268 0.239 -0.18521 2.1499 -0.23826 -0.62106 -0.82495 -1.5716 -0.5623 0.13567 -0.66635 -1.2484 0.36807 1.9913 -0.44687 0.63299
-1.7725 0.05088 0.67202 0.010684 -0.30104 1.1098 0.52008 -0.62977 1.3516 -1.3903 -0.41684 0.61609 -0.26614 -0.29693 0.39113 0.063681 -0.15625 -0.65624 0.44033 0.95262 -0.058638 0.1136 0.22268 1.4476 0.032466 0.050476 1.617 -0.40892 -0.3635 -0.79789 -1.2404 -1.0037 -0.32644 -0.8084 -0.90803 -0.48291 1.9404 -0.2781 0.51014
-1.6379 0.40928 0.25325 0.33205 0.21318 1.2621 0.11917 -0.41424 1.1154 -0.93393 -0.31822 -0.32095 -0.43075 -0.11747 0.28762 0.31434 -0.54873 -0.99841 0.2158 0.53232 -0.69236 -0.53281 -0.50979 2.7445 0.1663 0.18341 0.84431 -0.67804 0.13344 -0.63182 -0.35204 -1.0494 -1.031 -0.26346 -0.70272 -0.89172 0.99995 -0.091346 0.47147
-1.5748 0.81058 0.75428 0.29074 0.35011 0.9196 0.39034 -0.18037 1.5994 0.0040597 -0.096027 -0.28693 -0.54939 -0.26656 -0.29874 0.070003 -0.43605 -0.81717 -0.64168 -0.14519 -0.25591 -0.27979 -1.174 2.4293 -0.12424 0.32481 0.00049566 -0.64792 0.58523 -0.18774 0.50084 -0.71558 -1.3076 0.66406 -0.11139 -0.59205 -0.38774 0.29013 0.22104
-1.5708 0.23863 1.0021 -0.07263 -1.4506 0.66471 1.2621 -1.8378 0.83904 -0.94887 1.979 0.13159 -0.24237 -0.11846 -0.46293 0.62666 -0.59789 -0.09203 -0.81275 -0.83087 0.32935 -0.53871 -1.0208 1.873 0.11319 0.5261 0.36106 -0.14943 0.31428 0.4168 1.0722 -0.051917 -1.0938 1.2404 0.019376 0.36182 -2.0179 0.05952 -0.37161
-1.9156 0.18355 0.89816 -0.47002 -0.37709 0.61385 -0.17498 -1.2885 0.16284 -1.8323 2.5581 0.51518 -0.060244 -0.29126 -0.38459 1.0192 -0.49673 -0.088181 -0.46322 -0.98184 0.79253 -0.11819 -0.83039 1.0804 0.65351 0.27713 0.76983 0.63006 -0.036192 1.0689 1.6082 0.91513 -0.39504 1.3839 -0.32201 1.3987 -3.0835 -0.59407 -1.1396
-2.1315 -0.45438 0.41592 -0.30373 -0.36031 -0.04567 -0.55504 -0.15217 0.63789 -3.2903 1.5066 0.16903 0.13033 0.49623 0.067363 0.43503 0.22758 0.81154 0.027668 -1.2378 1.3367 -0.57431 0.13269 -0.7894 -0.11089 -0.46082 0.87653 1.0211 -0.87633 1.5104 1.2316 0.8875 0.83792 0.92778 -0.46758 1.9459 -3.2097 -1.2814 -1.5043
-1.543 0.019409 1.5868 -0.4763 0.12863 0.45047 -0.68346 0.30652 0.98805 -1.7025 1.6869 0.24626 0.10747 0.70333 0.5612 0.093133 1.0957 1.9872 0.76104 -0.73306 2.0902 -0.93812 1.3711 -2.6738 -1.2689 -1.2314 0.69829 1.0586 -1.3949 1.1225 0.6332 0.34715 1.5306 -0.010561 -0.65407 1.6841 -2.0912 -1.1767 -1.1462
-1.9791 0.48774 1.6336 -0.047424 -0.18897 0.87683 -0.73885 0.45193 1.3424 -1.0449 1.0585 0.74414 -0.51233 0.83791 0.88566 -0.58422 1.3617 1.3664 0.34314 0.71872 1.5876 -1.1099 2.2182 -2.9477 -1.6212 -1.4252 -0.086057 0.36657 -1.464 -0.23141 -0.51343 -0.9135 1.5298 -1.1408 -0.41192 0.52003 -0.28527 0.048168 0.12802
-0.5954 0.80532 0.84841 0.71555 1.1843 0.8785 -0.85909 0.70199 -0.24929 0.35366 -1.024 -0.88278 -1.2197 0.69685 1.0945 -1.1334 0.97911 0.92273 0.073209 1.0989 0.63479 -1.2224 1.8839 -2.2018 -1.0678 -1.302 -0.059556 -0.43607 -1.23 -1.8059 -1.1806 -2.3402 0.66298 -2.0852 -0.1397 -0.70337 1.3594 1.2168 1.8358
-1.3183 0.4751 0.79155 1.1778 1.9481 1.6917 0.15702 1.219 -1.149 0.20632 -1.5885 -1.9959 -1.3809 0.36154 0.4565 -1.7456 -0.15946 0.31801 -1.4395 0.90371 -0.3038 -1.2967 1.0427 -1.6143 -0.12349 -0.19479 -0.04177 -0.87219 -0.51193 -2.6818 -0.93129 -2.7896 -0.47213 -2.187 0.11603 -1.463 2.1399 1.8345 2.9561
-1.3614 0.83129 -0.098004 0.78814 0.82809 -0.010997 1.0381 1.1536 -0.63447 0.58626 -1.2009 -1.3213 -1.071 0.8474 0.0020924 -1.6742 -1.4827 0.13923 -2.994 0.49862 -1.2844 -1.1388 0.40255 -0.49386 0.51695 1.4561 0.51413 -0.74556 0.20243 -2.4822 -0.38653 -2.437 -1.0415 -1.7379 0.14373 -1.3231 2.1591 1.7135 2.9846
-1.3004 0.90125 -0.10768 0.34469 0.55581 0.12719 0.4793 0.43574 -0.095164 -0.61681 -0.72059 -0.29057 -1.0423 0.69792 -0.11854 -1.2932 -2.3562 -0.11091 -3.6628 0.073362 -1.9834 -0.90988 -0.28793 0.67549 1.4141 2.5137 0.79781 -0.2963 0.90434 -1.2627 0.30312 -0.66366 -1.1191 -0.92905 -0.091326 -0.88246 1.82 1.0029 1.7688
-1.1375 0.51801 0.092529 -1.0744 0.48105 -1.6385 -0.084358 -0.47357 -0.73183 0.4916 -0.77064 0.77693 0.076412 1.3831 0.05716 -0.97745 -2.5045 0.36753 -3.654 -0.56998 -2.1278 -1.1159 -0.38629 1.1706 1.7379 2.7129 0.45979 -0.021073 1.0219 0.24355 0.61836 1.0057 -0.75702 0.25123 -0.35086 -0.17955 1.2838 0.23801 0.15855
-0.19536 0.5298 -0.4117 -1.46 1.0707 -2.9142 -0.22645 -1.2839 -1.1509 0.12716 -0.56159 0.19671 1.0281 1.4172 -0.095782 -0.37408 -1.9892 0.82606 -2.4242 -0.80102 -1.8128 -1.5009 -0.51772 1.3622 1.3528 2.3589 -0.0054791 0.0058202 0.9573 1.3451 0.56051 2.2746 -0.5694 1.2804 0.17364 0.21174 1.1086 -0.2658 -1.1352
-0.24444 0.65604 -0.61279 -1.4859 1.6472 -2.8349 -0.045442 -1.3935 -2.1822 -0.26298 -0.36234 0.090696 1.1364 1.2524 -0.043863 -0.18988 -1.2386 0.92916 -1.6104 -0.5793 -0.86091 -1.5799 0.12691 1.8516 1.033 1.819 -1.0854 -0.30419 0.93073 1.503 -0.31518 2.7475 -0.68313 1.7366 1.2718 0.35537 1.0465 0.14908 -1.662
-0.092614 0.8041 -0.42581 -1.5736 2.0723 -2.7209 -0.14246 -1.1313 -2.1793 -0.41729 0.41182 0.75938 1.1462 0.75859 -0.054707 0.13384 -0.5372 0.74995 -0.15995 -1.062 0.019047 -0.31531 -0.06424 2.6577 1.1972 0.91902 -1.4075 -0.59043 0.71811 1.0681 -1.1904 2.1921 -0.94808 1.4446 2.2572 0.41472 0.83268 0.95184 -1.4528
-0.06767 0.67238 -0.28466 -1.6637 1.305 -2.5656 -0.3349 -1.4291 -2.0115 -0.55879 0.95496 1.2049 1.1939 -0.077852 -0.5022 0.53877 -0.48834 -0.22007 0.67833 -1.8069 0.53509 0.95519 0.18691 2.7159 2.1149 0.44366 -1.2471 -0.79508 0.71792 0.49227 -1.935 1.5153 -0.68378 0.48335 2.2216 0.26967 -0.11484 0.89312 -1.0155
0.068646 0.61954 -0.17153 -1.6339 1.7819 -2.5457 -0.65965 -0.83449 -2.3207 0.57967 1.9611 1.5186 1.3179 -0.24055 -0.91522 0.62654 -0.42141 -0.99146 0.79208 -2.0844 0.46461 1.9606 0.38432 2.6765 2.7917 0.43365 -0.77253 -0.5829 0.94722 0.62683 -1.9576 0.83341 0.5455 -0.2663 1.0147 0.26452 -1.4634 -0.2181 -0.80458
-0.095106 0.34651 0.054583 -1.9457 1.8259 -2.3028 -2.0581 -0.69699 -0.6844 0.13525 3.0929 2.1736 1.4536 -0.30566 -1.0267 0.92836 -0.4118 -2.0949 0.92917 -1.4368 -0.095166 1.9366 0.51186 1.6093 2.0927 0.23542 -0.27593 -0.22904 0.93738 1.2006 -1.5994 0.5533 2.0269 -0.93378 -0.17648 -0.4204 -2.4993 -2.1435 -0.9438
-0.49283 -0.086871 -0.0199 -2.0849 0.56446 -1.9816 -2.7398 -0.65648 -0.019067 -0.0090102 2.7349 3.2576 1.5277 -0.4005 -0.82766 1.7406 0.5565 -2.2531 1.3751 -0.15773 -0.22672 1.3191 0.37106 0.16097 0.73873 -0.42376 0.21461 -0.12444 0.27585 1.4683 -1.0628 0.23273 2.8141 -1.0731 -1.1768 -0.74228 -2.9907 -3.5468 -0.90129
-0.38915 -0.24427 0.074545 -1.8726 0.25422 -1.8425 -2.3885 -0.91719 0.20164 0.17846 3.4033 4.3189 1.5465 -0.44976 -0.95096 1.7646 1.2091 -2.8068 1.4906 1.2812 -1.0597 0.90481 -0.733 -1.2403 -1.3592 -0.82496 0.95331 -0.16548 -0.96987 1.2104 -0.060643 -0.33513 2.4658 -0.5609 -1.3826 -0.55995 -2.1623 -3.8177 -0.2447
-0.22247 -0.14612 0.86944 -2.0869 -1.5359 -1.5443 -1.2785 -1.7169 -0.20763 0.54466 2.1287 2.7565 1.2497 0.1907 -1.1718 0.73048 1.4466 -2.7701 0.97811 2.182 -1.2816 0.009058 -0.63615 -2.1391 -2.9211 -0.65703 1.7131 -0.18314 -2.5169 0.44837 0.80931 -1.0171 1.3624 0.48516 -1.0605 -0.18263 -0.5949 -2.9536 0.70766
-0.46808 -0.070863 1.984 -0.30748 -1.0307 -0.64902 -0.14595 -1.2395 -0.84228 0.36264 1.0627 1.2882 0.47804 0.97935 -1.1464 -0.41875 1.3476 -1.9484 0.46595 2.3224 -0.73749 -0.30712 -0.22165 -1.7506 -4.0832 -0.087716 1.9809 -0.058537 -3.4006 -0.20232 1.7361 -1.5277 -0.0905 1.9035 -0.44961 0.29603 0.68849 -0.72142 1.3372
-0.54904 -0.74753 1.2558 -0.37874 -1.9344 -0.82562 0.46759 -2.4097 -0.17879 -1.5471 0.66212 -0.79393 0.63736 1.7219 -1.0532 -1.9685 1.2912 -1.0385 -0.12959 2.0444 0.60443 -0.29876 -0.28201 -0.81961 -4.0958 0.48097 1.6385 0.24534 -3.0706 -0.85414 1.9236 -1.3922 -1.1297 2.4424 0.49265 0.27167 1.208 1.458 1.3662
0.28091 -1.32 -0.18422 -0.79664 -2.3181 -1.5268 -0.037182 -2.1954 -0.20118 -0.45426 0.36238 -0.67935 1.2699 2.0643 -1.1116 -3.3709 0.89495 -0.15824 -0.9872 1.1676 1.921 0.11519 -0.24219 -0.45485 -2.2951 1.0118 1.0655 0.66638 -1.4553 -0.93752 1.8043 -0.56923 -1.7373 2.2776 0.82881 0.31544 0.67555 2.982 0.66231
0.82186 -1.1743 -0.68613 -0.75581 -1.9717 -1.5103 0.33178 -1.1604 -0.41794 0.57138 1.2396 -1.391 1.7664 2.3618 -0.74928 -3.6495 0.083185 0.22741 -1.0578 0.49903 2.4268 0.82901 -0.012207 -0.25644 -0.7755 1.2511 0.27662 0.99346 0.72199 -0.69395 1.3503 0.55793 -1.8156 0.99985 0.91335 0.076579 -0.25025 2.956 -0.34744
1.5794 -0.98528 -1.5161 -0.090593 -1.3569 -1.8409 1.1003 0.37252 -0.51149 -0.25351 2.329 -1.4525 1.7708 2.4255 -0.10857 -2.3556 0.20859 1.0707 -0.1969 -0.38007 3.0482 0.86457 0.35452 -0.61396 0.48692 0.71898 -0.41164 1.058 2.1434 -0.30053 0.53887 1.3066 -1.656 -0.59947 0.72967 -0.31227 -1.1431 1.9727 -1.1778
1.452 -1.3387 -1.8898 -0.3695 -1.6505 -2.503 0.57047 1.0078 -0.089221 -0.3397 0.018608 -0.38109 1.7615 2.0031 0.21766 -1.1038 0.33903 1.0826 0.58831 -0.81352 2.0969 1.2393 -0.40087 -1.2558 0.68899 0.0028205 -0.94287 0.69539 2.4335 -0.0049134 -0.30691 1.2036 -1.3204 -1.7576 0.40682 -0.47062 -1.4039 0.93641 -1.3914
1.767 -1.1026 -1.6896 -0.39003 -1.0146 -1.5487 0.54353 0.94595 1.0107 -0.53511 0.21261 -0.49331 1.725 1.5674 0.29216 -0.56233 0.19468 0.51216 0.79063 -1.4888 0.83647 1.4379 -0.73376 -2.3359 1.0897 -0.4823 -0.96657 0.33618 1.6647 -0.030646 -0.94649 0.34789 -0.43861 -2.25 -0.03504 -0.31369 -0.52168 -0.059699 -0.99814
2.3604 -1.0375 -1.3494 -0.37595 -0.48189 -0.88285 -0.83088 1.4495 0.79019 -0.31754 -0.26526 -0.19428 1.5795 1.2362 0.2918 0.088157 0.061077 -0.10231 0.84468 -1.5883 -0.1105 1.3936 -0.50638 -2.3211 0.87066 -0.65071 -1.0214 0.042377 1.0104 -0.12142 -1.1736 -0.75193 0.4824 -1.5991 -0.90077 0.032673 0.61292 -0.29689 -0.48557
2.585 -1.0045 -1.5614 -0.29398 -0.96991 -0.87658 -0.87908 0.4732 1.1862 -0.74526 -0.81856 -0.2845 1.4164 1.2151 0.45606 0.21747 0.27121 -0.23667 0.37054 -0.87115 -0.50905 0.71268 -0.28179 -1.1641 0.25818 -0.74934 -1.3724 0.0035048 0.82912 -0.12746 -0.84459 -1.3072 1.4427 -0.84638 -1.5238 0.28769 1.7814 -0.32796 -0.11143
2.5006 -0.76475 -1.7907 -0.24247 -1.4509 -1.1231 -1.1965 0.4738 1.2885 -0.90069 -1.9063 0.17699 1.2318 0.49468 0.21413 0.42823 0.057585 -0.90118 -0.69169 -0.15921 -0.54598 -0.2871 -0.54508 -0.55438 0.47028 -0.73671 -1.7132 -0.0056641 0.98184 -0.16046 -0.23496 -1.1382 1.4964 -0.27529 -1.9084 0.63107 2.2377 -0.025526 0.049598
2.6967 -0.90413 -1.4712 -0.091299 -1.7231 -1.3068 -0.78534 0.66771 1.5468 -1.0453 -1.3492 0.024664 1.1043 -0.32675 0.34018 0.84414 -0.057849 -0.78253 -1.0347 0.67994 -0.70562 -0.91634 -0.065086 0.50897 0.59038 -0.63934 -1.9504 0.0046761 1.1498 -0.081772 0.25812 -0.30144 0.97381 -0.24799 -1.7411 0.96211 2.0779 -0.12955 0.096102
2.8386 -0.77978 -1.5143 -0.088845 -1.3766 -1.8534 -0.35341 0.43023 0.94392 -0.49113 -1.0748 -0.30159 0.99829 -0.82134 0.3426 1.6424 -0.089318 -0.29315 -0.71046 0.62678 -0.59167 -1.7924 0.79879 1.5239 0.6382 -0.61609 -1.9487 0.33437 0.89051 0.32424 0.71496 0.75999 0.35453 -0.45951 -1.2088 1.254 1.5853 -0.35079 -0.097937
2.2398 -0.94655 -0.8766 -0.53978 -2.188 -2.1495 -0.14312 0.39169 0.17366 -1.6499 -0.36993 0.49828 0.94547 -1.3475 0.4031 1.798 0.17435 -0.0093189 -0.21485 0.68154 -1.0092 -2.1847 1.1965 2.1443 -0.10993 -0.63638 -1.8573 0.72397 0.44462 0.81924 0.90883 1.5694 -0.18355 -0.18635 -0.30153 0.68333 0.46035 -0.72129 -0.55294
1.9107 -0.49056 -0.45622 -0.37838 -1.4478 -1.8672 -0.060115 0.00096862 -0.40062 -0.0062999 0.27056 0.73519 0.86845 -2.2128 0.78114 1.6448 0.51735 0.1656 0.41301 0.54742 -1.3544 -2.1874 1.624 1.9465 0.073103 -0.91396 -1.8079 1.1696 -0.087545 1.2346 1.2306 2.0097 -0.26681 0.21145 0.84979 -0.20205 -0.73905 -1.0103 -0.92456
1.7228 -0.58836 0.15268 -0.23011 -1.4659 -1.5284 -0.42737 -0.38825 -1.1131 0.81976 0.81719 0.58426 0.64884 -2.6977 1.4133 1.6866 1.1244 0.83275 1.5268 0.35117 -0.71991 -1.352 1.0522 1.2663 -0.6501 -1.4846 -1.61 0.98055 -0.52605 1.0634 1.4041 1.9898 0.018362 0.82297 1.4577 -1.1288 -1.9252 -0.96781 -1.02
1.1572 -0.38163 -0.15891 0.28268 -1.6071 -1.4095 0.013097 -0.85926 -1.225 0.62792 1.0213 -0.81664 0.48097 -3.1312 1.9235 1.5275 1.6847 1.7799 2.417 0.25703 -0.30978 -0.42922 0.43037 0.42606 -1.2198 -1.8547 -0.95814 0.35671 -0.6386 0.37515 1.2178 1.3444 0.37812 1.1798 1.531 -1.6118 -2.2312 -0.6812 -0.5986
0.21751 0.058606 0.088153 0.56036 -1.4239 -0.99414 0.3107 -1.1461 -1.319 1.3656 1.2295 0.47388 -0.029239 -3.546 1.5812 0.85035 1.525 2.0278 2.7417 0.862 0.15894 -0.010317 -0.70966 -1.1101 -1.5026 -2.0005 0.041849 -0.55269 -0.70487 -0.63876 0.3437 0.2564 0.34854 0.78197 1.2331 -1.1415 -2.0044 0.18332 0.15781
-0.1586 0.96082 0.6207 1.1395 0.05882 0.26443 0.12569 0.1936 -0.71291 -0.1328 0.43802 -1.2515 -0.78605 -3.3685 1.3354 0.84213 0.98646 2.0363 2.4815 1.0466 0.63428 0.34889 -1.0731 -1.5191 -0.93974 -1.7324 1.475 -1.39 -0.80958 -1.3606 -0.84709 -1.0372 -0.090712 0.008219 0.84949 -0.20165 -0.8846 0.90583 1.0069
-1.2122 1.2048 1.0331 1.4556 0.82259 1.0703 0.082187 -0.1375 -0.47242 -0.68982 0.30506 -0.89851 -0.92815 -2.5055 0.72594 0.68221 0.27956 1.4086 2.0083 0.65183 0.41379 0.84164 -0.72757 -1.9413 -0.41926 -1.2615 2.7082 -1.7943 -0.74932 -1.9557 -1.9517 -2.1526 -0.88244 -0.8825 0.34441 1.0959 0.63687 1.5225 1.8391
-1.7323 0.60569 0.14931 1.1728 1.0595 1.31 1.5128 -0.14746 -1.0118 -0.47983 -1.7528 -1.5221 -1.1124 -1.2083 -0.12138 0.064912 -0.21321 0.39029 0.72664 0.17928 -0.4307 0.92373 -0.00039069 -0.99925 0.12205 -0.41258 3.5201 -1.7537 -0.79227 -2.3407 -2.3156 -2.5461 -1.4544 -1.2887 -0.18949 1.5233 1.3881 1.6797 2.2337
-1.6109 0.68301 1.0706 0.79216 0.61514 0.91831 1.0127 0.20822 -0.7708 -0.37983 -0.51183 -0.61943 -0.98066 -0.14382 -0.88307 -0.19287 -1.4894 -1.0778 -0.65452 -0.47023 -1.1431 0.42272 1.2021 -0.03262 1.1412 0.64816 3.3148 -1.2155 -0.31709 -2.2004 -1.8632 -2.3308 -1.7497 -0.86864 -0.6258 0.83821 1.9498 1.5266 2.1667
-1.3692 0.57204 0.50915 0.65759 -0.10874 0.96964 0.56221 -0.72251 0.34575 0.12985 -1.5315 -0.9646 -0.95375 1.2753 -0.98044 -0.23403 -2.4509 -1.3834 -1.2426 -1.302 -1.2613 0.15996 1.3613 0.43318 1.7839 1.3313 2.2777 -0.38472 0.42257 -1.4624 -0.93141 -1.2981 -1.4429 0.12058 -0.84819 -0.39974 1.4488 0.89207 1.4186
-0.9078 0.26953 0.26414 0.68583 -0.34971 0.028573 0.1306 -1.568 0.089546 1.0902 0.50689 0.43359 -0.61102 1.7379 -1.0063 0.22364 -2.6656 -1.4543 -1.6348 -2.1074 -0.97675 -0.089225 0.46611 1.4226 1.933 1.7644 0.91772 0.5573 1.105 -0.18993 0.048307 -0.27967 -0.80038 1.0293 -0.90161 -1.5892 0.71436 -0.17539 0.1792
-0.73879 0.048532 0.68829 -1.0722 -1.1896 -0.24455 -0.62339 -1.1333 -0.61305 1.4246 0.11368 0.19868 0.071236 1.6214 -0.74199 0.65834 -2.3328 -1.2908 -1.3587 -1.8886 -0.27513 -0.59911 -0.51294 1.3065 1.5809 1.5815 -0.47401 1.256 1.1679 1.4693 0.64853 0.37454 -0.13382 1.6197 -0.7033 -1.6779 -0.36013 -1.2956 -1.1457
0.046683 -0.0023236 0.54737 -1.7772 -0.46542 -0.088521 -1.0962 -1.6185 -0.66857 0.88749 -0.33863 1.5652 0.46133 1.2049 -0.0067873 1.4633 -1.9175 -1.0161 -1.148 -1.7787 0.48071 -1.0885 -1.3886 1.03 0.86255 0.84578 -1.0924 1.7858 0.33008 2.8555 1.2344 0.94502 0.82414 1.7398 -0.1161 -0.81103 -1.257 -1.6928 -2.2104
-0.10576 -0.5243 0.82295 -1.7198 -1.1289 -0.88934 -1.3867 -0.9019 -0.94495 -0.61108 0.76713 0.92925 0.63476 0.7624 0.75977 1.3684 -0.14473 -0.28319 -0.73745 -1.7354 1.3472 -0.81557 -1.4366 -0.11577 -0.4063 -0.2699 -1.3549 1.6474 -0.66958 3.3474 1.2685 1.2794 1.5087 1.3253 0.62775 0.43942 -1.1115 -1.4796 -2.483
-0.027738 0.2029 1.8922 -1.3374 -1.5662 -0.52706 -1.4897 -0.23309 -0.94945 -1.0702 1.1582 1.2486 0.33704 0.36549 1.4263 0.49399 1.4683 0.54358 -0.063137 -0.53767 1.7976 -0.2256 -0.86798 -0.48505 -0.63034 -1.2856 -1.1232 0.84456 -1.5053 2.8245 1.0217 1.5823 1.9149 0.45056 0.94585 1.2779 -0.94911 -0.58779 -1.8582
-0.13105 0.78453 1.8755 -1.5063 -1.5983 -0.74777 -2.0675 -0.61755 -1.2054 -1.147 0.10994 0.14923 -0.3106 -0.19479 1.4785 -0.13689 2.1062 0.50001 0.64568 0.50607 1.7951 0.28367 0.21379 -0.25088 -0.7833 -1.8189 -1.1615 -0.38463 -1.0822 1.2849 0.63545 1.3824 1.5437 -0.56822 0.9075 1.2012 -0.12116 0.30878 -0.52124
-0.004333 1.0209 1.3594 0.54468 -0.33672 -0.9724 -2.6428 0.58969 -1.1838 -0.056135 -0.29412 -0.36594 -0.7796 -0.16925 1.141 -0.65679 2.128 0.66475 1.3092 0.9279 1.1775 0.34274 0.63929 -0.87814 -0.19249 -1.7219 -1.2068 -1.4105 -0.032299 -0.27145 0.27356 0.99121 0.56826 -1.5421 0.77101 0.22366 0.63782 0.965 0.93204
-0.087068 1.3998 0.64128 0.15891 0.12031 0.16196 -0.55015 1.2461 -0.66353 0.11116 -0.83884 0.30687 -1.0058 -0.88635 0.22033 -0.12242 1.8668 0.94914 1.3278 0.61702 0.4723 0.80075 0.49204 -0.16532 0.0083229 -0.989 -1.1711 -1.6043 0.81038 -1.3959 -0.26232 0.3117 0.1883 -2.0132 0.7927 -0.84428 1.0079 0.87009 1.7975
-0.31648 1.0027 0.61635 0.4328 -0.56715 0.63952 -0.11655 0.61625 -0.15301 0.59543 0.60521 0.73686 -1.2136 -1.2798 -0.45384 0.42149 1.069 0.88156 1.5699 0.54164 -0.73886 1.1303 -0.50027 0.81154 0.98128 -0.023571 -1.0342 -1.0982 1.0126 -1.5276 -0.64629 -0.75772 -0.13726 -1.6517 0.76409 -1.3712 1.0845 0.2511 1.7773
-0.22743 0.71085 0.96937 0.67715 -0.85514 0.63569 -0.71015 0.5035 -0.90321 -0.57164 -0.58119 0.75818 -1.0729 -1.5715 -0.57843 0.86475 0.050217 -0.12737 1.139 1.0743 -1.4182 1.5498 -1.0863 1.0168 0.43853 0.56569 -0.41214 -0.017487 0.29237 -1.1828 -0.62596 -1.2693 -0.093439 -0.60194 0.48527 -1.0548 -0.23657 -0.42258 0.98444
-1.3776 0.63021 2.5389 0.86903 0.16959 0.65648 -1.8352 0.064359 0.25334 -0.46225 0.90227 0.46463 -0.71707 -1.5323 -0.41267 0.77585 0.20871 -0.090904 -0.09795 0.42338 -1.3017 1.5682 -1.6141 0.80334 0.10518 0.6982 0.39879 0.7577 -0.66757 -0.51496 -0.022745 -1.139 0.26705 0.67011 0.09994 -0.15494 -1.3295 -0.90557 -0.034882
-1.3555 0.47417 1.7015 0.17929 0.39119 1.1352 -1.3199 -1.6097 0.37988 -1.8695 1.0246 1.6114 -0.36889 -1.4372 0.17155 0.25391 0.10313 0.1825 -0.35654 0.48787 -0.5009 1.5975 -1.2894 -0.64841 -0.45127 0.42135 1.3612 0.8547 -1.5022 -0.051259 0.50833 -0.43344 0.53214 1.0383 -0.36715 0.90872 -1.7449 -0.52121 -0.69511
-1.4876 0.74497 1.4886 0.48059 -1.0377 0.63917 0.86888 -0.39522 1.3596 -1.0388 0.62809 -0.19282 -0.39059 -0.68317 0.52359 -0.54911 0.076148 0.69116 0.058409 1.3673 0.17703 1.3146 -0.73451 -1.1261 -0.48267 -0.013752 1.8199 0.44247 -1.2719 -0.11589 0.43704 0.32605 0.34644 0.66184 -0.68207 1.8536 -1.0826 -0.0059273 -0.83911
-1.5463 0.92168 1.1412 0.69588 -0.17395 -0.20941 -0.036072 -0.1936 1.3147 -2.3146 0.39019 0.84853 -0.58107 0.25899 0.47863 -1.3395 0.0022623 0.51795 0.20376 1.6648 -0.021926 0.90585 0.50531 -1.6565 -0.37167 -0.32832 2.1445 -0.41438 -0.4655 -0.28913 0.085367 0.42664 -0.69664 -0.34325 -1.2803 1.9196 0.49778 0.68257 -0.35136
-1.8549 1.1112 1.288 0.74752 -0.19443 0.487 -0.35506 0.16363 1.4775 -1.2032 -1.4633 -0.14286 -0.92058 0.63307 0.22478 -0.85526 0.026122 0.63385 0.27414 0.52616 -0.18372 0.48331 1.6229 -0.94706 0.040057 -0.43597 1.7226 -1.0766 0.53942 -0.74129 -0.72506 -0.085111 -1.3316 -0.80332 -1.2292 1.667 1.4184 0.57146 0.52374
-1.0185 1.1406 1.058 0.73125 1.1481 1.3041 0.95723 0.37443 0.83276 -1.7236 -1.3883 0.30859 -0.88853 1.4549 -0.4141 -0.48391 -0.42326 0.39388 0.38772 -0.48591 -1.0405 -0.67131 1.813 0.30888 0.70348 0.00082674 1.0119 -1.4668 0.79069 -1.3209 -1.1322 -0.8799 -1.2725 -0.68113 -0.79297 0.87533 2.147 0.69466 1.3813
-1.0515 0.88524 0.75591 0.4138 0.56526 0.99221 0.80308 -1.4698 1.8882 0.73647 -0.59012 0.45596 -0.75948 1.5714 -0.94451 0.04744 -1.0935 -0.6997 -0.19844 -0.22134 -0.98455 -0.47397 2.3306 0.86105 0.16325 0.76419 0.33 -1.4457 0.32635 -1.6625 -1.2435 -1.5448 -0.78399 -0.27144 -0.19333 0.067125 1.5284 0.4924 1.7792
-0.75808 0.68757 0.76398 0.2601 0.32477 0.93355 -0.40913 -1.4609 1.2467 0.7275 0.24007 1.4194 -0.77198 1.4674 -1.5462 -0.28763 -1.8856 -1.0899 -1.3043 -0.50721 -1.0398 -0.27859 2.1086 1.9315 1.0082 1.5567 -0.47339 -0.89674 -0.20423 -1.3626 -0.62389 -1.5685 -0.3364 0.48799 0.22181 -0.86194 0.2463 0.1686 1.5303
0.17993 0.24506 1.0964 0.057237 -0.722 0.47393 -0.33728 -1.2541 -0.18059 0.72946 1.0955 0.77179 -0.31385 1.1768 -1.7811 -0.33512 -2.3181 -1.1234 -1.9456 -1.0322 -0.75556 -0.1195 1.6336 1.4415 0.90568 1.987 -0.83654 -0.15247 -0.60706 -0.62637 0.37348 -0.7316 0.071382 0.59764 0.31025 -1.4607 -0.77648 0.067998 0.88927
-0.33097 -0.00371 1.4512 -0.81428 -1.114 -0.48301 -0.068711 -0.7629 1.262 1.2901 0.051983 0.20467 0.29766 0.87382 -1.59 -0.68557 -2.3353 -0.64297 -1.8515 -0.75455 -0.15682 -0.38501 0.25231 0.54019 0.67233 2.1425 -1.1919 0.55867 -0.70567 0.15769 0.85457 0.44351 0.66846 0.44209 0.52098 -1.4948 -1.3208 -0.28039 0.0059633
-0.24187 -0.61284 0.4258 -1.7697 -0.70387 -0.76384 -0.4075 -1.3969 1.2851 1.9566 1.3523 2.0476 0.83134 0.48932 -1.1912 -0.91429 -2.0398 -0.15894 -1.3745 0.043607 -0.2013 0.22811 0.017098 -0.058336 0.46061 2.0713 -1.0685 0.97752 -0.60532 0.86814 0.7846 1.3735 1.113 0.11967 0.38835 -1.1501 -0.70176 -0.33034 -0.74841
0.28748 -0.73918 0.48148 -1.9619 -0.048509 -0.9492 -0.64163 -1.5333 0.97932 1.2791 0.60599 1.6496 1.1291 -0.15526 -0.84317 -1.3467 -1.7549 0.16307 -0.70423 0.29 -0.41366 0.63808 -0.4009 -0.070695 0.63074 1.5257 -0.93367 1.0455 -0.069378 1.3483 0.14554 1.611 1.0306 0.074375 0.3263 -0.42851 -0.17932 -0.61344 -1.227
-0.13479 -0.65411 0.0032144 -2.0362 -0.63019 -1.0482 -0.68901 -1.6935 0.75096 0.58144 0.26319 1.3524 1.2949 -0.071048 -0.41058 -1.1619 -1.0328 0.067503 0.21456 0.66948 -0.39029 0.1815 -0.59028 0.28797 0.22194 0.94958 -0.69016 0.74856 0.16653 1.4371 -0.3948 1.2249 0.64253 0.31164 0.11789 0.086695 0.13054 -0.56646 -1.3213
0.065314 -0.55079 0.26178 -1.928 -0.43765 -0.65152 0.13352 -1.3278 1.2243 0.87571 0.43594 1.5522 1.4588 -0.38543 -0.11524 -0.69768 -0.38079 -0.45204 0.55971 0.99174 0.080915 0.3208 -0.3886 -0.00055215 -0.50557 0.4966 -0.10157 0.31785 0.27918 1.3394 -0.47045 0.42823 0.12079 0.38256 0.010771 0.46149 -0.13463 -0.42089 -1.0488
-0.39568 -0.85406 -0.26074 -2.5242 -0.8169 -0.7352 0.29079 -1.6587 1.4173 0.48656 1.0002 1.4873 1.3952 -0.53239 -0.21904 -0.92511 -0.10586 -0.63774 0.43216 0.97602 0.18505 0.63251 0.21296 0.18629 -0.17011 0.20944 0.27427 -0.061791 0.1264 1.0283 -0.2223 -0.43682 -0.72878 0.26793 -0.010317 0.46198 -0.7487 0.068273 -0.79316
-0.28698 -0.63088 0.0059248 -2.3322 -0.74403 -0.18213 0.72638 -1.4859 1.4955 0.96336 0.95434 1.0782 1.4542 -0.088179 -0.36989 -0.93673 0.22318 -0.42333 0.042259 0.37681 0.078885 0.43385 0.2336 -0.29408 -0.067344 0.0095195 1.0104 0.20447 0.40349 1.1387 0.2634 -0.72456 -1.2359 0.13759 -0.36422 0.09269 -0.92257 0.48249 -0.80467
-0.43882 -0.8299 -0.35439 -2.1028 -1.1854 -0.27084 0.59467 -1.2406 1.4246 1.2513 0.8311 1.2235 1.4409 0.23818 -0.39035 -0.80522 0.53492 -0.38507 -0.39054 -0.4817 0.15402 0.10205 0.13583 -1.1223 0.13284 -0.23324 0.7542 0.93778 1.0427 1.4071 0.60759 -0.54504 -1.2084 0.079392 -0.67013 -0.38047 -0.43494 0.31813 -1.2257
-0.30905 -0.98734 -0.76754 -1.9911 -1.0027 -0.77001 0.51054 -1.3558 1.8224 1.3287 0.43496 1.4839 1.3969 0.90435 0.33754 0.0076693 1.3714 -0.036342 -0.46459 -0.75194 0.37032 -0.17856 -0.13469 -1.2665 0.34017 -0.72913 -0.1077 1.613 1.5563 1.4213 0.94298 0.080984 -0.76083 0.067746 -0.57831 -0.75246 0.31101 -0.15544 -1.5105
-0.032552 -1.0255 -0.87186 -1.7035 -1.0733 -1.049 -0.17818 -1.6192 1.301 0.60048 -0.38867 1.3061 1.3391 0.22273 1.1004 0.58633 1.886 0.40545 -0.3933 -0.87716 0.19294 -0.46694 -0.44059 -0.22908 0.27925 -1.6256 -0.96385 1.7347 1.6466 1.0769 1.1478 1.1176 -0.1712 0.2077 -0.27052 -0.99036 0.59594 -0.61337 -1.4111
0.22351 -1.0077 -0.44142 -1.552 -1.0368 -1.036 -0.54127 -1.0385 1.4235 1.0145 -1.0518 1.8059 1.1141 -0.25419 1.7604 1.3299 2.1398 1.095 0.20885 -0.94818 0.18896 -0.49489 -1.1437 -0.083987 -0.4789 -2.0109 -1.8138 1.1827 0.82221 0.28322 0.93916 1.7693 0.49569 0.53144 -0.053275 -1.0243 0.40108 -0.75749 -0.91982
0.65365 0.038347 0.22656 -0.51523 -0.72847 -0.84411 -0.27115 -0.99972 1.1278 0.34361 -0.16958 1.7066 0.39795 -0.77189 1.9907 1.6683 2.1099 1.3763 1.498 -0.72733 0.66351 -0.30799 -1.5547 -0.46161 -0.75471 -2.1302 -1.4772 0.49436 -0.038627 -0.28612 0.45805 1.512 1.1528 0.90093 -0.22918 -0.40493 0.10806 -0.87422 -0.13566
-0.82614 0.69992 0.51242 0.12496 -0.10975 -0.50641 -0.29093 -1.3084 0.82145 0.59848 1.5556 1.2445 -0.56311 -1.593 2.0016 1.03 1.76 1.3841 2.1101 0.16283 1.223 -0.37098 -1.8481 -0.30537 -0.74167 -2.131 -0.98301 -0.45823 -0.82637 -0.75337 -0.26628 0.48302 1.4767 0.86761 -0.51783 0.46702 0.13415 -0.41181 0.53605
-0.76667 0.74142 0.69557 0.24551 0.58787 -0.10708 -0.94423 -1.0435 1.0841 -0.97257 -0.22148 0.14914 -0.41131 -1.546 1.8632 0.65893 1.53 1.1958 1.6652 0.87093 1.5276 -1.0105 -0.98052 0.11434 -1.4326 -1.8092 0.30447 -1.0486 -1.1899 -0.81604 -0.78231 -0.8044 1.1267 0.38377 -0.66398 1.0839 0.24309 0.13638 1.0343
-0.79342 0.71694 0.71546 0.24752 0.69905 1.4087 -0.67175 -0.17865 1.508 -1.2863 -1.6344 0.72489 -0.55574 -1.4882 1.011 0.25587 1.0251 0.65828 1.0894 1.2039 1.5397 -1.2301 -0.38239 -0.08473 -1.0151 -1.2068 1.2107 -1.2722 -0.87445 -0.41406 -0.91081 -1.5116 0.45669 -0.22997 -0.38557 1.5155 0.30522 0.44361 1.0805
-1.6004 1.0607 -0.040933 0.26025 0.46656 1.2815 0.51739 0.51423 0.46278 -1.9478 -0.71746 0.85761 -0.95807 -0.31655 0.62151 -0.21612 0.95753 0.17076 0.41403 1.0034 1.2879 -1.2712 0.1338 -0.057132 -0.3454 -0.73148 1.4173 -1.2837 -0.46882 -0.12512 -0.86982 -1.5849 -0.058912 -0.77462 0.14142 1.1286 0.44406 0.57433 0.89759
-0.92393 1.5347 0.79543 0.86038 0.6078 0.22573 1.0302 0.93256 -0.54707 0.77371 0.594 -0.68897 -1.1084 -0.20151 0.3597 -0.20276 1.2652 0.068834 -0.26409 1.0083 0.85702 -1.05 0.97649 0.42494 -0.36943 -0.72591 1.3386 -1.0362 -0.08369 -0.087907 -0.40287 -0.71949 -0.29744 -1.0679 0.70421 0.45848 0.45586 0.37551 0.77445
-1.5442 1.1228 0.72286 0.97882 0.33163 0.37189 1.0769 0.3705 -0.41481 -0.38038 0.40263 0.45947 -1.1395 0.15846 -0.094497 -0.0089873 1.16 -0.25456 -0.80337 0.84951 0.25738 -0.80552 0.86093 0.79412 -0.5659 -0.43464 0.36462 -0.91797 0.041152 -0.60929 -0.1716 0.20423 -0.39232 -1.0194 1.2484 -0.5367 0.039341 0.44083 0.72861
-0.8141 1.243 0.10287 1.2897 0.48943 0.38629 0.061315 0.21229 -0.24547 -0.1514 0.22511 0.7071 -1.1555 0.49196 -0.47348 -0.010907 0.74232 0.068302 0.27257 0.6847 -0.16284 0.0115 0.28347 0.44891 -0.13155 0.038316 0.27206 -0.54792 -0.082954 -1.1684 -0.13701 0.80578 -0.46311 -0.53338 1.3447 -0.79879 -0.38105 0.20592 0.80054
-1.1259 0.98456 0.50741 1.7669 0.94054 0.34073 0.65835 0.63713 0.27477 0.14319 -0.91298 -0.56182 -1.2034 -0.056046 -0.59386 -0.23732 0.079185 -0.16486 0.55583 0.37932 -0.31965 0.8129 -0.70506 0.02006 0.44568 0.19745 0.25606 -0.5025 -0.19434 -1.8561 -0.32994 0.42032 -0.67781 -0.26206 1.0448 -0.23542 -0.49521 0.31563 0.99578
-0.88888 0.68951 0.56895 1.3513 -0.13927 0.36804 1.4795 0.56407 -0.20722 -0.26001 0.37756 -0.089259 -1.1257 0.35994 -0.36352 -0.25041 -0.36173 -0.24208 0.66191 0.31592 0.032619 0.95747 -0.0091797 0.022979 -0.45703 0.39847 0.66448 -0.64107 -0.34411 -2.2224 -0.83751 -0.78293 -1.1999 -0.40041 0.4895 0.40983 -0.27503 0.23665 1.3168
-0.93893 0.83566 0.1668 1.11 0.92838 1.7321 1.9105 0.33835 0.040422 -0.73508 0.84126 0.4749 -0.85732 0.6522 -1.0415 -0.26333 -1.7192 -0.75482 -0.15846 -0.32284 -0.39248 0.90964 0.49239 -0.020388 0.24474 1.1769 1.1785 -0.8851 -0.41206 -1.8933 -0.86054 -1.4126 -1.507 -0.55122 0.27282 0.83343 -0.34812 -0.094869 1.5308
-1.4096 0.86662 0.60994 0.90358 0.060133 0.42596 0.87086 0.1618 0.91095 -0.67587 0.25421 0.53425 -0.9636 1.2409 -1.3885 -0.65744 -2.4629 -1.3166 -0.92193 -1.365 -0.96451 0.98764 0.60589 -0.098386 0.45146 1.9177 1.0757 -0.86052 -0.23098 -0.97371 -0.86059 -1.6295 -1.2797 -0.61098 -0.005815 0.52965 -0.5046 -0.2308 1.146
-0.60965 0.78003 0.075209 0.74965 0.08824 1.1945 0.84697 0.59771 0.98054 0.24356 -0.19145 -0.82238 -0.69256 1.4564 -1.6548 -0.82285 -2.3697 -1.3539 -1.4552 -1.7949 -0.97086 1.3682 0.85129 -0.63945 -0.22011 2.1919 0.56659 0.11213 0.20498 0.56477 0.3026 -0.90743 -0.20927 -0.39799 -0.66465 0.61608 -0.17916 -0.6428 0.011464
0.11186 -0.50217 -0.067821 -1.2262 -0.69947 -0.5282 -0.56514 -0.46124 0.89563 1.1299 -0.30306 1.1915 0.48502 1.7409 -1.5865 -0.41458 -1.846 -1.6689 -1.9237 -1.5083 -0.95149 0.71468 0.9992 -0.71457 -0.72072 1.9527 -0.44095 1.2507 0.9651 1.6573 1.5678 -0.28335 0.79443 -0.34156 -1.4124 0.50646 0.084521 -0.48034 -1.2416
0.19415 -0.62846 -0.15419 -1.1829 -1.3641 -0.73376 -0.66178 -0.84826 1.3799 0.37782 -0.38013 -0.0022307 0.9829 1.3434 -0.7398 0.002191 -1.0098 0.042526 -1.4566 -0.67108 -1.2321 -0.34805 1.6759 -0.079547 -0.52786 1.1804 -1.3551 1.9879 1.2664 1.9028 2.1777 0.74743 1.1489 -0.26605 -2.0598 -0.062213 0.23117 -0.062796 -1.9985
0.31184 -0.76743 -0.3896 -1.0175 -1.4003 -0.58655 -0.32768 -0.53353 1.8851 0.48441 -0.11444 -0.51172 0.95346 0.57265 0.38455 0.76572 -0.11706 1.1599 -1.4801 -0.33985 -1.5504 -1.1155 1.3298 -0.19478 -0.41323 0.19049 -1.5622 1.9738 0.91404 1.5949 2.1998 1.0885 0.90071 0.10284 -1.8501 -0.67087 0.028349 0.64218 -1.9567
0.59222 -0.37595 0.20678 -0.55473 -1.3672 -0.80252 -0.14621 -0.77016 0.81887 0.89705 -0.51243 -0.74263 0.68168 -0.19573 0.9031 0.99686 0.24283 1.6372 -0.18741 -0.083259 -1.2318 -2.0345 0.5566 -0.40945 -0.51825 -0.52156 -0.99502 1.0829 0.17731 1.0253 0.99031 0.81738 0.34548 0.6053 -0.87202 -1.0943 -0.37092 0.93948 -1.1884
-0.0063386 0.42788 0.63674 -0.26114 1.3726 -1.1426 -0.029722 -1.5686 -0.057759 3.2109 0.18292 -0.16117 0.0052882 -0.068235 1.1104 0.82645 0.43879 1.9839 -0.39095 -0.0026474 -0.74955 -2.3206 0.074879 -0.4834 0.60603 -0.71563 -0.11309 -0.23203 -0.90362 0.4719 -0.21693 0.67261 0.20121 1.0773 0.84422 -0.91245 -0.10999 0.89343 -0.12903
0.29781 0.73361 0.79334 -0.33325 1.3378 -1.3391 -0.4235 -2.0513 -0.6099 1.943 -0.95504 -0.62734 0.05852 0.022961 0.82893 0.30606 0.57658 1.6396 -0.37255 -0.15035 -0.39187 -1.5742 -0.12299 -0.70306 0.91651 -0.50381 0.70697 -1.0991 -1.5216 0.21959 -1.3126 0.28209 0.028384 1.2375 2.2537 -0.61927 0.34443 0.36145 0.57749
-0.19568 -0.24896 0.66036 -1.5756 0.28196 -0.32312 -0.99028 -1.9801 -1.5389 0.54439 -0.98937 0.30288 0.51796 0.28068 0.011339 -0.6148 0.5633 0.73132 -0.046522 0.094559 0.24577 0.42231 -0.35203 -0.27074 0.72697 -0.050088 0.63004 -1.2055 -1.5347 0.13787 -1.5811 0.54549 -0.18154 0.99848 2.3766 -0.078875 1.0449 -0.47985 0.50752
0.50281 0.57625 0.36195 -0.034718 1.102 -1.5209 -0.11403 -1.0701 -0.89109 0.17654 -0.78748 0.74307 0.24628 0.80311 -0.50191 -1.1862 0.56411 -0.37519 0.20525 -0.076559 0.8178 1.3156 -0.59908 0.21071 0.1651 0.18486 0.6556 -0.58376 -0.87787 0.20738 -1.0156 0.68047 -0.18639 0.64927 1.3419 0.35708 1.1924 -0.84237 0.048629
0.46172 0.25408 0.024055 0.19166 1.0296 -1.1344 -0.34619 -1.029 0.10953 1.5565 -1.1766 0.36455 0.20414 0.58778 -0.36827 -1.356 0.67838 -0.18926 0.40848 -0.40399 0.69886 1.2136 0.14645 1.2494 -0.035802 -0.14664 0.24389 -0.16196 -0.0594 -0.36446 -0.51493 0.80272 -0.26725 -0.022754 -0.30758 0.48965 0.51157 -0.64089 -0.22661
0.677 -0.19898 -0.28497 0.13575 0.60293 -0.8497 0.19291 -0.89777 1.7272 1.7309 -0.31793 0.047453 0.40173 0.95777 -0.017998 -1.0002 0.88013 0.060717 0.75653 -0.27522 0.71306 0.84094 0.43153 1.0347 -0.47862 -0.36766 0.06255 0.0097905 0.29841 -0.79873 -0.19095 0.56964 0.19272 -0.28757 -1.1085 0.065554 -0.24878 0.07955 -0.1614
0.87474 -0.0021196 -0.44986 -0.069472 0.77932 -0.7978 -0.80732 -0.84689 0.70057 1.5521 0.25633 -0.29125 0.20222 0.61096 -0.51611 -0.82474 -0.28456 -0.51544 1.2774 -0.34192 0.24063 0.013765 0.23145 0.39291 -0.30588 -0.18107 0.10236 -0.11853 0.10887 -1.0944 -0.33193 0.083886 0.75704 0.012685 -1.0738 -0.5398 -0.98426 0.70051 0.16286
0.5132 0.17586 -0.55777 -0.078701 0.75813 -0.43976 -1.5331 -1.316 -0.33129 1.1156 0.84899 -0.10851 -0.034408 0.8993 -0.4076 -0.88681 -0.44238 -0.58705 0.90713 0.2763 0.44207 -0.40886 -0.48662 0.12626 0.45377 -0.087859 0.071558 -0.3188 -0.27714 -1.0457 -0.43606 -0.45137 1.3307 0.38236 -0.32684 -0.94949 -0.91631 1.1522 0.43918
1.2756 0.061001 -0.26912 0.24823 0.74424 0.34577 -0.48743 -0.29766 -0.274 0.98035 -0.25383 -0.010614 0.072257 0.79063 -0.38162 -1.2089 -0.69168 -0.52484 0.50416 0.8325 0.85008 -0.4132 -0.58675 -0.34545 0.95168 0.0068077 0.28961 -0.12294 -0.35602 -0.39807 -0.063444 -0.76089 1.5821 0.85375 0.45821 -1.05 -0.3953 0.82845 0.57441
1.0413 -0.32872 -0.75336 -0.55655 0.089999 -0.10202 -0.19083 -0.87027 0.089734 1.3364 -0.94269 0.3318 0.1685 0.99061 -0.65007 -1.34 -0.8582 -0.8042 0.25038 1.7968 1.1881 0.36817 -1.2634 -0.50325 1.292 0.32881 -0.082095 -0.13823 -0.29256 -0.15015 0.13735 -0.5524 0.87563 0.55776 0.45658 -0.94544 0.27356 0.057363 0.62305
1.6017 -0.40047 -1.2314 -0.31497 0.071178 -0.21132 0.44137 -0.24271 0.6473 0.82263 -0.34574 1.0676 0.2529 1.0485 -0.61088 -1.2804 -0.82827 -0.52447 0.097885 2.0598 1.6217 0.58419 -1.7079 -0.1111 0.99653 0.64426 -0.16686 0.056169 0.02823 0.42447 0.47992 -0.10519 0.068163 -0.0026928 -0.095706 -0.78479 0.80821 -0.65117 0.52256
1.3481 -0.44004 -1.755 -0.88796 0.12605 -0.35552 0.79716 0.4291 0.73421 0.71107 -0.14467 1.0949 0.31382 0.63897 -0.5362 -1.4124 -0.67006 -0.2996 0.016742 1.412 1.1986 0.047976 -2.0211 0.58754 0.53852 0.71457 -0.51098 0.19812 0.24473 0.74394 0.7807 0.23394 -0.73784 -0.79523 -0.81081 -0.0064985 0.74958 -1.3003 0.2564
1.8811 -0.57944 -1.6105 -1.0125 -0.37701 -0.17749 1.3736 0.58749 0.49169 -1.215 -0.23376 1.4086 0.4797 0.6949 -0.33556 -1.1226 -0.025674 0.20187 0.4162 1.1598 0.82881 -0.45497 -1.9454 0.80447 -0.047788 0.75433 -0.66004 0.043511 0.41612 0.69763 0.73083 0.43371 -1.021 -1.4902 -0.74714 1.0275 0.26555 -1.4166 0.021991
1.7773 -0.43364 -1.5077 -0.73984 0.32276 0.17971 1.5299 1.2232 0.22106 -1.39 0.27563 0.89143 0.76037 0.32688 -0.43192 -0.95615 0.087695 0.41869 0.56041 0.7701 -0.069543 -0.81272 -1.1501 0.61179 -0.92108 0.73539 -0.82598 -0.2593 0.51623 0.304 0.67682 0.36521 -0.89395 -1.6108 0.090763 2.1175 -0.22784 -1.4368 -0.079073
1.7658 -0.75308 -2.0428 -0.70173 0.075038 0.1707 1.2368 0.66892 -0.1964 -1.4673 0.18684 0.67838 0.83841 0.11756 -0.58257 -0.71913 0.054936 0.6018 0.69225 0.33792 -0.83466 -0.5525 0.15234 0.43849 -1.2525 0.6738 -1.0191 -0.57651 0.38008 -0.02097 0.45302 0.12017 -0.7624 -1.1584 1.1158 2.5559 -0.63543 -1.1199 -0.15748
1.9579 -0.69049 -2.2041 -0.40065 0.48999 0.28691 1.6517 0.089099 -0.15559 -1.1957 0.34428 0.52315 0.93433 -0.43374 -0.87156 -0.63392 -0.1717 0.87685 0.60878 0.034036 -1.3095 0.28564 1.6516 0.30158 -1.8801 0.61299 -0.74854 -0.58989 0.64773 0.18794 0.43832 -0.1166 -0.71391 0.065484 1.6965 1.7245 -0.94047 -0.37578 -0.13112
1.7772 -0.93793 -2.4135 -0.5757 0.63526 0.35444 1.6616 -0.17221 -0.2858 -0.63383 0.5333 -0.39755 0.99196 -0.60541 -1.1396 -0.56306 0.045451 0.89751 0.6351 0.0019235 -0.95597 1.3328 2.351 -0.36081 -1.9257 0.53264 -0.55687 -0.47643 0.95908 0.47833 0.14863 -0.3813 -0.79379 1.2835 1.5088 0.083187 -1.1912 0.38562 -0.076969
1.5451 -1.1398 -2.2093 -1.1881 0.76603 0.62761 1.3409 -0.48547 0.18747 0.63591 0.27332 -0.40931 1.0802 -0.54496 -1.2011 0.19662 0.4178 1.1659 0.36154 -0.49082 0.11597 1.7986 1.5976 -0.94615 -1.3841 0.57052 -0.4177 -0.27699 1.1505 0.73223 -0.37912 -0.66802 -0.70754 2.016 0.6029 -1.4858 -1.0411 1.1346 -0.068329
1.2831 -1.5741 -2.0958 -1.0919 1.132 0.66941 1.4537 -0.82856 1.1732 1.2045 0.29411 -1.601 1.2761 -0.74323 -1.2634 0.6898 0.61925 0.76768 0.062374 -0.98828 1.0949 1.8515 0.37355 -1.4189 -0.70607 0.55699 -0.45959 -0.045957 0.94627 0.67059 -0.9426 -1.0038 -0.20262 1.92 -0.58872 -2.1642 -0.35859 1.3902 -0.15155
1.196 -1.7297 -2.4264 -0.13158 1.564 0.99298 1.5127 0.34916 2.0967 1.9784 -0.63242 -1.6156 1.3419 -1.0511 -1.3 0.92872 0.86708 0.18706 -0.42816 -0.88703 1.8213 1.2884 -0.65737 -1.3372 -0.12743 0.47831 -0.37849 0.29177 0.41013 0.29763 -1.5499 -1.0668 0.65381 1.1212 -1.4051 -1.6319 0.55063 1.4029 -0.30647
1.5005 -1.9483 -1.662 0.10011 1.8369 0.30782 0.319 0.99022 1.7303 -0.28051 -1.2698 -0.62023 1.4594 -1.1079 -1.169 0.87069 1.0332 -0.505 -0.96065 -0.20655 2.1493 0.3528 -1.3289 -0.90735 0.34349 0.30653 -0.075289 0.62065 -0.024874 -0.3095 -1.7018 -1.0901 1.3327 -0.11544 -1.7015 -0.52816 1.3305 1.0952 -0.40663
0.98387 -2.0287 -1.454 -0.0028077 1.1678 0.31138 0.29554 1.4486 1.8935 -0.96018 -1.4112 -0.53498 1.4995 -0.98409 -0.72568 0.88414 0.73778 -1.3154 -1.2427 0.42415 1.8957 -0.39803 -1.174 -0.044694 1.0154 0.14485 0.32218 0.88423 -0.47095 -0.76554 -1.4245 -0.7991 1.597 -1.2482 -1.2067 0.80234 1.5524 0.78202 -0.45016
0.28071 -2.4927 -1.4758 -0.081133 0.56716 -0.17897 0.76952 1.9303 1.1979 -0.68025 -0.89667 -0.9548 1.4795 -0.89688 -0.44222 0.66098 0.095061 -1.9053 -1.6924 1.0193 0.80865 -0.87229 -0.53448 0.7212 1.0026 -0.0073448 1.0085 1.2053 -0.39832 -0.69304 -0.59271 -0.31764 1.144 -1.9279 -0.29781 1.3725 1.1486 0.67549 -0.37827
0.38936 -2.4719 -1.4598 0.1 0.14773 -0.50811 1.7596 2.0229 1.0139 -0.37763 -0.77272 -0.46085 1.4235 -0.61956 -0.085633 0.13228 -0.090816 -1.9772 -1.646 1.6919 -0.09868 -0.62915 0.74014 1.0983 1.1674 -0.17412 1.4483 1.4556 -0.19584 -0.36858 0.26475 0.12134 0.039083 -2.2141 0.41479 0.75505 0.17083 0.5435 -0.32521
0.54318 -2.171 -1.2924 0.24499 -0.45609 -0.65951 2.1085 1.9027 1.2174 0.037946 0.1199 -0.016582 1.4671 0.38173 0.66053 0.48376 0.15378 -1.3598 -1.3859 1.4455 -0.8486 -0.15704 0.77756 0.9275 1.6688 -0.21402 1.0917 1.7078 0.10005 -0.035769 0.98348 0.47197 -1.3703 -1.8988 0.53286 -0.29041 -0.5601 0.28489 -0.41182
0.49628 -2.2137 -1.5412 -0.08041 -0.85406 -1.4794 2.1342 1.3372 0.84687 0.26725 -0.17837 0.17128 1.3512 0.77574 1.3183 0.59579 0.010994 -1.0433 -1.1505 0.28777 -1.8624 0.11229 -0.1406 0.216 1.8073 -0.33641 0.15332 1.7803 0.64793 0.13145 1.515 0.65476 -2.3703 -1.4805 0.040468 -1.2737 -0.58862 -0.32075 -0.58
0.67323 -2.0923 -1.4361 -0.13601 -0.92311 -1.6359 2.4558 0.88106 1.0645 0.47794 0.017918 1.1788 1.2633 0.21495 1.9003 0.6162 -0.041615 -0.37695 -0.99799 -1.02 -2.2445 -0.12763 -0.73135 -0.00066505 1.2662 -0.66659 -0.81915 1.4707 0.72985 0.17243 1.5652 0.97146 -2.5291 -0.85449 -0.48098 -1.3434 0.053637 -1.3119 -0.7067
1.3234 -1.244 -0.62557 0.39005 -0.56063 -1.1717 2.3035 0.54719 1.7062 -0.0395 -0.15794 1.5364 1.2997 -0.27831 2.4681 1.2972 0.22843 0.59932 -0.53454 -1.8163 -2.4712 -0.56035 -1.3311 0.33978 0.68422 -0.99076 -1.0239 0.92161 0.67827 0.24766 1.3474 1.28 -1.8897 0.09125 -0.8479 -0.79759 0.81056 -1.9892 -0.65912
0.92115 -1.0558 -0.96539 -0.12881 -1.1466 -1.7189 0.95521 -0.78764 1.0402 -1.3926 -0.82477 1.3295 1.0504 -0.44133 2.708 1.5204 0.34192 0.98824 0.24094 -2.5609 -2.3208 -0.82998 -1.608 0.98465 -0.52913 -1.1577 -0.56319 0.17832 0.19436 0.10781 0.66347 1.4898 -0.96097 1.0165 -0.84875 0.05274 1.0839 -1.9049 -0.58222
0.21512 -0.24443 -0.92957 0.10885 -0.32772 -1.9075 0.20708 -0.79648 0.5775 -1.1083 -0.19329 0.99042 0.56848 -0.58479 2.5588 1.4327 0.25434 1.0039 0.7781 -2.7217 -1.6461 -1.3147 -1.4683 1.4236 -1.4727 -1.2761 -0.069381 -0.55016 -0.18586 -0.18562 -0.13142 1.7247 0.13432 1.7056 -0.25757 1.1964 0.43726 -1.1399 -0.40434
0.16315 0.45225 0.35677 0.55761 0.63249 -1.4237 -0.15516 -1.4897 0.19738 -1.6764 1.1392 0.88884 0.34986 -0.55867 2.1755 0.91518 0.12354 0.77021 1.3106 -2.4902 -0.56647 -1.5304 -0.53631 1.7286 -1.6565 -1.5708 0.16844 -1.2612 -0.27544 -0.63413 -0.70391 1.5764 1.2366 2.0741 0.3404 2.1251 -0.54362 0.28386 -0.11636
0.44389 0.45569 -0.041165 0.21262 0.27382 -0.90367 -1.1427 -1.6773 0.0080791 -1.8733 1.2766 -0.66623 0.2055 -0.33001 1.7574 1.2419 -0.023556 0.45353 2.3623 -1.5845 0.16637 -0.75121 0.80477 0.88823 -1.1514 -1.5111 0.12626 -1.6326 -0.35515 -0.80234 -0.78238 0.87138 1.552 2.0487 0.89643 2.2784 -1.2118 1.3423 0.24505
0.50657 0.71141 0.1782 0.24501 0.20554 -0.36798 -0.95309 -0.97221 -0.36818 -1.7958 1.5929 -0.52972 0.023246 -0.28586 0.86534 1.0871 -0.70458 -0.14677 2.5859 -0.65836 1.0494 -0.39969 1.994 0.12372 -0.10839 -1.2491 -0.21987 -1.4932 -0.3323 -0.51356 -0.062835 -0.2679 1.488 1.5861 1.0972 1.7432 -0.93074 1.9197 0.62869
0.56226 1.1173 -0.1213 0.34361 0.088036 0.20184 -1.5323 -0.24984 -0.47909 -0.82478 1.6179 -0.40693 -0.60677 -0.50808 0.30915 0.66617 -0.82619 -0.10617 1.8764 -0.53574 1.7698 -0.0028046 2.3462 -0.2983 0.55066 -0.99579 -0.50847 -1.1334 -0.84991 -0.23002 0.58692 -1.6185 1.3009 0.56855 0.75567 0.53552 0.075511 1.6464 0.8751
0.0025469 0.99559 0.67473 -0.22957 -0.24544 1.2328 -1.1487 -0.93866 0.31103 0.43258 -0.2114 0.12881 -0.66628 -0.82882 0.24323 0.56601 -0.43901 0.93368 1.0254 -0.040726 1.8995 0.39343 2.5816 0.38456 1.4986 -0.6972 -0.42916 -0.57165 -1.0366 0.17006 0.99225 -2.2388 1.0677 -0.8709 0.4413 -0.93751 0.57082 0.54561 1.0892
-0.21494 0.66683 0.7409 -0.78177 0.00093718 1.1094 -0.45571 0.67361 -0.19469 2.0224 0.83184 1.1392 -0.63969 -0.8949 0.05283 -0.12112 -0.59911 1.1083 -0.069632 0.70638 0.90593 0.43455 1.7119 0.92255 1.479 -0.21253 -0.011243 -0.2292 -1.2589 0.22719 0.69935 -2.1182 0.7886 -1.7187 0.099586 -2.0946 0.71675 -0.6152 1.1743
-0.10494 0.74341 0.80842 -0.22931 0.73779 0.43986 -1.7283 0.81751 0.10916 0.7322 1.3187 0.66867 -0.57555 -0.7977 -0.021654 -0.49855 -0.52562 1.259 -0.88595 0.85409 -0.32921 0.30513 0.23382 0.7127 0.55679 0.31896 0.47697 -0.080151 -1.1366 -0.017828 -0.19769 -1.5011 0.12369 -2.1319 -0.1506 -2.7175 -0.21833 -1.6551 1.0939
-0.30979 0.9965 0.21917 0.048251 2.0675 0.29433 -1.0564 0.99056 0.45845 1.8171 2.5514 1.3432 -0.58716 -0.53787 0.036336 -1.2046 -0.38539 1.153 -1.3732 0.5922 -0.67858 0.24873 -1.1323 1.0419 -0.27935 0.6088 0.83598 0.028519 -0.2195 -0.3804 -0.85491 -0.62769 -0.32919 -1.4549 -0.39026 -1.9272 -1.0783 -1.6816 0.81229
-0.40896 0.95683 -0.2962 -0.72496 1.0716 -0.31385 0.52449 -0.38438 0.026783 0.53833 2.5104 1.4035 -0.38551 -0.21434 0.11168 -1.0622 -0.59866 0.52275 -1.3017 0.26223 -1.7251 0.16942 -2.0351 -0.12419 -1.1003 0.86018 1.0576 -0.11244 0.95181 -0.89052 -1.5664 0.086022 -0.85828 -0.48644 -0.58927 -0.64612 -1.687 -1.3115 0.52891
-0.49931 0.98454 -0.14602 -0.62679 1.3748 -0.27467 -0.51506 -1.4208 0.16438 -0.25038 0.80422 -0.10811 -0.25863 0.20003 0.03991 -0.26137 -1.2817 -0.23855 -1.1049 0.34263 -1.4138 -0.31673 -1.4336 -0.90458 -1.226 0.97843 1.1283 -0.39344 2.0551 -0.81381 -1.6039 0.56167 -1.1316 0.62222 -0.61185 0.5818 -1.4797 -0.59733 0.31442
-0.63249 0.76477 -0.41463 -0.9192 1.3418 -0.34595 -0.51421 -0.60012 0.64833 -0.75603 1.7302 0.061342 0.069911 0.5864 -0.22075 0.8402 -1.7341 -1.1962 -0.84488 -0.73871 -0.97749 -0.64834 -1.0445 -1.8312 -1.7285 1.086 1.0033 -0.65806 1.9114 -0.32311 -1.4001 0.78505 -0.94621 1.4809 -0.64712 1.3038 -0.13194 0.30706 0.052907
-0.17618 0.83975 -0.12822 -1.2628 1.0214 -0.78694 -0.83871 -1.3201 -0.079122 -1.275 0.8162 -0.46292 0.3084 0.93167 -0.49522 1.7573 -1.3333 -1.214 -0.48113 -1.1714 0.22318 -0.62591 -0.32378 -1.1887 -1.2288 1.0619 0.72628 -0.74647 0.93524 0.62691 -0.98945 0.889 -0.66425 1.2189 -0.46944 1.2557 0.4716 0.65698 -0.22541
0.20858 0.97028 0.63768 -1.7837 0.81947 -1.0453 -0.74029 -0.63326 -0.4183 -0.28087 0.64227 -0.45187 0.36781 1.0831 -0.78982 1.5678 -1.1867 -1.8048 -0.049196 -0.87417 0.50673 -1.0334 0.32059 -0.25073 -0.469 0.91402 0.41876 -0.76043 -0.49433 1.567 -0.37988 0.90779 0.21811 0.86056 -0.24783 1.0849 0.86547 0.82939 -0.50583
0.15552 0.64078 1.0257 -2.4061 -0.33315 -0.74453 -1.7403 -0.98792 -0.56238 0.15161 -0.40149 -1.1977 0.59959 1.1569 -1.0021 1.1536 -0.42331 -1.9207 0.26826 -0.91926 0.35285 -1.1093 0.68763 -0.70265 -0.49323 0.65932 0.063808 -0.69468 -1.7645 1.9705 0.18888 0.65623 0.63753 0.16733 -0.11099 0.32068 0.55486 0.34786 -0.71415
0.44563 0.2451 1.5694 -1.8441 -0.34252 -0.73808 -1.1873 -0.15203 -0.48319 -0.67678 0.93929 -0.47713 0.77945 1.1705 -1.3187 0.19618 0.67077 -1.5991 0.58877 -0.43009 0.72584 -0.92733 0.87335 -0.2593 -0.37276 0.37773 -0.26963 -0.13273 -2.1992 2.1002 1.2649 0.12162 0.65495 0.18117 0.014588 -0.39663 0.15946 0.062192 -0.96784
0.50025 0.012496 0.82133 -1.9377 -1.1106 -0.13509 -1.7042 -0.70147 -1.1551 0.010173 1.1268 -0.58252 0.75219 0.99782 -1.4651 -0.92356 1.3394 -0.92525 0.50829 -0.1201 0.44899 -0.91284 0.12258 -0.018393 -0.56155 0.045799 -0.55122 0.60717 -1.8789 1.4221 1.7951 -0.25221 0.57058 0.19385 0.11842 -0.63776 0.051815 0.077936 -1.033
0.79179 -0.19599 0.6108 -1.2743 -1.171 -0.35644 -1.8276 -0.38002 -1.0123 0.20672 -0.21119 -0.98301 0.77771 0.72118 -0.79177 -1.5888 1.7717 0.26079 0.076747 0.034368 0.82262 -1.1024 -0.27054 -0.25277 -0.31756 -0.5198 -0.7254 1.0166 -0.70504 0.46094 1.6761 -0.38887 0.30739 0.067564 0.32283 -0.64142 -0.085714 0.23963 -0.76086
1.2975 -0.47801 0.29558 -0.4578 -0.98814 -0.28255 -1.0697 0.022638 -1.4901 0.58935 0.24574 -1.1769 0.63862 0.4745 -0.18122 -1.5386 1.6198 0.7827 0.027312 -0.01206 0.69463 -0.77489 -0.15072 -0.59068 -0.37058 -0.74964 -0.68342 0.79869 0.51706 -0.42679 0.92168 -0.15156 0.25573 -0.0088483 0.59271 -0.14282 0.31364 0.39746 -0.17551
1.0158 -0.69608 -0.12608 -0.67266 -0.54291 -0.47446 -1.2235 -0.22819 -1.5965 -0.56307 0.51054 -1.5825 0.42325 0.23713 -0.14703 -0.84373 1.3576 0.9401 0.060717 0.12907 0.73218 -0.32108 -0.40845 -0.14521 0.020521 -0.5928 -0.56977 -0.010255 1.044 -1.1551 -0.36576 0.077958 0.18135 -0.32537 0.88929 0.40677 0.57295 0.11824 0.6371
0.72344 0.043533 -0.37216 -0.24048 0.36069 -0.72722 -1.8313 0.63979 -2.0931 -0.77563 -0.43715 -1.0021 -0.021401 0.11419 -0.36201 -0.31433 0.74199 0.60568 0.21938 0.34244 0.46544 -0.062669 -0.11725 0.59001 0.088625 -0.23301 -0.18091 -0.69614 0.84636 -1.3452 -1.4043 0.12763 0.32302 -0.38178 0.99421 0.96858 0.38001 -0.2124 1.1551
1.0167 0.06484 -0.0072717 -0.031311 0.24602 -0.25884 -1.3115 0.44212 -1.3366 -0.26133 0.35994 -0.85567 0.1199 -0.03639 -0.71669 -0.21486 0.067683 -0.37845 0.13991 0.21828 0.25424 0.40386 0.62707 0.36074 -0.31253 0.36831 0.12114 -0.93927 0.3319 -1.4592 -1.7864 0.066182 0.46629 -0.55313 1.2445 1.1726 -0.31026 -0.57712 1.2751
0.9328 -0.60203 0.021907 -0.20347 -0.37099 0.059942 -1.4858 0.16562 -1.426 -0.21883 0.60241 -0.70877 0.38829 0.31648 -1.1333 -0.24367 -0.22755 -1.3818 0.24562 0.58776 0.13402 0.94485 1.4962 -0.042842 -0.66166 0.84802 -0.079329 -0.50147 -0.20264 -1.2292 -1.2362 -0.21523 0.51355 -0.67493 1.5164 0.62033 -0.95762 -0.42542 0.90821
1.2168 -1.0077 0.2216 -0.21862 -0.4661 -0.22782 -0.73436 0.33991 -1.2687 0.36185 0.89706 -1.3681 0.64488 0.34063 -1.4313 -0.2502 -0.85929 -1.661 0.18339 0.93731 -0.25584 1.7819 1.4036 -0.46991 -0.82553 1.1607 -0.50129 0.69691 -0.12842 -0.66637 -0.040051 -0.54149 0.61092 -0.65104 1.1406 -0.080375 -0.77341 0.0027663 0.046108
1.02 -1.3127 -0.43014 -0.644 -1.6368 -0.43929 -1.0025 0.37966 -1.045 1.3264 0.4175 -2.1458 0.99239 -0.20113 -0.89487 -0.68657 -1.0736 -1.2376 -0.22581 1.0083 -0.68499 2.4248 0.88411 -0.98808 -0.55846 1.0049 -1.0167 2.1609 0.40715 0.20944 1.3035 -0.33366 0.15127 -0.45158 -0.28732 -0.7531 -0.2886 0.63192 -1.194
1.2773 -1.4166 -0.57539 -0.78605 -2.0794 -0.1955 -0.63241 0.29459 -0.25716 1.495 -0.37745 -2.1585 1.0393 -0.6021 0.40826 -0.24187 -0.75403 -0.52097 -0.6962 1.2281 -0.69235 2.053 0.76329 -0.77525 -0.37126 0.37322 -0.91629 3.0509 1.242 1.367 1.8065 0.25245 -0.41828 -0.046286 -2.1247 -1.0204 0.44253 0.96149 -2.2494
1.0877 -1.2325 -0.26553 -1.2628 -1.4026 -0.2461 -0.32624 0.13114 0.93854 0.97888 -0.9915 -1.5305 1.1715 -0.88888 1.7984 0.52443 0.084693 0.68933 0.026599 0.74338 -0.59156 0.20588 0.14935 -0.48603 0.42129 -0.90558 -0.64303 2.6898 1.6761 1.858 1.7994 0.90829 -0.83829 0.4894 -2.8876 -1.0493 1.0243 1.2839 -2.4801
0.53964 -0.94606 -0.71626 -1.2246 -1.3084 -0.52611 0.15942 -0.99216 2.0243 0.73111 -0.43516 -1.3228 1.2042 -0.82619 2.6587 1.5076 1.0539 1.0318 0.56315 0.23198 -0.40871 -1.5625 -0.49096 0.21049 0.68466 -1.9299 -0.76926 1.0321 0.85066 1.2055 1.7978 1.2348 -1.2504 0.51866 -1.8774 -1.1977 1.1504 1.3212 -1.5252
0.32662 0.02919 0.18369 -0.79435 -1.0505 -1.2058 0.46307 -0.35193 0.1845 1.5237 0.16027 -1.8037 0.60226 -1.148 2.7733 1.6294 1.4171 1.628 0.95384 -0.17124 0.17423 -1.8201 -0.81504 0.66581 1.5887 -2.3044 -0.68676 -0.8551 0.058913 0.16524 1.3003 0.81539 -1.0542 0.0085274 -0.10092 -1.127 0.8977 0.60663 0.16783
0.40252 1.0578 0.7564 0.18969 0.45413 0.43712 -0.29082 -0.011895 -2.3927 0.85466 -0.056356 -0.96125 -0.71286 -1.7401 1.762 0.8232 0.77517 2.6485 1.2985 -0.81623 -0.013732 -0.86971 -1.411 1.059 1.7983 -1.6706 -0.33965 -2.196 -0.38324 -0.56866 0.0058519 0.19013 -0.38983 -0.51314 1.6668 -0.53732 0.27713 -0.16004 1.4305
0.44094 1.2304 1.1045 0.59451 -1.1023 0.57444 -0.95421 -0.12432 -2.7538 0.37369 0.25478 -1.3502 -0.98238 -1.5631 0.7268 0.97523 0.50771 2.5157 1.2836 -0.84193 -0.78191 -0.35333 -1.8898 0.97195 1.1216 -0.73296 0.38418 -2.4187 -0.61967 -0.74097 -1.3414 -0.38542 0.30575 -0.45896 2.4104 0.49517 -0.48712 -1.0744 1.6516
-0.20858 1.0861 0.8001 0.25518 0.81913 0.83245 -0.42771 0.5412 -0.26645 -0.13421 0.13314 1.1261 -0.86546 -1.1759 -0.22614 1.1006 0.44349 0.61019 0.78036 -0.21359 -1.0017 1.1958 -1.1403 0.64333 0.57024 -0.14204 1.2632 -1.3477 -0.45502 -0.12221 -1.9892 -0.44329 1.1275 0.51285 1.3899 1.3115 -1.3475 -1.2454 0.74458
-1.4208 0.065874 -0.17729 -1.2088 3.1852 0.83932 -1.2711 -0.97417 1.5657 -1.5116 0.95747 0.67987 0.19492 -0.7905 -0.53743 0.30599 0.20114 -0.049699 0.45122 0.13734 -0.29087 2.1972 0.16071 -0.13692 -0.059603 -0.097427 1.6051 -0.10453 -0.56558 0.5219 -2.0563 -0.1983 1.0651 1.5031 -0.28768 1.7216 -1.5128 -1.178 -0.4612
-0.75997 0.27312 1.1749 0.013686 1.4354 0.5336 -0.50508 -2.4456 -0.36337 -1.5386 1.1321 -1.1941 0.26205 -0.033367 -0.0031365 0.28689 0.68383 -0.073069 0.83801 0.94705 0.79025 0.76646 0.49168 -1.1944 -0.2314 -0.64858 1.7221 0.85627 -0.53315 1.0382 -1.2959 0.13123 0.67228 1.8044 -1.7991 1.2059 -1.1323 -0.42969 -1.1545
-0.28803 0.53611 2.2107 0.78313 -1.7443 0.19107 0.25265 -0.60985 -0.0025493 0.95963 0.55048 -1.0785 -0.68377 0.524 0.43209 0.30044 1.3267 -1.2822 0.865 0.70598 1.4183 -0.74286 1.1348 -1.2623 -0.95678 -1.3089 1.1337 0.48712 -0.96025 0.85661 -0.17899 -0.13195 0.12952 1.2694 -1.5837 0.24735 -0.2156 0.79765 -0.69677
-0.28299 0.84585 0.41888 0.53261 0.57717 1.6843 -0.74247 0.69527 0.58571 1.3296 -0.93898 -0.53141 -1.4544 1.0186 0.81707 0.083539 1.7687 -1.3786 0.83854 0.84487 1.8625 -1.1058 1.0655 -1.1523 0.10629 -1.6126 0.23817 -0.83283 -1.7724 0.22197 0.92592 -1.0067 -0.27268 0.00018024 -0.48133 -0.60914 0.73256 1.4583 0.69172
0.044389 1.2173 1.055 1.0717 0.5499 1.8873 0.88842 1.3992 -1.1257 -0.21814 -1.6452 -0.20582 -1.4157 0.56242 -0.077009 -1.4262 1.213 0.25227 0.19301 0.44596 1.7861 -0.18688 0.43334 -0.60134 1.4286 -0.86839 -0.13755 -1.8842 -1.7848 -0.39768 1.229 -1.7506 -0.25941 -0.81054 0.45522 -1.0931 1.5503 1.3246 1.8233
-0.46572 0.86804 0.74599 1.1371 -0.018614 1.4688 -0.18749 1.0306 -0.39251 0.82984 -0.34582 -0.67386 -1.4793 0.34559 -1.2289 -2.2315 1.1286 1.0388 -0.82228 0.5304 0.59626 -0.52153 -0.50417 0.012344 1.616 0.37585 -0.39239 -1.9721 -0.98953 -0.92303 0.38268 -1.9655 -0.67923 -1.1371 0.90576 -0.82931 1.5247 0.11162 1.9866
-0.0085111 0.85225 0.63974 1.3801 0.29164 1.3162 0.21713 0.12686 -0.43249 -0.085205 0.019676 0.25095 -1.1846 0.63744 -1.8977 -1.9474 0.89582 -0.00010334 -1.7794 0.34307 0.36572 -0.082301 -0.5039 1.4009 1.0487 0.9771 -0.33135 -0.67996 0.61846 -1.018 -0.69915 -1.1858 -0.52572 -0.53842 0.52753 -0.64344 0.54945 -0.92831 1.1318
0.058545 -0.090054 -0.31327 1.7684 0.85855 0.23153 0.35197 0.87274 -0.14738 0.38953 -0.11735 1.1342 -0.89437 0.33668 -1.7819 -1.5455 0.21086 -0.46964 -2.077 -0.46325 0.21208 0.7388 -0.30246 1.0385 0.51701 1.0386 -0.60609 0.97817 1.7389 -1.0696 -0.67931 0.11631 -0.51558 0.47956 0.66173 -0.14732 -0.62125 -1.5142 -0.12751
0.077376 -0.86677 -0.96132 2.0467 0.51091 -0.30213 0.95427 1.0202 -0.86827 0.31167 -0.56629 1.2453 -0.48303 0.023352 -1.0086 -0.59417 -0.21902 -0.3941 -1.5319 -0.10985 0.85484 0.28717 -1.0905 0.040364 0.021674 0.83654 -0.41007 1.4803 1.4165 -1.2972 0.076273 1.5937 -0.11502 0.15049 0.22726 0.53947 -1.4223 -1.3451 -0.51241
0.59172 -0.75713 -1.1984 1.4101 0.32315 -0.0077549 -0.17828 1.8216 0.16275 -0.10653 1.4001 0.21566 -0.5812 -0.34515 0.07161 0.40241 -0.29968 -0.12474 -0.71059 -0.27551 1.3324 0.67919 -0.5297 -0.59813 -1.0536 0.21716 0.50931 0.78448 0.12555 -1.3596 0.46948 1.9657 0.54135 -0.83669 -0.20229 1.2857 -1.0512 -0.81732 -0.078424
-0.12888 -0.2366 0.25524 1.0745 -0.79817 -0.74762 -0.3815 1.0598 0.26272 -0.46271 -0.30112 -0.0026431 -0.45208 0.30468 -0.18514 -0.22544 -1.2529 -0.0081834 0.70875 0.017762 0.10612 0.42245 0.81939 -0.74484 -0.99504 0.46648 1.4716 -0.59949 -1.6631 -1.1622 0.74676 1.3354 0.85182 -1.8977 -0.42002 1.8571 -0.70925 -0.3993 0.73058
-0.53537 0.051025 0.28852 1.032 0.0097323 -0.14532 0.16181 1.981 -0.32669 -1.419 -0.5883 -0.17915 -0.62493 1.0425 -0.79352 -1.4943 -1.7909 0.29536 0.7134 0.55391 -1.1534 0.24593 1.613 -0.75779 -0.69872 1.083 1.92 -1.8073 -2.8282 -0.73313 0.97337 0.43272 0.80132 -1.8376 -0.50509 1.2544 -0.32639 -0.056226 1.3805
-0.14225 0.66163 0.52217 1.6101 1.025 0.28691 0.19159 2.3059 0.79396 0.085683 -1.1531 -0.84364 -0.9976 1.7671 -1.6408 -2.8192 -1.6294 0.91342 0.41428 1.1772 -1.8351 -0.37771 1.9802 -1.3544 -1.0047 1.7182 1.3398 -1.6198 -1.7634 0.28152 1.1237 -0.55639 0.33716 -0.58415 -0.0025104 -0.058592 -0.1741 0.29466 1.2769
1.0866 -1.7114 -2.1785 -0.25167 0.61443 1.2911 0.80635 0.21687 -0.16597 2.9878 -0.79434 0.40328 0.27095 2.1026 -2.4165 -3.6947 -1.4788 1.3894 0.30086 0.74556 -1.5055 0.019476 1.6906 -0.96817 -1.1794 2.0749 -0.30768 -0.76056 0.21589 0.89576 0.69043 -0.7886 -0.4648 0.76215 0.068462 -1.8888 -0.14845 0.93345 0.62522
1.5117 -1.9212 -2.9394 -0.50654 0.38809 -0.097167 1.367 -0.82009 -0.28309 2.0191 -0.57968 -0.19172 1.0035 1.9943 -2.2555 -2.4899 -0.91156 1.7231 -0.18644 0.59463 -0.93564 0.52911 0.65926 -0.99634 -0.1507 2.2679 -2.0679 0.75735 2.6918 1.4493 0.059735 -0.74044 -1.0632 1.953 0.060083 -3.3333 0.20166 1.5911 -0.47276
1.9486 -1.9114 -3.0462 -0.2766 1.4045 -0.10202 1.0974 -0.3199 -0.33803 1.6224 -1.4587 -2.1291 1.1201 0.42451 -1.8377 -1.2512 -0.52358 1.2944 -0.54917 -0.085617 -0.03832 -0.065313 -1.9211 -1.2399 0.81567 1.9332 -2.8231 1.54 3.6761 1.6051 -0.77928 -0.2293 -0.84451 2.1779 -0.71773 -3.1546 0.46922 1.9689 -1.2914
1.2253 -2.2814 -2.6593 -0.2237 1.6321 -0.056856 0.29237 0.37235 0.68068 1.0084 -2.1494 -1.5876 1.3041 -0.80873 -0.57832 1.0857 0.53652 1.0919 -0.62793 -0.53455 1.4573 -0.21071 -3.6232 -0.79026 1.316 0.93906 -2.3859 1.3989 2.8177 1.1592 -1.7618 0.2568 -0.14783 1.354 -1.3869 -1.7501 1.2462 1.2979 -1.5146
1.643 -1.8544 -1.5401 0.489 3.2425 0.16638 1.349 1.4295 0.96421 0.03917 -2.0039 0.79479 1.4776 -1.1594 -0.50941 1.5202 0.72699 0.14265 0.070176 -0.37991 1.7889 -1.116 -3.1798 -0.084036 2.1964 0.41662 -0.73551 1.0489 1.351 0.50892 -2.2431 0.624 0.91205 -0.037059 -1.3165 0.42199 1.9677 -0.16771 -1.1441
0.29189 -2.3305 -2.1251 0.0020504 1.7917 -0.083176 0.015803 1.0391 -0.41348 -2.3111 -2.6771 1.1565 1.4396 -1.1544 -0.42521 1.491 0.57353 -1.2462 0.018509 0.44474 0.93886 -1.8532 -2.5973 1.036 1.8633 0.30207 0.3125 0.51657 -0.37597 -0.46228 -2.3715 0.63477 1.4505 -1.5449 -0.71233 2.0938 1.8198 -1.6123 -0.51345
0.61542 -2.4746 -1.3701 0.1939 1.5425 -0.071484 0.44553 1.5979 -0.96157 -2.4646 -1.0483 1.4451 1.4853 -0.61442 -0.043222 1.1173 0.37318 -2.0531 0.37196 1.2469 0.13381 -2.0043 -1.4858 1.9643 0.17797 0.19403 0.70486 0.74241 -0.81043 -0.81231 -1.2849 0.50782 1.6057 -1.9271 0.84712 2.7922 1.0917 -2.44 -0.21818
0.72943 -2.4265 -1.6412 0.51447 0.57736 0.022017 1.0624 1.6066 -1.917 -1.9311 -0.90995 1.3956 1.4365 -0.56015 0.11156 0.56684 -0.15619 -2.586 0.48695 1.5508 -0.91881 -1.2607 0.19868 1.994 -1.0633 0.12714 0.33972 0.74669 -1.1188 -1.0675 0.026132 0.58294 1.0178 -1.6442 2.2241 2.6926 -0.20612 -2.0977 -0.19451
0.64787 -2.3586 -1.2376 0.4414 -0.12517 -0.047761 1.9009 0.87318 -1.9794 -1.9385 -0.2964 -0.195 1.5529 -0.28673 0.5474 0.43398 -0.42106 -1.7702 0.84943 2.2762 -1.2758 0.36166 1.6455 1.7245 -1.4616 0.11201 -0.12977 0.39527 -1.0878 -1.15 0.86948 0.33283 0.12825 -1.0622 2.76 1.6931 -1.0702 -1.1745 -0.24804
0.68681 -1.9995 -1.115 0.35966 -0.33832 0.78449 2.3879 0.86889 -1.1987 -1.4337 0.53528 -0.63835 1.5919 -0.75222 0.61229 -0.30336 -1.0112 -1.3245 0.94253 1.9637 -1.7652 1.6234 1.8385 0.73232 -1.7216 -0.006412 0.019336 0.066264 -0.90433 -0.74549 0.97241 0.023656 -1.0378 0.010998 1.8394 0.4661 -1.1334 -0.30345 -0.40467
0.40507 -1.9307 -1.2883 -0.13808 -0.60434 0.54338 2.7755 -0.19822 -0.9014 -0.23066 0.083229 0.13014 1.5749 -0.7286 0.41334 -0.52447 -1.3328 -0.91866 0.80989 1.2955 -1.6488 2.3364 1.4713 0.36655 -1.9647 -0.18498 0.64024 -0.059083 -0.34815 -0.051426 0.4397 -0.62421 -2.264 0.94405 0.11552 -0.42201 -0.56405 0.40284 -0.62178
-0.052814 -1.8943 -1.6121 -0.54584 -0.45365 0.94025 3.1383 -0.27951 0.10143 0.066582 -0.044947 -0.58781 1.5233 -0.30289 0.29956 -0.68121 -1.0904 -1.0388 0.558 -0.03527 -0.72005 1.6053 1.3322 0.31226 -1.46 -0.4519 1.2467 0.57871 0.91639 0.91616 0.52346 -1.122 -3.1052 1.6711 -1.5461 -0.87284 0.24426 0.87857 -0.97095
-0.072381 -1.9181 -1.886 -0.87356 -0.58653 0.99278 3.1878 -0.61782 0.86775 0.13978 -0.13301 -1.2218 1.4108 0.55157 0.60149 -0.04434 -0.49598 -1.0152 -0.19453 -1.2525 0.14235 0.61149 0.96853 0.76322 -0.76191 -0.78331 1.1735 1.4708 1.9108 1.5031 0.86468 -1.5858 -3.3333 1.715 -2.6597 -1.0785 0.57707 1.4574 -1.1601
0.20605 -2.0474 -1.9334 -0.8995 -1.137 0.88489 2.8754 -0.59275 0.83395 -0.21039 -0.036336 -2.3612 1.2363 0.67346 1.5518 1.1994 0.2341 -0.20937 -0.7807 -2.9726 0.78265 -0.75558 0.15644 1.0512 -0.49652 -1.4534 0.66053 1.75 2.2132 1.3975 1.3634 -1.4879 -2.5663 1.144 -2.5107 -1.0961 0.47799 1.5256 -0.94426
0.60092 -1.8209 -1.65 -0.59547 -1.9302 0.8408 1.379 0.43856 -0.42926 0.38812 0.82279 -1.8912 1.0657 0.72787 2.4096 2.1734 0.7474 0.42216 -1.6679 -3.9023 1.134 -2.0583 -0.33209 1.2095 0.59202 -1.7706 -0.059879 0.91924 1.3953 0.7139 1.2984 -0.75021 -1.1011 0.29549 -1.5245 -0.67376 -0.020961 1.2456 -0.22206
1.3955 -0.98659 -0.83882 -0.18394 -1.5048 0.20662 0.62067 0.88225 -0.42076 0.62143 1.728 -0.43329 0.67541 0.70547 2.5152 2.4243 0.83625 1.0046 -1.658 -3.8432 1.138 -2.3225 -0.44788 1.0946 1.0441 -1.6564 -0.31632 -0.81599 -0.12625 -0.25364 0.54956 0.10691 1.0433 -0.59685 0.2195 -0.058792 -0.54051 0.41999 0.85216
0.34777 0.1198 0.16462 -0.019846 0.084476 -0.48591 -1.5817 0.40621 -1.7525 -0.29631 0.92435 -0.88961 -0.25419 0.44092 1.7599 1.9988 0.49494 1.0087 -1.2425 -3.0203 0.56491 -1.8011 -0.21972 0.70475 1.0626 -1.0809 -0.52736 -2.5193 -1.6666 -1.0643 -0.62068 1.0174 2.5258 -1.0915 1.6248 0.41456 -0.99301 -0.78897 1.694
0.49575 0.57353 0.36258 0.096075 0.18684 -1.1893 -1.6512 1.0442 -2.1938 -0.72904 1.3627 -0.15641 -0.23709 0.29827 0.42637 1.0424 -0.12585 0.61694 -0.77667 -1.3291 -0.17687 -0.42547 -0.021523 0.18153 0.13458 -0.26499 -0.28449 -3.2326 -2.4427 -1.3202 -1.5851 1.3988 3.3296 -1.0767 2.5 0.66107 -1.0346 -1.2112 2.065
1.0059 0.051428 0.11257 -0.10693 0.13895 -0.50384 -1.396 0.80842 -1.7068 -0.37888 1.3405 -0.71849 -0.02715 0.063864 -1.0298 -0.31573 -0.74758 -0.62622 -0.082351 -0.11048 -0.47495 0.39696 0.38641 -0.40127 -0.61794 0.58124 -0.1049 -2.5907 -2.1872 -0.96304 -1.5621 1.3899 3.0038 -0.72827 2.5528 0.64816 -1.0628 -0.91161 1.65
0.97342 -0.76572 -0.099801 -0.35949 -0.79159 -0.24494 -1.2626 0.3625 -1.6252 0.21715 1.2963 -0.88705 0.40333 0.42796 -1.8443 -1.0778 -0.98875 -1.3665 0.54613 1.358 -0.57791 1.8163 0.72936 -0.5067 -0.66442 1.2274 -0.2864 -0.99491 -1.3044 -0.32552 -0.87527 0.80637 1.7366 -0.33727 1.6994 0.25211 -1.1138 0.045747 0.76585
1.158 -1.2149 -0.34576 -0.69661 -1.019 -0.41314 -0.38474 0.28771 -0.5563 0.63647 1.3414 -1.3736 0.71532 0.20699 -1.7158 -1.1134 -0.86354 -1.1418 0.86244 1.6408 -0.75029 2.4265 0.85641 -1.1642 -0.45942 1.1415 -0.35363 0.73655 -0.16101 0.31825 0.33143 0.094645 0.54561 -0.04038 0.87829 -0.32349 -0.90322 0.79665 -0.17908
0.79282 -1.4526 -0.87888 -1.0362 -1.8434 -0.3306 -0.53477 0.17457 -0.5367 0.63426 0.52009 -1.2786 0.82155 -0.24249 -0.9996 -1.0485 -0.68614 -0.88132 0.35772 1.2661 -0.74677 2.1198 0.31361 -1.7567 0.13818 0.83292 -0.48708 1.7531 0.61576 0.64747 0.92197 -0.46042 -0.61517 0.17822 -0.26579 -0.64192 -0.61476 1.0674 -0.8072
0.8145 -1.3262 -0.68782 -0.99234 -1.247 -0.0070028 0.39805 -0.079117 0.71229 0.24613 0.29475 -1.4386 0.91492 -0.18127 -0.1374 -0.64097 -0.33404 -0.1895 0.20421 1.0249 -0.48447 2.0845 -0.1166 -1.656 0.63573 0.45673 -0.19287 1.914 1.0336 0.67654 0.80852 -0.81983 -1.0022 0.30991 -0.9577 -0.55333 0.074649 0.86527 -1.0093
1.0235 -1.2745 -0.73769 -0.76869 -1.1024 0.22153 0.60459 0.083621 1.1088 0.81606 -0.36326 -0.60268 0.96939 -0.17893 0.49165 -0.14414 -0.083599 0.028512 -0.035491 0.43442 -0.35295 1.429 -0.20369 -1.538 1.0098 0.11816 -0.2102 1.9026 1.4211 0.81243 0.39909 -0.63357 -1.1014 0.17428 -1.5942 -0.05503 0.80862 0.43631 -1.3918
0.66308 -1.3219 -1.1311 -1.0715 -1.5539 -0.245 -0.046351 -0.49061 0.65985 0.12381 -1.2297 -0.6063 0.96975 -0.13934 0.95027 0.40073 0.058513 0.045503 -0.56593 0.051225 -0.31715 0.76361 -0.10732 -1.1106 0.9034 -0.31625 -0.67133 1.77 1.1883 0.98587 0.37208 7.3916e-05 -0.96511 0.32017 -2.11 0.151 0.9301 -0.20069 -1.8062
0.90654 -1.0038 -0.71192 -0.8505 -1.097 -0.14254 0.44715 -0.123 1.5509 0.21685 -0.4923 -0.23066 0.97529 -0.60665 1.848 1.1354 0.59065 -0.18294 -0.51204 -0.45081 -0.4807 -0.56194 0.19557 -0.33327 0.90488 -1.2839 -0.7451 1.4008 0.73609 1.3303 0.83055 0.86334 -0.65075 0.7073 -2.1107 0.099121 0.95598 -0.39144 -1.9634
0.81668 -0.67146 -0.5514 -0.95915 -1.3374 -0.53951 0.1013 -0.12438 1.1816 0.46082 -1.0049 -0.1196 0.80045 -1.0731 2.3397 0.98035 1.1207 0.6776 0.4469 -0.46364 0.23066 -1.3431 0.028884 -0.30847 0.25509 -2.0908 -0.65547 0.62786 0.3067 1.3482 1.1979 1.5553 -0.47416 0.9627 -1.5619 -0.13568 0.60594 -0.12969 -1.5085
0.58168 -0.33761 -0.29214 -0.92003 -1.6697 -0.99423 -0.15021 -0.39587 0.67031 0.43211 -1.1308 -0.28983 0.35125 -0.93971 2.2947 0.96526 1.8101 1.3991 1.1781 -0.61077 0.82455 -1.9422 -0.04213 0.064961 0.50148 -2.5259 -0.42969 -0.48105 -0.031428 0.9668 1.2776 1.669 -0.041154 1.0049 -0.44685 -0.43003 0.059552 -0.088077 -0.48391
0.014989 1.0355 0.76001 0.21613 -1.3412 -0.13064 -0.13816 -0.908 -0.38043 0.8726 -0.066207 0.18599 -0.83297 -1.0523 1.8481 1.0667 1.9064 1.6825 1.6841 -0.81833 1.0095 -1.8207 -0.28137 -0.03695 0.82066 -2.4083 -0.25534 -1.258 -0.035885 0.23044 0.81432 0.81412 0.33386 0.53127 0.74646 -0.58465 -0.16327 -0.18809 0.73757
-0.27168 0.99016 -0.46449 0.57095 0.48827 1.3125 -0.15403 0.97906 -0.81166 0.31984 -1.6676 -0.56949 -1.2314 -1.3232 1.24 1.0287 1.9546 1.9036 2.1906 -0.3572 1.1964 -1.2609 -0.59728 -0.33763 0.42478 -1.9952 -0.21174 -1.6021 -0.31966 -0.81159 0.20747 -0.51339 0.55828 -0.083984 1.5502 -0.6501 -0.060127 -0.76415 1.6905
0.10691 0.7599 -0.085019 1.1037 0.5603 0.99268 -0.91422 0.8584 -1.4526 -0.18125 -0.6538 0.61062 -1.377 -1.2992 0.62951 0.87654 1.4519 2.0793 1.5628 0.075683 1.1323 -0.12078 -0.98564 -0.44124 -0.11326 -1.029 -0.057859 -1.2853 -0.35689 -1.3395 -0.71997 -1.7947 0.76932 -0.75525 1.5922 -0.34154 0.49545 -1.06 1.8909
-0.13598 0.80274 0.8555 0.97894 0.72775 1.4219 -0.68793 0.98972 -0.14351 -0.0025788 -0.67327 1.1827 -1.2047 -1.162 0.053659 0.44737 0.52578 1.6299 0.2227 0.05705 0.57909 0.45512 -1.1278 0.1485 -0.64433 -0.17418 0.047565 -0.79965 -0.44067 -1.5359 -1.2535 -2.1005 0.54015 -1.2405 1.4225 0.33236 0.8944 -0.84745 1.6503
-0.99607 0.80588 0.72137 1.2742 0.73859 1.842 -0.062065 0.99736 -0.64732 -0.35647 -1.9217 -0.32156 -1.4263 -1.2242 0.15507 0.6734 0.13901 0.37672 -0.89427 0.51136 -0.2533 0.65656 -0.76718 0.76194 -0.87685 0.083043 0.4752 -0.35643 -0.54847 -1.1417 -1.5465 -1.5852 0.10973 -1.3805 0.9886 0.67598 0.82603 -0.27439 0.97579
-1.0093 0.9618 0.79059 1.0571 1.5685 0.7669 0.16606 0.82454 0.37235 -1.0502 -1.2678 -0.81797 -1.0383 -1.2777 0.055991 0.28666 -0.23181 0.23549 -0.75088 0.50355 -0.68512 1.3303 0.042233 0.93612 -0.9806 0.41773 0.91792 -0.12287 -0.30926 -0.45437 -1.3257 -0.3591 0.12796 -0.81422 0.7189 0.79573 0.18953 0.59352 0.39131
-1.1122 1.1214 0.42024 0.85414 1.5697 0.3855 -0.4883 0.43543 -0.44084 -0.91278 0.3846 -0.80818 -1.2445 -0.45126 -0.0035162 -0.092146 -0.28761 -0.33426 -1.0964 0.070395 -1.0993 1.5121 -0.05716 0.89748 -0.53252 0.43068 1.1155 -0.12308 -0.15172 0.018491 -0.90113 0.54909 0.24052 0.027572 0.10129 0.7741 -0.55968 1.3563 0.0014754
-1.2601 0.9548 0.37117 0.97868 0.39778 0.13977 0.4422 0.78598 -0.22337 -0.7176 -0.47598 -0.94748 -1.23 -0.026344 -0.082932 0.23702 -0.11598 -0.67966 -0.38562 0.53194 -0.69127 1.5326 0.29721 0.48364 0.41319 0.3563 1.0007 -0.13927 0.1631 0.48534 -0.6595 0.7685 0.33624 0.34933 -0.43018 0.61793 -1.1264 1.2527 -0.24804
-1.2882 0.63967 0.83016 0.79076 1.0473 0.82348 -0.37821 -0.29112 1.4294 0.58827 0.52655 -0.029899 -0.69724 -0.0010333 0.0082859 0.40535 0.095049 -0.97395 0.018589 0.97662 -0.20372 0.76635 0.83716 -0.17395 1.2529 0.11681 0.49034 -0.011942 0.24839 0.54929 0.019088 0.87257 0.19697 0.44579 -0.84103 0.23739 -0.93456 0.71385 -0.30051
-0.6364 0.89869 0.76929 0.76584 0.1706 0.11035 -0.39203 -0.51519 1.9631 -0.87923 -0.57635 -0.18895 -0.88098 0.15614 -0.195 0.34505 0.4488 -0.76525 0.22316 0.72129 -0.42139 0.80032 0.97936 -0.87413 0.73653 0.12889 0.011584 0.090348 -0.24567 0.23604 0.42648 0.15942 -0.17468 0.39682 -1.1493 -0.46574 -0.60232 -0.17352 -0.34693
-1.2426 0.85321 1.0063 1.2615 0.32364 1.3539 1.4842 0.64661 1.0058 -0.23914 -1.3754 -0.10495 -1.0962 0.2726 0.034201 0.32353 0.41946 -0.2425 0.3376 0.3681 -0.32337 0.11444 0.13914 -0.36887 0.78742 0.0042291 -0.40817 -0.049159 -0.32591 -0.43396 0.63368 -0.18354 -0.54888 0.17293 -0.9431 -0.55216 0.033375 -0.66861 -0.13148
-1.1439 1.1626 0.96134 1.0385 0.28984 0.15883 1.336 0.69559 0.35227 0.60823 -0.49754 1.2344 -1.0499 -0.13966 0.067972 -0.194 0.13558 -0.17422 -0.22404 0.48548 0.17825 -0.55135 -0.38123 -0.67012 0.26973 -0.21109 -0.435 -0.0081155 -0.085623 -0.8695 0.50166 -0.32205 -0.75284 0.070178 -0.74275 -0.55039 0.59342 -0.62778 0.049931
-0.95141 0.56142 0.55951 1.5267 0.16866 0.63238 -0.069964 -0.71388 1.0636 0.88098 -0.99121 -0.61897 -1.0071 -0.52367 -0.2078 0.050017 -0.56591 0.019883 -0.11829 -0.0044155 -0.15661 -0.53552 0.29767 -0.19924 0.073548 0.050682 -0.1648 -0.055441 0.031417 -0.84297 0.17238 0.033055 -0.48476 -0.027298 -0.38855 -0.45256 0.46494 -0.90044 0.13917
-0.86403 0.96741 1.0423 1.2095 0.40917 0.91601 0.50467 -0.018826 0.81508 -1.0639 -0.36888 0.70341 -0.95803 -0.16061 -0.085501 0.31491 -0.67653 0.12645 -0.18464 -0.5992 -0.3702 -0.43254 -0.31574 0.28768 -0.2338 0.19588 0.22475 0.28935 0.077062 -0.40247 0.11135 0.37714 -0.21644 -0.12406 -0.28057 -0.56356 0.46192 -0.63784 0.094255
-1.4827 0.79828 0.47004 0.66733 0.55936 0.06989 0.64893 0.2433 0.98741 -0.59139 -1.3014 0.12094 -1.0385 0.014949 0.015148 0.12525 -0.74374 -0.034495 0.38786 -0.06029 -0.11605 -0.76053 -0.89172 0.13046 -0.85892 0.05148 0.27855 0.44695 -0.41342 0.4127 -0.032876 0.27869 0.13728 -0.039421 -0.16715 -0.16875 0.42751 -0.83031 -0.17921
-1.4715 0.62789 1.1885 0.0026348 0.031162 0.46822 0.45158 -0.32724 0.66733 0.64579 -1.1624 -0.027056 -0.86075 -0.032991 0.47478 -0.088446 -0.5352 0.088138 0.27666 0.079188 -0.10893 -1.0281 -1.0317 0.13696 -0.61236 -0.041539 0.25449 0.26454 -0.70131 0.93049 -0.1155 0.17341 0.16283 0.09015 0.040862 0.45215 0.73474 -0.25108 -0.27922
-1.132 0.97097 1.4247 0.92128 0.66381 0.95685 0.51168 0.22415 -0.10897 -0.54244 -0.21843 -0.06276 -0.87167 -0.12256 0.31103 -0.53995 0.10186 -0.016874 0.20917 -0.070561 -0.37921 -0.58932 0.28915 0.77616 -1.4885 -0.15258 0.22544 -0.032008 -0.47247 1.2536 0.014839 -0.096205 -0.33849 0.21482 0.59281 0.68861 0.81142 0.46904 -0.21457
-0.80747 1.018 0.55271 0.39662 0.020526 0.85718 0.85044 -0.057503 -0.45915 -1.192 -0.49444 -0.84361 -1.082 0.33328 0.24067 -0.69281 0.5907 -0.10503 0.25359 -0.26993 -0.062784 -0.43382 0.10915 1.5067 -0.45763 -0.20396 0.12879 -0.51668 -0.053616 0.92656 -0.016858 -0.27106 -0.41426 0.43927 0.82555 0.61743 0.18541 0.85173 -0.14652
-1.174 1.2848 0.42051 0.9414 0.60444 0.9192 -0.057852 -0.89671 0.05511 -1.5719 -0.99996 -0.92541 -1.0502 0.20893 0.078151 -0.47675 0.97721 0.10247 0.21247 -0.564 0.29439 0.18332 0.079438 1.1476 0.032783 -0.25288 0.22354 -0.60816 0.65787 0.32111 0.12152 -0.19106 -0.36011 0.83051 0.51151 0.40834 -0.74545 1.0019 -0.023469
-1.5113 1.0429 0.37082 1.0907 0.35721 0.62859 0.70438 -0.15367 0.54154 0.91433 0.92548 -1.6859 -1.1384 0.018559 -0.32604 -0.22594 0.70995 0.0048791 -0.25941 -0.50385 0.45169 0.31431 0.45633 0.34555 0.39731 -0.25456 0.32955 -0.58367 0.8479 -0.38987 -0.0095823 -0.063512 0.060351 0.93334 -0.12968 0.70563 -1.3132 0.35619 0.017642
-0.88758 0.82451 0.17299 1.0803 0.13742 0.47271 0.085185 0.38693 0.083665 -0.15602 0.9416 0.46154 -1.1446 0.40877 -0.4858 0.47673 0.61236 0.18386 0.090241 -0.67509 1.0696 0.10726 1.0334 -0.19348 0.16872 -0.1691 0.65974 -0.18748 0.49187 -0.72821 -0.015575 -0.0092169 0.087355 0.40433 -0.82309 0.27533 -1.5207 -0.055727 0.051075
-1.0566 0.8421 1.2749 1.5613 0.51372 1.2822 -0.45912 0.26163 0.61251 -0.11543 0.15114 -0.051513 -1.0952 0.78262 -0.51393 0.44275 0.036576 -0.15462 0.19276 -0.095163 1.4682 -0.66885 1.2116 -0.55908 0.20721 -0.21372 0.56882 0.39948 0.0438 -0.70359 -0.039783 0.10423 0.13611 -0.017568 -0.66138 -0.23114 -0.92723 -0.25497 0.062205
-1.0417 0.66355 0.64434 1.4753 0.51432 0.29468 0.22804 0.59219 -0.14134 -0.61083 -0.55448 -0.19331 -1.2694 0.9221 -0.15885 0.12266 -0.04446 0.16123 -0.027659 -0.59513 0.61135 -1.0513 0.32361 -1.5698 -0.0017604 -0.18103 0.038165 0.65913 -0.61566 -0.68386 -0.14854 -0.15971 0.18062 -0.41265 -0.18576 -0.74149 -0.13525 0.2622 0.04689
-0.3644 0.64314 0.91792 1.071 0.45594 1.2265 -0.44485 1.1689 -0.10984 1.0447 -1.0141 -1.528 -1.2406 0.70676 0.22492 0.030864 -0.27474 -0.053657 0.010941 -0.27312 0.63403 -0.49373 0.30588 -0.89623 -0.064179 -0.1363 -0.32022 0.72237 -0.5665 -0.33255 -0.119 -0.054455 0.11746 -0.61993 0.33361 -0.52718 0.80535 0.4812 0.1065
-0.56903 0.70002 0.65653 0.89129 0.076703 0.95559 0.46705 1.3806 -0.87891 1.4633 -0.518 -0.37784 -1.3079 0.51416 0.32164 -0.49441 -0.50883 -0.15597 -0.13197 -0.2264 0.62333 -0.3709 -0.15486 -0.30044 0.84044 -0.12306 -0.77216 0.33329 -0.18848 0.10871 -0.18533 0.061288 0.6194 -0.4442 0.40628 -0.36853 1.4232 0.66512 0.070811
-0.3992 0.90486 0.37993 1.2911 0.79337 0.26057 -0.8684 0.23867 -0.84969 0.24439 -1.3146 -0.66712 -1.292 0.46147 0.53531 -0.33211 -0.36244 -0.22575 0.14097 -0.046118 0.17041 -0.31123 0.28667 0.49558 0.78065 -0.050735 -0.86172 -0.084175 0.30969 0.56092 0.25571 0.19363 0.37823 -0.54367 0.21735 -0.49271 0.78678 -0.097377 0.039557
-0.2941 1.1506 0.82164 0.91862 -0.011604 0.94594 -0.31385 1.5461 0.24132 -0.33437 -0.16771 0.76083 -1.2342 -0.22764 0.28249 -0.058781 0.17914 -0.11633 0.033397 0.5284 -0.085417 -0.29244 -0.47791 0.71438 0.95541 -0.096036 -0.63441 -0.42705 0.57514 0.6678 0.36147 0.42262 0.33372 -0.34993 0.068181 -0.11186 0.072638 -0.89782 0.040111
-0.6814 0.97849 0.4971 0.8677 0.41252 0.89696 -0.44426 1.3191 -0.19227 -0.40811 -0.72985 0.87664 -1.3124 -0.34281 0.097529 0.39959 0.39211 0.45304 0.31734 0.1043 -0.14579 -0.078775 -0.62008 0.24688 -0.33846 -0.078257 -0.44275 -0.6754 0.065784 0.39082 0.36265 0.18152 0.12673 -0.25091 -0.15693 -0.061531 -0.73066 -1.0896 0.033426
-0.14961 1.2098 0.30751 0.8948 0.075911 0.78979 0.40417 0.8316 -1.1265 1.6628 0.22099 -0.45853 -1.3321 -0.12832 -0.2171 0.23218 0.32116 0.2446 0.62399 0.36421 0.047683 -0.34555 0.058636 -0.017356 -0.49263 -0.036752 0.028242 -0.54372 -0.31126 -0.046653 -0.04649 -0.10725 -0.18623 0.090256 0.17539 0.019511 -0.84081 -0.69363 0.12044
-0.94867 0.75903 1.0149 1.5552 0.33355 1.1822 0.65871 1.0111 -0.78983 -0.036907 -0.12379 0.11963 -1.3819 -0.31591 -0.41483 -0.35592 0.26478 0.33613 0.21067 0.28792 -0.42523 -0.61485 -0.10947 -0.65786 -0.78943 -0.019852 0.074063 -0.34252 -0.5742 -0.38437 -0.24673 -0.34224 -0.14602 0.30754 0.45053 -0.17581 -0.68912 0.07321 0.12005
-0.84532 0.9361 1.0889 1.4824 1.389 1.0177 -0.53723 0.80835 -0.62483 -0.52911 -0.92365 -1.2821 -1.3489 -0.19003 -0.42674 -0.27797 0.13704 -0.14126 -0.12214 0.062777 0.23036 0.34184 -0.68073 -0.58265 -0.28422 0.091808 0.24575 0.038368 -0.52098 -0.62823 -0.091204 -0.35954 -0.14789 0.31245 0.5328 0.033886 -0.33178 -0.0045859 0.070678
-0.17255 0.73238 0.42825 1.3075 0.45053 1.3547 -0.25186 0.96002 -0.81431 0.39805 -1.094 -0.18398 -1.2542 -0.18513 -0.40473 -0.44341 -0.24226 0.15844 0.014525 -0.038394 0.38802 0.52038 -0.6326 -0.90301 -0.30231 0.073803 0.35779 0.22804 -0.16097 -0.60395 -0.015753 0.018788 0.21935 0.33241 0.27211 0.58537 0.19794 -0.070195 -0.016271
-0.95017 0.67337 0.0041592 0.94139 0.29646 0.97621 0.53609 0.88785 -0.83721 -0.40519 -1.0772 -0.052727 -1.3 0.21699 -0.15086 -0.72072 -0.59992 0.15981 0.011818 0.23022 0.27636 0.20209 0.40468 -0.58086 -0.75871 0.043956 0.15798 0.31782 0.1612 -0.30838 0.40378 0.2174 0.32404 -0.12667 -0.31326 0.84306 0.34204 -0.55594 -0.12211
-0.74121 0.59167 0.42478 1.1828 -0.07964 0.46175 -0.068558 1.8242 0.37441 -0.83709 -0.90423 0.042402 -1.216 0.076515 -0.14368 -0.44504 -0.49672 0.16424 0.1853 0.64133 0.22834 0.023969 0.65964 -0.23827 -0.71207 -0.024797 -0.0064489 0.27781 0.44443 0.042706 0.38302 0.16025 0.23946 -0.22201 -0.34439 0.56567 0.42901 -0.56826 -0.11863
-0.57945 0.69392 0.31053 0.85 1.0857 1.3035 0.46476 1.1327 -0.69282 0.61013 -1.2972 -1.5222 -1.3297 -0.055297 0.011721 0.026372 -0.32251 0.6812 0.22878 0.36938 0.037909 -0.067735 0.55848 -0.19351 -1.2562 -0.078146 -0.20717 0.13326 0.51761 0.20924 0.38125 0.11796 0.0023195 -0.15637 -0.15001 0.042303 0.19279 -0.3614 -0.082928
