39 292
-1.2007 1.4717 1.2522 1.4963 0.1712 -0.82685 -0.59201 0.59683 -0.31935 1.4127 0.85776 0.12968 -1.5185 0.046566 -0.39115 -0.72955 -0.26495 -0.41809 0.78649 0.54783 -0.87638 -0.24343 -0.72235 -1.0282 0.42604 -0.089498 0.13134 0.21792 -0.14038 0.19811 0.57797 0.2341 -0.12877 0.24666 -0.294 -0.23126 -0.01487 -0.27936 -0.018997
-1.0785 1.0455 0.40119 1.0459 0.30638 -0.56669 -0.74802 -0.5945 -0.080063 1.7758 -0.33932 0.82107 -1.5242 0.16583 -0.39265 -1.0051 -0.072735 0.096111 0.96162 0.52708 -0.77414 -0.82316 -1.2357 -1.1332 0.20389 -0.136 0.078957 0.42709 0.12627 0.16542 0.60643 0.13937 -0.35135 0.70393 -0.0040483 0.075218 0.23204 -0.31173 0.019687
-1.0356 1.2138 0.97094 0.93935 -0.45204 0.21347 -0.38559 -0.45562 -0.60165 0.2884 -0.35724 1.6635 -1.4928 0.23828 -0.0020972 -0.83367 0.010141 0.41249 1.1034 0.29775 -0.4336 -0.55808 -0.89544 -0.97748 -0.068353 -0.094571 -0.021331 0.56096 0.44191 0.1263 0.40912 -0.2215 -0.61293 1.1223 0.51781 0.47334 0.82441 -0.29105 0.067533
-1.2637 1.1733 0.43624 1.4928 -0.24425 -0.095548 0.41338 -0.22375 -0.75193 0.42339 -0.27587 -0.25484 -1.6632 0.10344 0.16739 -0.43627 -0.093771 0.30808 0.85857 -0.0015258 0.31239 -0.10626 -0.46234 -0.52472 0.00074619 -0.053608 -0.26969 0.32161 0.35405 -0.038252 -0.045595 -0.91141 -0.85448 1.1185 1.1728 1.0934 1.0962 -0.21189 0.09877
-0.90903 1.1419 0.11974 1.5277 0.84264 0.18276 -0.28188 -0.20118 -1.727 -0.32007 -0.56268 0.28444 -1.6275 0.041712 0.31535 -0.20086 -0.02047 0.24444 0.40597 -0.34872 0.8289 0.42968 -0.15195 0.46944 -0.10207 -0.021059 -0.25716 -0.050263 0.34551 -0.18819 -0.27792 -0.95514 -0.8944 0.56722 0.97568 0.88601 0.8448 0.12451 0.14943
-0.89695 1.6424 0.52578 1.3286 0.69228 0.456 -0.59876 0.053597 -0.37594 1.0134 -0.44373 0.23258 -1.5363 -0.23943 0.017757 -0.66755 -0.1379 0.089176 -0.38844 -0.75975 0.83543 1.0345 0.57017 0.5294 -0.24506 -0.013318 -0.18821 -0.25483 0.30639 -0.15991 -0.42142 -0.78476 -0.45894 -0.3417 0.55145 0.34705 0.50699 0.31287 0.12186
-1.1727 1.3551 0.67992 0.9148 0.070048 0.14995 -0.74191 0.7586 0.0075676 1.0881 -0.20262 0.97185 -1.543 -0.070245 -0.0066219 -0.0796 -0.33479 -0.0081442 -0.052158 -1.0075 0.44112 0.82586 0.35763 0.3412 0.28516 0.12548 -0.030827 -0.32233 0.21584 -0.074632 -0.43545 -0.49305 0.24516 -0.83588 -0.2971 -0.46931 0.027637 0.26965 0.081874
-1.0304 1.2826 0.20514 1.0606 0.11344 0.081242 -0.88844 0.31101 0.2978 0.70523 0.67418 0.89752 -1.5633 -0.19075 -0.10769 0.070664 -0.24956 -0.36695 -0.37861 -0.54665 -0.17875 0.79502 -0.0086374 0.65917 0.42768 0.069365 0.16125 -0.046936 0.3614 0.12085 -0.28791 0.098685 0.81189 -0.74068 -0.68202 -0.70674 -0.015869 0.03243 0.093222
-1.5355 1.0942 -0.24019 1.1504 -0.25936 -0.61162 -0.90783 0.68966 0.33295 0.90701 0.086248 0.14864 -1.6066 -0.03655 -0.17571 -0.16646 -0.11464 -0.35535 -0.52959 -0.020344 -0.33927 -0.061315 -0.76088 0.49418 0.092633 0.070097 0.028987 -0.43534 0.14518 -0.076631 -0.33623 -0.18224 1.2828 -0.24849 -0.01936 -0.12233 -0.25111 -0.44648 0.52519
-0.92617 1.3114 0.63547 1.175 0.67289 0.47898 -1.1153 0.056533 -0.58684 0.50813 -0.31191 0.19159 -1.4859 0.051363 0.028761 0.043094 -0.024429 -0.2862 0.006106 0.23558 -0.25887 0.091628 -0.23622 0.44904 -0.10881 0.16496 0.41198 -0.92156 0.04562 -0.48755 -0.51148 -0.28939 1.2218 0.047081 0.57941 0.58232 -0.54267 -0.68012 1.2413
-1.1124 1.2785 0.46918 1.0562 0.27623 -0.27821 -0.99633 -0.57486 0.0016478 0.057215 0.74492 1.4581 -1.539 -0.13263 -0.82569 0.20967 -0.60117 -0.68883 -0.60449 0.96612 -0.017081 1.1265 0.25605 -0.063138 -0.39805 0.91695 0.95924 -1.5315 -0.15581 -0.85495 -0.90713 -0.4223 1.0677 0.10023 0.8757 1.2261 -0.65711 -0.72462 1.9099
-1.0353 1.4069 0.22294 0.95939 -0.29886 -0.37717 -0.40727 0.28189 -0.22574 0.062323 0.37012 0.32367 -1.4628 0.63689 -1.3814 -0.022288 -0.94534 -1.1718 -0.89787 1.2113 -0.24585 1.3568 0.65448 -0.19816 -0.7621 1.6269 1.582 -1.8728 -0.55865 -0.90439 -0.82624 -0.31257 0.84595 -0.064617 -0.26979 0.5965 -0.76696 -0.86429 2.1244
-1.214 1.2522 0.4991 0.94968 -0.37001 0.37501 -0.5713 0.62972 0.64795 1.2706 0.7948 0.68184 -1.393 1.4804 -2.133 -0.40359 -1.2953 -1.632 -0.87832 1.4563 -0.14528 1.0589 1.2324 -0.56413 -1.108 2.386 1.8041 -1.4545 -0.95712 -0.3428 -0.0969 0.36656 0.26065 -0.14011 -1.8784 -0.69219 -0.41767 -0.59141 1.4787
-1.4465 -0.14358 0.20936 0.096999 -0.78686 -1.4193 0.58497 0.23446 2.3783 1.1841 -0.17512 -0.33544 -0.38361 2.2268 -2.5751 -0.64994 -1.413 -1.3811 -0.45623 1.5427 -0.32459 -0.43028 0.47508 -0.91846 -1.5702 2.8194 1.0823 -0.68445 -1.2338 0.45361 1.0326 0.80016 0.024364 0.42986 -2.5699 -2.1177 -0.15214 -0.077746 0.40864
0.0066319 -0.081413 -0.013218 0.075717 -1.2822 -1.2488 0.24469 -0.37183 1.0478 1.5165 -0.47798 -0.8266 -0.030999 2.4725 -2.7569 -1.1981 -1.0298 -0.77209 -0.17764 1.2641 -0.25879 -1.7775 -0.99126 -0.57034 -1.2454 2.6802 0.098683 0.57633 -1.059 1.4001 2.22 1.1004 -0.45396 1.0518 -2.1394 -2.866 0.32814 0.84951 -0.97346
1.1604 -0.58978 0.24593 -0.38341 -1.2074 -0.17445 0.64804 -0.38456 0.11291 1.9199 -0.60292 -0.36525 0.60883 2.1822 -2.2547 -1.848 -0.21866 0.34522 0.19558 1.3317 0.67191 -2.4162 -2.3765 -0.49177 -0.88146 2.1332 -1.0696 1.2787 -0.59181 1.7613 2.6349 0.6838 -0.77451 1.4583 -0.16028 -2.2354 0.3539 1.5711 -1.8359
1.0699 -0.95888 -0.52297 -0.48227 -1.4215 -0.71891 1.1235 -0.51013 -1.301 -0.20012 -0.27532 -0.83422 0.71406 1.6926 -1.2799 -1.7108 0.77561 1.6962 0.79075 0.6966 1.4637 -2.2717 -2.9575 -0.042063 0.27915 1.1791 -1.681 1.6611 -0.10614 1.4571 2.013 -0.039848 -1.1494 0.97001 1.8462 -0.8297 -0.075127 1.4407 -2.0841
1.0729 -1.2663 -1.2166 0.083459 -0.91318 -0.38096 0.97602 0.67851 -2.0178 -1.4223 -0.075993 -1.2393 0.68805 0.60759 -1.0755 -1.4533 1.0427 2.3604 0.28973 0.36511 1.7359 -0.5182 -2.9162 -0.39183 0.89287 0.64497 -1.3954 1.5816 0.46733 0.64711 0.72421 -0.42441 -1.6131 -0.26168 3.2271 0.81275 -0.56843 1.0584 -1.71
0.72386 -1.2209 -1.6285 0.7085 0.41853 -0.10368 1.5453 1.8441 -0.86104 -1.7407 -0.46242 -0.54491 0.73754 0.099646 -0.44145 -1.5753 1.1165 2.0205 -0.32323 -0.41115 1.1526 0.98229 -2.3291 -0.75152 0.82278 0.10357 -0.79729 1.3538 0.50827 -0.41146 -0.87899 -0.56424 -1.6679 -1.7408 3.2662 1.8611 -0.944 0.065695 -1.0684
1.1859 -1.1546 -1.234 0.98879 1.1945 -0.59421 0.99928 1.5976 -0.55027 -2.1522 -0.46282 0.33323 0.78745 0.35611 0.092408 -1.0566 0.8401 1.5472 -0.052038 -1.1353 0.3028 2.4486 -1.0656 -1.3284 1.0107 -0.053244 -0.19467 1.252 0.34227 -1.1495 -1.9683 0.048724 -1.6477 -2.7318 1.7555 2.0798 -0.85515 -1.1199 -0.75853
1.2131 -1.2955 -1.2143 0.7452 0.97278 -0.60518 0.59278 1.3116 0.21015 -1.7846 -1.4055 0.44393 0.77753 0.32164 0.5052 -0.97587 0.083293 0.43662 -0.09971 -1.6759 -1.3083 2.8154 -0.19419 -1.5722 0.32908 -0.17324 -0.29285 0.79358 0.33378 -1.2802 -1.9256 0.71018 -0.73189 -2.2595 0.26378 1.77 -0.52359 -1.7123 -0.46912
1.2116 -1.0933 -2.0574 0.61901 0.32049 -0.77361 0.15302 0.60937 0.71633 -1.9954 -1.4344 -0.053647 0.68383 0.13425 0.64274 -1.1205 -0.64473 -0.57287 0.24206 -2.0878 -2.5078 2.0912 0.13531 -1.789 -1.2058 -0.42398 -0.65562 0.32459 0.31712 -0.85692 -1.2771 0.39762 0.34919 -0.97078 -0.9881 0.84316 0.19213 -1.6286 -0.29988
1.4651 -0.9088 -1.9611 0.74133 0.50278 -0.36973 -0.31034 0.37117 1.7787 -2.1896 -2.0801 0.12174 0.62661 -0.33657 0.67554 -0.92615 -0.5949 -0.56396 0.80829 -1.317 -1.9699 1.6806 0.57968 -1.6162 -1.6409 -0.45701 -0.68617 -0.15269 0.91568 -0.26675 -0.46643 -0.28196 1.1391 0.66476 -1.5157 -0.012202 0.87951 -0.51791 -0.013576
1.1582 -0.71153 -2.4394 0.32731 0.15279 -0.31402 -0.89406 -0.87329 1.8501 -1.6106 -2.2525 -0.8865 0.54562 -0.54479 0.58157 -0.49448 -0.46569 -0.37116 0.19865 -0.68635 -1.3119 1.0127 0.23245 -0.86329 -1.4029 -0.38749 -0.40088 -0.43654 1.5419 0.14939 -0.32711 -1.3628 1.3908 1.8409 -1.5965 -0.55665 1.4893 0.93186 0.29038
0.90559 -0.64778 -2.5485 -0.10195 0.19104 0.10943 -1.1106 -1.6799 1.5053 -1.6644 -3.1158 -2.1261 0.33458 -0.62635 0.27782 0.38257 -0.52335 -0.55065 -0.62107 -0.2792 -0.57453 0.28798 -0.24137 -0.11476 -0.67169 -0.21116 0.27194 -0.24056 2.4018 0.51803 -0.39827 -1.7428 0.94284 2.143 -1.6038 -0.21131 1.7096 1.8886 0.11615
0.7997 -0.66516 -1.849 0.49355 0.70982 0.32913 -0.18226 -0.22299 1.8131 -1.0634 -2.7286 -1.0761 0.46644 -0.47136 0.088662 1.0312 -0.40242 -1.2026 -1.5708 -0.041134 0.48294 -0.44195 -0.5244 0.69116 0.21152 -0.081991 0.57299 -0.14064 2.3608 0.72922 -0.68435 -0.91598 0.67993 1.6847 -1.3889 0.41663 1.8634 2.0956 0.020719
0.68655 -0.76573 -2.0324 0.20032 0.12005 -1.1041 -0.31253 -0.32101 1.7356 -2.0612 -2.1653 -1.034 0.45821 0.1427 0.51082 2.6748 0.356 -0.90581 -1.5322 0.092825 1.4264 -0.83635 0.5676 1.3108 1.4345 -0.42262 0.65855 -0.14435 1.2869 0.51386 -0.70928 0.37325 0.75105 0.68558 -1.1084 1.0632 1.5419 1.1103 0.14271
0.71414 -0.77492 -1.5439 -0.095838 -0.64664 -1.6581 -0.65806 -0.40559 1.3614 -2.8044 -1.4858 -0.61856 0.51657 0.15336 0.22813 2.649 0.48075 -1.4919 -1.0529 0.37111 1.0629 -1.2364 0.67342 2.4587 1.8551 -0.24677 0.24327 -0.32176 -0.060479 -0.092887 -0.13305 1.928 1.2733 -0.26614 -0.66708 1.5504 0.63951 -0.094921 0.54943
0.98002 -0.69251 -0.93011 0.13431 -1.2104 -2.0312 -0.82931 0.65777 1.0589 -2.4361 -1.3436 0.0045264 0.48614 0.30504 -0.035338 1.9177 0.0096395 -1.7514 -0.22004 0.89041 0.50889 -1.5605 1.2778 2.3452 0.77778 0.10072 -0.54699 -0.59457 -1.6444 -0.84973 0.60801 2.6349 1.9298 -0.82991 -0.027628 1.2553 -0.56937 -1.2481 1.0621
1.3997 0.14692 1.0617 1.0314 -0.16917 -1.1133 -0.7487 0.74245 0.47959 0.75438 -0.87566 0.49187 -0.18465 -0.090496 -0.19104 1.3127 -0.41411 -1.0361 1.2877 1.907 0.40809 -1.4362 2.1976 1.5785 0.31625 0.53427 -1.1729 -0.55676 -2.3225 -1.1669 1.6568 2.4427 1.9512 -0.84596 0.83171 0.50151 -1.7584 -1.5617 1.1104
0.68976 -0.86169 -0.21987 0.46567 -1.5965 -0.59916 0.17425 -0.33093 -0.060706 -1.2442 0.95602 0.30234 0.40179 -0.7609 -0.30812 0.37625 -0.82773 0.010742 2.11 2.8928 0.09055 -0.8041 2.3018 0.55756 -0.40692 0.88217 -1.594 -0.55157 -2.4999 -1.0611 2.0694 1.4865 1.1809 -0.55411 1.5991 -0.9164 -2.0178 -1.059 0.89495
1.1269 -0.96683 -0.57169 -0.057762 -1.6129 -0.58765 1.3047 0.50903 -0.074479 0.065828 0.31032 -0.74223 0.88409 -1.5174 -0.59806 -0.77558 -1.3378 0.75391 2.2415 2.9776 -0.42337 0.049583 1.174 -0.39617 -0.81276 1.1347 -1.1404 -0.082747 -1.6282 -0.59762 1.9711 0.21567 -0.42535 -0.45923 1.7521 -1.5562 -1.5351 -0.3124 0.14502
0.34665 -0.88221 -0.6238 -0.74629 -1.0618 0.16781 1.8739 0.2866 -0.045139 0.54734 -0.54831 -0.40907 1.0162 -1.978 -0.78536 -1.555 -1.5635 1.2604 2.0071 2.5301 -0.18603 0.90719 0.011269 -0.9735 -0.87729 1.2293 -0.50058 0.22143 -0.51487 -0.0028592 1.2214 -0.57214 -2.0041 -0.55841 1.1631 -1.7848 -0.42399 0.64192 -0.60747
-0.15341 -0.76031 -0.55202 -0.74916 -0.23916 0.72407 2.671 0.1135 0.53303 0.58871 -1.1504 -0.78326 1.0863 -1.6246 -0.088409 -0.65913 -1.1956 2.0601 1.7098 1.2763 -0.37415 1.2273 0.30516 -0.92474 -0.12244 0.59388 0.40886 0.37205 0.45616 0.46575 0.20863 -1.1981 -2.7294 -0.66621 0.14443 -1.4713 0.75806 1.1116 -0.97346
-0.62667 -1.0154 -1.0876 -0.85571 0.089026 0.76117 2.3107 -0.058069 1.1084 -0.29514 -1.5653 -0.59822 1.0796 -1.6455 -0.16851 -0.60234 -0.91167 1.6615 1.3 -0.0045933 -1.0533 0.93918 -0.75142 -0.059083 0.54967 0.18607 1.0338 0.26512 0.7688 0.47574 -0.77586 -1.6167 -2.7482 -0.85576 -1.0328 -1.2655 1.2895 1.087 -0.86246
-0.89012 -1.0457 -1.1008 -0.8707 0.63821 1.3705 2.4564 0.28177 1.4359 -0.027995 -0.92608 -0.71732 1.0787 -0.90988 -0.24939 -0.413 -0.78109 0.94292 0.3699 -0.85196 -1.325 0.31267 -1.3152 0.80596 0.74775 0.10631 1.322 0.13342 0.60007 0.35084 -1.1544 -1.443 -1.7594 -0.2896 -1.4568 -1.0375 1.1852 0.71232 -0.33015
-0.59259 -0.90574 -0.87627 -1.2644 0.42077 1.1615 1.8195 -0.88626 1.1758 -0.21823 0.01186 0.08452 1.1123 -0.38528 -0.23425 -0.2727 -0.86901 0.3477 -0.31674 -1.5376 -1.4257 -0.72894 -1.6439 0.96262 0.91079 0.099985 1.4065 0.37726 0.71524 0.3498 -0.69731 -0.88794 -0.64155 0.53901 -1.1007 -0.18957 0.37695 0.34688 -0.082643
-0.99087 -1.1218 -1.2846 -1.4362 0.25392 1.0206 1.3904 -1.0712 0.81778 -0.90108 -0.27826 0.030552 1.0926 0.23796 0.18542 0.27568 -0.5539 0.53026 -0.1566 -1.2502 -0.76861 -0.88661 -1.2653 1.1416 1.1445 0.11254 0.97281 0.5321 0.5436 0.54867 -0.060516 0.04075 0.35017 1.4078 -0.26077 0.69405 -0.36564 0.098625 -0.10816
-0.75808 -1.0695 -0.93802 -1.6661 0.28733 0.55769 1.1621 -1.5473 0.39979 -1.4302 0.16986 0.35373 1.1555 0.43235 0.28026 0.36162 -0.3642 0.54504 -0.092393 -1.0196 -0.25183 -0.69139 -1.1241 0.61342 1.0422 0.053168 0.60856 0.49374 0.29865 0.64876 0.23146 0.54157 1.0537 1.8388 0.835 1.4312 -0.55904 0.015163 -0.21247
-0.72981 -1.067 -1.0766 -1.703 0.41934 0.39428 0.68153 -1.5625 -0.37566 -2.0446 -0.34184 0.20247 1.1763 0.5166 0.42955 0.26715 0.0075891 0.72509 0.30719 -0.48073 0.9086 -0.24363 -0.18363 0.22502 0.85905 -0.040752 0.19326 0.28063 -0.046865 0.48186 0.0028144 0.47932 1.1569 1.7076 1.3989 1.6321 -0.7473 0.067375 -0.3394
-0.24251 -0.66123 -0.60778 -1.2456 1.2873 1.3351 1.1816 -0.29198 0.6479 -1.38 0.5805 1.0512 1.1636 0.62505 0.51298 0.28509 0.082598 0.68301 0.42036 0.016222 1.4199 0.6204 0.65759 0.24975 1.0578 -0.16015 0.1283 0.14295 -0.037052 0.19827 -0.42477 -0.084698 0.80027 0.85474 1.267 1.2124 -0.75609 0.14732 -0.42798
-0.42113 -0.79387 -0.72311 -1.5094 1.0412 1.3072 1.051 -0.50504 0.67936 -1.3896 0.10382 0.72208 1.094 0.50951 0.56673 0.24149 0.13612 0.46182 0.44174 0.36236 1.8169 1.2648 1.0817 -0.2523 1.2491 -0.31994 0.20887 0.064614 0.12091 -0.071051 -1.2083 -1.0826 -0.12006 -0.63073 0.26698 0.033289 -1.0803 -0.10852 -0.57211
-0.20164 -0.59491 -0.9003 -1.3583 0.93898 1.3132 1.0579 0.29951 0.64388 -0.32102 0.12549 1.1538 1.0499 0.68151 0.46925 0.31978 -0.05696 -0.13099 -0.34054 0.026138 1.0064 1.0959 0.65504 -0.74254 1.1251 -0.4876 0.50111 0.30335 0.30266 0.17574 -1.6919 -1.6071 -0.94125 -1.4851 -0.84287 -0.83175 -1.097 -0.67265 -0.76184
-0.32486 -0.73375 -0.93574 -1.5647 0.90903 1.0293 1.3566 0.44425 1.6236 -0.38724 0.16418 1.4971 0.95853 0.88564 0.5724 0.48133 -0.065783 -1.1566 -1.3255 -0.72997 -0.1488 0.04467 -0.091428 -1.5701 0.57358 -0.78718 0.67346 0.7565 0.422 0.61783 -1.6385 -1.2849 -1.3292 -1.9256 -1.5636 -0.97361 -0.65123 -1.0577 -1.0582
-0.11193 -0.43464 -0.51906 -1.477 0.95545 0.99893 1.4706 0.88436 1.7771 -0.46685 -0.59525 2.0247 0.87494 1.3844 1.0474 0.72598 0.512 -1.7105 -1.6721 -1.2091 -0.57341 -0.48018 -0.36753 -1.4186 -0.024165 -1.1392 0.095904 1.2366 0.59378 1.0803 -0.94466 -0.30064 -1.1461 -1.4847 -1.7064 -0.26714 0.30996 -1.3091 -1.2788
0.3936 -0.51079 -0.51225 -1.6566 0.44185 0.083756 0.42695 -0.46785 0.90163 -1.5215 -1.2716 1.6073 0.70712 1.4299 1.6051 0.8154 1.0249 -1.8501 -1.277 -1.513 -1.2521 -1.1103 -0.29789 -1.2836 -0.39314 -1.6792 -1.2683 1.1407 0.5882 1.2328 0.26468 0.41569 -0.53373 -0.77679 -1.1026 0.6165 1.5839 -1.2343 -1.2306
0.79823 -0.015451 -0.039554 -1.2512 -0.50139 -0.24107 -0.023333 -0.84097 0.20171 -1.4487 -1.8364 1.344 0.33869 0.59402 2.1175 1.241 1.4546 -1.5746 -0.94217 -1.7347 -1.4172 -1.7777 0.25788 -0.18949 -1.1288 -2.0783 -2.7746 0.40899 0.43299 0.9279 1.283 0.74673 0.19468 0.034629 -0.24209 1.0015 2.2788 -0.80101 -0.74213
1.1936 0.37312 -0.17327 -0.58614 -1.0733 -0.49568 -0.36698 -0.69789 0.16365 -1.0831 -1.3393 0.49729 0.00044389 -1.1024 2.0348 1.302 1.8113 -0.72911 -0.95264 -1.4807 -1.2837 -1.5408 0.83472 1.2495 -1.4565 -2.2776 -3.3304 -0.63601 0.072727 0.26099 1.8092 0.77655 1.2059 0.83221 0.88781 0.95254 2.1798 -0.45763 0.22988
1.0863 1.0234 -0.14684 -0.13902 -0.74844 0.33882 -0.35615 -1.1044 -0.26645 -0.19735 -1.3813 1.2239 -0.56716 -2.5682 1.5541 1.2796 1.8846 0.14917 -0.4886 -0.88416 -0.48854 -0.76482 1.0628 2.2423 -1.1779 -2.0212 -2.5754 -1.5402 -0.60494 -0.50403 1.8025 0.59401 1.9682 1.0162 1.5959 0.50021 1.2186 0.021398 1.2028
-0.30691 1.2934 0.8709 -0.042975 -0.42335 -0.10646 -0.66872 -1.2545 -0.61491 -0.1363 0.2741 0.058308 -0.85771 -3.2539 0.78606 0.9403 1.3013 0.70281 -0.10332 0.28325 -0.049212 0.16055 1.1999 2.2152 -1.3431 -1.3393 -0.71429 -2.0658 -0.80511 -0.88947 1.0489 0.44926 2.1716 0.99982 1.6529 -0.18096 0.057491 -0.20929 2.0055
-1.7428 1.1813 0.86931 0.53058 0.24042 -0.85644 -0.68408 -1.3129 -0.39223 0.060753 1.0558 0.077782 -1.082 -3.1739 0.064369 0.33828 0.73908 1.1118 -0.30155 1.0226 0.0014935 0.57604 1.0852 1.9767 -1.1683 -0.6279 1.4144 -2.0321 -0.95197 -0.68581 0.035844 0.39636 1.6756 0.84476 0.90618 -0.68083 -1.0064 -0.059543 2.0288
-2.0798 0.80116 0.76932 0.56907 0.017751 -0.54399 -0.82611 -1.0393 -0.10738 -0.46462 1.3518 0.15373 -0.99004 -2.14 -0.81446 0.32645 0.67692 0.76738 -0.24665 1.5835 0.47432 1.1081 0.49272 1.5361 -1.9217 0.22515 2.6756 -1.1135 -0.81281 -0.13983 -0.47426 0.7974 0.44993 0.85144 -0.17661 -0.72056 -1.4505 0.696 1.1071
-1.9911 0.86717 0.63393 0.23212 -0.22408 0.01248 0.94999 -0.6554 0.75376 0.73882 0.58476 -0.8303 -0.77106 -0.45855 -1.1809 -0.12571 0.87885 0.17986 0.28545 1.5609 0.94206 0.57569 0.10175 0.44943 -1.039 0.43311 2.7162 0.090753 -0.65793 0.2011 -0.55028 1.0645 -0.78041 0.92697 -0.88922 -0.379 -1.6489 1.5676 -0.16989
-1.9331 0.73824 -0.074863 0.36167 0.538 -0.68555 0.86224 -1.0697 0.53902 0.83127 1.4765 -0.58938 -0.72967 0.42896 -0.52475 -0.28784 0.95679 0.26758 1.0419 0.82986 1.1862 -0.20719 0.29883 -0.10805 0.0058856 -0.10287 1.8279 1.1468 -0.55136 0.049526 -0.30595 0.65046 -2.0258 0.51283 -1.421 0.046552 -1.2554 2.2495 -1.2127
-1.6357 0.22671 1.1264 0.97083 0.22194 -0.013845 1.2562 -0.41423 0.95332 0.034094 1.4586 -2.0219 -0.42946 0.65854 0.086081 -0.53412 0.97606 0.31681 0.98337 -0.072915 1.5026 -0.57042 0.46162 -0.71444 1.0859 -0.73278 0.5782 1.4615 -0.17368 -0.22371 0.012527 0.25221 -2.025 -0.048035 -1.0119 0.44178 -0.77229 1.5747 -1.4032
-1.2581 0.10868 0.75241 1.3998 -0.2393 -0.060296 0.60704 0.21119 -0.50346 -0.32328 0.97921 -0.4514 -0.7513 0.74641 0.5601 -0.4558 0.71557 0.11584 0.57331 -1.3879 1.2213 -1.1947 0.42982 -0.54955 1.6455 -1.1233 -0.24195 1.0919 -0.34282 -0.59812 -0.085639 -0.44484 -1.1266 -0.49272 -0.57563 0.3018 -0.41514 0.81646 -0.85699
-1.6259 1.036 0.20368 1.547 0.77417 0.82616 -0.082348 0.36137 -0.65763 0.86987 0.76131 0.87915 -1.504 0.47521 0.83359 -0.34393 0.56459 0.27463 0.95746 -1.1171 0.82794 -0.98185 0.93121 -0.95926 1.374 -1.2917 -0.50013 0.54555 -0.10126 -0.89539 -0.38315 -0.8632 0.11603 -0.78513 0.22499 -0.15005 -0.066227 -0.41372 0.099905
-1.3475 1.0292 -0.16414 1.1998 0.21554 0.59035 -0.21246 1.1356 -0.064554 0.86575 -0.22969 1.1995 -1.5565 0.069295 1.0138 -0.99157 0.01217 0.12202 0.21275 -0.76413 0.53594 -1.1736 0.68347 -0.84756 1.5249 -1.1877 -0.4142 -0.15068 0.34144 -0.75306 -0.52317 -1.1674 1.1191 -0.74177 0.85437 -0.54198 0.19973 -1.2157 0.9497
-1.0242 1.2723 0.19382 0.83548 0.030858 -0.011114 -0.69647 0.28084 -0.89767 1.3989 0.69972 0.39709 -1.4902 0.059767 0.81887 -0.43723 -0.39064 -0.41527 -0.44659 -0.19003 0.27173 -0.13956 0.064875 -0.67753 0.2626 -0.53935 -0.15139 -0.4962 0.62757 -0.4027 -0.35972 -1.1132 0.95928 -0.6522 0.62816 -0.69818 0.43774 -1.3955 1.244
-1.4436 1.029 0.24134 1.5834 1.0382 0.93178 0.17367 -0.035884 -0.5054 1.6092 0.19945 0.074067 -1.6268 0.17856 0.31301 0.22191 -0.25323 -0.53287 -0.89347 0.20863 0.012718 0.093979 -0.17837 -0.23096 -0.34271 0.016524 0.17403 -0.72943 0.70998 -0.083591 -0.039308 -0.55334 0.13037 -0.16279 0.66505 -0.33025 0.45391 -1.1856 1.0883
-1.5835 1.1097 -0.27614 1.0918 -0.14621 0.026608 0.19749 0.94452 -1.5106 0.09895 0.066893 0.92647 -1.5722 0.13971 0.32702 0.19879 -0.079623 -0.082624 -0.55863 0.15948 -0.21765 -0.36165 0.013323 -0.2966 -0.60824 0.0914 0.56959 -0.60954 0.16376 -0.20781 0.26305 -0.68909 -1.2807 0.17496 -0.066885 0.010005 0.34581 -0.75635 0.739
-1.1425 1.3313 0.16248 0.80964 -0.68047 -0.46959 -0.10385 0.80271 -0.10511 0.087493 -0.24659 0.42314 -1.4641 0.36101 -0.003935 -0.010819 -0.31045 -0.12338 -0.77257 -0.71742 0.45409 0.2658 0.084621 -0.032311 -0.52113 0.23387 0.92798 -0.78457 -0.05464 -0.35927 0.20406 -0.29932 -1.7054 0.0047909 -0.46976 -0.010406 0.25717 -0.77535 0.79312
-1.2483 1.3728 0.52362 1.2193 0.42754 -0.15639 -0.045146 0.38583 -0.24031 1.4221 0.45259 0.50106 -1.514 1.0448 -0.077272 -0.011722 -0.76652 -0.12758 -1.7976 -2.1298 0.40128 -0.37226 -0.021515 -0.0034722 -1.2411 0.53213 1.001 -1.4701 -0.093744 -0.61225 -0.44716 -0.029674 -0.98225 -0.34928 -0.66917 -0.58915 -0.032889 -0.59747 1.2715
-1.0413 1.3672 -0.017224 1.0322 0.37261 0.11318 -0.24561 0.3064 -1.432 1.3868 -0.59634 -0.25377 -1.4621 1.4769 -0.84467 0.24063 -0.6037 -0.12946 -0.8489 -1.8392 -0.28749 -0.85944 -0.15602 0.20539 -1.6585 1.0626 0.71847 -1.5982 -0.0094786 -0.90676 -0.95318 0.38014 0.5463 -0.38483 -0.26272 -1.3322 -0.5216 0.58376 1.6119
-0.74447 0.94961 0.072589 0.54837 0.054875 -0.85154 -1.7943 1.2272 -0.14716 1.295 1.0222 -0.33022 -1.2801 1.4701 -1.8079 -0.084315 -1.1103 -0.92956 -0.6003 -1.1273 -0.54707 -1.1596 -1.0006 -0.45589 -1.3036 1.7061 0.019373 -1.1848 0.18206 -1.0312 -0.8765 0.66835 2.0235 -0.0087663 1.0554 -1.6194 -0.66693 2.0963 1.4935
-0.13333 1.0001 0.040159 0.38537 0.31671 -2.0695 -2.755 0.81401 -1.7907 0.33 -0.33481 -1.4372 -1.0504 1.5049 -1.9174 0.020765 -1.8787 -1.5288 -0.69862 -0.22369 0.1568 0.11802 -2.0226 -0.8968 0.69143 2.2187 -0.60957 -0.015297 0.20899 -1.0537 0.025301 0.09103 2.4981 0.38903 1.7954 -1.2472 -0.57787 2.3296 0.85755
0.26495 0.15299 0.36961 0.42415 -0.92671 -0.26708 -1.1704 0.024198 -2.2863 -0.37023 0.39646 -0.99297 -0.38501 1.0714 -1.5987 0.44051 -2.1069 -1.0894 -0.67098 0.80456 0.16123 1.2539 -2.2502 -0.8554 1.8965 2.3371 -1.0742 1.1743 0.1594 -0.51903 1.21 -0.16716 1.915 0.30585 2.1578 0.041422 0.051991 1.1756 -0.097544
0.22277 -0.55151 0.09015 -0.58972 -1.5123 -0.78846 -0.80127 -0.32504 -1.1368 -0.60597 -1.3384 -0.89 0.1201 0.53294 -0.96763 0.36931 -2.1264 -0.0064957 -0.67179 1.8196 0.13755 1.54 -1.9606 -0.80648 1.537 2.1163 -1.1445 1.9013 -0.29001 0.25628 2.0525 -0.77677 0.35403 -0.15072 1.3094 1.3925 0.38475 -1.1964 -1.0748
0.31256 -0.071326 0.38139 -1.2756 -0.87549 -1.0569 -0.3461 1.5464 0.5137 -1.223 -0.8881 2.5627 0.35018 -0.061758 -0.22669 0.042659 -1.9857 0.59153 -0.946 1.3914 0.075054 2.4661 -0.92463 -0.35909 0.68023 1.6038 -0.814 2.0773 -0.61501 1.0088 1.8995 -0.91298 -1.1615 -0.54778 0.1226 2.0246 0.65373 -2.9386 -1.5844
0.086934 0.072333 0.52456 -1.4818 -0.45314 -1.4313 -0.25403 0.82156 0.59482 -1.6608 -0.9382 1.5407 0.44984 -0.078697 0.72041 -0.29327 -1.4569 1.5054 -2.0127 0.12027 -0.10247 2.1389 0.080775 -0.28789 -1.2044 0.87383 -0.44498 1.5995 -0.50454 1.506 1.074 -0.44975 -1.8827 -1.282 -0.92688 1.9913 0.7511 -3.5569 -1.5698
0.065155 0.13287 0.38521 -1.7326 0.54368 -2.2697 -0.082982 1.0113 0.63102 -1.4834 0.013883 -0.33771 0.54341 -0.15091 1.188 -0.32997 -0.52132 1.7402 -1.7022 -0.52672 -0.81673 1.1896 0.73954 0.32043 -2.8434 0.43432 -0.05276 0.98938 -0.031743 1.5391 0.38375 0.66669 -1.2751 -1.4215 -1.6918 1.6011 0.77033 -2.2422 -1.1684
-0.064068 0.44924 -0.048291 -1.7021 0.1072 -2.2965 -0.87166 -0.066302 0.98442 -0.64692 -1.0352 -1.2907 0.54647 -0.25599 1.1225 -0.346 0.01181 1.4444 -1.1448 -0.74368 -1.9857 0.29829 1.1522 0.49813 -4.0918 0.20034 -0.04119 0.35589 0.28303 1.1175 -0.39334 1.6962 -0.21754 -1.0116 -1.6133 0.89436 0.77526 0.12372 -0.65339
0.39862 0.53615 -0.061614 -1.4913 0.37295 -2.6581 -0.98159 -0.19792 0.85265 -0.075893 -0.7666 -2.2578 0.53362 -0.068317 1.3058 0.02397 0.21366 1.3426 -0.1812 -0.56896 -1.8321 -0.035267 1.7164 0.9336 -2.545 0.07972 -0.049527 -0.084349 0.36467 0.48039 -0.5419 1.5544 0.62656 0.12959 -1.1838 -0.010658 0.67703 2.0246 -0.33881
-0.055634 0.76431 -0.01016 -1.3887 0.76522 -2.644 -1.2457 -0.65514 1.0541 -0.053607 -0.66504 -2.6164 0.59561 -0.19342 1.2904 0.05499 0.30363 0.95597 0.31576 -0.28416 -1.6221 -0.51203 1.3781 1.1018 -1.1247 0.011402 -0.070038 -0.33346 0.34461 -0.0097554 -0.64225 0.97011 1.0005 1.0914 -0.73537 -0.70243 0.36068 2.7609 -0.20403
-0.16602 1.0775 0.27212 -1.4126 1.1063 -2.2726 -0.89653 -1.4096 0.75982 -0.18467 0.31579 -2.4879 0.54702 -0.27132 0.96527 0.14267 0.24339 0.95541 0.39608 0.38775 -0.73919 -0.80301 0.63104 1.5038 -0.16284 -0.0094115 0.11239 -0.5501 0.3921 -0.39003 -0.89185 0.36106 0.84717 1.2898 -0.41761 -1.0717 -0.20546 2.1195 -0.25299
0.11709 1.3676 0.62122 -1.4072 1.4969 -1.6384 -0.74606 -1.3762 0.39321 1.1177 0.8525 -1.8514 0.54691 -0.28222 0.71964 0.23146 -0.029073 0.41928 0.32235 0.61756 -0.34557 -0.81186 0.33774 1.0184 0.40557 -0.078401 0.49875 -0.32027 0.635 -0.31218 -1.1902 0.21138 0.1216 1.1549 0.071789 -1.0813 -1.0542 1.6274 -0.56645
-0.21608 1.3461 -0.08401 -1.3906 1.1859 -2.2187 -0.78033 -1.2606 -0.063689 0.46111 0.89224 -2.2213 0.55544 0.19175 0.64026 0.65857 -0.37268 -0.079585 0.45307 0.53466 0.11384 -0.73897 0.15265 0.564 1.0504 -0.27676 0.56388 -0.0084679 0.89071 0.65709 -1.345 0.5027 -0.66329 0.68543 0.42788 -0.87269 -1.6468 0.85044 -1.263
-0.20219 1.2079 -0.0017123 -1.3137 1.1334 -2.154 -0.4039 -0.737 0.068849 0.016811 0.76404 -1.9178 0.53476 0.51799 0.9027 0.95995 0.0077286 -0.78106 0.65 -0.15247 0.26523 -0.41137 -0.48552 -0.66358 1.6105 -0.75604 0.10107 -0.021926 0.6792 1.7319 -0.94343 1.1593 -0.67387 0.67608 0.37526 -0.40628 -1.0757 0.48107 -1.9078
0.0028353 1.2681 0.44925 -1.6214 0.89893 -2.372 -0.35003 -0.95228 0.018177 0.41746 0.3966 -1.9862 0.45796 0.39411 0.86728 1.4046 1.4733 -0.99152 1.1299 -0.48175 0.32852 -0.15294 -0.64961 -1.164 0.96812 -1.6822 -0.74316 -0.36527 -0.17133 2.1955 -0.34321 1.5011 -0.17033 0.50277 0.16935 0.18608 -0.018298 0.30207 -2.0341
0.29005 1.684 1.226 -2.012 0.879 -1.527 -0.6596 -0.92833 0.047924 0.25311 0.58609 -0.77073 0.25801 -0.18904 0.5762 1.1014 2.3501 -0.91277 2.0872 -0.14841 0.90145 -0.36059 -0.03539 -0.39907 1.4155 -2.4153 -1.3617 -1.0602 -1.1774 1.8327 0.15354 1.2829 0.34572 0.36707 -0.30692 0.58006 0.67108 0.1525 -1.4184
0.59085 2.2947 1.3662 -0.93478 0.14142 -1.0432 -1.4175 -1.2353 0.059819 -0.68129 -0.85539 0.027959 -0.32385 -0.84954 0.17485 0.28989 2.6442 -0.66722 2.4652 0.19488 0.80281 -0.43506 0.31926 0.42266 1.7461 -2.6882 -1.6655 -1.7313 -1.8715 0.49387 0.50484 0.18915 0.3705 0.044787 -0.11097 0.55175 0.59158 0.30319 -0.043991
0.13491 1.9235 1.6999 1.3279 0.40752 -0.46774 -1.2194 -0.61533 -0.028202 0.34563 -0.57426 -1.7453 -1.2134 -1.4193 -0.59156 -0.6033 2.917 -0.65777 2.3124 0.13115 0.76326 -0.90085 0.19717 0.015495 1.51 -2.5125 -1.2185 -2.0422 -1.7119 -1.3305 0.74581 -1.4491 0.06462 -0.7079 0.98643 0.044554 0.053073 0.26671 1.8693
-0.97751 1.4206 0.39903 1.106 0.20081 0.1942 -0.19261 0.71864 -0.80635 0.52833 1.2888 -0.095781 -1.5203 -2.1218 -1.5595 -1.1212 2.1262 -0.16957 1.3392 0.046485 0.48702 -0.11845 0.34553 -0.069728 1.5213 -1.7018 -0.12028 -1.2552 -0.97034 -2.9762 0.63762 -2.2881 -0.51659 -1.1412 1.6736 -0.50874 -0.55434 0.50913 3.1362
-1.0389 1.2953 0.37404 0.80506 0.49887 0.47949 0.057638 -0.20485 -0.31004 0.62623 1.5103 0.74166 -1.5533 -1.8425 -2.1096 -1.2821 0.059173 0.24332 -0.035825 0.024965 -0.35947 1.4571 0.064583 -0.0085836 2.0529 0.073682 1.2371 0.18019 0.212 -3.3815 0.1445 -2.3352 -1.0025 -1.0357 1.5913 -0.63688 -0.23763 0.11274 3.1437
-1.1666 0.89418 0.27382 1.3933 -0.10669 0.2853 -0.98501 -0.42194 -1.412 0.20635 -0.9052 0.15404 -1.5783 -0.86027 -1.2468 -1.1162 -1.6216 0.082666 -0.58718 -0.73372 -0.92291 1.7468 -0.59038 -0.72635 2.5016 1.0207 2.0096 1.4547 1.2051 -2.3712 -0.5268 -1.6615 -1.1622 -0.093097 0.48832 -0.429 0.42971 -0.98282 2.0258
-2.0027 0.39546 0.42233 0.66779 0.69815 -0.16789 -1.2927 -0.54714 0.85138 0.3408 -0.24013 1.4468 -1.2596 0.28276 -0.42543 -0.20925 -1.6784 -0.51553 -1.0374 -1.3641 -0.6074 1.3616 -0.56302 -0.13663 1.2262 1.1402 1.9134 2.2613 1.6712 -0.67451 -0.66564 -0.53317 -0.78592 0.82344 -0.82891 0.3889 1.2272 -2.0466 0.24942
-1.2688 0.2008 0.0036188 -0.49421 0.51534 -1.3224 -1.067 -1.6902 2.7985 -0.42674 -0.37241 2.0449 -0.16665 0.6026 0.14336 0.53802 -1.5435 -0.79065 -1.2359 -1.4413 0.42409 0.90146 -0.15965 0.94799 -0.12708 0.99672 1.3765 2.0676 1.4948 1.0484 -0.35431 0.42667 0.26427 1.1217 -2.0291 0.81929 1.5332 -2.6029 -1.0487
-0.91104 1.092 -0.017793 -0.68434 0.2927 -0.33619 -1.6774 -0.9163 0.92879 -0.24484 -0.53993 1.7476 -0.73354 1.0318 1.147 0.931 -1.2762 -0.58297 -0.71574 -1.1038 0.61666 0.19724 0.64009 1.8218 -0.89676 0.4853 0.49114 1.4401 0.93986 2.0614 0.40152 1.2077 1.0548 0.77505 -2.4464 0.65931 0.63996 -2.1415 -1.8196
-0.51131 1.1215 0.37539 -0.50554 -0.83927 -0.67583 -1.7697 0.28424 -0.11846 0.059012 2.1615 1.1243 -0.8839 1.3604 1.5809 1.0343 0.17333 -0.55809 0.010039 -0.39341 0.71244 -1.7724 0.44607 1.6196 -1.8527 -0.3218 -0.42284 0.27966 0.24188 2.3285 0.84506 1.2876 1.5079 -0.20875 -1.4085 0.33903 -0.985 -1.1889 -1.7335
-0.74061 1.1314 1.3883 -0.45358 -0.36816 -1.1502 -2.2077 0.37019 0.72765 0.56167 1.7139 -0.27927 -0.74619 0.8325 1.3753 1.2578 1.395 0.12236 0.53177 0.052459 0.80111 -2.2439 0.45723 0.93311 -2.3715 -1.0995 -1.3437 -0.83259 -0.53495 2.0106 1.2708 0.88109 1.4879 -0.54425 0.089989 -0.20094 -2.2979 0.13713 -1.1649
-0.38089 1.8792 1.1302 -0.31821 -0.04202 -0.61469 -2.3774 -0.34803 0.051253 1.3296 1.0812 -0.25179 -0.9776 -0.089563 0.52517 0.82529 1.5631 0.44921 0.47915 0.76384 -0.086769 -0.72857 0.6245 -0.69422 -1.8781 -0.97259 -1.6734 -1.2873 -1.2066 0.93194 0.9944 0.52116 1.3018 -0.57188 1.4154 -0.39614 -2.1248 1.4987 -0.39117
-0.17435 1.7216 1.008 0.78857 0.23933 -0.33033 -1.0477 -0.31785 -1.0856 -0.10087 1.7136 -0.18405 -1.1811 -0.7685 0.23123 0.078785 1.8636 1.3106 0.64208 1.0636 -0.074633 -0.1553 0.18078 -1.9293 -0.62732 -1.0446 -1.3301 -1.2961 -1.2265 0.021356 0.20169 0.10945 0.84567 0.061469 1.9342 -0.52934 -1.2572 2.2306 0.30241
-0.28627 1.6666 1.2655 1.1177 0.52155 -0.31852 -1.1912 -0.13174 -0.76659 0.07681 0.59957 -1.1179 -1.4309 -0.98502 -0.083667 -0.54971 1.7125 0.7226 0.88641 1.5011 0.0040407 0.023909 -0.17002 -1.4852 0.35064 -0.97091 -0.5515 -0.73417 -0.788 -0.706 -0.17705 -0.0018834 -0.17093 0.86091 1.4422 -0.24811 -0.007906 2.0881 0.52442
-1.4096 1.3463 0.95452 0.79796 0.037617 0.080636 -0.92349 -0.60332 0.37892 1.3617 -1.0822 -0.67957 -1.6338 -1.2193 -0.57204 -0.26438 1.3537 0.3621 0.50373 1.2355 0.87854 1.266 -0.16199 -1.343 1.1047 -0.6162 0.27226 -0.57848 -0.44344 -1.8726 -0.46912 -0.21093 -0.64589 0.63887 0.86162 0.20984 1.1487 1.2976 1.2055
-1.4914 1.4058 0.74958 1.7358 1.1862 -0.35756 -0.89111 0.69399 0.035493 0.34743 -0.20415 0.37284 -1.6554 -0.89817 -0.34515 -0.41832 0.46156 0.58401 0.51951 0.33898 1.1614 1.4553 0.33295 -0.97414 1.5515 -0.34875 1.0969 -0.28715 -0.23917 -2.66 -0.028501 -0.73759 -0.84319 -0.27975 -0.1999 0.13833 1.5088 0.071292 1.946
-1.3768 1.4385 0.68804 1.4388 0.252 0.24262 -0.22844 -0.22456 0.28498 0.34774 0.1217 0.18225 -1.5509 -0.29532 -0.63849 -0.77784 -1.0967 0.48836 0.4129 0.42247 0.62651 0.85346 0.36773 0.31397 1.4314 0.56827 1.4627 0.01895 -0.35714 -2.6526 -0.068656 -0.98518 -0.34971 -1.3839 -1.294 0.062471 1.2411 -1.132 2.0253
-1.392 1.2608 1.0439 1.6195 0.41783 -0.008685 -0.54701 1.2304 1.5816 0.57711 -0.64742 1.2772 -1.5494 0.6218 -0.54287 -0.71382 -2.1528 0.60082 -0.44779 0.31852 -0.43085 -0.18467 -0.13719 0.95899 0.30775 1.5413 0.79647 -0.0012435 0.030073 -1.5206 -0.09109 -1.5721 0.11459 -1.6786 -1.0855 -0.21919 0.6941 -1.8336 1.5229
-1.0785 1.4206 0.50309 1.1078 1.3466 0.41402 -1.0387 1.1818 0.4995 0.64839 -0.076061 1.1248 -1.6352 0.77813 -0.43183 -0.75121 -2.4154 0.21915 -0.84684 0.57444 -1.0987 -0.53388 0.22145 0.38778 -0.64401 1.6696 -0.078138 0.32286 0.30893 0.18078 -0.14328 -1.7568 0.051274 -1.5235 -0.17266 -0.37196 -0.071671 -1.9733 0.43213
-1.0741 0.66784 0.09647 -1.169 0.83369 0.14552 -0.39075 -0.13549 0.46011 1.2985 0.78393 0.32258 -0.64116 0.068451 -0.44234 -0.36469 -1.7923 0.54167 -1.7625 0.45511 -1.3399 -0.050708 6.603e-05 0.51084 -1.2338 1.5305 -0.83241 0.43292 0.69528 1.517 -0.49412 -1.3837 -0.11798 -0.78527 0.3528 -0.27659 -0.40209 -0.96187 -0.66988
-0.65327 0.99557 0.19197 -1.2981 1.0492 -1.1427 -0.358 -1.4648 -0.39009 0.31973 0.49809 -0.33605 -0.046862 -0.16163 -0.11745 -0.38024 -0.93885 0.24234 -2.1808 0.42853 -1.9721 0.42651 -0.4076 0.41426 -1.9101 1.2646 -0.87748 0.5099 1.0374 2.2138 -0.30106 -0.3293 -0.71237 0.29005 0.23975 -0.50838 -0.21787 0.51164 -1.4438
-0.66145 1.223 0.070945 -0.15625 0.93561 -1.0735 0.28778 -0.42896 -0.30752 0.62085 -0.057124 -0.30485 -0.53972 -0.47111 0.063181 0.37282 0.00044001 -0.3495 -2.3468 0.15107 -1.568 0.034138 -0.34165 0.11188 -1.0776 0.67779 -0.17184 -0.163 0.61909 1.4541 -0.44141 1.2715 -0.85789 1.4391 -0.077679 0.11205 0.11877 1.7567 -1.4583
-1.878 0.91328 0.79294 -0.02739 1.0355 -1.8545 -0.10766 -1.1685 1.7151 0.4277 0.69149 -0.83559 -0.53408 -0.59973 0.21289 0.77202 0.91122 0.090915 -1.1847 -0.61933 -0.40376 -0.10512 -0.58292 0.14928 0.30992 -0.20397 0.66547 -1.2272 0.025263 -0.023516 -0.57236 2.1579 -1.0254 2.003 -0.4395 0.37171 0.57755 2.1307 -0.61613
-1.2874 1.2278 0.18446 0.22234 1.0546 -2.2096 -0.54321 -1.4187 1.9295 0.036994 0.05648 -1.1631 -0.48348 -0.031858 -0.88345 0.19327 0.053974 -0.22173 0.048618 -0.63737 0.7592 0.046561 0.33368 0.92881 1.2658 -0.058274 1.5468 -2.0045 -0.91969 -1.263 -0.90448 2.474 -0.72489 1.9426 -0.55533 0.18464 0.60691 1.4439 0.58905
-1.3818 1.1698 0.88973 -0.25959 0.54774 -2.2132 -0.72883 -1.4923 -1.1248 0.68791 0.59257 0.044834 -0.59484 0.87552 -1.7759 -0.23224 -1.0179 -0.90817 0.55822 -1.1052 0.87755 -0.47745 0.011779 1.2772 1.3019 0.65226 1.6697 -2.0248 -0.89019 -1.5804 -1.2549 2.0547 -0.064152 1.4794 0.053035 -0.15104 0.20915 0.32732 1.5418
-1.4674 0.87824 0.93901 -0.25838 1.3052 -0.99141 -1.1271 -0.67368 -0.038775 -0.05798 1.0162 0.98342 -0.59007 1.707 -2.4296 -0.77883 -1.4559 -1.5643 1.2989 -0.97504 1.6835 -0.91086 -0.25017 0.88242 1.3885 1.1908 1.0839 -0.89905 -0.21814 -0.61408 -0.99749 1.4877 0.44517 0.74589 1.1562 -0.80084 -0.71442 -0.91611 1.5853
-0.3362 -0.23904 -0.088189 -1.0663 0.55088 -0.96658 -0.5046 0.46145 0.4612 1.432 1.92 1.1145 -0.07727 1.678 -2.5366 -0.34227 -1.3613 -1.6145 1.9373 -0.59079 2.0982 0.46848 -0.56287 0.65219 0.89904 1.6316 0.15261 0.25965 0.74507 0.19933 -0.74918 0.685 0.93444 -0.20975 1.6242 -0.64848 -1.4129 -1.7579 1.0023
-0.033927 -0.66084 -0.0083867 -1.2713 -0.53774 -0.99316 -1.4925 0.14984 0.13925 0.0087689 1.7002 0.35708 0.13727 1.6112 -2.0626 -0.13448 -0.9552 -1.7588 2.0652 -0.0877 1.6431 1.8918 -0.92986 -0.26374 -0.45642 1.9815 -0.78924 1.2811 1.6587 0.70768 -0.25003 -0.071351 0.97373 -1.381 1.2466 -0.35482 -1.6539 -1.9836 0.20541
0.045309 -1.1445 -0.12611 -1.57 -0.85804 -0.597 -1.5268 0.80963 0.40081 -0.36217 1.1523 0.65069 0.60636 1.2148 -1.4983 0.80791 -0.89473 -2.2318 1.4074 0.1679 0.4771 1.3826 -0.89936 -1.1558 -1.442 1.8568 -1.0696 1.5971 1.497 0.85776 0.038661 -0.43718 0.98236 -1.7931 -0.17348 0.44403 -1.5101 -1.4652 -0.56409
0.33826 -0.66936 0.56934 -1.1924 -0.4427 0.40899 -1.0925 1.3537 1.846 -0.54593 0.93124 0.48717 0.8393 0.45704 -0.70639 1.6637 -0.34421 -1.733 1.4075 0.43546 -0.2736 1.1325 -0.7549 -1.7377 -1.5745 1.4076 -1.0171 1.3342 0.82285 0.98255 0.39301 -0.41238 0.92188 -1.3694 -1.231 1.0767 -0.65368 -0.6324 -1.1367
0.22062 -0.71159 0.90499 -1.3168 -1.1392 0.66832 -0.60061 0.62694 1.6985 -0.47108 0.29967 -0.42378 1.0977 0.24584 -0.42136 1.4833 -0.035019 -1.559 1.4381 0.95353 -0.53681 0.48653 0.24905 -1.8257 -1.6024 1.0212 -0.5952 0.75228 -0.34744 1.1187 0.74409 -0.21282 0.90044 -0.37022 -1.4165 1.2612 0.30685 0.10512 -1.2118
0.24967 -1.1403 1.4928 -1.8496 -1.8163 0.14119 -0.87088 -0.14667 1.5301 -0.61843 -0.27973 -1.024 1.0851 0.18531 -0.26615 1.0311 0.48514 -1.3571 1.2674 1.2129 -0.59425 -0.153 0.64067 -1.3033 -1.7126 0.58901 -0.049425 0.24313 -1.0859 1.0123 0.82965 -0.29461 0.68546 0.4274 -1.2825 0.9123 1.0752 0.62745 -1.0046
0.25061 -1.167 1.4764 -1.442 -1.7762 0.54546 -0.36311 0.11803 1.525 0.19578 -0.43077 -0.86986 1.1683 0.23433 -0.39832 0.50723 0.821 -1.0181 1.0613 1.4327 -0.10475 -0.84135 0.91069 -0.68334 -1.1825 0.33607 0.043048 0.24332 -1.1567 0.91021 0.98043 -0.26524 0.28522 0.75254 -0.65995 0.13147 1.2805 0.89313 -0.66995
0.30894 -1.1483 1.2081 -1.2218 -2.4117 1.0827 -0.43373 -0.066187 0.52691 0.21795 -0.99568 -1.4463 1.1617 0.37386 -0.28563 0.19695 1.1549 -0.44013 1.0296 1.4496 0.36644 -0.80036 0.73535 0.031894 -0.51266 0.15054 -0.05905 0.26714 -0.83135 0.29046 0.79371 -0.4725 -0.32196 0.44104 -0.070339 -0.45309 0.88812 0.82386 -0.34572
0.39497 -1.0912 1.0574 -0.59598 -1.895 1.419 0.38587 0.62308 0.99186 0.34003 -0.2873 -1.46 1.2222 0.2367 0.020998 -0.1829 1.3621 -0.16913 1.0447 1.3446 0.49043 -0.53181 0.48588 0.28878 -0.38055 0.17431 -0.30209 0.30068 -0.3992 -0.44408 0.40781 -0.85568 -1.0917 -0.16491 0.44533 -0.69969 0.23357 0.41208 -0.16662
0.63154 -1.0372 1.4439 -0.32592 -1.6611 1.6279 0.97799 1.0964 0.82214 0.67281 0.0023002 -1.1349 1.2183 0.077074 -0.0016686 -0.11758 0.76227 -0.28613 0.38281 0.63723 -0.0084519 -0.46152 -0.013324 0.14947 -0.43516 0.12068 -0.49724 0.19469 -0.052033 -1.2346 -0.077697 -1.2687 -1.8118 -0.6871 0.54059 -0.60095 -0.42747 0.071533 -0.1032
0.60095 -1.2537 1.4145 -0.41842 -2.0306 1.3589 0.82507 0.42663 0.60714 0.26572 0.1302 -1.2233 1.2095 -0.18182 -0.0076628 -0.046295 0.16133 -0.32904 -0.21172 -0.21231 -0.2481 -0.12527 -0.066753 -0.20995 -0.39532 0.087325 -0.3886 0.22326 0.33902 -1.5313 0.077824 -1.249 -2.0115 -0.51413 0.7801 -0.28342 -0.40749 0.23269 -0.12395
0.34215 -1.0902 1.1267 -0.23743 -2.2119 1.4187 0.56275 0.32781 0.88117 0.27052 -0.33626 -1.6895 1.2918 -0.34877 0.076513 0.046839 -0.61125 -0.51181 -0.69698 -1.1624 -0.64143 0.073849 -0.14576 -0.60715 -0.38433 0.031471 -0.18665 0.52162 0.44138 -1.2487 0.62441 -0.74449 -1.539 0.16961 1.0181 -0.075185 0.13521 0.43311 -0.13705
0.30308 -1.1575 1.1974 -0.71379 -2.4005 1.087 0.097278 -0.10168 0.40614 0.15508 -0.676 -1.6967 1.2611 -0.27775 0.37954 0.36156 -0.88485 0.086036 -0.73413 -1.5174 -0.22362 0.76068 0.019649 -0.17838 0.048591 0.023268 0.042026 0.68977 0.45785 -0.8511 1.154 -0.3673 -0.75817 0.74654 0.88557 -0.39613 0.90414 0.74419 -0.18016
0.1391 -1.1017 1.1313 -0.88075 -2.5086 0.99097 -0.54343 0.12693 0.61127 0.32531 -1.1069 -1.9314 1.2382 -0.22221 0.72264 0.49061 -1.1083 0.68179 -0.74828 -1.5933 0.31882 1.1353 -0.1791 0.45449 0.21235 -0.063826 0.068508 0.71416 0.28355 -0.3412 1.3942 -0.29287 0.20867 1.1371 0.46379 -0.86352 1.4617 0.95836 -0.1947
0.19136 -0.96441 1.4122 -1.3162 -2.1699 0.63054 -0.71193 0.039668 1.3421 0.28166 -0.66488 -1.5763 1.2377 -0.16189 0.88041 0.57378 -1.2239 1.2507 -0.88581 -1.4278 0.76733 1.1168 -0.80437 1.2325 0.8198 -0.15029 -0.13622 0.50786 -0.18102 -0.061582 0.87477 -0.56666 0.70697 0.82318 -0.5059 -1.2172 1.3025 0.7755 -0.2102
0.47024 -0.63855 2.0698 -1.2259 -1.3016 0.88185 -0.69852 0.9286 2.0447 0.68733 0.37778 -0.72996 1.2514 -0.27364 1.0797 0.46692 -1.1011 1.5364 -1.1842 -0.84007 1.1412 0.81852 -1.408 1.8589 1.1869 -0.1902 -0.30388 0.24473 -0.60388 0.2524 0.18522 -0.77913 0.8373 0.33459 -1.2357 -0.99561 0.62803 0.34225 -0.1735
0.15178 -0.49728 1.5663 -1.6997 -1.4197 0.46786 -1.2871 0.67171 1.9492 -0.45589 0.67712 -1.476 1.1519 -0.50434 1.0949 0.057912 -1.0135 1.3074 -1.5819 -0.6002 1.0143 -0.1125 -1.7363 1.9487 1.1396 -0.2467 -0.35842 0.071864 -0.7697 0.55434 -0.41115 -0.72961 0.79192 -0.029767 -1.4058 -0.38704 -0.43909 -0.35958 -0.17044
0.041315 -0.31719 1.5659 -1.8278 -0.8974 0.20574 -1.3521 1.2179 1.7645 -1.2442 1.0614 -0.55542 1.1425 -0.61889 1.0505 -0.33306 -0.73855 0.99875 -1.8561 -0.47093 0.86545 -0.75241 -1.6474 1.4763 0.73382 -0.29026 -0.12408 -0.047109 -0.36132 0.79706 -0.42076 -0.24525 0.78027 -0.1464 -1.0269 0.39844 -1.4226 -0.73441 -0.20216
-0.11311 -0.15835 1.6669 -2.0819 -0.81373 -0.5637 -0.87714 1.4504 1.1821 -1.7055 1.6491 -0.20759 1.0779 -0.65984 1.0287 -0.40827 -0.35327 0.7376 -1.9148 -0.16066 0.84523 -0.943 -1.4211 0.51043 0.27479 -0.37002 0.18771 -0.1799 0.093614 0.94276 -0.092587 0.44288 0.86985 -0.16001 -0.24667 0.74015 -1.9959 -1.0075 -0.23401
-0.42909 -0.044679 1.223 -2.1291 -1.0695 -0.97064 -1.4374 1.3027 0.55239 -1.5938 1.5446 -0.55991 1.0235 -0.42535 1.039 0.057847 0.084543 1.0212 -1.4934 0.37023 0.93207 -0.84787 -0.75595 -0.4489 0.0718 -0.44887 0.45014 -0.37134 0.19465 0.89985 0.32042 1.2079 0.91477 -0.37436 0.3787 0.62125 -1.9871 -0.74442 -0.20561
-0.24326 0.15902 1.3512 -2.0192 -0.63257 -1.2941 -1.3175 1.4181 0.95486 -1.4698 1.5818 -0.60833 0.99366 -0.24366 0.79522 0.044523 0.36914 1.1164 -0.97549 0.57588 0.66002 -0.57388 -0.69975 -1.3477 -0.64218 -0.53851 0.57924 -0.6836 -0.022232 0.7124 0.5634 1.6977 0.93555 -0.83158 0.60109 0.45516 -1.3907 -0.089159 -0.070603
-0.30653 0.43146 1.6036 -1.6066 -0.36895 -1.1663 -0.98625 2.2459 1.0632 -1.7023 0.76736 -0.75078 0.86029 0.024447 0.52795 -0.19435 0.61242 1.4102 -0.13333 0.841 0.20758 -0.18575 -0.75983 -1.8348 -0.37593 -0.53185 0.40488 -1.0392 -0.61855 0.48235 0.13603 1.849 0.8334 -1.338 0.49391 0.28894 -0.57399 0.80078 0.09585
-0.34342 0.51232 1.7397 -1.7232 0.10409 -1.1892 -0.65106 2.03 0.649 -1.9221 -0.1306 -1.0753 0.71754 0.20972 0.10043 -0.30999 0.73676 1.6032 0.4968 1.3228 -0.45917 -0.074653 -0.49785 -1.755 0.28693 -0.43912 0.2352 -1.1916 -0.88897 0.24402 -0.31637 1.7004 0.77134 -1.8358 0.27365 0.63382 0.13114 1.5375 0.24286
-0.28603 0.31187 1.4605 -1.5508 0.37385 -1.1443 -0.50574 1.9554 0.69655 -2.6309 -0.56162 -1.251 0.6566 0.11419 -0.41754 -0.87309 0.8151 1.0301 1.1399 1.5256 -1.1898 -0.11408 -0.26277 -1.4485 1.2379 -0.34379 0.014272 -1.1367 -0.94592 0.12642 -0.81566 1.3253 0.52224 -1.885 0.11319 1.3773 0.52523 1.1745 0.31273
-0.12753 0.30491 1.0303 -1.4096 0.65081 -0.71691 -0.038773 1.2608 0.77124 -2.5651 -0.55142 -0.37899 0.64367 0.15831 -0.80161 -1.2142 0.72674 0.70368 1.4846 1.647 -2.3202 -0.07022 0.32467 -1.2288 1.7068 -0.24339 0.0023194 -0.70529 -0.6529 0.10252 -1.0663 0.73207 0.043087 -1.502 -0.034228 1.9452 0.6324 0.13955 0.236
-0.12856 0.050961 0.93311 -1.1593 0.86476 -0.40094 0.20227 0.4968 0.61965 -1.6693 -0.58434 0.035139 0.68829 0.081123 -0.99495 -1.4435 0.85164 0.31347 1.7807 1.6291 -2.6393 0.028154 1.5653 -0.93896 1.3185 -0.12916 0.22507 0.071188 -0.015301 0.084571 -1.1081 -0.21379 -0.40395 -0.69372 -0.35753 2.0762 0.83009 -1.2925 -0.052617
-0.22309 -0.17167 0.49588 -0.87703 0.31615 0.22057 0.74708 0.23636 0.94749 -1.8664 -0.67453 1.1808 0.63473 0.23473 -0.83246 -1.1952 0.90702 -0.058728 1.4952 1.3302 -2.7444 -0.22675 2.4422 -0.62049 0.50834 -0.16822 0.38323 1.056 0.86119 0.38848 -1.3134 -1.2264 -1.5887 0.90351 -0.92625 1.3093 1.4177 -2.1639 -0.70163
-0.14823 -0.27709 0.47169 -0.92566 0.66198 0.48256 1.1513 -1.1467 0.72202 -1.3337 -1.6608 0.83002 0.55229 0.50375 -0.26967 -0.89786 0.87919 -0.68799 0.71676 0.91183 -2.368 -0.76836 2.7905 0.061452 -0.86585 -0.4633 0.4963 1.3028 1.1238 0.50323 -1.0878 -1.9017 -2.3172 2.149 -1.2795 0.062828 1.7021 -1.6618 -1.044
-0.2528 -0.48875 0.038074 -0.70253 0.62142 0.8121 1.2518 -1.3324 0.61743 0.48405 -1.4966 -0.27084 0.60305 0.67249 0.68553 0.085653 1.4479 -1.2828 -0.2605 -0.96976 -0.64573 -1.5507 2.3146 1.348 -1.708 -1.193 0.35403 0.60787 0.53123 0.24323 -0.88316 -1.949 -2.1634 2.9963 -1.0669 -1.0433 1.5656 0.015228 -0.70895
0.23403 -0.34922 0.17214 -0.37894 0.35489 0.39835 0.98486 -1.7698 0.25989 0.69151 -0.98881 -0.54961 0.48537 0.80056 0.52621 -0.035544 1.5354 -1.1353 -0.85847 -1.5511 0.61705 -1.9005 1.7782 1.7649 -1.0407 -1.2793 0.22113 -0.23743 0.06163 0.15295 -0.19838 -1.0877 -1.1194 2.7847 -0.22922 -1.7676 0.81958 1.7903 -0.19401
0.5599 0.25414 0.10791 -0.32021 -0.40742 -0.067699 1.0956 -1.8844 -0.55101 1.3244 0.12578 -1.3049 0.11801 0.75684 -0.16208 -0.65145 1.0363 -1.5092 -1.321 -1.4827 1.7666 -1.8228 0.9202 1.9226 0.60016 -0.88854 -0.086342 -1.5284 -0.48474 -0.35325 0.55804 0.025688 0.42729 1.5794 0.48863 -1.5313 -0.3129 2.5728 0.83778
0.44817 0.85522 1.4337 1.045 -0.97202 -0.65605 -1.9412 0.70309 -1.5851 0.70988 1.7153 -1.3867 -0.67441 0.88192 -0.25158 -0.40519 1.3699 -0.95455 -0.77538 -0.93455 2.0053 -1.1063 0.033981 1.5657 1.6593 -0.92286 -0.25474 -1.6395 -0.24574 -0.42993 1.1407 0.90094 1.2749 0.091741 0.57474 -1.3067 -0.99549 1.786 1.2517
0.56748 -0.35816 -0.23914 0.6072 -0.39404 -0.33726 -0.27708 0.53162 -1.2366 0.47148 0.53847 0.84243 -0.24039 0.47339 -1.5824 -0.59529 0.84831 -0.32318 -0.28024 -0.50441 1.8247 -0.97504 0.19819 0.80544 2.2412 -0.033544 -0.70565 -0.1145 0.47607 -0.28269 1.5163 1.5326 1.9307 -1.2858 0.97589 -0.70772 -1.3616 0.32401 0.67495
0.61309 -1.0213 -0.91428 -0.30458 -1.0684 -0.88768 0.14592 0.64295 -1.371 0.72812 0.44392 1.595 0.2131 0.46688 -1.6142 -0.49637 0.80049 0.4231 0.24997 0.30971 0.77149 -1.1781 -0.40742 0.21442 1.8091 0.29086 -1.2869 1.7784 1.1546 -0.14776 1.0581 1.0966 1.0504 -1.4971 1.0984 -0.60897 -1.0417 -1.1543 -0.45598
1.099 -0.23164 0.15956 1.5469 -0.23477 0.30682 0.37304 0.6322 -0.46698 0.81944 0.9625 0.9991 -0.4338 -0.35983 0.32787 0.26912 0.77344 0.66336 0.95491 1.4647 -0.1934 0.1679 -0.22667 -0.29755 1.1689 -0.41736 -1.2236 2.3787 0.48303 0.018693 0.70872 0.7034 -0.11096 -1.1434 1.6263 -0.55367 -0.70064 -1.6292 -1.2631
0.6837 -1.8672 -0.13141 0.43472 -0.33444 -0.28695 -0.25814 0.55612 -1.9849 1.4652 0.7013 1.5378 0.50904 -1.1198 1.9028 1.2669 1.1176 0.5474 0.59503 0.013416 0.014085 0.52396 -0.9268 -0.09119 -0.22129 -1.4559 -0.551 0.72843 -1.3741 -0.62592 0.12199 -0.085073 -1.1863 -0.69268 1.8054 -0.29299 -0.85799 -1.2286 -0.37649
1.0779 -0.48989 0.1401 1.2903 -0.08034 -0.035075 0.36813 -0.13796 -3.0959 -0.20785 1.1415 0.41806 -0.18449 -1.0325 0.81536 -0.58934 0.71809 0.94948 0.81336 -0.5836 -0.088046 1.4395 -0.6065 -0.51721 -0.14347 -1.172 0.92997 -1.3773 -3.0628 -0.88002 0.0015701 -0.23569 -1.1397 -0.28399 1.621 0.02073 -0.87038 -0.8372 1.0353
-0.56697 1.7322 1.3838 1.8082 -0.16612 0.77345 0.70163 0.75171 0.20438 0.40903 0.54517 1.318 -1.4152 -0.2299 -0.5794 -2.5442 -0.37531 0.50584 0.13919 -0.89324 -0.66951 1.8127 -0.76879 -1.4894 -0.10526 0.0699 2.0668 -2.7948 -3.4288 -1.3448 -0.0031006 -0.24176 -0.20468 -0.10676 1.0918 0.77472 -0.78814 -0.26368 2.4842
-0.67225 0.85172 0.44854 1.4089 -0.0066887 -0.18248 -0.63164 0.74256 -0.29804 -1.0489 0.19796 0.75235 -1.3487 0.94986 -0.82456 -3.3619 -0.16914 0.68234 0.72473 -0.22252 -0.421 2.7785 -0.23946 -1.4387 -0.64944 0.47227 2.4806 -2.3336 -1.6009 -1.1325 -0.05944 -0.4653 0.096078 0.18427 -0.46442 0.63547 -0.079831 -0.53335 2.7915
0.3362 -1.6771 -2.6533 0.68867 0.52431 0.64762 -0.69278 0.30771 0.87184 0.9673 -0.17575 1.525 -0.23461 1.7836 -2.1425 -3.5465 -1.0159 0.67034 0.1701 -0.56875 -0.033707 2.0429 0.43995 -1.2939 -0.54131 1.6845 1.6149 -0.60684 1.0228 -0.44586 0.19514 -0.17144 0.35229 0.65729 -1.3868 0.59874 0.62155 -0.67227 1.8392
1.499 -1.7111 -2.7309 0.60172 0.1299 0.01605 -0.81635 -0.9629 0.58526 -0.29005 -1.5288 0.66737 0.55166 2.6343 -2.4641 -2.9761 -1.1332 0.7501 -0.081771 -0.58816 -0.037048 0.37647 0.065323 -0.75625 -1.0567 2.4731 -0.11817 1.1889 3.19 -0.096474 0.11676 -0.56232 0.24096 0.70505 -1.928 -0.13298 0.7072 -0.63534 0.51306
1.8325 -1.2039 -2.7742 0.92567 0.59084 1.1153 0.53524 0.32996 1.3088 0.7972 -0.55354 -0.050127 0.30976 1.9718 -0.80954 -0.87159 -0.75269 0.83601 0.20231 -0.076258 0.45524 0.20677 0.28271 -0.46463 -1.3205 2.0036 -1.7732 2.1811 3.5025 0.37507 0.058762 -0.42034 0.44131 0.7648 -1.3051 -0.40209 0.46116 -0.24952 -1.0119
2.0014 -1.0177 -2.2544 0.18365 0.64237 0.012666 -0.61803 0.63398 0.25872 0.2648 -0.49684 0.22911 0.47473 0.63743 0.5905 1.0926 -0.49249 0.81543 -0.3492 -0.041659 0.74694 -0.20096 -0.39717 -0.30332 -1.6023 1.1326 -2.5833 1.4195 2.4471 0.26068 -0.20669 -0.71707 0.32166 0.50883 -0.59591 -0.55792 -0.24556 0.37747 -1.4427
1.946 -1.0194 -2.0002 0.35725 0.80276 0.35128 -0.91454 0.73166 0.48222 -0.26438 -0.59028 -0.0019358 0.77379 -0.55173 0.14192 0.77716 -0.62689 0.74397 -0.49333 -0.042295 1.1064 -0.31059 -0.094814 -0.49913 -0.81225 0.74333 -2.0894 -0.1942 0.55993 0.22891 -0.30218 -0.62993 0.60033 0.12216 -0.43472 -0.79688 -0.74537 0.88917 -1.0149
1.6763 -1.0817 -1.682 0.30954 1.2231 0.41915 -0.71631 0.91847 0.49957 0.21966 -0.93157 -0.82216 0.91006 -0.96262 -0.45621 0.64549 -0.7053 0.40067 -1.0759 -0.027938 0.65658 -0.57781 -0.81865 -1.2365 -0.55656 0.80509 -0.98773 -0.80122 -0.50771 0.41685 -0.4441 -0.053664 1.018 0.092563 -0.39597 -0.84629 -0.5284 1.3103 -0.57849
1.3426 -1.2421 -1.703 0.11196 1.2722 -0.010131 -0.3729 0.54788 0.75498 0.091579 -1.257 -0.81855 1.0143 -1.1571 -0.61652 0.37887 -0.21622 0.46745 -0.61628 1.0123 0.74485 -0.49291 -1.0496 -1.5696 -0.029751 0.55123 -0.040066 -0.13002 -0.18047 0.72282 -0.74431 0.32052 1.1136 0.12633 -0.59584 -1.1254 0.45731 1.1488 -0.46314
0.93367 -1.4466 -2.2813 -0.1163 0.89425 -0.28639 -0.27613 1.211 0.18846 -0.017447 -2.0552 -0.15884 1.0149 -0.91507 -0.41915 0.38438 0.091376 0.10948 -0.41161 1.3032 1.1129 -0.91982 -1.5601 -0.87338 0.69181 0.30836 0.38134 0.57695 0.26325 0.74928 -0.84948 0.67244 0.92902 0.2646 -0.70427 -0.52533 1.6723 0.67269 -0.44322
0.9978 -1.5574 -1.7316 -0.16141 1.0292 -0.58769 0.057728 1.4374 0.0032247 -0.96667 -2.1082 -0.68013 1.0371 -0.64682 -0.095024 0.59322 0.34866 -0.52209 -0.26234 1.3422 1.1311 -1.3524 -1.9139 0.33234 0.91462 0.25527 0.49161 0.85576 0.71686 0.26723 -0.99683 0.54081 0.2523 -0.30754 -0.72467 0.42907 2.1027 -0.17205 -0.20778
0.77971 -1.5007 -1.5774 0.23985 1.4901 -0.27674 0.6139 1.6897 -0.39683 -1.5385 -2.6833 0.3873 1.0638 -0.49583 0.29744 1.0277 0.4367 -0.715 -0.043593 1.5138 0.99332 -1.5794 -1.3951 1.4366 0.3367 0.24841 0.28852 0.72921 0.58045 -0.33914 -0.88984 0.54922 -0.12227 -0.98176 -0.3502 1.7641 1.5514 -0.69537 -0.099452
0.99749 -1.291 -1.3944 0.6528 0.91776 0.24559 0.66792 2.349 -0.66806 -2.2329 -1.1295 0.56301 1.1111 -0.43722 0.52578 1.3684 0.1144 -1.0093 0.16731 1.3552 0.18803 -1.6356 -0.26219 1.8243 -0.23553 0.25192 0.082468 0.38768 0.13543 -0.98204 -0.67607 0.3242 -0.30766 -1.5368 0.25256 2.374 0.44587 -0.91096 -0.17404
0.78439 -1.1824 -1.0902 0.4813 0.27818 -0.23341 0.98458 2.026 -1.2872 -2.009 -0.058126 -0.047697 1.1996 -0.47266 0.55035 1.0609 -0.44694 -1.3337 0.3566 1.0483 -0.38318 -1.496 1.1117 1.7448 -0.19982 0.15345 -0.026947 0.015906 -0.37798 -1.2092 -0.243 0.080464 -0.32086 -1.646 0.8268 1.9838 -0.91051 -0.63981 -0.28817
0.54356 -1.0473 -0.81553 0.26192 0.37257 -0.38693 1.6205 1.8674 -1.4572 -1.2826 0.3437 -0.62303 1.2269 -0.49906 0.46288 0.83448 -1.0935 -1.4954 0.10745 0.98182 -1.2604 -0.8971 1.5309 1.1667 -0.73013 0.027256 0.12333 -0.08365 -0.71836 -0.78805 0.23079 -0.10543 -0.28781 -1.106 1.2344 0.83091 -1.6589 -0.30083 -0.37323
0.44287 -1.0775 -0.66318 -0.2769 -0.16806 -0.098159 1.2761 1.2191 -2.0819 -0.23753 -0.42549 -0.54973 1.2086 -0.51153 0.36494 0.62236 -1.2774 -0.93601 0.10871 1.0828 -1.581 -0.29436 1.6385 -0.16108 -0.76766 -0.096717 0.6148 -0.0118 -0.54783 0.0057567 0.2584 -0.42889 -0.64417 -0.35722 1.2596 -0.20734 -1.5171 -0.068854 -0.39481
0.51716 -1.0672 -0.68209 -0.56029 -0.20124 0.19985 1.398 1.0702 -1.8504 0.3375 -0.14573 -0.084178 1.1247 -0.18153 0.48092 0.29866 -0.98365 -0.77662 0.072316 0.78168 -1.4295 0.23939 1.1353 -0.75762 -0.60153 -0.21606 0.95575 0.28797 -0.3993 0.85647 -0.17307 -0.79932 -1.1121 0.38108 1.0875 -0.88988 -0.22215 0.14452 -0.41267
0.30924 -0.96745 -0.73957 -0.81148 -0.43878 -0.068401 1.9954 0.052619 -1.2932 -0.41576 -0.57168 -0.53322 1.0915 0.52996 0.52905 0.3487 -0.49825 -1.2094 -0.43866 -0.070617 -1.0148 0.46223 0.92678 -0.52308 -0.43381 -0.35237 1.006 0.55639 -0.26696 1.3349 -0.76973 -1.2155 -1.5811 0.59181 0.88202 -1.2729 1.3136 0.0236 -0.36866
0.39586 -0.8627 -0.58953 -0.67648 -0.17852 0.16529 2.2371 0.47119 -1.1837 -0.16751 -0.99613 -0.88976 1.0773 0.78338 0.89129 0.26034 0.14619 -1.6906 -1.1118 -0.53067 -0.78027 0.9043 0.1606 0.90048 -0.62502 -0.50087 0.66547 0.64601 -0.15996 1.3427 -0.72255 -1.2044 -1.6022 0.54 0.6855 -1.0774 2.0697 0.016906 -0.26131
0.60036 -0.59661 -0.69983 -0.61717 -0.72822 -0.45524 1.8959 0.2175 -1.233 -0.15188 -0.84389 -1.1291 1.0254 0.90374 1.1383 0.17032 0.70128 -1.9387 -1.5564 -1.2224 -0.72009 1.1388 -0.35429 1.8632 -0.73421 -0.54011 0.020391 0.50264 -0.096449 0.82346 -0.22285 -0.62444 -0.96333 0.11999 0.63676 -0.91882 1.6109 0.10954 -0.060654
1.4459 -0.6156 -0.21861 -0.44453 -1.5442 -0.95084 0.77257 0.51313 -1.2658 0.90291 -0.28864 -0.8756 0.85419 0.88834 1.3111 0.11051 0.97508 -1.7825 -1.6055 -1.6431 -0.49517 1.2706 -0.31947 2.5273 -0.44348 -0.53684 -0.53258 -0.11246 0.16304 -0.074766 0.70422 0.4577 -0.23072 -0.078894 0.51481 -0.39937 -0.23403 0.20676 0.24186
1.1545 -0.11775 -0.537 -0.15583 -2.3692 -1.2931 0.6443 -0.17373 -0.55963 -0.34346 1.8006 -1.1257 0.68498 0.51996 1.2039 0.26134 0.6535 -1.5895 -1.3637 -1.3269 -0.91722 1.5504 -0.61626 2.1555 -0.32496 -0.42912 -1.0882 -0.61759 0.36668 -1.0429 1.5945 1.3442 0.69774 -0.08706 0.27023 -0.14597 -2.0804 0.38907 0.48303
1.2504 0.053027 -0.6502 0.2521 -2.1212 -1.5463 0.31132 -0.37057 0.12512 -0.86127 2.2646 -1.2216 0.6872 -0.023144 0.67066 0.52267 0.019829 -0.53893 -0.39316 -0.92848 -0.84013 1.724 -0.46907 0.2816 -0.42875 -0.1688 -1.2007 -1.0389 0.75215 -1.6638 2.1268 1.6964 1.1112 0.19694 -0.035467 0.0051923 -3.1559 0.62759 0.60851
1.1736 0.30064 -0.56769 0.26721 -1.9633 -1.6758 0.37325 -0.342 0.33108 -0.60521 2.11 -1.2404 0.68691 -0.68484 0.38988 0.64102 -0.82141 0.44851 0.28009 -0.3031 -0.7224 1.4447 -0.54138 -1.4545 0.036736 0.04793 -0.98876 -0.99653 0.94157 -1.6429 1.9599 1.5184 0.80937 0.64171 -0.32649 0.048355 -2.5356 1.0161 0.49387
1.0276 0.18756 -0.083588 -0.26303 -2.1644 -1.3915 0.71976 -0.8698 0.63395 -0.65749 1.0756 -1.3828 0.73666 -0.76536 -0.085115 1.2958 -1.4743 1.2137 0.66205 -0.10945 -0.19829 1.24 -0.32128 -2.4196 0.64776 0.19674 -0.4798 -0.53263 0.9049 -0.96546 1.0964 0.90877 0.042841 0.73594 -0.35749 -0.21741 -0.56369 1.0749 0.22058
0.83385 -0.23058 0.12875 -0.85833 -1.4645 -0.76099 0.13806 -0.64455 0.90185 -0.075098 -1.2227 -1.6497 0.85862 -0.96604 -0.14761 1.5931 -1.7463 1.234 0.87127 -0.25224 0.047361 1.1224 -0.56957 -1.9128 1.2131 0.17745 0.1746 -0.060812 0.86433 0.12763 0.12071 0.44618 -0.80867 0.6339 -0.11683 -0.1842 1.4196 0.49994 -0.042787
0.49151 0.018503 0.26455 -1.3958 -1.2796 -0.80662 0.35049 -0.58938 0.68662 -0.55656 -1.188 -0.40813 0.7917 -0.78159 0.018906 1.6985 -1.37 1.1359 0.95446 -0.89523 0.2493 1.1527 -0.85748 -0.67039 1.1811 0.12008 0.69358 0.2608 0.63265 1.215 -0.9006 0.14766 -1.0482 0.089644 -0.0037087 0.13581 2.4456 -0.25428 -0.21908
0.38477 -0.053533 0.88499 -1.5246 -0.79588 -0.81574 0.46332 -0.36441 1.5311 -1.4432 -0.29112 -0.20524 0.8436 -0.34396 0.24013 2.0181 -0.63704 0.71076 0.92774 -1.4351 0.32366 1.2409 -0.61042 0.75193 0.77789 0.020011 1.2754 -0.048579 0.27154 1.9955 -1.6681 -0.0050811 -0.81245 -0.40244 -0.21968 1.1294 1.8345 -0.89769 -0.26271
0.20114 0.1123 1.0505 -1.5396 -0.85528 -0.64222 -0.14659 -0.34966 1.7094 -1.612 0.26706 0.25738 0.82196 0.23328 0.18411 2.242 0.28541 -0.23175 0.87957 -1.4884 -0.15716 1.1613 -0.0081313 1.5339 0.3118 -0.071846 1.5413 -0.50344 -0.61885 2.2303 -2.105 -0.383 -0.062742 -0.67095 -0.90221 1.8049 0.4576 -0.70109 -0.38008
0.45591 0.31789 1.3942 -1.3023 -0.90536 -0.32676 -0.97403 -0.24136 1.8716 -1.4332 0.80896 -0.38742 0.80942 0.93133 -0.30662 1.8258 1.2318 -1.2399 0.87402 -1.4876 -0.55616 0.66337 1.2541 0.95772 -0.23781 -0.14346 1.4086 -0.72554 -1.9227 1.9767 -1.5605 -0.97966 0.67026 -0.3372 -1.5695 1.7995 -0.95335 -0.10292 -0.54406
0.75394 0.1612 2.3411 -1.1571 -1.3292 0.04383 -1.2773 -0.51522 2.3037 -0.7675 0.93866 -0.85092 0.78865 1.4861 -0.57733 0.68594 1.9501 -1.8723 0.25274 -1.0067 -0.65556 -0.38879 1.7881 0.24036 0.2104 -0.40218 0.81794 -0.56969 -3.0269 1.2564 -0.33887 -1.5394 0.93245 0.42116 -1.805 1.2263 -1.6043 0.35145 -0.69781
1.0625 -0.16619 2.4976 -0.56174 -1.8284 0.19728 -1.3091 -1.0825 2.196 0.043404 0.47236 -0.66118 0.76813 1.6852 -0.63605 -0.67493 2.3006 -1.4233 -0.58292 -0.45045 -0.10315 -1.1592 2.0587 -0.61982 0.58839 -0.68025 0.021303 -0.066352 -3.3058 0.29882 0.88372 -1.7481 0.69872 1.0807 -1.5128 0.31807 -1.3173 0.27009 -0.70415
1.5523 -0.40347 1.9524 0.17833 -2.7736 -0.032952 -1.1008 -1.2749 1.4581 0.97808 0.2493 -0.23726 0.64536 1.4001 -0.63631 -1.9791 2.1446 -0.78532 -1.2438 -0.29386 0.4599 -1.5771 2.0287 -1.0947 0.59913 -0.914 -0.59366 0.24039 -2.5004 -0.65401 1.541 -1.29 0.14321 1.3104 -0.5655 -0.65808 -0.61136 -0.38568 -0.40577
1.9876 -0.45061 1.1105 0.80328 -2.7459 -0.89795 -0.82974 -0.90388 0.73629 0.34053 0.37299 0.63892 0.39221 1.0185 -0.38453 -2.8184 1.6982 -0.11778 -1.6128 -0.56556 1.0513 -1.8034 1.7853 -1.1754 0.099809 -1.0082 -0.95238 0.24442 -0.95205 -1.3317 1.3539 -0.40657 -0.081484 1.1533 0.34428 -1.5121 0.20944 -0.571 0.16577
1.9818 -0.18086 0.17773 1.0033 -1.8341 -1.3231 -1.2219 0.1158 0.23402 1.2322 -0.62708 0.57239 0.16179 0.70604 -0.27558 -2.76 0.99413 0.38295 -1.6263 -0.70377 1.3927 -1.2184 0.65496 -0.76546 -0.37089 -0.88316 -0.93705 -0.07791 0.72516 -1.5223 0.64229 0.3993 0.39285 0.6484 0.78047 -1.8162 0.83048 -0.32285 0.88304
1.8785 -0.35339 -0.17924 0.89522 -1.7434 -1.3919 -1.7756 0.27943 0.32323 1.676 -0.60784 -0.54369 0.027644 0.2436 -0.38189 -1.9969 0.32373 0.54688 -1.1635 -0.41803 1.741 -0.6567 -0.20518 -0.30413 -0.13582 -0.42941 -0.88357 -0.4924 2.0584 -1.3904 -0.37953 0.73622 1.4455 -0.31425 0.82943 -1.9597 1.3609 0.1442 1.4612
1.9223 -0.39029 -0.23248 0.83399 -1.9169 -1.5083 -2.0782 0.4068 0.058051 2.0557 -0.72609 -1.0044 -0.018104 0.027814 -0.76518 -1.0636 -0.084618 0.091611 -0.76067 0.34195 1.414 -0.58954 -0.52544 0.2846 0.021435 0.2064 -0.87749 -0.49136 2.695 -1.0317 -0.85481 0.74304 2.3332 -0.98953 0.50624 -1.4098 1.186 0.53394 1.6595
2.1394 -0.63983 -0.46307 0.85854 -2.0044 -1.7218 -1.773 0.4414 0.62537 0.34556 -0.29594 -0.53295 0.051685 -0.30146 -0.99007 0.075213 -0.42673 -0.69426 -0.71918 1.5788 0.41067 -0.45819 -1.4564 1.2545 0.17502 0.7786 -0.88171 -0.27862 2.2779 -0.75066 -0.75471 1.0089 2.1453 -1.2942 0.29335 -0.95684 0.62417 0.1433 1.3452
1.9171 -0.80549 -0.37102 0.80118 -2.201 -1.6111 -1.0416 1.5319 0.15921 0.24028 0.031043 0.77767 0.30997 -0.66908 -0.82002 1.099 -0.60953 -0.61699 -0.50955 2.6159 0.074705 -0.30935 -1.4689 1.0343 0.55191 1.1605 -0.9944 0.21575 1.3651 -0.67325 0.078497 1.8016 1.3285 -0.99177 0.36461 -0.39621 0.10285 -0.4756 0.73738
1.9975 -1.1335 -0.3019 0.77094 -2.2361 -2.0206 -0.2746 1.1841 -0.60136 0.26834 0.47087 0.53136 0.58494 -1.0636 -0.83203 1.0613 -0.85566 -0.53012 0.53787 2.4136 -0.1831 -0.21757 -1.5914 0.69264 -0.13155 1.2402 -0.83387 0.57813 0.1207 -0.46307 1.2313 2.5345 0.28943 -0.50748 0.55673 0.15186 -0.46075 -1.1002 0.081224
1.359 -1.0673 0.4295 0.26214 -2.7192 -2.2156 0.60018 0.031071 -0.18708 -0.48546 1.246 -0.38826 0.81009 -1.4589 -0.45967 0.92906 -1.1641 0.15313 1.8933 2.3742 -0.27678 0.012982 -1.2124 0.8168 -0.83701 1.1532 -0.43143 0.70297 -1.0228 -0.18188 1.926 2.5435 -0.62443 -0.27504 0.43022 0.32569 -0.49397 -0.97554 -0.41005
1.0875 -1.0176 1.2446 0.12038 -2.2934 -1.7689 1.1971 0.44157 0.21248 0.10672 0.16595 -0.18077 0.98074 -1.4721 -0.15379 0.39132 -1.0417 1.2433 2.7075 2.2169 -0.4308 0.49066 -1.2604 0.40331 -1.4354 0.91374 0.21198 0.72493 -1.6038 0.29575 2.2793 1.6545 -1.0333 -0.16824 -0.080859 0.77333 -0.36277 0.098918 -0.6343
0.87839 -1.35 0.21493 -0.15119 -2.5492 -0.2357 0.24453 0.50278 -0.036575 -1.1065 0.12883 -1.1336 0.99429 -1.2728 0.075018 -0.40667 -0.87143 2.132 3.0503 1.532 -0.3529 0.19158 -0.96795 0.14761 -0.84289 0.67199 0.64395 0.49929 -1.6508 0.68709 1.7689 0.24994 -1.2768 -0.45751 -0.69682 1.0749 -0.037056 0.96704 -0.69861
0.4851 -1.0345 0.25171 -0.53771 -1.4585 0.88952 1.6498 0.76607 0.49608 -1.4177 1.5905 -0.76143 1.1358 -0.75344 0.17307 -1.1641 -0.44421 2.7839 2.9718 0.89207 -0.48249 -0.48183 -0.16607 0.27787 0.049018 0.47149 0.69227 0.32153 -0.84884 0.75345 0.78548 -1.252 -1.147 -0.84338 -1.0344 1.4152 0.27748 1.2936 -0.60416
0.41133 -1.0201 0.0094974 -0.20215 -0.41936 0.94621 2.2479 0.70784 0.41815 -1.251 0.56739 -1.0879 1.2064 -0.60193 0.25587 -1.2716 -0.15723 2.7216 2.1948 0.64129 -1.168 -0.91711 0.38155 0.83011 0.3956 0.26248 0.55368 0.00068807 0.042293 0.58835 -0.38725 -2.2824 -1.1614 -1.1533 -0.79909 1.0229 0.12732 0.6583 -0.52452
0.51837 -1.0459 -0.412 -0.38735 -0.0099966 0.79329 1.5498 -0.15055 -0.70308 -0.88081 0.77776 -0.56088 1.2436 -0.50033 0.32477 -0.70162 0.033597 2.4284 0.81128 0.50827 -1.7135 -1.0516 0.87588 0.68861 0.5962 0.15726 0.24444 -0.2291 0.62155 0.21426 -1.2782 -2.3059 -1.1771 -0.92935 -0.17909 0.19318 -0.12672 0.019873 -0.43235
0.52699 -0.89231 -0.44667 -0.25083 0.31926 1.3412 1.4818 -0.70104 -0.78299 -0.15133 1.3173 -0.060263 1.248 -0.35302 0.0086729 -0.54881 0.0065856 1.573 -0.085396 -0.45691 -2.0488 -1.146 0.5498 0.24609 0.21919 -0.0051669 0.087716 -0.38173 0.70611 0.019301 -1.5438 -1.4655 -1.066 -0.12791 0.32892 -0.21308 -0.63559 -0.33872 -0.34277
0.2191 -0.92389 -0.33074 -0.18177 0.46438 1.3962 1.6849 -1.007 -0.8828 0.14463 1.5248 -0.15756 1.1565 -0.41366 -0.094529 -0.38693 -0.12406 0.93755 -0.14719 -0.76879 -1.9047 -0.74033 0.15545 0.32779 0.15122 -0.082015 0.0051556 -0.42194 0.45217 -0.071949 -1.3567 -0.47182 -0.81433 0.58602 0.66247 -0.24088 -0.79003 -0.42736 -0.27146
0.11034 -0.96399 -0.48293 -0.32502 0.5209 0.85351 1.4878 -1.5943 -0.9994 -0.55425 1.4813 -0.65882 1.1949 -0.47604 -0.19184 -0.13724 -0.048892 0.54418 -0.042046 -0.72359 -1.3291 -0.42187 0.34778 -0.32514 -0.11028 -0.1624 0.075153 -0.17147 0.4116 0.021246 -0.7516 0.16866 -0.18753 1.0333 0.77981 0.31943 -0.73321 -0.13394 -0.13417
0.14659 -1.1024 -0.41738 -0.52885 0.73679 0.6073 1.1782 -1.8951 -0.9847 -0.99366 1.2853 -0.74061 1.1653 -0.425 -0.30244 -0.075742 -0.083532 0.37373 -0.10205 -0.89379 -0.89943 -0.090549 0.52819 -0.69333 -0.15093 -0.19495 0.24702 0.01233 0.46837 0.26208 -0.26145 0.48461 0.19535 1.1762 0.56272 0.75493 -0.56457 0.080463 -0.07821
0.048846 -1.109 -0.6613 -0.33799 0.79388 0.97243 0.93197 -1.998 -0.93369 -0.69401 0.91311 -0.46761 1.1577 -0.20178 -0.17808 0.053764 0.019543 0.4295 0.17634 -0.76416 -0.48117 0.08873 1.0176 -0.78882 0.065829 -0.16064 0.36982 0.13662 0.47838 0.37065 0.0059135 0.51454 0.4398 0.97986 0.29816 0.46942 0.021921 0.097991 -0.03284
-0.0013703 -1.144 -0.48871 -0.3244 0.61704 1.2413 0.61467 -1.8986 -1.4942 0.63843 0.38209 -0.33413 1.0657 -0.081699 -0.071598 0.37859 0.33515 0.49593 0.60804 -0.40622 0.027769 0.12645 1.3319 -0.62343 0.20259 -0.20562 0.35154 0.20459 0.46853 0.3562 0.033146 0.34117 0.721 0.73703 0.10071 -0.13508 0.39717 0.055584 0.010621
-0.075383 -1.1715 -0.42276 -0.32866 0.83835 1.2301 0.56703 -1.9418 -0.60893 0.74798 0.68686 -0.3294 1.0386 0.052555 -0.060712 0.51475 0.44268 0.48948 0.52227 -0.17049 0.17039 0.058527 0.8953 -0.28275 -0.11133 -0.20746 0.27968 0.19355 0.1569 0.10905 0.033783 0.15542 0.73284 0.47237 0.10182 -0.98123 0.57901 -0.12797 0.031852
0.028365 -1.0523 -0.26087 -0.2272 1.11 1.2874 0.93425 -1.8298 -0.79861 1.01 0.5569 -0.38811 1.0613 0.11367 0.0039382 0.55507 0.37819 0.40162 0.32603 0.12922 0.25129 0.11551 0.34886 -0.062607 0.025567 -0.15264 0.19525 0.1519 -0.21424 -0.27278 -0.13781 -0.15137 0.52244 0.12325 0.039313 -1.1177 0.48287 -0.15831 0.025484
0.085079 -1.0914 -0.011038 0.095918 1.2003 1.4871 0.94093 -1.5999 -0.97575 0.61051 0.61957 -0.53289 1.0061 0.23111 0.12996 0.26224 0.19903 0.53573 0.57734 0.30999 0.35326 0.2874 -0.39685 0.20531 -0.13772 -0.13438 -0.10293 0.17897 -0.62669 -0.49832 -0.43519 -0.19837 0.10075 0.0037895 0.073906 -0.59648 0.2698 0.044547 -0.010185
0.2112 -1.2426 -0.03235 -0.019303 1.2323 1.2589 0.70948 -1.8151 -1.0789 0.016607 0.77406 -0.92042 0.96729 0.20066 0.10626 0.12916 -0.071668 0.20755 0.27723 0.30413 0.18296 0.07925 -0.19651 0.20048 -0.13909 -0.19957 -0.25997 0.23115 -0.67501 -0.53855 -0.50208 -0.13417 -0.17143 -0.022834 0.19123 0.087973 0.11781 0.14883 -0.022866
0.063479 -1.0672 -0.1376 0.024722 1.0276 1.5127 0.99173 -1.6225 -0.85587 0.54681 0.52585 0.032493 1.013 -0.18058 0.20852 -0.39523 -0.29203 -0.24084 0.1571 -0.091569 0.2118 0.21361 0.019353 0.19576 0.036073 -0.19827 -0.22093 0.20027 -0.45121 -0.37603 -0.39432 -0.14824 -0.23448 0.13545 0.25268 0.38731 -0.16037 0.39558 -0.030699
0.26852 -0.95108 -0.30324 -0.265 1.4683 2.177 1.0183 -1.3484 -0.63336 0.21464 0.87748 -0.69379 0.91948 -0.16575 0.37605 -0.32667 -0.41279 -0.16388 0.26445 -0.0098038 0.27592 0.5258 0.33933 0.22558 0.21962 -0.15519 0.1576 0.1521 0.0076386 -0.1844 -0.13034 -0.12849 -0.27433 0.3599 0.28872 -0.10595 -0.44303 0.42307 -0.059128
0.13975 -1.085 -0.13392 -0.43422 1.0545 1.1736 1.0941 -1.8594 -0.60481 0.85892 0.95383 -0.61274 0.84171 0.0025412 0.35261 -0.31487 -0.35635 -0.028654 0.2862 0.0098931 0.57785 0.56137 0.12297 -0.12165 0.4747 -0.20354 0.53268 0.10126 0.8076 -0.15831 -0.11087 -0.36895 -0.27109 0.56109 0.1447 -0.57924 -0.83862 0.63195 -0.14707
-0.3525 -0.83246 -0.78966 -0.36867 0.67789 1.5075 0.53197 -1.3536 -0.75067 0.82112 0.73832 -0.34731 0.89963 0.40986 0.30774 0.11528 -0.39926 -0.14968 -0.048601 -0.27777 0.72074 0.47524 -0.43145 -0.56267 0.49028 -0.28923 0.59177 0.17159 1.2443 -0.29345 -0.30188 -0.60877 -0.61056 1.1358 -0.035669 -1.2122 -0.89108 0.71364 -0.23835
0.13712 -0.77672 -0.088203 -0.32642 1.2559 1.9553 0.99265 -1.2297 -0.16183 0.72924 1.0072 -0.25769 0.88358 0.53843 0.42755 0.85942 -0.60868 -0.46228 -0.38915 -0.48273 1.1133 0.5185 -0.70995 -1.1821 1.1819 -0.36375 0.45088 0.42289 1.5712 -0.57254 -0.53513 -1.0329 -0.89072 1.5232 -0.29803 -1.2183 -0.43091 0.52138 -0.33681
0.37683 -0.93012 -0.46325 -0.45072 1.2944 1.7492 0.87815 -0.81647 -0.30943 -0.032453 0.21698 0.12654 0.76535 0.68435 0.6461 1.353 -0.85475 -0.52245 -0.54098 -0.91994 2.2838 0.46335 -1.6047 -1.1289 1.3163 -0.45311 -0.021935 0.94184 1.312 -0.57839 -0.63296 -1.297 -1.1853 1.2271 -0.50198 -0.51011 0.28587 -0.091244 -0.45833
0.74066 -0.70808 0.14791 -0.66971 0.7983 1.4641 0.54656 -0.61598 -0.21198 -0.21175 -0.33632 0.36842 0.68273 0.71813 0.92918 1.9253 -1.2301 -0.85852 -1.3895 -1.3465 2.8482 -0.04532 -1.663 -0.73435 1.1139 -0.65661 -0.65578 1.4785 0.79513 -0.017537 -0.33056 -1.074 -1.1244 0.32109 -0.55652 0.52244 1.2384 -1.1072 -0.76978
0.60713 -0.50739 0.89887 -1.2643 0.5642 1.1833 0.28256 0.072637 0.058392 -0.37707 -0.78091 0.92364 0.54307 0.28283 1.7076 1.9718 -1.2012 -1.1527 -1.9552 -2.0711 2.3117 -0.2665 -0.93355 -0.14196 0.30821 -0.87155 -1.318 1.6043 -0.16372 1.1493 0.067709 -0.46612 -0.49268 -1.0202 -0.45014 1.6229 1.4426 -1.3935 -1.205
0.54653 -0.32186 1.0258 -1.3779 0.29956 0.54587 -0.45715 1.9722 -0.14559 -1.6218 -0.15691 1.0383 0.48963 -0.49113 2.4833 2.003 -0.47634 -0.77673 -1.6794 -2.0192 1.7424 -0.25014 0.0082078 1.016 -0.63338 -1.3798 -1.66 1.1168 -1.2783 2.4513 0.46155 0.6286 0.82734 -2.2154 -0.16189 2.1203 0.98151 -1.1875 -1.4603
0.60694 0.16686 1.3813 -1.771 -0.060113 0.017791 -1.0286 2.4359 -0.99826 -1.2204 0.17223 0.81213 0.28456 -1.1879 2.675 1.0299 0.95719 -0.44014 -1.2772 -1.5208 0.79212 -0.35343 0.77941 1.1264 -0.72194 -2.0106 -1.511 -0.099652 -1.9649 2.9193 0.67398 1.2838 1.9709 -2.8975 -0.29753 2.0908 0.2675 -0.23263 -1.3386
0.5659 1.0188 1.8385 -1.5294 0.1497 -0.27584 -1.5872 0.78738 -0.31547 -0.099403 0.64857 -0.31291 0.0050268 -1.6671 2.4013 0.09282 2.3676 -0.34719 -0.59971 -0.10403 -0.8316 -0.34011 1.6792 0.77101 -0.85652 -2.4132 -0.86543 -1.6377 -2.634 2.2858 1.0731 1.3224 2.0306 -2.287 -0.086989 1.3901 -0.59921 0.66824 -0.47369
-0.39671 1.5573 1.7528 -0.63874 0.47064 0.12958 -1.3433 1.2641 -0.4437 0.19155 1.5454 -0.70157 -0.6971 -1.9694 1.5832 -0.62056 2.948 -0.098335 -0.16324 0.6155 -2.2075 -0.83313 2.3716 0.58565 -0.088949 -2.487 -0.10134 -2.7257 -2.6121 0.65918 1.2935 0.89957 1.2872 -0.58764 0.27942 0.23878 -0.70464 1.1717 0.74483
-0.75386 1.6304 1.1055 0.78099 0.08303 0.035611 -1.0696 0.71174 -0.59867 0.64607 0.39782 0.3999 -1.244 -1.7253 0.18164 -1.9314 2.8889 1.076 0.16625 0.66795 -1.3407 -0.19759 1.9736 0.028927 0.40637 -1.8949 0.84289 -2.7917 -1.8651 -1.3276 0.99897 -0.05756 0.2362 1.0547 0.77217 -1.2746 -0.46254 1.257 2.0665
-1.2201 1.4632 0.87662 1.4393 -0.12014 0.36707 0.57345 -0.51788 -0.57377 1.3991 0.13746 0.073468 -1.4728 -1.3454 -0.95999 -2.6779 1.9488 1.2884 -0.033909 0.46606 -0.13117 0.12644 1.1276 0.013377 1.0451 -1.0803 1.9346 -2.1904 -0.92689 -2.8426 0.088173 -0.87905 -0.21795 1.9153 1.3247 -2.571 -0.097222 0.61045 3.0959
-1.3741 1.0718 0.51054 1.3443 0.18074 -0.081583 -0.47034 -0.86169 -2.1459 1.6923 1.2746 1.0981 -1.5283 -0.38832 -1.1871 -2.245 0.32289 0.84289 -0.79542 0.38896 0.24323 0.72431 -0.18212 0.093371 1.1516 0.17993 2.8106 -1.1784 0.059444 -2.9111 -1.4645 -1.0896 -0.36043 1.5582 1.2384 -2.882 -0.2777 -0.011693 3.1918
-0.95998 0.44233 -0.83574 1.1398 2.1563 0.14363 -1.0791 1.1953 -0.17692 1.6005 0.28383 0.44101 -1.1819 1.0079 -1.5438 -2.1306 -1.2083 0.1801 -1.3218 0.32869 0.83801 1.3636 -1.5855 0.37473 0.77503 1.4133 3.1818 -0.3809 0.54545 -1.7744 -2.2039 -0.32013 -0.071409 0.65202 1.3653 -2.339 -1.132 -0.70798 2.4663
-1.2956 0.45015 -0.94072 0.81485 1.4353 -0.29149 -1.0369 1.067 0.27834 1.1364 1.2216 0.83973 -1.1432 2.3928 -1.573 -2.0849 -1.1029 -1.1428 -1.2158 0.045347 1.2967 1.6676 -2.3171 -0.7183 0.49006 1.949 2.6241 -0.071447 0.75477 -0.24472 -2.1305 0.92229 -0.05705 -0.24286 0.72961 -0.9256 -1.7055 -0.79377 1.0709
-0.8254 0.83261 -0.25661 0.040176 0.4096 -1.0684 -0.04337 0.98367 0.38351 -0.6108 1.1534 1.2497 -0.60009 3.2574 -1.423 -1.7573 -0.73637 -1.8892 -0.43686 0.48407 0.64823 2.3943 -2.3834 -1.9833 -0.1169 1.9691 1.4813 -0.022334 0.88323 0.88526 -1.0108 1.7126 -0.082188 -0.75227 -0.35739 0.54705 -1.7746 -0.39365 -0.19374
0.79294 -0.14907 -1.3989 -0.44259 -0.34271 -1.4268 0.17993 0.89516 0.87679 -1.379 0.58357 1.2911 0.095401 3.4306 -1.3638 -1.0518 -0.38811 -2.1541 0.43017 0.18418 -0.14886 1.6674 -1.5796 -2.3625 -0.072831 1.6113 -0.20969 -0.18363 0.71739 1.0709 0.9853 1.6921 -0.11715 -0.66065 -1.6584 1.5988 -0.059901 -0.0077803 -0.9472
1.6451 -0.30557 -1.7071 0.86631 -1.3456 -0.62041 -0.12668 1.2113 0.80103 -1.0043 -1.3301 0.67591 0.077026 3.2815 -1.679 -1.0345 0.11858 -1.2296 0.97433 0.085437 0.053083 0.63149 -0.8521 -2.5865 0.21441 1.2753 -1.8515 0.12122 0.66406 0.87509 2.4681 0.96972 -0.018736 -0.3502 -2.9731 1.9994 1.9058 -0.041081 -1.2321
2.1203 -0.44887 -1.8449 0.51743 -0.46047 -0.0038453 -0.54833 0.5975 2.1453 -1.0691 -1.9497 0.53818 0.074993 1.9901 -1.7569 -1.1341 0.50863 0.38496 1.1601 0.0058055 0.27017 -0.80524 0.089627 -0.5152 0.28115 0.78775 -2.7096 0.50723 0.69182 0.30088 2.8919 -0.022704 0.5998 -0.37147 -3.1106 1.751 3.146 -0.38481 -1.0166
2.1814 -0.70585 -1.6016 0.30175 -0.064424 0.63789 -1.0187 1.103 2.0154 -0.33508 -2.1487 0.6715 0.11687 0.49661 -1.0068 -0.50052 0.48012 1.5017 0.95329 0.51742 -0.26336 -2.3732 0.74284 1.219 -0.40608 0.41855 -2.6968 0.93375 0.94804 -0.063922 1.7933 -0.67828 0.88001 -0.87036 -2.5009 1.3057 3.0863 -0.70146 -0.71657
2.2286 -1.042 -1.7172 0.53056 -0.53027 -0.035287 0.015433 1.1986 0.11172 -1.0589 -1.6161 1.9076 0.23494 -0.27338 -0.80712 -0.052902 -0.0012958 1.9415 0.37364 1.0626 -0.73531 -3.1113 1.0948 2.5258 -0.58637 0.42092 -1.8973 0.97701 1.2017 -0.11738 0.37678 -0.83886 0.79332 -1.194 -1.0011 0.74352 1.2999 -0.93087 -0.34333
1.6612 -1.1776 -2.0761 0.53721 0.84066 -0.19496 0.36258 1.4038 -1.2628 -0.84717 1.7159 1.4095 0.43606 -0.65893 -0.5173 0.15495 0.24401 1.377 0.096812 1.1726 -1.1885 -3.2676 1.2408 2.5558 -0.83112 0.31822 -1.0791 0.69671 1.2361 0.073352 -0.564 -0.34641 0.10389 -0.90044 0.84732 0.75974 -0.71858 -0.81345 -0.20982
1.6524 -0.94093 -2.0811 0.67541 1.0683 0.12814 0.69557 -0.013177 -2.1994 0.17537 1.2055 -0.50445 0.40986 -0.99942 -0.28958 0.72771 0.395 1.1547 0.022754 1.1326 -1.6601 -2.3877 1.3295 1.6401 -1.4606 0.29251 -0.51063 0.70964 1.4113 0.14475 -1.2472 0.2637 -0.44977 -0.44392 2.069 0.63129 -2.1622 -0.48727 -0.38485
1.6364 -1.0804 -1.4923 0.66288 1.0108 0.2973 0.71187 -0.092871 -1.9302 0.78712 1.0117 -0.09741 0.35795 -1.1675 -0.042287 1.3611 0.41476 0.82425 0.46733 0.65467 -1.6056 -1.0393 2.1463 0.14785 -1.6801 0.1502 -0.16322 0.45452 1.2653 -0.27994 -1.2772 0.75259 -0.6339 0.24224 2.335 0.28971 -2.0531 0.10299 -0.42634
1.4804 -1.0417 -1.5329 0.67889 0.89942 0.37146 0.42097 -0.80276 -1.5111 0.54856 0.80442 0.1269 0.31763 -0.97615 0.20116 1.9134 0.18256 -0.1442 0.64718 0.46417 -1.4166 -0.06762 1.91 -0.88666 -1.1978 -0.10668 0.2181 0.31357 0.47622 -0.67667 -1.2685 1.0382 -0.80658 0.61881 1.7596 -0.2638 -1.2991 0.53924 -0.38504
0.87394 -1.1927 -0.65121 0.90083 1.1147 0.26482 0.86364 -0.6959 -1.8415 1.0245 0.19305 -0.66695 0.51217 -0.9737 0.038236 1.867 -0.19209 -0.39241 1.141 0.30692 -0.82519 0.26626 1.5462 -0.56279 -0.77647 -0.15993 0.52692 0.48987 -0.24021 -1.0279 -1.0342 0.92202 -1.0535 0.79453 1.0516 -1.1327 -0.27471 0.65925 -0.34951
0.69044 -1.0675 -0.47152 1.0647 0.90732 0.48298 1.0792 -0.65128 -1.9879 2.3734 -0.13727 -0.39992 0.43299 -0.6817 0.22528 1.35 -0.60201 -0.63945 1.5668 -0.21455 -0.81068 0.49374 1.1357 -0.76609 -0.82323 -0.16432 0.63501 0.93761 -1.0085 -1.1135 -0.60373 0.45686 -1.5033 1.0036 0.72807 -1.8579 0.49834 0.76821 -0.44076
0.78444 -0.74591 -0.082695 0.53108 0.64555 0.82652 0.9787 -1.0698 -1.5956 1.8839 0.86309 -0.95548 0.21482 -0.31881 0.80819 1.22 -1.1645 -0.88762 1.675 -0.98619 -0.31684 0.78743 0.32939 -0.47255 -0.52978 -0.37624 0.53222 1.3928 -1.0534 -0.89867 -0.30401 -0.72068 -1.4378 1.3088 0.48594 -2.3845 0.9547 0.6854 -0.64724
0.71594 -1.0991 -0.1092 0.24939 0.57191 1.9226 0.9039 -1.2198 -1.7063 2.2969 0.33355 -1.3718 0.2352 -0.10416 1.4595 0.42217 -1.4663 -1.0425 1.1936 -1.7059 0.33974 1.1271 -1.1131 0.16941 0.24208 -0.69925 -0.29011 1.3202 -0.34638 -0.34795 -0.038947 -1.6448 -1.0281 1.8974 0.32261 -2.5593 1.122 0.89315 -0.82737
0.93918 -0.8436 -0.272 -0.098413 0.18095 2.0684 -0.093442 -1.4659 -0.8346 1.8772 -0.64464 -0.71368 0.27402 -0.25652 1.8582 0.43493 -1.4846 -0.77027 -0.020952 -1.6422 1.2217 0.91692 -1.9973 1.0514 0.082641 -0.9224 -1.1889 1.1457 0.38663 0.72422 0.10005 -2.2001 -0.36152 1.7556 0.031249 -1.7878 0.94366 0.86081 -1.066
0.85175 -0.0088314 0.22463 -0.63207 -0.040244 1.887 -0.88222 -0.79638 -0.59606 0.74244 0.12603 -0.62352 -0.0029456 -1.2548 2.0107 1.1275 -1.1143 -0.77652 -0.63048 -1.8196 2.2217 1.0672 -2.7129 0.91333 0.6924 -1.2084 -1.6158 0.56556 0.88762 1.8674 0.41078 -1.8215 0.79197 0.69833 -0.45795 0.16891 0.43491 0.79697 -1.1176
0.52848 0.40326 -0.32006 -0.58547 -0.065687 1.1991 -0.9212 0.27131 -0.61099 -0.37869 0.89896 -0.10992 -0.23057 -1.9774 2.5387 1.5803 0.035988 -0.83629 -1.4777 -1.6227 2.2597 0.86838 -2.3642 1.2137 0.99995 -1.8192 -1.2022 -0.25639 0.32412 2.4658 0.71804 -0.66887 1.5914 -0.8321 -0.6935 1.7018 -0.39359 0.97265 -0.83648
0.35237 0.69292 0.32997 -0.75939 0.1335 0.2257 -0.38028 0.97938 -1.0552 -0.072209 2.291 -1.0538 -0.52788 -2.2812 2.1137 1.4701 1.3345 -0.23784 -1.4477 -0.26389 1.2197 0.21646 -0.57182 1.0531 1.4062 -2.0307 -0.15388 -1.5553 -0.68941 2.2712 0.84488 0.086862 2.0018 -1.9634 -0.81841 2.4705 -0.99469 0.31109 0.010757
-1.1153 0.77128 1.6093 -0.78662 -0.44382 1.0701 -1.568 1.7362 0.17869 -1.859 1.1129 0.049859 -0.86006 -2.0023 1.3679 0.86331 1.9956 0.31283 -0.86581 0.51844 0.055001 -0.067353 0.30717 0.16588 1.7122 -1.8428 0.91013 -2.7465 -1.7041 1.3635 0.57208 0.63412 1.7256 -1.6688 -0.47076 2.1626 -1.1589 -0.24679 1.11
-1.3411 1.5401 1.3643 0.80245 -0.6464 0.35654 -1.5625 0.98777 -0.37422 -0.23435 1.192 0.31637 -1.4712 -1.5279 -0.10771 0.24941 2.2387 0.2411 -0.80232 0.81172 -0.61056 -0.12633 0.8395 -0.67015 0.95315 -1.1774 1.5812 -2.4083 -1.9541 0.01592 0.19231 0.39032 0.88278 -0.72469 -0.0020744 1.1962 -0.85738 -0.88589 1.6512
-1.1967 1.2891 0.89457 1.5526 0.26616 0.40346 0.031234 -0.48214 -0.79583 1.741 0.96034 1.4992 -1.4815 -0.63673 -1.1316 -0.88427 2.182 0.0007831 -0.66147 1.0276 -0.16937 0.079027 1.2122 -0.38496 0.6884 -0.47426 1.3701 -1.2585 -1.0596 -1.2568 -0.12316 -0.012916 0.1259 0.46616 0.43784 0.15936 -0.26329 -1.3002 1.6217
-1.0721 1.2448 0.57573 1.2292 0.59514 0.74973 -0.091331 -0.18073 -0.86146 0.070473 0.82226 1.3718 -1.5263 0.016437 -0.82781 -1.184 1.2643 0.2769 -0.85853 1.1023 -0.12057 0.12709 1.3556 -0.48375 0.056935 -0.080479 0.82164 0.50531 0.21748 -1.917 -0.42243 -0.15314 -0.5654 1.0452 0.73728 -0.87251 0.059272 -0.9892 0.92143
-1.2704 -0.3083 0.1836 1.5821 -0.14913 -0.43168 -0.024228 0.44578 -0.70403 0.20507 0.40003 -0.25295 -1.0647 -0.19143 -0.45844 -0.32723 0.073771 0.057347 -0.88677 0.58631 0.74374 0.67634 0.38821 -0.4629 -0.55848 0.19619 0.32583 1.6323 0.9921 -1.7338 -0.31807 0.15045 -0.77611 0.70166 0.67423 -0.99091 -0.11311 -0.56969 0.18795
-0.78876 -0.25433 -0.015169 1.6838 -0.47039 -0.14052 0.15775 1.855 -0.15054 1.1635 2.0086 0.20662 -1.0605 -0.19983 0.44515 0.37737 -0.37793 -0.59041 -0.99621 -0.040109 1.0268 1.0489 -0.44044 -0.47357 -0.49839 -0.041639 0.047421 1.9288 0.96335 -0.9243 0.25592 0.73795 -0.8136 -0.062731 0.30168 -0.76076 -0.0649 0.38167 -0.35218
-1.4259 1.2077 0.68188 1.0219 0.10597 0.069536 -0.48828 0.58123 0.25631 0.75538 -0.35009 0.81326 -1.3893 0.088839 1.0866 0.14491 -0.31734 -0.17153 -0.34176 0.13442 0.66257 0.96495 0.18522 -0.60289 -0.24045 -0.19207 0.20765 1.256 0.018306 -0.10021 0.94291 0.98162 -0.61117 -1.0994 -0.48211 -0.47955 -0.317 0.60487 -0.4411
-1.6277 1.3769 1.1212 1.129 -0.071024 -0.78798 -0.13063 1.2216 0.12818 0.92694 0.61222 -0.0027701 -1.4033 -0.030327 1.7715 0.33769 -0.31376 0.87029 0.19853 -0.20585 -0.20603 0.57877 -0.014921 -0.52299 0.6609 -0.44586 0.31515 -0.39173 -0.64435 0.32745 1.0727 0.97478 -0.31544 -1.0477 -1.0852 -0.4264 -0.19085 0.13194 -0.028163
-1.1348 1.3855 1.0184 1.0648 -0.48659 -0.61004 0.11856 0.77777 0.46784 -4.9779e-05 0.26819 1.0195 -1.5154 0.11881 1.077 -0.26177 -0.1572 1.1045 0.29281 -0.48839 -0.84314 -0.072224 -0.74303 -1.0892 0.086918 -0.30297 0.44396 -2.1013 -1.0078 0.078371 0.10036 0.70471 -0.077622 -0.32865 -1.2205 -0.46329 0.22299 -0.35625 0.61673
-0.71822 1.2605 -0.11358 1.1338 0.36748 0.45488 0.16769 1.253 0.32707 0.70014 -0.00046897 0.085333 -1.3898 0.38251 -0.22481 -0.57422 0.16036 0.79432 0.4509 -0.33631 -0.32 -0.63163 -0.79019 -0.61032 -0.41608 -0.029121 0.90878 -3.157 -0.95575 -0.51635 -1.1587 0.044114 0.57013 0.52403 -1.0864 0.20493 0.82266 -0.8994 1.6542
-1.4666 1.3776 0.72107 1.3161 1.1409 -0.20632 -0.66062 0.32726 0.13764 0.73177 0.3388 1.1127 -1.4493 0.72222 -1.5712 -1.2125 -0.41202 0.051368 0.80059 0.034307 0.06068 -0.90152 -0.31363 -0.049783 -0.46662 0.58477 1.2102 -2.9391 -0.38253 -1.2599 -2.0207 -0.72463 1.1207 0.66445 -0.88433 0.65231 0.94998 -0.87672 2.3867
-0.84566 1.3448 -0.096696 1.1677 0.7875 0.20378 -0.82354 0.16714 -0.30985 -0.40929 -0.72758 0.14572 -1.464 1.3827 -2.4013 -0.90605 -1.1804 -0.79799 0.00028042 0.57208 0.39175 -1.2081 0.19916 0.75546 -0.95141 1.7495 1.2914 -1.969 -0.20011 -1.5285 -1.9901 -0.94431 1.5808 0.22794 -0.58101 0.64436 0.2501 -0.88126 2.5871
-1.1379 0.87831 0.57812 1.2025 0.49851 0.1485 -0.45693 0.73101 -0.71909 -0.36738 -0.87341 -0.18754 -1.4128 1.9009 -2.9517 -0.77643 -1.9017 -1.9236 -0.8377 1.1206 0.13205 -1.5782 0.071633 0.29967 -1.4875 2.6148 0.73744 -0.55765 0.1652 -0.82218 -0.75122 -0.62966 1.6024 -0.35193 -0.082208 0.44327 -0.34074 -0.5464 1.9569
-0.26655 -0.76304 -0.72483 0.21913 -0.76567 0.32836 0.63982 1.7433 -0.82726 0.83891 1.4964 -0.19332 -0.59883 2.2281 -2.9598 -1.1423 -2.023 -1.9845 -0.48912 2.0393 0.10072 -1.4762 0.31087 -0.21733 -1.7571 3.0824 -0.22619 0.85427 -0.0049479 0.19743 0.91424 0.5747 1.0727 -1.0025 0.53446 -0.041248 -0.95658 0.086146 0.57511
0.97243 -0.8415 -0.12306 -0.567 -1.0215 -0.62444 0.87578 1.1684 -1.0967 0.71911 1.3849 -0.33767 0.48206 1.6918 -2.2562 -0.78261 -1.5693 -0.78007 -0.13617 2.2596 -0.49933 -0.94515 0.52839 -0.26542 -1.222 3.0402 -1.2907 2.198 0.37677 1.312 2.4437 1.6519 0.1634 -1.3129 1.0317 -0.49615 -0.9668 0.788 -0.97498
0.92297 -1.1568 -0.71082 -0.95636 -1.3067 -0.87866 0.9007 0.45139 -2.0947 0.45231 -0.76434 -1.9183 0.82587 1.0656 -1.2511 -0.89946 -0.97677 0.35353 0.67934 1.9766 -1.3017 -0.45952 -0.085001 -0.98749 -0.93296 2.4557 -1.9774 2.4193 0.5962 1.7545 2.6982 1.9721 -0.82512 -1.1392 1.2543 -0.94226 -0.46456 1.2796 -2.16
0.7062 -0.99337 -0.64672 -0.57217 -0.70506 -0.13627 1.8415 0.20804 -1.744 0.4906 -0.88943 -1.1016 0.86217 0.056702 0.035177 -0.2028 0.074998 1.5216 1.5856 1.4349 -1.7978 -0.019241 -0.68158 -1.3627 -0.29547 1.3758 -1.796 1.7416 0.57715 1.4312 1.9424 1.7374 -1.329 -0.40645 1.2449 -1.0664 0.23464 1.4341 -2.4069
0.60829 -0.79253 -0.66503 -0.2819 0.29968 0.55654 2.097 -0.14886 -1.2572 0.32996 -0.57255 -1.2052 0.95286 -0.6725 0.12171 -0.33962 0.50029 1.9598 2.2455 0.89617 -1.5331 0.57675 -0.91336 -0.6368 0.40148 0.4729 -1.144 0.75055 0.7391 0.64891 1.0024 0.72627 -1.5231 0.29957 1.031 -0.67248 0.74635 1.2389 -1.8171
0.30871 -1.0028 -0.87228 -0.35081 0.35644 1.1419 2.2193 -0.53627 -1.2234 -0.1428 -0.98602 -1.1965 0.98693 -0.81588 0.10284 -0.0044174 0.41981 2.0834 2.2453 0.30726 -1.1984 1.0335 -1.131 0.093713 1.0524 0.19626 -0.27606 -0.065801 0.69109 -0.25278 0.029719 -0.58562 -1.4214 0.62732 0.55515 -0.13152 0.5057 0.75978 -0.92653
0.38704 -0.72549 -0.60423 -0.023238 0.66325 1.7006 2.2236 -0.85307 -1.0799 -0.072196 -0.089568 -0.48006 1.0173 -0.64745 0.032196 0.35286 0.083463 1.9625 1.6576 -0.31303 -1.0015 1.0798 -1.1585 -0.08153 0.93068 0.15045 0.3279 -0.072123 0.81478 -0.52528 -0.45057 -1.5917 -1.1836 0.67506 0.044479 0.38017 -0.10781 0.27968 -0.33939
0.24225 -0.93974 -0.72245 -0.32124 1.0233 1.5105 1.6608 -1.0684 -0.72048 -0.7655 -0.4859 -0.44707 0.9988 -0.47137 -0.026506 0.7155 -0.20701 1.5717 0.77899 -0.62488 -0.80691 0.83604 -0.79246 -0.52333 0.98567 0.061785 0.60632 0.011822 0.4352 -0.51648 -0.86081 -1.851 -0.78781 0.61323 -0.34547 0.75329 -0.44613 -0.17791 -0.27728
-0.1747 -1.0581 -0.69639 -0.42246 1.3655 1.9222 1.5853 -1.086 -0.6256 -1.1089 -0.98751 -0.43435 0.99814 -0.22342 0.06892 0.78904 -0.19746 1.3593 0.030949 -0.85991 -0.37653 0.75315 -0.30893 -0.52974 0.98665 0.0010127 0.70601 0.19305 0.024756 -0.31095 -1.2779 -1.5451 -0.37843 0.56521 -0.49446 1.0154 -0.06378 -0.073875 -0.35568
0.075944 -0.79054 -0.065112 -0.34551 2.0791 1.9952 1.7254 -1.1825 -0.022398 -0.93686 -0.97087 0.045429 1.0464 0.11753 0.1134 0.57841 -0.43406 0.75318 -0.36536 -0.90538 -0.28246 0.48864 -0.047692 -0.61069 0.62891 -0.16911 0.733 0.37498 -0.48768 -0.22854 -1.5653 -1.0739 -0.22537 0.46074 -0.50908 0.95555 0.43364 0.065105 -0.4275
0.096542 -0.86779 0.074033 -0.56623 1.8949 1.4111 1.3673 -1.4079 -0.42437 -0.56984 -1.4786 -0.024135 1.0094 0.39117 0.30719 0.47872 -0.40459 -0.048571 -0.63255 -0.89754 -0.13148 0.24504 0.49307 -0.14468 0.92898 -0.2992 0.51133 0.30829 -0.92346 -0.12455 -1.7352 -0.54801 -0.085789 0.19103 -0.47087 0.77179 0.53983 0.11771 -0.45498
0.15458 -0.85372 -0.16817 -0.3763 1.7595 1.251 1.0233 -0.95529 -0.28681 -0.44614 -1.1082 0.36166 0.97803 0.60522 0.51656 -0.00043085 -0.54755 -0.6879 -0.88645 -1.0462 -0.0065711 0.052114 0.71274 0.24628 1.1221 -0.46771 0.21457 0.20105 -0.97542 0.071953 -1.2756 -0.0077311 0.21586 0.16826 -0.22258 0.47958 0.48944 0.27476 -0.34807
0.57193 -0.67306 -0.22446 -0.78762 1.4256 1.3696 0.88434 -1.4425 -0.39976 -0.57214 -0.9048 0.13153 0.78243 0.49935 0.41325 -0.58215 -0.3861 -1.2048 -0.74005 -0.97004 -0.13204 0.010451 0.85535 0.23212 0.95657 -0.5731 -0.014323 -0.011702 -0.76893 0.20687 -0.69299 0.29586 0.41947 -0.028249 0.15608 -0.038091 0.14191 0.17858 -0.21898
0.43281 -0.70043 -0.17142 -0.86006 1.0029 0.94555 0.54108 -1.1979 -0.27142 -0.1836 -0.83014 0.97746 0.73184 0.47145 0.41927 -0.6459 -0.31319 -1.0846 -0.35117 -0.48869 0.05463 0.14536 0.74054 0.28296 1.1568 -0.58512 -0.1217 -0.11962 -0.3807 0.54568 -0.19597 0.44347 0.54962 -0.12106 0.44703 -0.18508 0.069901 0.21814 -0.090039
0.53272 -0.38214 -0.53483 -1.0721 0.94319 0.97255 0.41527 -1.0826 -0.37201 -0.015192 -0.71907 1.1985 0.60564 0.43521 0.34373 -0.57919 -0.13382 -1.1649 -0.38233 -0.41718 -0.21903 0.50098 0.42961 0.17218 1.2542 -0.58764 -0.061783 -0.0074737 0.0028781 0.65193 0.22585 0.37094 0.54681 -0.20627 0.43188 -0.25678 0.19948 0.12027 0.023278
0.60367 -0.52529 -0.68686 -0.60407 0.69176 1.004 0.55366 -1.6111 -0.05643 0.52023 -1.0486 0.98925 0.56698 0.4123 0.35102 -0.67918 0.3617 -1.0831 -0.27642 -0.32148 -0.20599 0.69577 0.58674 0.45671 1.3978 -0.60202 -0.020929 -0.1648 0.13242 0.64255 0.32512 0.2041 0.3719 -0.46071 0.16916 -0.24326 0.27744 -0.56511 0.099858
0.67073 -0.53422 -0.61724 -0.93691 0.72096 1.0607 0.8394 -0.97533 -0.29052 0.25759 -0.9434 1.5795 0.49425 0.41673 0.44264 -0.54784 0.51488 -0.78346 -0.12172 -0.057733 -0.41539 0.59364 0.45225 0.60418 1.0579 -0.52557 0.078413 -0.14806 0.28244 0.36599 0.53375 0.27794 0.099065 -0.41465 -0.51038 -0.31487 0.19566 -1.0056 -0.0025652
0.82636 -0.47278 -0.75805 -0.63572 0.13454 0.73085 0.19582 -1.6117 0.63167 -0.27267 -0.62449 1.9713 0.37331 0.4454 0.090745 -0.4092 0.58295 -0.66555 -0.1321 0.0022181 -0.7707 0.42796 0.27583 0.69343 0.057879 -0.45499 -0.34918 -0.25278 0.50289 0.24336 0.94458 0.45699 0.032904 -0.0079473 -0.76104 -0.19123 -0.30064 -1.289 -0.20815
1.0165 -0.2309 -1.0048 -0.30622 0.034914 0.97772 0.31268 -1.6566 0.45369 0.70931 0.064566 2.2174 0.18595 0.57037 0.22399 -0.19001 0.44757 -0.36953 0.030469 -0.41579 -0.76788 -0.40569 -0.0092785 0.50453 -0.18487 -0.66328 -1.268 -0.7425 0.0024962 -0.024339 1.3007 0.7565 0.51658 0.81709 -0.50701 0.090574 -0.91277 -1.1647 -0.19501
0.79705 -0.13286 -0.80298 -0.39053 0.31716 0.82115 0.59969 -1.7268 0.21137 0.6096 -0.12712 2.1444 0.3144 -0.31771 0.027858 0.065475 0.85303 0.49061 0.46119 -0.10225 -0.046014 -0.35032 0.46652 -0.10932 -0.67648 -0.86305 -1.4658 -0.28638 -0.11101 -0.015172 1.2565 0.9163 0.76368 1.5923 -0.15635 -0.33725 -1.0271 -0.13113 -0.35924
1.1017 -0.60691 -1.0538 -0.32468 0.16766 0.89041 0.55188 -2.4667 0.10701 0.39159 -0.099752 0.32397 0.21735 -1.5845 -0.8124 -0.76819 0.32595 1.0921 0.94526 0.93418 0.85918 -0.051019 0.56059 -0.92578 -1.0132 -0.63049 -1.2149 0.16773 0.10109 0.16749 0.61574 0.51197 0.56967 1.8677 0.36161 -0.54883 -0.73263 0.5673 -0.40291
1.3666 -0.24471 -0.72206 -0.25337 0.30572 1.1643 -0.23976 -2.2606 -1.072 0.11545 -0.63642 1.3754 -0.19024 -1.2323 0.11785 -0.30877 0.60739 0.97379 1.0675 0.72645 1.6059 -0.076476 -0.64749 -0.76835 0.17344 -1.0422 -0.3935 0.49757 0.17562 -0.23067 -0.59416 -0.47386 -0.15368 1.4532 0.56509 -0.68653 -0.010893 1.5616 -0.093295
-0.29249 -0.5209 -0.51815 0.43197 1.4955 1.6951 0.83129 -0.3773 0.18949 1.1486 -1.1352 1.1994 -0.39163 -1.2552 0.47979 0.19273 0.88307 0.54795 0.64195 0.20827 2.1483 0.17416 -0.50711 -0.71015 0.53745 -1.2141 0.41132 1.0417 0.37467 -0.24283 -1.5033 -1.2309 -0.77124 0.7599 0.39424 -0.51361 0.32736 1.1426 -0.0045645
-1.3694 -1.5105 -2.4644 -0.56605 1.2353 1.9511 1.9993 -0.41307 1.1092 0.85364 -1.7647 0.80229 0.012663 -1.219 0.25774 -0.08435 0.12629 -0.36514 -0.28255 -0.046092 2.221 0.66396 -0.32551 -0.21031 1.7538 -0.718 0.60974 1.1703 0.44337 -0.37116 -1.8493 -1.718 -1.1097 -0.33895 -0.30569 0.061896 0.41552 -0.33946 0.049395
0.68752 0.83899 -0.62513 0.70545 0.82706 2.0011 0.73735 0.27667 -0.35362 -1.1559 -0.25065 3.1671 -0.92071 -0.81275 0.94247 -0.18913 0.095085 -1.0847 -0.66511 -0.13481 2.074 0.36129 -0.58592 -0.47106 0.53492 -0.79787 0.39642 1.3255 0.72261 0.071464 -1.2658 -1.6289 -1.2307 -1.1125 -0.90364 0.38777 0.76114 -1.4052 -0.33073
-0.2945 0.068856 -0.17809 0.70216 0.60908 1.0557 0.13656 0.51918 0.15015 0.2593 -1.2703 1.5385 -0.7547 -0.3016 1.9356 0.69788 0.28474 -1.7102 -1.4586 -1.1867 0.96358 -0.79811 -0.46084 0.035306 -0.55519 -1.1696 -0.35471 0.7207 0.67079 0.5827 -0.15013 -0.96326 -0.86264 -1.6963 -0.76974 1.1127 0.84559 -2.0409 -0.54139
-0.33143 -0.87127 -1.5367 -0.82798 -0.49749 0.34358 0.2267 0.31187 0.88741 0.33453 -0.45605 3.1699 -0.27079 -0.96352 1.9606 1.1232 0.93303 -1.1768 -1.786 -1.5312 0.5474 -0.92796 0.34922 0.83299 -1.2442 -1.5137 -0.71837 0.17147 0.98484 0.66344 1.0462 0.041433 -0.24162 -1.9824 -0.41594 1.2295 1.0864 -0.75845 -0.39809
-0.44081 0.92659 -1.1448 0.32894 -0.2036 1.1205 0.49986 1.4976 -0.45566 -0.45605 -2.3305 0.90964 -1.1716 -1.8072 1.0138 0.48722 0.81343 -0.60765 -1.516 -0.97314 -0.41505 -0.25471 1.4225 0.9851 -1.6088 -1.2213 -0.59169 -0.25071 0.84788 0.62968 1.9377 0.90356 0.44552 -1.6179 0.57117 0.66829 0.92906 0.0063396 0.097121
-1.1173 1.435 0.12154 0.87499 -0.33368 0.052201 -0.40246 0.43896 -0.91719 0.4926 -0.6154 -0.031145 -1.5143 -1.4081 1.7107 1.7129 1.0911 0.33679 -0.58569 -0.71191 -1.2093 -0.76067 0.91779 1.4189 -0.53556 -1.4047 0.34029 -0.70463 0.58128 0.13949 1.6532 1.0851 0.6452 -0.95901 0.9215 -0.12613 0.57568 0.80308 0.83697
-1.8666 0.8557 -0.67854 1.2163 0.059126 -0.14175 -0.45971 0.34484 -0.32919 0.77433 0.71863 0.56309 -1.6471 -1.189 1.6316 1.9516 1.4016 1.1907 -0.42517 -0.78877 -1.4004 0.25735 0.59567 1.7692 -0.92353 -1.0672 1.2836 -0.7957 -0.0096495 -0.17775 0.97949 0.87755 0.55203 0.11801 0.70149 -0.98251 -0.098307 0.82281 1.1417
-1.286 1.1208 0.0019735 1.3368 -0.0053376 0.038425 -0.62882 -0.56057 0.0021243 1.6322 0.70893 1.5504 -1.6818 -0.62796 0.4312 1.4566 0.89814 1.0441 -0.36455 -0.44451 -0.88194 0.66115 0.5398 1.7083 0.048553 -0.25434 1.5198 -1.0998 -0.86693 -0.63789 -0.17896 0.21083 0.63644 0.93372 0.23685 -1.1725 -0.97426 0.17305 1.3196
-1.7406 1.4248 1.636 1.0372 0.83537 0.58739 -0.42031 -1.1618 -0.95737 1.0382 0.15491 1.6163 -1.692 0.22316 0.27426 0.61035 0.56288 0.88533 -0.040738 -0.10122 -0.34261 0.43612 -0.29691 0.65935 -0.22464 0.025757 1.2822 -0.87183 -0.97482 -0.69452 -0.89311 -0.10196 0.46095 1.3153 -0.57788 -1.0469 -1.3652 -0.058073 0.88443
-1.5679 1.4386 0.063118 1.2148 0.95763 -0.084276 -0.68634 -0.64643 1.4534 0.29147 1.4596 0.2529 -1.4152 0.7507 0.47981 0.82539 0.28414 0.14645 -0.41617 0.10691 0.13246 -0.38471 -0.91836 -0.089674 -0.55392 0.15463 0.64836 -0.44733 -1.0305 -0.41796 -1.1065 0.071996 0.27342 1.5308 -0.44015 -0.53535 -1.0444 -0.27825 0.26241
-1.3213 1.4026 0.66855 1.8662 0.65655 0.29564 -0.23234 0.79195 -0.41861 0.79801 0.34993 0.4581 -1.5912 0.5394 0.095335 0.5136 0.37401 -0.053369 -0.61193 -0.22825 0.72772 -0.39633 -0.71036 -0.23557 -0.76967 0.14029 -0.01116 -0.48931 -0.65389 -0.38752 -1.1682 0.47244 0.32739 1.1422 -0.20994 0.27705 -0.94685 0.33532 -0.057186
-0.97789 1.3882 0.26519 1.544 0.62659 -0.25681 -0.75155 -0.58329 -0.41816 0.25845 0.87236 -0.0039954 -1.6028 0.43849 -0.25109 -0.34959 0.18649 -0.58282 0.027872 0.1065 1.6499 0.17832 -0.28177 -0.058391 -0.28211 0.10872 -0.47574 -0.51502 -0.90263 -0.5442 -0.68273 0.90209 0.51113 0.38704 0.57626 0.56588 -0.86578 0.54726 -0.10077
-0.84343 1.4286 0.9076 1.3292 -0.020616 -0.61848 -0.23789 -0.0058312 -1.074 -0.28636 0.33479 0.83001 -1.5089 0.36236 -0.20525 0.025626 -0.1362 -0.96297 0.57932 0.48684 1.1871 -0.28049 -0.044486 -1.3609 0.30648 -0.040492 -0.61815 -0.19154 -0.71766 -0.43205 -0.29405 0.85373 0.63992 -0.42142 0.43457 0.72985 -0.60987 0.62423 -0.081528
-1.0967 1.2802 1.3127 1.732 0.57965 -0.24245 -1.2013 0.23406 -0.16673 0.93535 0.24336 0.55922 -1.5377 -0.052188 -0.25969 -0.55348 -0.50806 -0.69401 0.61914 0.67892 0.67798 0.70675 -0.11209 -1.3574 0.013786 0.086332 -0.47768 0.085302 -0.26111 0.10397 0.53259 -0.01183 -0.039196 -1.258 0.14333 0.66801 -0.17339 0.13272 -0.047528
-1.4135 1.1274 0.10229 1.2116 0.2156 1.0694 0.12669 2.1188 0.70894 0.339 0.832 0.69404 -1.4799 -0.37475 -0.22606 -0.6722 -0.11171 -0.55835 0.63458 0.6546 0.3689 0.20327 0.66676 -0.86648 0.3475 0.023472 -0.23376 0.13764 -0.040498 0.39814 0.98932 -0.75653 -0.50904 -1.1918 -0.066394 0.42268 0.65717 0.0083939 0.012349
-0.80477 1.3351 0.12834 1.3103 -0.54929 0.51348 0.19236 0.78674 -0.002961 0.27166 -1.7506 0.52943 -1.5696 -0.088027 -0.083624 -0.46128 0.36555 0.21676 -0.046839 -0.071263 -0.46215 0.21331 0.70284 -0.64796 -0.055014 0.0029312 0.16776 0.27889 0.97075 0.42648 1.1061 -0.89633 -1.0426 -0.91227 -0.64194 0.2018 0.91932 0.3155 -0.031999
-1.3385 1.1307 0.049733 1.0703 0.05396 0.41345 0.37198 0.64802 0.2166 0.32922 -1.1577 0.16488 -1.4976 -0.055634 -0.044963 -0.08139 0.18043 0.44683 -0.50209 -0.10572 -0.6313 -0.17958 0.4054 -0.27305 0.3311 0.022863 0.10017 0.14771 1.2541 -0.047009 0.95523 -0.40011 -0.84847 -0.040578 -0.21977 -0.3097 0.93049 0.14515 0.00096096
-1.4236 1.2132 0.045247 1.6259 -0.097995 0.026541 -0.31657 -0.40127 -0.9117 1.5614 0.55697 1.1556 -1.5654 0.10816 0.1444 0.92232 0.15348 0.88933 -0.48362 -0.9009 -0.65024 -0.40756 0.44119 0.3518 0.64798 0.037587 0.053774 0.066799 0.93675 -0.53777 0.12413 0.19678 -0.4273 0.5896 -0.22014 -0.27607 0.7323 -0.12685 -0.011926
-0.8075 1.3386 0.95326 2.1305 0.89997 -0.64903 -1.0658 -0.10607 0.029829 0.87245 -0.68953 0.48376 -1.48 -0.28018 -0.074178 0.92055 -0.10288 0.90613 0.092982 -0.52948 0.38129 0.058803 0.21342 0.66354 0.26935 0.0096415 0.12613 0.0071104 0.20635 -0.79836 -0.50489 0.39913 -0.11918 0.58528 -0.12768 -0.16576 0.28736 -0.87048 -0.014706
-1.3925 1.1066 0.62232 1.3429 0.82309 0.13166 -0.46243 0.72959 0.18548 1.0568 -0.13805 1.1631 -1.5056 0.12957 0.055774 0.74736 -0.52782 0.21695 -0.0084355 -0.67502 0.21263 -0.36154 0.28086 0.48772 -0.31389 -0.0075061 0.10795 -0.04873 -0.71851 -0.86027 -1.1241 0.13555 0.28115 0.0052645 -0.4556 0.077327 0.14215 -1.1054 -0.025334
-0.99886 1.4319 1.0809 1.1135 0.70578 0.77936 -0.78536 0.98315 -0.24913 0.62163 0.39422 1.4922 -1.4737 0.17518 0.020053 0.3924 -1.0119 -0.17609 -0.032219 -0.4613 0.10969 -0.47191 0.18472 0.30676 -1.0172 0.02393 0.3299 0.091853 -0.77473 -0.37071 -1.0197 -0.51043 -0.039354 -0.85254 -0.72394 0.30623 0.081198 -0.8918 0.006374
-1.548 1.051 0.85453 1.1616 0.42801 0.42996 -0.066994 1.0156 0.051992 0.72214 -1.0518 0.18698 -1.5912 0.087782 0.02061 -0.1029 -1.0433 -0.69904 -0.19749 -0.43313 -0.50423 -1.0724 0.63315 0.86591 -1.0243 -0.0079821 0.17395 0.053743 -0.56533 0.10455 -0.51651 -0.60599 -0.1023 -0.85863 -0.48411 0.30458 0.16167 -0.49443 0.016676
-0.95303 1.2912 0.76998 0.69015 0.18333 -0.32863 -1.2606 -0.19899 -1.1284 1.6006 0.6557 -0.18515 -1.4931 0.36581 0.11188 -0.045476 -0.56092 -0.5681 -0.77503 -0.74461 -0.96891 -1.0568 0.66542 0.67918 -1.2488 0.022007 0.17294 0.074068 -0.23272 0.36609 -0.17023 -0.54803 -0.2248 -0.65406 -0.28036 0.23951 0.11578 -0.153 0.0069662
