39 171
-0.51898 0.93302 1.0936 1.7168 0.79686 1.281 0.48809 -0.78679 -2 0.81576 1.1886 2.7429 -1.49 -0.19801 0.12046 -0.75584 -0.47141 -0.46332 -0.41808 -0.51578 0.70656 0.45059 -0.15156 -0.63357 -1.5462 0.049027 0.019332 0.16318 0.16868 0.22074 0.11024 -0.22076 0.18294 0.0083566 -0.061877 -0.18583 0.18718 -0.013721 -0.0053146
-0.96648 0.81869 0.91331 0.89985 0.25714 1.0676 -1.047 -0.27255 -0.63652 1.1131 1.2588 1.0258 -1.4928 -0.34061 0.21669 -0.74631 -0.30129 -0.32251 -0.76816 -0.51022 0.63311 0.53037 -0.14805 -0.40729 -1.1263 0.0053284 0.12634 0.19015 0.50301 0.47803 0.14957 -0.11249 0.39084 0.11176 0.078854 -0.095975 0.10881 0.089139 0.026894
-0.63484 1.0909 0.74469 1.5394 0.35429 0.57826 -0.66237 -0.20222 -1.7565 -0.066029 -0.46648 1.0755 -1.4363 -0.078739 0.32978 -0.44449 -0.17604 -0.30463 -0.6277 -0.13728 0.73899 0.24402 -0.52615 -0.40041 -1.7471 0.06794 0.46184 0.1673 0.58873 0.68003 0.37339 0.041394 0.56791 -0.050157 0.10129 0.033474 0.021117 0.3115 0.02001
-0.64648 1.0397 0.034371 1.3853 0.34215 0.97075 0.56848 0.18092 -1.6806 0.90722 1.013 1.2001 -1.4502 -0.025161 0.31775 0.024622 0.18318 -0.24122 -0.4995 0.096428 0.89255 0.69378 -0.15751 -0.5474 -1.2294 0.0889 0.41441 -0.090136 1.1786 0.59125 0.52459 0.42104 0.22685 -0.36939 -0.066235 0.33705 0.43482 0.72564 -0.013714
-1.0102 1.1172 0.58087 1.5345 0.60263 0.1811 -0.36777 -0.25271 -1.1952 0.6588 1.0281 1.953 -1.5199 0.45526 0.33416 -0.046191 0.41981 0.20915 -0.45664 0.3402 0.4557 0.55766 -0.081358 -0.52137 -0.8302 0.045399 0.30437 -0.23207 1.189 0.1298 0.29929 0.57235 -0.30881 -0.39282 -0.23223 0.24705 0.37304 0.69172 -0.053813
-0.43384 1.2021 0.92364 1.4053 0.28927 0.78286 0.176 0.30318 -1.6735 -0.19434 0.56124 -0.4234 -1.3836 0.1216 0.053746 1.2435 0.38867 0.41181 -0.062181 -0.27896 0.016092 0.19737 0.30174 0.45303 -0.085783 3.2987e-05 0.29771 -0.14795 0.3775 -0.50584 0.00088955 0.70033 -0.19407 -0.16529 -0.62397 0.017072 0.36826 0.12507 -0.011843
-0.78659 1.1175 1.161 1.6586 0.21216 0.59258 -0.24222 0.76697 -0.06351 1.036 0.062213 0.83292 -1.4054 0.38734 0.066719 1.1544 -0.04744 -0.054327 0.22245 -0.56215 0.37176 -0.045574 -0.26346 -0.21393 -0.88826 0.030738 -0.15684 -0.22974 -0.35778 -0.7526 -0.1574 0.45558 -0.054991 0.31661 -0.23867 0.023079 0.79552 -0.18829 0.00466
-0.094768 1.2186 0.23456 1.4521 0.79983 0.19465 -0.46295 0.040791 -0.61278 0.49564 0.01272 -0.044266 -1.4659 0.53678 0.19527 0.12771 -0.39401 -0.081511 0.4643 0.16693 0.58345 -0.39582 -0.033768 -0.023184 -0.91165 0.082701 -0.20394 -0.20578 -1.1845 -0.74646 0.11239 0.0053283 0.21052 0.29137 0.15124 -0.19882 0.79529 -0.34441 0.08422
-0.84627 1.0524 2.5796 2.0444 1.0195 0.81117 -0.68048 -0.37481 -2.4255 0.63661 1.3141 2.0172 -1.4567 -0.0081392 -0.12781 -0.1485 -0.40423 0.19263 0.13493 0.017669 0.78332 0.30241 0.13109 1.1772 -0.76002 0.017315 -0.59953 -0.28848 -0.97179 -0.84514 0.45634 -0.011157 0.16262 -0.13907 0.81391 -0.16942 1.0115 0.63639 0.21828
-0.15164 1.1763 0.93669 0.95494 -0.20848 1.1613 -0.31301 1.1731 -1.2893 0.059908 0.54027 -0.85985 -1.4154 -0.017691 -0.20065 -0.29847 -0.63824 0.52138 0.011253 -0.13185 0.3712 0.32098 -0.29431 1.2175 -0.80726 0.1491 -0.69849 -0.49751 -0.92017 -1.0534 0.58687 -0.20549 -0.12654 -0.34658 1.3947 -0.37623 0.07956 0.65373 0.42621
-0.18786 1.4342 0.3001 1.1023 0.50784 0.7479 0.44668 0.81734 -1.4536 0.47235 0.51926 -0.089053 -1.3606 -0.35459 -0.2235 -0.4314 -1.2924 0.50991 0.44844 -0.072546 0.17918 1.3373 -0.47322 1.0217 0.37866 0.35744 -0.67216 -0.55073 -0.34331 -0.86763 0.56665 -0.26497 0.07241 -0.79308 0.67435 -0.26268 -1.286 1.0434 0.64734
-0.82053 0.8328 0.97889 1.3224 0.82516 0.59887 -0.32773 1.5827 0.11294 0.52257 2.2368 -1.1672 -1.3993 -0.47979 -0.59014 -1.434 -1.6585 0.86561 -0.049133 -0.032139 0.17242 2.0933 -0.48497 0.20374 -0.12695 0.60994 -0.56569 -0.59016 0.040009 -0.53206 0.1662 -0.2054 0.14519 -0.67182 -0.2925 0.28895 -1.7061 0.59381 0.56215
-0.54619 0.9736 0.8764 1.0823 1.4275 0.34183 -1.04 0.16379 -0.19924 0.37596 1.0765 0.55736 -1.2695 -0.92149 -0.85418 -0.2141 -1.2981 1.0891 -0.30056 0.1257 -0.72206 0.85346 -0.29999 -0.66785 1.039 0.84303 -0.0076583 0.019552 0.14734 -0.15175 -0.35813 -0.61502 0.20577 -0.66952 -1.1177 0.6558 -1.6102 -0.0083148 0.37379
-0.71227 1.08 0.57417 -0.0044911 1.2218 1.5557 -0.41645 -0.037264 0.18019 -0.55712 1.4688 1.7134 -1.097 -0.69505 -0.87152 -0.32962 -1.4892 0.56381 0.029243 0.074015 -0.5408 -0.10621 0.19513 -1.059 0.095861 0.8242 0.67968 0.33017 0.096445 0.025512 -1.0251 -1.1318 0.14896 -0.30558 -1.1053 1.083 -0.28365 -0.20448 0.35118
-1.2226 0.45351 0.085413 0.15637 1.5173 0.56205 -0.22286 1.0533 0.46303 -0.016882 0.83131 -0.25853 -0.85279 -0.24553 -0.06248 -0.70704 -1.6073 0.028435 -0.69793 0.30179 -0.82224 -0.029803 0.49598 -1.2925 0.28718 0.86256 1.7097 0.38999 -0.75684 0.27643 -1.564 -2.0306 -0.28593 -0.2944 -0.37019 1.0435 0.56595 -0.85345 0.45642
-1.1756 0.563 0.81483 0.043732 1.1962 0.34838 0.41223 0.074309 -0.83156 0.037179 -0.73195 0.31589 -0.68738 0.36886 -0.45288 -1.0054 -1.4435 -0.46324 -1.9047 0.19243 -0.40872 0.095083 1.28 4.0755e-05 -0.1264 1.1757 2.2287 0.30743 -0.32437 0.48018 -1.661 -2.1458 -0.63912 -0.70336 0.054608 0.35791 0.6841 -0.49335 0.58384
-0.98905 0.57857 0.070233 -0.012496 1.3781 0.87463 -0.18634 0.42688 -1.2438 1.2571 0.52291 -0.69817 -0.83272 1.5093 -0.43164 -1.2765 -0.84919 -1.2477 -3.035 -0.49982 -1.397 -0.085546 1.2416 -0.1574 -0.533 1.4136 1.9466 -0.017927 0.35579 0.4359 -1.2064 -1.2112 -0.92285 -0.42248 0.28084 -0.33636 0.36906 -0.8669 0.53665
-0.81169 1.1873 0.16994 -0.41997 0.93148 -0.75623 -0.52638 -0.32249 1.1033 0.69862 0.84224 0.63179 -0.63286 2.2852 -0.19138 -0.64314 -1.0625 -1.8269 -2.7148 -0.80531 -1.679 0.0087495 0.53617 -0.37021 -0.45154 1.5018 0.88619 0.19255 1.2461 0.21503 -0.43018 0.14504 -0.59227 -0.11821 0.38274 -0.99783 -0.82233 -0.91018 0.22198
0.12558 0.23504 -0.63952 -0.79045 0.73798 -2.0057 -0.57899 -0.25854 -0.034295 1.7211 1.5352 1.0813 0.039436 2.1676 -0.23477 -0.22503 -1.0646 -1.4824 -2.4926 -1.0529 -1.0518 0.59331 0.19423 -0.42801 -1.2605 1.576 -0.57234 0.26645 1.6839 0.171 0.57415 1.7457 0.12032 0.71525 -0.11608 -0.80233 -0.59254 -0.9729 -0.3619
1.0377 0.42182 -0.9945 -0.51754 -0.68645 -2.3801 -1.0285 -1.9342 -0.29016 0.59022 0.11638 -0.45448 0.24237 1.5824 -0.2454 0.78308 -0.96469 -1.1108 -1.8902 -0.71646 -0.83839 0.5576 -0.19196 -1.3673 -1.5601 1.4604 -1.667 0.85922 1.341 0.35619 1.2023 2.4956 0.52226 0.78405 -0.51599 -0.54487 -0.24306 -0.73834 -1.2025
1.1201 0.40129 0.37433 -0.83452 -0.70152 -2.0427 -0.9832 -0.8773 -0.26573 0.50575 -0.83107 -1.342 0.3104 0.88836 0.023284 1.1366 -0.59919 -0.52341 -0.2283 -0.28953 -0.40991 -0.64474 0.00075381 -0.74062 -1.9026 0.85271 -2.0007 1.4002 0.57679 0.51209 1.5352 2.7882 0.64361 0.5791 -0.86408 -0.27768 0.55876 0.74203 -1.8416
0.77641 0.61502 0.58114 -1.0034 0.13136 -2.1106 -1.2996 -0.69529 0.20829 0.90261 -0.45566 -1.5395 0.43471 0.064877 1.0861 1.1663 -0.69266 -0.068594 0.74638 -0.11995 -0.45517 -0.52821 -0.45749 -0.6556 -1.5817 -0.082173 -1.866 1.1597 -0.86162 0.70221 1.3439 1.9816 0.72432 0.37132 -0.60677 -0.48352 1.216 1.7367 -1.7712
0.52457 0.56855 0.81068 -1.084 0.15224 -1.966 -1.1873 -0.845 0.58462 1.0442 -0.46113 -1.698 0.38202 -0.50882 1.3991 0.65631 -0.34253 0.84648 1.3187 -0.038857 -0.10787 -0.7781 -0.22941 0.24298 0.28227 -0.63539 -1.4895 -0.052036 -1.7041 0.66049 0.69535 0.74291 0.84235 0.10059 0.16708 -0.84652 0.57758 2.0262 -0.80301
0.64332 0.93895 0.6517 -0.9795 -0.0018238 -1.3477 -0.71819 -1.1683 -0.77278 0.96809 0.90647 -1.1042 0.25523 -0.92197 0.96931 -0.57136 0.076803 0.70241 0.9877 0.63362 -0.26885 -0.72947 -1.0447 0.37143 0.88383 -0.66403 -1.0553 -1.4016 -1.7252 0.4473 0.15935 -0.42215 0.99572 0.068186 0.52069 -0.45313 0.18112 1.5619 0.56424
0.71412 1.3543 0.14364 -1.4592 -0.13442 -1.2706 -1.0228 -1.6991 -1.0557 0.25037 -0.412 -1.6658 -0.098856 -1.172 -0.016184 -1.1516 0.11749 0.39637 1.0324 1.0476 -0.32316 -0.212 -1.3989 -0.19284 0.9844 -0.15373 -0.79978 -2.0249 -0.86298 0.029207 -0.11464 -1.1541 0.81524 -0.14404 1.1345 -0.17592 -0.74607 0.28535 1.5431
0.43009 1.6345 0.26551 -0.63444 0.69907 -0.57045 -1.3179 -1.416 -1.0058 0.17798 -0.22109 0.10251 -0.29206 -1.4087 -0.53214 -1.1259 -0.17077 0.47588 0.1358 1.3607 -0.23233 0.2912 -0.77976 -0.1025 1.2514 0.59829 -0.54131 -1.834 0.2454 -0.29058 0.25712 -1.2123 0.37938 -0.2832 1.1119 0.56169 -0.59514 -0.089187 1.854
-0.39075 0.81672 -0.22064 -0.84065 0.44341 -1.376 0.36967 -0.63864 -0.37969 -1.0181 -0.36586 -0.73961 0.048693 -1.6299 -1.2049 -0.66355 -0.15233 0.77522 -0.35046 1.2567 -0.43475 1.1512 -0.71487 -0.883 0.7102 1.2431 -0.20892 -1.0012 0.66252 -0.39339 0.58998 -0.90672 -0.050281 -0.18837 0.53534 0.60599 -0.0084315 -0.23732 1.3136
-0.67843 0.20107 -0.64995 -1.1038 0.51256 -0.74955 0.19213 -1.3913 0.51399 -0.47416 -0.56853 -0.66861 0.63504 -1.6118 -1.4758 -0.35696 -0.24616 1.0122 -0.52258 1.3073 -0.79959 0.97942 -0.26553 -0.37002 0.87788 1.6517 0.33562 0.085659 0.75147 -0.11776 0.48193 0.25334 -0.81656 -0.15613 -0.24693 0.36125 0.42063 -0.21218 0.24686
-0.79509 0.50385 -0.20235 -1.4705 0.58644 -2.0862 0.77792 -1.4994 0.11277 0.7129 0.25183 0.15704 0.91012 -1.4161 -1.2092 -0.30405 -0.47125 1.2397 -0.28013 0.98425 -0.43669 0.57826 -0.44636 -0.071055 0.72959 1.4568 0.79025 0.83963 0.61337 -0.058818 0.066872 0.95176 -1.1752 0.18797 -0.9641 0.3576 1.6421 -0.47426 -0.75348
-0.95505 0.31016 -0.002235 -1.0505 1.1549 -1.4607 0.37968 -2.1858 0.30668 -0.7023 -1.1459 -0.70718 0.9913 -0.92224 -0.40055 0.091305 -0.18586 1.1564 0.58482 -0.14177 -0.56413 0.0078057 -0.19345 0.26537 0.85079 0.89768 0.95681 0.65833 0.4666 -0.09212 -0.36205 1.2759 -1.5851 0.59045 -0.71699 -0.099334 1.8042 -1.2015 -1.2807
-1.1685 0.29028 -0.33492 -1.3501 1.5685 -1.4966 0.62524 -2.5439 -0.07998 -0.37622 -0.76042 0.27081 1.0384 -0.59743 -0.36842 0.25313 -0.26038 0.85247 0.85994 -0.38225 -0.19808 -0.49526 -0.03765 1.8102 -0.19528 0.40309 0.98466 0.084222 0.48949 0.025156 -0.89674 0.85054 -1.3653 0.8105 -0.017901 -0.0038667 1.7318 -1.6717 -1.1689
-1.5419 0.2696 -0.43219 -1.0344 2.2493 -0.83059 0.636 -0.76123 0.060241 -1.1898 0.038641 0.83635 0.94126 -0.35662 -0.82137 0.23305 -0.4841 0.56625 1.2654 -1.2013 0.23928 -0.077691 -0.66984 1.9973 -1.0443 0.106 0.79443 -0.49447 0.30332 0.26845 -1.1652 0.086849 -0.79897 1.151 0.98151 -0.24992 1.1146 -1.3241 -0.78432
-1.3697 0.28981 -0.18481 -1.2132 1.3042 -0.38866 -0.22963 -1.8593 0.020476 -0.66314 0.0048993 -0.14012 1.0442 0.013632 -0.87167 0.53613 -0.26236 -0.088292 0.95817 -1.2336 0.75922 0.55012 -0.21732 2.2382 -1.6549 -0.038381 0.41867 -0.48988 0.40564 0.90211 -1.1907 -0.60564 -0.2648 0.50801 1.2509 -0.54576 -0.41856 -0.053369 -0.54417
-1.1845 -0.15034 -0.097113 -1.6806 1.4006 -0.41829 -0.11858 -2.0036 -0.33481 0.44746 2.5501 -1.4686 1.1242 0.15673 -0.97716 0.51563 0.27379 -0.48995 0.71477 -1.3193 1.2349 1.5915 -0.60453 2.0962 -1.051 -0.14862 -0.044786 -0.26304 0.4846 1.5877 -1.0161 -0.79128 0.53885 -0.089269 0.86332 -0.55648 -1.3529 1.2702 -0.4867
-1.2192 -0.32798 0.19679 -1.8375 1.6632 -0.67699 -1.3502 -1.3049 0.366 -1.4429 1.2341 -1.406 0.97268 -0.11754 -1.1112 0.86742 0.85824 -0.78316 0.045295 -0.84688 0.29766 1.3633 -1.1625 0.99762 -0.26277 -0.34695 -0.27962 0.048838 0.67954 1.6802 -1.1251 -0.49569 1.0077 -0.74182 -0.12948 -0.43495 -2.1393 1.8425 -0.56596
-1.007 -0.34679 0.45015 -0.91316 1.2034 -0.27767 -0.87004 -0.95787 1.2804 -1.0722 0.84254 -2.2686 0.92857 -0.35363 -1.1478 0.9694 1.5772 -0.92882 0.29169 -0.29409 0.27081 1.3646 -1.3109 0.1431 0.85598 -0.5238 -0.1565 0.34979 0.78535 1.32 -1.2106 -0.066297 1.6361 -0.8678 -1.5092 0.5463 -2.0669 1.0705 -0.56946
-1.28 -0.44901 -0.16784 -0.80731 1.1625 -0.38266 -1.0087 0.044517 2.2544 -1.5426 2.1816 0.54144 0.87347 -0.19872 -0.71768 1.5728 1.8593 -1.9119 0.28122 0.30182 -0.26115 0.3496 -0.73486 -0.69991 1.1412 -0.76349 0.26071 0.78378 0.64791 0.5659 -1.0663 0.20845 1.6684 -0.31878 -2.37 1.1141 -1.4093 0.40213 -0.61685
-1.8675 -0.71531 0.87483 -0.2531 0.83296 -0.81663 -0.53963 -1.7118 0.83019 -2.6157 0.97451 0.028065 0.65012 -0.057914 -0.60841 1.6227 1.9559 -2.1259 0.49522 1.4246 -0.23969 -1.2213 0.27206 -0.83708 0.44095 -0.85873 0.48291 1.036 0.4748 0.046241 -0.4446 -0.11582 1.3568 -0.047402 -2.3352 1.4803 -0.40877 -0.45073 -0.65692
-1.5327 -0.88719 0.96874 -0.103 -0.021575 0.33002 -0.76081 -1.893 1.4147 -1.418 0.94718 -0.13576 0.67982 0.19879 -0.09892 1.7456 1.6152 -2.1195 0.34545 1.6772 -0.10469 -2.5388 0.27124 -1.09 0.79177 -1.1748 0.28359 1.042 -0.27544 0.12014 0.89034 -0.30504 0.57059 1.0246 -0.9868 0.81358 0.25404 -0.097325 -0.65501
-1.0438 -0.64914 1.987 -0.22114 -1.212 -0.3794 0.025087 -1.8706 -0.15342 -0.67605 1.3167 -0.85047 0.36888 0.29494 0.2411 1.7668 1.7936 -1.6164 0.067226 1.7719 0.076938 -2.3103 1.1432 -0.40705 0.1591 -1.3785 0.3942 0.55073 -1.6625 -0.10565 1.4922 -0.7978 -0.64039 1.6946 0.77901 -0.0048411 0.31025 0.49166 -0.29496
-1.208 -0.82249 1.6214 0.44978 -0.62377 0.10629 1.1508 -0.51569 -0.87135 -1.2568 -0.30967 -1.3173 0.23595 0.12849 0.56583 0.99321 2.1559 -0.50269 -0.043887 1.2928 1.6056 -1.2876 0.45416 -0.44618 1.1227 -1.5608 0.8929 -0.40472 -3.1006 -0.51252 1.4598 -0.92285 -1.5921 1.8008 2.186 -0.034772 0.2349 0.7865 0.59074
-0.95748 -0.25182 1.9307 0.70143 -1.2031 -0.092019 1.2527 -0.71209 -1.4678 -1.4193 0.27371 0.78423 -0.16196 0.6716 -0.04357 -1.0809 1.5309 -0.16338 -0.75225 0.33407 2.2683 -0.18174 0.1695 -0.58729 1.3029 -1.1386 1.7759 -1.1629 -3.4226 -1.3606 0.48494 -0.99383 -2.1538 1.2216 2.2292 0.20623 -0.16608 0.72553 1.5178
-1.4469 -0.43758 1.992 1.1076 -0.54101 -0.68302 1.1236 -0.87896 -0.14548 -0.074091 2.2389 0.66727 -0.32678 1.5648 -0.63666 -2.5773 0.9248 -0.13462 -0.91612 -0.80987 2.3749 1.1273 0.68716 -0.56618 1.8415 -0.3304 2.3866 -1.6622 -2.5662 -1.781 -0.58114 -0.81775 -1.8142 0.12493 1.2468 0.85415 -0.46941 -0.56372 2.2511
-1.71 -0.35287 1.9332 1.9211 0.16701 -0.34827 0.67807 0.64937 -0.29981 -2.39 -0.4415 1.1407 -0.6424 2.6538 -1.0894 -2.792 0.19696 -0.8822 -1.298 -1.5179 2.1109 1.3067 1.4374 -0.64775 1.2985 0.47496 2.0007 -1.1318 -0.57971 -1.5477 -1.0122 -0.41846 -0.6589 -0.53845 -0.22347 0.88748 -0.59703 -1.2155 2.2663
0.2283 -1.2678 -1.0422 0.58415 -1.2916 -0.93718 -0.46754 1.368 0.91718 -0.39308 0.10138 0.43419 -0.017997 3.2673 -1.6672 -2.907 -0.078511 -1.1858 -1.2497 -1.436 1.9129 0.65259 1.5259 -1.2722 0.025656 1.291 0.58624 -0.47351 1.2331 -1.3329 -0.96404 -0.27479 0.65962 -1.562 -1.1947 0.57108 -0.10059 -1.5365 1.7386
1.121 -1.2001 -0.79102 0.69206 -1.4884 -1.4314 -0.56648 1.4642 0.58129 0.43453 0.15243 1.5155 0.25091 3.2849 -1.4087 -1.9878 -0.48638 -1.4731 -1.3324 -0.67294 1.4031 -0.46311 1.5224 -1.3243 -0.20196 1.7339 -1.5013 0.2973 2.6577 -0.67796 -0.24447 0.57078 1.5396 -2.2329 -1.0452 -0.62526 0.43946 -1.2331 0.7752
1.7121 -1.4261 -0.48292 0.92874 -1.9602 -1.5031 -0.56584 1.7725 0.090585 0.55088 -0.79866 0.82269 0.51856 2.2747 -1.2706 -0.68926 -0.90038 -1.586 -1.3826 0.11229 -0.41144 -0.62235 1.7846 -0.40869 -0.46799 1.8671 -2.9037 0.67798 2.7744 -0.6476 0.19595 1.6855 1.6007 -2.0377 0.047538 -1.6469 1.0687 -1.1064 -0.14097
1.9797 -1.6284 -0.64369 1.108 -2.0961 -1.6758 -0.4812 1.3194 -0.57056 0.34545 -0.35815 0.52078 0.76041 0.57589 -0.80884 1.0311 -0.48511 -1.1054 -0.16568 0.8311 -1.2071 -0.36474 0.056983 -0.27118 -0.90297 1.4505 -3.1538 0.68389 1.6759 -0.68378 0.92456 2.6269 1.2056 -0.94141 1.1944 -2.0387 1.2274 -1.1034 -0.67828
1.6176 -1.4921 0.0065043 0.78983 -1.7812 -2.2642 0.3762 1.5361 -0.61634 0.90326 -0.073687 0.45394 0.95233 -0.37055 -0.85989 0.73193 -1.1224 -0.98293 1.2757 1.0584 -0.87241 0.67509 -1.0343 0.1621 -1.8167 1.2096 -2.2368 0.7016 -0.027646 -0.70252 1.6137 2.7943 0.62909 0.47593 1.21 -1.8454 0.7305 -0.69054 -0.8328
1.2482 -1.8258 -0.04993 0.26831 -2.5041 -2.136 0.30619 -0.24147 -0.14515 0.44124 -0.9865 0.42178 1.1173 -0.81615 -0.49702 0.41287 -1.4779 -0.047774 2.1724 1.3021 -0.26741 1.4582 -1.1441 0.64185 -1.7145 0.96769 -0.87991 0.59657 -1.5035 -0.5441 2.0651 1.9496 0.2869 1.0122 0.2654 -0.83443 0.62859 0.11371 -0.67429
1.2372 -1.9502 0.089091 0.16994 -2.9024 -0.56536 0.47783 0.0803 0.9108 -0.47466 0.04619 -0.63439 1.2631 -0.87165 -0.28027 -0.42809 -1.5372 0.87965 2.5891 1.1598 0.04819 1.0702 -1.3045 0.47616 -1.4171 0.76279 0.0019875 0.78481 -1.4355 0.37013 2.3984 0.68788 0.33298 1.0554 -1.2744 -0.10542 0.44604 0.98219 -0.61011
1.0119 -1.9776 -0.10764 -0.23802 -2.7048 0.59056 0.8294 1.3143 1.2869 -1.1636 0.042192 -1.2563 1.3073 -0.67619 -0.12575 -1.1738 -1.1512 1.7879 2.7703 1.3718 0.33305 -0.016013 -1.4771 0.72651 -0.83696 0.58546 0.31812 0.59543 -1.1531 0.87818 1.7349 -0.78773 0.16964 0.38664 -2.339 0.066666 -0.043835 1.0075 -0.53047
0.99921 -1.7275 -0.16589 -0.22587 -1.27 0.68363 1.4305 1.7377 1.3345 -0.46398 0.041972 -1.1985 1.3892 -0.42247 0.23811 -1.1337 -0.66037 2.537 2.2572 1.7081 0.914 -1.396 -1.08 0.94015 -0.23953 0.4164 0.35348 0.40855 -0.41717 1.133 0.61172 -1.7727 -0.054735 -0.37004 -2.1541 0.33282 -0.32522 0.85087 -0.41595
0.88426 -1.8056 -1.2855 -0.39525 -0.58374 0.53656 1.2244 0.80795 -0.1485 -1.0248 0.057141 -0.78286 1.4627 -0.47757 0.2148 -1.3695 -0.45802 2.3408 0.91468 1.3823 0.050842 -2.4361 -1.1245 0.33304 -0.23645 0.28577 0.25126 0.2379 0.30982 1.0587 -0.70689 -1.9546 -0.47076 -0.72735 -1.0007 0.54433 -0.69635 0.46414 -0.28384
0.7107 -1.7491 -1.1712 -0.39574 0.017481 0.98198 2.5079 1.0258 -0.77049 -1.3019 0.53895 -0.34153 1.4929 -0.34681 0.21195 -1.1006 -0.0078065 1.7547 0.28811 1.0554 -0.57066 -2.4444 -0.81699 0.080725 0.033984 0.24336 0.17996 0.097887 0.88141 0.79345 -1.521 -1.5852 -0.70432 -0.68168 0.64807 0.77138 -1.0273 0.060613 -0.16865
0.87709 -1.6794 -0.83307 -0.31273 -0.019664 1.2818 2.6413 1.2629 -1.3752 -1.3992 0.38954 -0.50466 1.4925 -0.26613 0.26812 -0.61244 0.27679 0.9052 0.19285 0.75826 -0.39813 -1.7039 -0.52209 -0.11567 -0.0017336 0.21708 0.22633 0.19683 1.1874 0.55336 -1.5138 -1.025 -0.72345 -0.16686 1.8764 1.1272 -1.1096 -0.13142 -0.10183
0.55779 -1.8365 -1.5226 -0.4253 -0.38034 0.65541 1.9958 0.49896 -1.5632 -2.4774 0.2146 -1.9883 1.5055 -0.20323 0.3611 0.1257 0.29164 0.48349 -0.26692 0.6082 -0.24382 -0.38214 0.15906 -0.71356 -0.19806 0.18276 0.091628 0.26348 0.80835 0.064688 -1.0301 -0.85411 -0.59669 -0.07574 2.2158 1.3024 -0.95804 -0.25158 -0.1185
0.68239 -1.6457 -1.3118 -0.14695 0.070004 0.90511 2.3276 0.82596 -1.3397 -1.4902 -0.093465 -0.84048 1.5619 -0.14445 0.45322 0.22267 0.31803 0.21839 -0.66623 0.15537 -0.46678 0.58879 0.6389 -1.2985 -0.34858 0.15652 0.021156 0.27329 0.39599 -0.34133 -0.5375 -0.50642 -0.28507 -0.18746 1.7883 1.406 -0.64864 -0.1012 -0.21322
0.70621 -1.4254 -1.1312 0.038541 0.26478 0.9029 2.5425 1.1023 -1.0643 -0.93672 -0.029314 -0.70172 1.6247 -0.23502 0.54241 -0.015729 0.096163 0.22973 -0.82769 0.16252 -0.70856 1.2046 1.2041 -1.079 -0.26289 0.087052 -0.12993 0.14475 0.11384 -0.71352 -0.46493 0.065005 -0.18547 -0.17105 1.0918 0.99104 -0.056859 -0.37875 -0.32625
0.5887 -1.5234 -0.95532 -0.29728 0.20661 0.16335 2.644 0.42882 -0.72624 -0.98334 -0.80935 -0.91998 1.6103 -0.19913 0.61667 0.19595 -0.16655 0.069783 -0.43492 0.41652 -0.5611 1.3669 1.7639 -1.1174 -0.13657 -0.075373 -0.23906 -0.0094926 0.24141 -1.2171 -0.57714 0.38121 -0.30934 -0.023004 0.43365 0.54122 0.40263 -0.54835 -0.44489
0.59758 -1.3525 -0.85246 -0.077608 0.10058 0.30535 2.6401 0.43716 -0.15119 -0.83109 -1.089 -1.2883 1.5972 -0.38531 0.50638 0.35348 -0.61737 -0.27102 -0.24354 0.11436 -0.55922 1.5754 1.5758 -0.90477 -1.0306 -0.22502 -0.085529 0.06682 0.51967 -1.2062 -0.72751 0.32303 -1.0173 0.28068 0.048923 0.09512 0.55701 -0.14572 -0.50974
0.46016 -1.2808 -1.4499 -0.35007 0.086109 0.10395 2.4387 -0.01662 -0.047062 -0.21806 -0.59769 -1.5656 1.5423 -0.46689 0.44361 0.48906 -1.3021 -0.56643 -0.23978 -0.43418 -0.60837 1.3162 1.5333 -0.64478 -1.033 -0.40368 0.096017 0.43757 1.0706 -0.82202 -0.803 -0.19399 -1.733 0.38436 -0.25489 -0.32912 0.89251 0.52866 -0.7334
0.3862 -1.2386 -1.2027 -0.50789 -0.18788 0.50557 2.7948 0.14001 0.075599 0.26169 -1.2633 -1.6736 1.4313 -0.23399 0.7273 0.80476 -1.2952 -0.76394 -0.31336 -1.4565 -0.14538 1.3046 1.5081 -0.29173 -0.071616 -0.57027 0.32463 1.1081 1.6642 0.26467 -0.48577 -0.34834 -2.2263 0.29101 -0.69448 -0.82171 0.99621 1.6767 -1.2402
0.24194 -1.1394 -0.5017 -0.70999 -0.12882 0.68446 2.4516 0.47755 0.9041 0.68344 -1.1079 -2.1572 1.4111 -0.094593 1.2166 1.9591 -1.1569 -1.1344 -0.7356 -2.289 -0.021435 0.9151 1.1386 0.21412 0.48596 -1.0872 0.15852 1.6417 1.4201 1.748 0.10684 -0.19617 -1.8356 0.12181 -1.1422 -1.4056 1.7387 2.2039 -1.9522
0.16193 -1.0952 -0.48101 -1.5332 -0.55364 -0.0091711 1.605 -0.073107 0.47486 0.72629 -1.0489 -1.9333 1.2645 0.0029446 1.9372 2.7081 -0.23754 -0.8542 -0.61409 -3.446 -0.29251 0.23111 0.12949 0.4938 1.6255 -1.8901 -0.19235 1.5666 0.39953 2.8346 0.59859 0.26775 -0.69523 -0.11157 -1.6952 -1.4181 1.8405 2.2515 -2.3917
0.53213 -0.72243 -0.12839 -1.1866 -0.82323 -0.46364 0.0086146 0.33791 1.2172 0.76348 -1.2776 -0.52525 1.0983 -0.29738 2.5369 2.1743 1.0534 -0.29847 -0.42902 -3.1376 -0.31252 -0.66732 -0.58807 2.1504 2.5964 -2.9059 -0.34382 1.0608 -0.64128 3.3833 0.99321 0.99691 0.6368 0.17993 -1.6067 -0.93365 1.3836 1.319 -1.9421
0.45968 -0.070764 1.4452 -0.94668 -1.4581 -0.62136 -0.54314 0.26665 0.7565 0.66983 -0.36568 -0.99552 0.45999 -0.44965 2.6414 1.4414 2.2657 -0.054569 0.043942 -2.4257 -0.24362 -1.6291 -0.46416 2.1145 3.447 -3.5363 -0.52595 0.07261 -1.528 2.4192 1.0027 1.039 1.9601 0.51831 -1.1678 -0.16335 0.66209 -0.39023 -0.75508
0.32824 0.50788 1.396 -0.26377 -0.5558 0.0011126 -2.3325 -0.6309 -0.11658 -0.32432 -0.27107 0.6522 -0.29946 -0.44653 2.6038 1.4065 3.157 0.31896 0.78224 -1.5006 0.29247 -1.687 -0.43201 1.9413 2.2698 -3.4098 -0.28926 -1.0627 -1.9358 0.83955 0.95364 0.44511 2.0776 0.58837 -0.54704 0.80918 -0.31931 -1.6901 0.87209
-0.30632 0.86394 0.68765 0.60477 -0.19804 0.29373 -0.41476 0.14716 -0.68117 -0.36098 1.9409 1.3264 -1.1515 -0.81477 2.0117 0.26172 2.6954 0.70773 0.70433 -0.2916 0.41909 -1.8349 -0.27644 1.8145 1.0391 -2.8577 0.10027 -1.8719 -1.5377 -0.52455 0.70323 -0.3939 1.6282 0.44328 0.27334 1.1809 -0.90305 -2.591 2.1531
-0.19227 0.83225 0.72043 1.0135 -0.55806 0.38978 -0.92983 0.18026 -1.1854 0.71758 0.48563 2.1901 -1.3711 -0.59897 1.0855 -0.82254 2.2335 1.1007 0.07641 0.0056981 0.51014 -1.7881 0.93386 1.7191 0.43118 -1.8244 0.42657 -1.9037 -0.87208 -1.7394 0.097501 -0.89084 0.84629 0.0030215 0.63646 1.1118 -1.7801 -1.7749 2.5918
0.091564 1.1922 1.6537 1.3 -0.49805 0.63646 -1.2329 0.72808 -0.86699 0.11466 0.60259 0.0048266 -1.2368 -0.1859 0.29838 -0.29256 1.886 0.87433 -0.3051 0.12325 0.51181 -1.015 1.2116 0.57514 -0.81826 -0.82948 0.57056 -1.2021 0.088267 -1.8635 -0.40472 -0.50507 0.34679 -0.40555 1.0377 0.014512 -2.1366 -0.81578 2.2138
-0.5314 1.1375 0.39406 1.0023 -0.023876 -0.06593 -0.6915 0.68298 -1.0686 0.12694 1.1816 0.31829 -1.3383 -0.010778 0.30585 0.069664 0.72847 0.44133 -0.32569 0.01383 0.23116 -0.7423 1.0445 -0.69589 -0.34163 -0.21256 0.2361 -0.63506 0.26739 -1.7096 -0.73439 0.094274 0.5802 -0.47003 1.2136 -1.0304 -2.3289 0.12783 1.2837
-0.18742 0.91911 0.32196 1.3848 0.52075 -0.56465 -1.3859 0.31203 -2.1757 2.091 2.2892 0.4562 -1.3222 -0.1104 0.40515 -0.017385 0.41128 0.31936 -0.00030469 0.41674 -0.2723 -0.12889 -0.30418 -0.88783 -0.18176 -0.065504 -0.38061 -0.51641 0.41295 -1.3312 -0.67999 0.76451 0.90697 -0.40914 1.2396 -1.359 -1.7815 0.7097 0.7222
0.030266 0.79117 1.2108 2.0966 0.56247 0.098408 -1.5208 0.21008 -1.2115 0.70134 0.28653 0.1076 -1.3308 -0.21498 -0.028189 -0.46095 0.18649 0.053784 0.11669 1.0431 -0.057452 0.38091 -0.36904 -1.8113 0.40722 -0.11766 -0.93874 -1.115 0.25625 -1.3088 -0.49455 0.7762 1.1364 -0.95804 1.3561 -1.4139 -0.78559 0.040007 1.0147
-0.37299 1.4146 0.90346 0.96401 -0.38481 0.22083 0.027037 0.79305 -1.7238 1.1038 0.13837 1.7835 -1.4352 -0.72547 -0.39906 0.74186 -0.0070591 -0.15628 0.89467 1.4532 -0.18193 1.092 -0.79919 -2.1265 0.27415 0.30068 -0.95165 -1.4041 0.40246 -1.6335 -0.29873 0.48234 0.42117 -1.4331 0.93967 -0.85006 0.4979 -0.4728 1.4147
-0.26338 1.3701 0.89419 1.4981 -0.17581 0.58691 -0.58732 -0.23924 -0.8119 -0.85088 -0.64124 0.61847 -1.3243 -1.3073 -1.1447 0.16857 -1.1896 -0.20414 0.66919 1.8038 -1.7482 1.5697 -1.5353 -1.5119 -0.45229 1.2566 -0.35835 -0.99829 0.62509 -1.2548 0.30825 0.24081 -0.92512 -1.3995 0.51166 -0.35506 1.8589 -0.92237 1.229
-0.41021 0.83859 0.29279 1.392 0.021191 0.14518 0.54614 1.1015 -0.3945 0.24192 -0.93997 0.10223 -1.3632 -1.1906 -1.3665 0.41753 -1.5604 -0.074803 0.6273 0.89912 -2.3099 1.292 -1.4214 -0.12218 -0.66809 1.5487 0.3004 -0.085824 0.11271 -0.64491 0.76788 -0.023978 -1.7921 -0.066811 -0.30123 0.74776 2.5267 -0.73904 0.10773
-1.604 0.44789 1.7991 1.1838 0.24654 1.0396 0.95425 -0.036919 -0.14496 0.12068 -0.42497 0.85372 -0.89219 -0.58572 -1.2044 0.86376 -1.0755 0.60635 0.7116 -0.53802 -1.8092 1.3637 -0.76897 0.59454 -0.9437 1.2583 1.1264 1.3463 -0.049833 0.5864 0.51318 0.17823 -2.0484 1.3911 -1.1727 1.2044 2.0825 -0.29859 -1.353
-1.4692 -0.24975 0.40589 0.032192 0.19052 0.12957 0.82722 -3.27 -0.11142 -0.53574 0.21247 -0.48624 0.097707 -0.55365 -0.52284 0.60659 -1.1029 0.87718 0.84943 -0.98614 -0.30584 0.50682 0.31069 1.4515 -0.93274 0.48031 1.5916 2.1486 -0.89204 1.4517 -0.068661 -0.1847 -1.1477 2.5877 -1.5492 1.2106 0.81315 0.035458 -2.3064
-0.96212 0.30932 1.951 0.43813 -0.10582 1.2221 -0.57342 -1.9761 0.14343 -1.5916 -0.12705 0.098663 -0.3585 0.33107 0.64401 -0.015069 -0.43839 0.29009 0.90465 -1.3819 0.0067728 -0.62446 0.0043262 1.5189 -0.88499 -0.39905 1.2531 2.0174 -1.3286 1.9611 -0.67887 -0.57326 0.18491 2.8684 -1.6736 0.94218 0.0038581 0.48199 -2.4517
-0.6175 0.81157 1.6556 0.47954 0.74566 1.1827 -1.3244 -0.36422 0.34343 0.16389 0.46977 0.3228 -0.82734 1.1101 1.2444 -0.79405 0.51977 -0.016632 0.21221 -0.98696 1.9288 -1.1208 0.6101 0.90836 -0.58931 -1.3596 0.866 0.92769 -1.3186 2.0247 -0.835 -1.2026 0.94481 1.5374 -0.89861 0.6954 -0.46542 0.75426 -1.4525
-1.3438 0.71141 0.97744 0.66873 1.24 1.4866 -1.0908 0.77981 -0.34895 0.34468 0.99255 -1.258 -1.1913 0.75785 1.2304 -0.89644 1.347 -0.16906 -0.00044771 -0.15236 2.7807 -1.5005 0.96293 0.87662 -0.10745 -1.7946 -0.030726 -0.4956 -0.53073 1.122 -0.4942 -1.2474 1.3602 0.025599 0.26041 0.46432 -0.72578 1.0859 0.0034579
-0.25339 1.2127 0.37391 0.9145 -0.23213 1.2573 -0.52611 -0.35735 -1.6661 -0.21078 0.82928 -0.64378 -1.3973 0.74087 0.70351 -1.3948 1.3425 -0.40273 -0.88194 0.32011 1.3565 -1.0447 1.2198 0.92367 0.23512 -1.1732 -0.56132 -1.3156 0.12273 -0.89482 -0.11314 -1.1136 0.96112 -2.0941 1.3902 -0.073094 -0.7898 1.4478 1.7983
-0.24763 1.0793 0.72588 1.3097 0.053408 0.59387 -0.23267 1.207 -1.2126 0.45971 0.44025 0.12726 -1.4815 0.47735 0.084345 -0.69562 1.0084 -0.3995 -0.81439 0.7251 0.32307 -0.12707 0.62603 0.18548 0.92775 -0.48093 -0.63357 -1.2676 0.30652 -2.5597 0.53198 -1.2604 0.27723 -2.6508 1.9869 -0.4894 -1.0142 1.3114 2.7304
-0.67178 0.82409 0.050801 1.3599 0.075726 0.49805 -0.044232 0.50507 -1.5799 0.16313 1.3043 -0.48831 -1.4258 0.29712 -0.36643 -0.66354 -0.75948 -0.083172 -1.4017 0.52829 -1.0454 1.1891 0.63104 -0.18911 1.8474 0.90744 -0.84226 -0.62329 0.34735 -3.1283 0.93154 -0.83187 -0.054434 -1.8202 1.5065 -0.83253 -1.0673 0.57949 2.3571
0.072717 1.1649 0.62978 1.6844 -0.070818 0.21056 -1.0249 0.20029 -0.39945 0.85112 1.1792 0.56811 -1.4699 -0.09812 -0.33926 -0.69034 -1.7803 0.67596 -2.0304 0.31538 -1.3331 1.6792 0.27777 -0.42098 1.7657 1.6014 -0.87181 0.14891 0.42795 -2.5718 0.97431 -0.23311 -0.091132 -0.7354 0.4091 -0.42348 -0.59978 -0.48434 1.3273
-0.54053 0.7623 0.74891 1.1908 0.71629 0.65429 0.072954 0.45539 0.10675 0.93617 0.47462 0.85057 -1.2866 -0.40911 -0.12558 -0.74999 -2.3736 0.79925 -1.7785 0.42651 -1.4714 1.3022 -0.2714 -0.72438 1.0206 1.6162 -1.096 0.11445 0.32454 -1.137 0.61667 0.8269 -0.043842 0.31303 -1.0433 -0.6259 -0.29696 -1.361 -0.085503
-0.7071 0.47834 -0.43027 -0.80228 0.48821 -0.77524 -0.068312 -1.5893 0.64055 0.69461 0.56449 1.2633 -0.013027 -0.65821 0.1978 0.14455 -2.3825 0.97767 -1.0333 0.60336 -0.95351 0.67572 0.22945 -0.6419 0.4018 1.3243 -0.72786 -0.29637 0.29402 0.22638 -0.02977 1.6132 -0.44553 0.96357 -1.6174 -0.63454 0.19631 -1.5292 -0.92002
-0.16196 1.167 -0.32486 -0.34132 0.63884 -1.9148 0.002611 -1.2457 -0.021827 -0.12137 0.16792 1.6513 -0.21185 -1.2981 -0.45798 -0.47582 -2.3039 0.92654 -0.36502 0.30724 -0.63103 -0.6139 -0.59714 -0.61906 -0.17654 0.91296 -0.047382 -0.86915 0.28709 1.4712 -0.55042 2.0987 -0.78974 1.4063 -1.1907 -0.35894 0.72586 -1.3039 -1.2423
-1.0677 0.91043 -0.01198 -0.35323 1.1154 -1.0044 0.34537 -0.089878 0.075139 0.052772 -0.024018 0.45463 -0.54524 -0.89407 -0.67427 -0.27886 -1.4254 0.58389 0.23907 -0.51386 0.15002 -0.9181 -0.82896 -0.11064 -0.68055 0.46581 1.0628 -1.4391 -0.46302 1.7182 -1.228 1.8086 -0.79531 1.2533 -0.34083 -0.39146 0.55319 -0.48726 -0.75256
-1.2336 1.1404 1.067 -0.4104 1.2953 0.10002 0.39292 -0.70371 -0.45796 1.4502 0.93731 0.0494 -0.57105 -0.35824 -1.1363 -0.002571 -0.4216 0.010087 1.4513 -0.59941 0.76419 -0.52667 -0.46099 0.34286 -1.0291 0.035201 2.3429 -1.4071 -0.6495 1.4042 -1.8183 0.87046 -0.52077 0.76552 0.5478 -0.1285 -0.034203 0.45985 0.20343
-1.7118 0.13629 -0.58151 -0.91734 1.2153 -0.088679 -0.71712 -0.81652 -1.0689 -0.60996 -0.16138 0.9263 -0.50609 0.71922 -1.8506 -0.94746 -0.48811 -0.79642 1.3929 -0.5391 0.83073 -0.14228 -0.62242 -0.10623 -0.11715 0.54765 2.4496 -1.3701 -0.87011 0.64915 -1.6076 -0.090448 0.19597 0.3955 1.0549 -0.32859 -0.90336 0.81067 1.1678
-1.141 0.065244 -0.12791 -0.88796 1.2009 -0.027665 -0.81858 0.11561 -0.46297 -0.53681 0.43173 0.14022 -0.18998 1.9499 -2.2046 -1.3427 -0.45179 -1.7014 0.67318 -0.72107 0.5364 0.15972 -0.95865 -0.68044 0.50511 1.2078 1.6645 -0.50023 -0.17153 0.037609 -0.69511 -0.52199 0.84064 0.1999 1.1351 -0.33299 -1.2075 0.58704 1.6331
-0.48678 -0.10711 -0.39989 -0.8959 0.1079 0.50178 -0.55372 -0.60438 0.25948 0.14585 1.0185 -0.063262 0.015009 2.1905 -2.4139 -1.2191 -0.32753 -1.4909 0.48228 -0.045428 1.0328 1.005 -1.2383 -1.25 0.22267 1.7801 -0.03943 0.3798 0.79519 -0.16777 0.64112 0.053391 1.3021 0.13499 0.83215 -0.21092 -1.3268 -0.058743 1.1448
0.74429 -0.36991 -1.3567 -0.56796 -0.26139 -0.1512 -0.24509 0.61466 -0.41569 -0.9065 -0.62063 1.6414 0.048435 1.7909 -1.6924 -0.18155 -0.4217 -0.89483 0.96991 0.86425 1.0414 1.3407 -0.82 -1.2933 0.020683 2.0747 -1.667 1.036 1.4236 -0.41664 1.7617 0.50956 1.3527 -0.05353 0.28551 -0.13061 -1.14 -0.54778 0.43862
0.78153 -1.0685 -0.8401 -0.9475 -0.91129 0.27058 -0.94533 0.13076 -0.052627 -0.71906 -0.72265 0.6619 0.53732 0.74534 -1.4917 -0.050052 -0.75968 0.0058389 1.3623 1.3113 0.82682 1.0482 -1.1147 -2.2263 0.043369 1.9775 -2.2901 1.4559 1.628 -0.45515 1.9036 0.56883 0.80362 -0.76027 -0.26958 0.17393 -0.30549 -0.75559 -0.24232
0.49222 -1.2701 -0.51716 -0.99942 0.19253 0.82915 0.21702 0.71463 0.91579 -1.0317 -0.75484 0.090465 1.1106 -0.18742 -0.96741 0.7161 -0.90029 0.8169 1.1869 1.3459 0.51149 0.72826 -1.2829 -2.2767 -0.47241 1.8266 -1.8061 1.4778 0.9535 0.10259 1.4415 0.085461 0.1812 -0.95671 -0.58385 0.29446 0.47129 -0.49091 -0.85648
0.061923 -1.0062 -0.51798 -1.4721 0.42493 1.3072 0.63898 0.77351 0.86752 -1.7918 -1.2886 0.67275 1.3149 -0.75463 -0.38487 1.3546 -0.81594 1.1809 1.4361 1.3494 -0.24153 0.6921 -0.66064 -1.3144 -1.0167 1.5167 -0.68975 1.3243 0.2447 0.76127 0.4181 -0.33496 -0.49329 -1.0038 -0.70124 0.7493 1.3255 -0.12136 -1.2474
-0.050612 -1.1086 -0.44062 -1.5222 0.85741 1.7733 1.1571 0.94595 0.8429 -1.6219 -2.242 0.16759 1.3177 -0.5589 0.18179 0.88771 -0.20685 1.1954 1.1095 1.223 -0.35597 0.21494 -0.45997 -0.88266 -0.40185 0.92103 0.32022 0.6251 -0.69654 1.0838 -0.29871 -0.51528 -0.86617 -0.75667 -0.60302 0.98869 1.6204 0.21249 -1.354
-0.051509 -0.97798 0.11686 -1.4617 0.57601 1.1916 0.98616 0.078299 0.61631 -1.7911 -2.0634 -0.13066 1.4303 -0.24365 0.10793 0.32125 0.16025 0.61194 0.80705 0.3874 -0.76513 -0.2547 -0.030066 -0.4923 -0.19978 0.41179 0.69162 -0.034262 -1.3343 0.80423 -0.64071 -0.66318 -1.0572 -0.27526 -0.38713 0.69979 1.3157 0.48494 -1.1239
0.1082 -1.0147 0.33676 -1.299 0.92097 1.7305 1.1647 0.10356 0.59153 -1.4607 -1.7694 -0.0076288 1.4783 0.1239 -0.19383 -0.055677 0.40709 0.57829 0.57704 0.087885 -0.75878 -0.14392 0.37638 0.2834 -0.41599 0.18763 0.50598 -0.51716 -1.3103 0.20496 -0.56138 -0.27018 -0.80127 0.36108 0.053386 0.63144 0.77643 0.36866 -0.76069
0.061105 -0.9889 -0.084586 -1.0695 0.97755 1.8739 1.0326 0.059759 0.7031 -1.4778 -1.513 0.092083 1.5283 0.1112 -0.26557 -0.64484 0.21418 0.33733 0.50694 -0.20815 -0.6108 -0.0037285 0.31834 0.51583 0.0042495 0.065305 0.24996 -0.48883 -1.0964 -0.35647 -0.49429 -0.21828 -0.34246 1.0647 0.18442 0.52427 0.15438 0.38374 -0.56007
0.0024033 -1.1566 -0.52429 -1.1 1.0478 2.0342 0.79197 -0.10104 0.6073 -1.4371 -1.7523 0.043297 1.4887 0.1508 -0.49715 -1.0559 0.12075 0.32648 0.78436 -0.087092 0.26698 0.17388 0.62638 0.038762 0.27572 -0.13442 0.22048 -0.2004 -0.59133 -0.67241 -0.66962 -0.3924 -0.22384 1.3215 0.10191 0.48709 -0.48631 0.61845 -0.52085
0.22416 -1.2348 -0.51653 -1.2652 1.341 2.0204 1.0309 -0.081236 0.71966 -1.3088 -1.3265 -0.25037 1.4337 0.18855 -0.55934 -1.2086 -0.26249 -0.14496 0.32328 -0.20567 0.82724 -0.043707 0.8913 -0.083773 0.26434 -0.33032 0.40186 0.0070406 0.10188 -0.43074 -1.002 -0.79842 -0.21231 1.2224 0.041933 0.35836 -0.37428 0.39495 -0.46162
0.012749 -1.2544 -0.88822 -1.395 0.99469 2.0957 0.74747 -0.12659 0.77863 -1.3625 -1.829 0.15207 1.4091 0.48004 -0.38973 -0.86715 -0.43848 -0.38587 -0.030342 -0.35418 1.1404 0.066197 1.062 -0.30401 0.73692 -0.45405 0.50757 0.30747 0.6355 -0.094696 -1.3768 -1.3531 -0.33097 0.72647 -0.015501 0.045952 0.12737 0.19265 -0.32765
0.24211 -1.4233 -0.80176 -1.1506 1.0733 2.4231 1.034 0.8813 0.85813 -0.67766 -2.0747 0.34995 1.3302 0.65415 -0.31961 -0.54697 -0.19388 -1.1231 -0.529 -0.49213 1.3726 0.10958 0.81533 0.0051972 0.60622 -0.51827 0.64692 0.52712 0.98021 0.4944 -1.3894 -1.3089 -0.26963 0.28785 0.2068 -0.30832 0.66861 0.023271 -0.16863
0.33749 -1.4662 -1.2114 -1.5498 0.589 1.9574 0.68015 1.3475 0.35943 -0.22774 -1.5891 0.23401 1.1895 0.80786 -0.12138 -0.20484 -0.050278 -1.6904 -1.2492 -0.6012 1.4241 0.031581 0.75478 0.23102 0.52968 -0.56644 0.50564 0.68109 0.92527 0.75318 -1.2711 -1.2623 -0.2897 -0.39401 0.34553 -0.68149 1.1171 -0.36085 -0.050384
0.71851 -1.257 -1.079 -1.4797 0.5996 1.7064 0.27248 1.2162 0.97468 -0.345 -2.007 1.1743 1.1447 1.1548 0.16472 0.28139 0.37253 -2.0219 -1.4461 -0.61553 1.2392 0.39224 0.42727 0.87673 0.45154 -0.54208 0.24881 1.0933 0.85765 0.87105 -0.69882 -0.94456 -0.17506 -1.1228 0.60378 -0.84523 1.1552 -0.40082 -0.025951
0.76995 -1.5108 -1.0265 -1.2039 -0.58665 1.2208 0.17508 1.4749 0.81799 -0.82606 -1.4306 0.21027 1.0486 1.1163 0.48052 0.43791 0.53171 -2.248 -1.8651 -0.86641 0.39925 0.64574 -0.10744 1.3096 0.12378 -0.51821 -0.21329 1.6324 0.7288 0.74257 0.18193 -0.63485 -0.002552 -1.7252 0.60704 -0.51248 0.82665 -0.57562 -0.19985
1.0472 -1.2826 -0.71557 -1.3621 -0.85814 0.35197 0.27527 1.7803 0.73648 -0.27256 -1.2412 0.42468 0.96366 0.94362 1.1724 0.72548 0.96177 -2.1033 -1.9322 -0.70177 -0.37812 1.086 -0.44425 1.5852 0.038151 -0.5788 -0.78832 2.1278 0.49725 0.22893 1.4944 -0.38961 0.088699 -1.8962 0.185 0.22309 -0.050931 -0.46149 -0.48908
1.4533 -1.0978 -0.53644 -0.80298 -1.4075 0.84269 -0.0017649 1.8829 1.5243 -0.61567 -0.8474 0.94011 0.96178 0.56028 2.0576 0.92798 0.8911 -1.2888 -2.1497 -0.55168 -1.2334 0.9753 0.16487 1.3942 -0.38691 -0.86669 -1.2644 2.001 0.22002 -0.11595 2.4622 0.14366 0.00082385 -1.3577 -0.5052 0.93279 -0.55705 -0.036536 -0.75034
1.4396 -0.98464 -0.62693 -0.87839 -1.6487 -0.088651 -0.50191 1.2176 1.4953 -0.74788 -0.41886 0.29346 0.83656 0.088069 2.8769 0.96182 0.5867 0.27335 -1.9979 -0.58208 -1.7522 0.5986 0.73556 0.74458 -0.18642 -1.1558 -1.8635 1.0744 -0.053014 -0.69231 2.7764 0.49624 0.031136 -0.64193 -1.3288 1.3831 -0.67506 0.32111 -0.72496
1.364 -0.14529 -0.4248 -0.61854 -1.8848 -0.55859 -0.36268 0.4538 2.009 -1.0408 0.08261 0.56845 0.63465 -0.62161 2.9197 0.73108 0.54767 1.1187 -1.5491 -0.91304 -1.6461 -0.24306 1.1655 0.71311 0.19912 -1.4416 -2.2809 -0.49741 -0.19649 -0.78192 1.945 1.1569 0.57921 0.02069 -1.0831 1.3046 -0.66521 0.57343 -0.18645
1.2253 0.6074 0.097508 -0.67334 -0.87044 -1.2288 -0.38929 -0.47459 1.9341 0.22335 -0.72489 0.10659 0.27761 -1.6641 2.5031 0.72892 0.016958 1.826 -1.3032 -0.44662 -1.4747 -1.2315 1.8182 0.69286 0.4289 -1.462 -2.0586 -2.0598 -0.50152 -0.84069 0.68794 1.2832 1.1837 0.4594 -0.69943 0.67944 -0.48287 -0.031042 0.75214
0.85054 0.92779 0.060899 -0.83137 0.14078 -1.2269 -0.6095 -0.19772 1.0962 0.44942 -0.74384 0.080663 0.031834 -2.482 1.4114 0.68334 -0.087467 1.5387 -0.357 0.56272 -1.3518 -0.50115 2.2295 0.20524 0.49767 -1.0104 -1.1544 -2.9041 -0.83728 -0.82069 -0.45139 1.0985 1.4776 0.59101 -0.073619 -0.74881 -0.097666 -0.73116 1.6889
0.39144 0.91202 -0.094136 -0.57795 0.11996 -0.97078 -1.4519 0.30279 0.39744 1.0603 0.073487 1.3773 -0.20655 -2.5169 0.21867 0.058913 -0.45553 1.355 -0.22243 1.0839 -1.0029 -0.82797 1.56 0.1176 -0.36157 -0.14519 0.093892 -2.9709 -1.1451 -0.41098 -1.0203 0.96227 1.0561 0.56158 0.41917 -2.2311 0.42589 -1.2959 2.07
-0.71333 0.77503 0.20382 -0.9089 0.43841 -0.94353 -0.32838 -0.35759 0.066552 1.4185 0.34345 1.1641 -0.14648 -2.1712 -0.74427 -0.48336 -0.5431 0.5503 -0.056447 1.3194 -0.72273 -0.63709 -0.20339 0.82533 -0.84236 0.6463 1.1049 -2.1255 -0.76436 -0.022896 -0.53289 0.60206 0.085269 0.51475 0.46959 -2.8093 0.45793 -1.3073 1.6639
-1.4308 0.27357 0.19513 -0.8526 -0.40843 -0.64732 1.065 -1.3092 2.298 1.9332 -0.53405 0.3964 0.13555 -1.643 -1.3354 -0.80794 -0.4105 0.46992 0.32994 1.3209 -0.68877 -0.28226 -1.4258 1.1663 -1.4758 1.0743 1.6154 -1.0426 -0.21187 0.40133 -0.16086 0.50247 -0.96614 0.39223 0.80768 -1.8592 0.29168 -0.53752 0.73287
-0.94094 0.4389 -0.45762 -1.1711 0.4556 -1.5043 0.98586 -1.0098 0.43866 0.69084 -0.24734 -0.80714 0.59624 -0.99921 -1.3324 -0.29745 -0.12898 1.0275 0.49008 0.62811 -0.5019 0.21714 -1.8936 0.52305 -1.5429 1.0856 1.5974 0.07217 -0.12615 0.30419 0.37436 0.18139 -1.54 0.22868 0.34529 -0.26876 -0.25178 0.1643 -0.18214
-0.93741 0.11462 -0.52633 -1.1869 0.21604 -1.2876 0.65137 -0.87885 0.45721 -0.73464 0.63981 -0.77215 0.68387 -0.30272 -1.2204 -0.42366 0.013936 0.84686 0.44505 -0.51141 -0.35096 0.47261 -1.312 0.80642 -1.0578 0.8301 1.0758 0.80006 0.27367 0.29799 0.20618 0.28027 -1.2225 -0.12206 0.080718 1.2029 -0.37924 0.48473 -0.9015
-1.1856 -0.28409 -0.874 -0.96717 1.0287 -0.20199 0.49677 -0.60396 0.37419 -1.1827 1.2112 -0.91314 0.6761 -0.07224 -0.69459 -0.90614 -0.23806 1.0767 0.23833 -0.86511 -0.45593 -0.29418 -0.79883 0.54761 -0.68356 0.47851 0.57062 1.2858 1.0051 0.37315 -0.64366 0.57919 -0.46526 -0.42861 -0.17585 1.9539 -0.18635 0.066261 -1.3701
-1.2781 -0.18017 0.31852 -0.62704 1.6035 -0.30886 -0.48109 -0.69404 1.2663 -0.36941 0.027367 -0.068451 0.56331 -0.23674 -0.34548 0.0072184 0.15113 0.85084 0.98934 -0.39157 -0.9765 0.11737 0.42942 0.4629 -0.89194 -0.079391 0.51834 1.4486 1.7708 0.51909 -1.7852 0.49982 0.072856 -0.17508 -0.24512 1.6041 -0.18119 -0.61317 -1.5407
-1.2791 -0.37667 -0.50783 -1.1084 0.62607 -0.74932 -0.32309 -1.6025 1.7572 0.74549 0.94057 -0.72575 0.69119 -0.033631 0.34091 1.3545 0.43274 -0.13208 1.2993 -0.36055 -1.0661 -0.020222 1.1392 0.35697 -1.4556 -0.6772 1.0395 0.86404 1.4607 0.84949 -2.7297 0.28582 0.16596 0.65556 -0.27971 0.96455 0.45333 -0.79385 -1.331
-1.2156 -0.046716 -1.6691 -1.4468 1.2003 -1.031 0.32844 -1.8964 0.56695 0.019421 -0.15192 -1.3675 0.7781 0.58641 0.64132 1.7334 0.54813 -1.8059 0.85046 -0.60489 -0.4165 -0.23027 0.92352 0.57336 -1.8707 -1.0865 1.7353 -0.14007 0.49737 0.97839 -2.6118 -0.056964 -0.098649 1.8052 -0.33251 0.016437 0.71086 0.28619 -0.73335
-1.1491 0.10167 0.17121 -0.7224 1.6617 0.43548 0.55643 -2.0163 0.16136 0.36733 1.181 -2.3709 0.42636 1.3233 0.22645 0.94295 0.97474 -2.5893 0.85147 -0.41149 0.55227 -0.7616 0.88043 1.3261 -1.7572 -1.172 1.8281 -1.4292 -0.5843 0.77674 -1.7087 -0.41989 -0.027374 2.3436 0.12006 -0.65165 0.32379 2.1888 0.1346
-1.0357 0.29406 1.7961 -0.41864 -0.33133 1.0684 -0.50625 -1.743 0.80847 0.41386 1.3304 -2.4102 -0.14587 2.0916 -0.53144 1.1386 1.5028 -2.6981 1.1288 -0.55391 1.7983 -0.26822 0.59023 1.2837 -0.12774 -1.0163 1.2857 -1.9545 -1.7978 0.19937 -0.19422 -1.1258 0.31087 2.0687 0.374 -1.2674 -0.92871 3.5509 1.0321
-0.30909 0.14015 0.93716 -0.40047 -1.6715 0.1392 -1.179 -0.60445 0.75924 0.28 1.2808 -2.6895 -0.25073 2.3807 -1.4441 0.57153 1.2474 -2.8025 0.41054 -0.42981 2.4858 0.22843 0.0020445 0.59827 2.1203 -0.48821 0.36099 -1.3845 -2.4133 -0.44641 1.4414 -1.848 0.66804 1.1479 0.23929 -1.7418 -1.8947 3.1937 1.5768
0.445 -0.31675 -0.16638 0.043813 -1.5834 0.055267 -0.59518 -0.20685 0.31543 1.5779 1.7432 -2.0671 -0.10622 2.2892 -1.762 -1.4117 0.75719 -2.0302 -0.97222 0.044083 2.7271 0.057604 -1.1716 -0.76016 3.3828 0.25213 -0.76992 -0.14166 -2.4337 -0.79149 2.5571 -1.7586 0.75854 -0.11345 -0.26734 -1.6018 -2.2542 1.2099 1.3952
1.1695 -0.94433 0.21245 0.08213 -1.8562 0.82888 -0.41321 0.62983 1.1961 0.89505 2.0008 -0.49959 0.11516 1.8616 -1.4559 -2.2541 0.63416 -0.24565 -1.4647 0.65117 2.3593 -0.43508 -1.7212 -1.1186 2.9601 0.75817 -1.4788 1.1473 -1.38 -0.62892 2.866 -0.87941 0.38073 -0.96204 -0.1894 -1.1211 -1.8847 -1.3873 0.67046
1.1097 -1.1527 -0.061697 -0.23549 -1.6975 -0.16976 0.00021572 1.1055 0.52481 -0.79533 0.22931 1.4893 0.30779 1.0382 -0.77135 -1.9586 0.53026 0.75316 -1.1366 0.45016 1.614 -0.55076 -1.7509 -1.9829 1.9271 0.6302 -1.6752 1.9031 -0.10895 -0.24748 1.9827 0.24962 -0.15204 -1.6472 0.31005 0.29985 -1.1346 -3.1269 -0.23011
1.125 -1.0224 -0.8532 0.14808 -1.4645 -0.9128 0.02863 1.4598 0.33982 -1.5696 0.18091 1.0819 0.35613 0.47081 -0.057267 -1.7108 0.34831 1.1036 -1.099 0.14816 1.1001 0.088109 -1.9503 -2.2388 0.089229 0.41641 -1.2916 1.7576 0.31083 -0.033966 0.49945 0.99806 -0.45456 -2.1551 1.1301 1.9234 -0.40742 -3.1929 -0.74922
1.2014 -0.67563 -1.0302 0.2744 -0.92076 -1.0713 -0.074721 1.455 0.14853 -1.2534 0.39868 -0.1858 0.36205 0.11058 0.66843 -1.882 0.51289 0.96825 -0.67773 -0.00013227 0.046154 0.43958 -0.45926 -2.2746 -1.4463 0.055299 -0.6112 0.87572 0.47868 -0.054721 -0.33725 1.3589 -0.34524 -2.3417 1.4378 2.9027 0.38431 -1.834 -0.68975
1.1097 -0.66383 -1.5975 0.23085 -0.71335 -0.79748 -0.6918 1.452 0.05027 -0.76451 -1.0142 -0.6445 0.23118 0.1128 0.71383 -1.7126 0.60569 0.59177 0.1548 -0.030802 -1.1815 1.4998 1.4757 -1.7155 -1.7506 -0.16446 -0.076349 -0.086731 0.71693 -0.14951 -0.67544 1.5014 -0.29189 -2.0633 0.78792 3.0415 0.55995 0.13435 -0.44381
1.3242 -0.73669 -1.6672 0.30396 -0.36499 -0.75398 -0.0845 1.4867 1.4019 -1.3352 -0.58336 -1.3179 0.37857 0.17797 0.27683 -1.0667 0.33039 0.4151 0.74667 -0.14654 -1.9426 1.8439 2.3359 -1.5372 -0.81208 -0.19294 0.28983 -0.61519 1.1053 -0.3172 -0.60865 1.0676 -0.25336 -1.0769 -0.17834 1.8647 1.0617 1.2946 -0.11094
1.2423 -0.40358 -1.8002 0.47541 -1.0294 -0.18254 -0.15126 0.51552 1.6218 -0.056437 -1.4068 -1.0767 0.19294 0.3201 -0.016594 -0.78563 0.21296 0.16415 0.9603 -0.35699 -2.0469 1.0706 2.7293 -1.5785 0.079529 -0.17396 0.31044 -0.60316 1.0957 -0.41705 -0.45777 0.18854 -0.44754 0.060255 -1.3884 0.42639 1.1452 1.3463 0.036832
1.2053 -0.54401 -2.2514 0.45861 -0.96872 -0.48138 0.019525 -0.72515 2.3283 1.2407 -1.679 -0.33625 0.19199 0.52133 0.0061169 -0.29234 0.20773 0.08891 0.89596 -0.33752 -1.6927 0.23377 2.6393 -0.39518 0.2841 -0.11429 0.3417 -0.3436 0.9425 -0.21921 -0.28081 -0.67128 -0.56264 1.2209 -1.6951 -0.68906 1.5586 0.37284 0.13791
1.4122 -0.80513 -1.8697 0.44566 -0.4804 -0.061689 -0.57945 -0.82811 2.1406 1.3546 -1.2614 -0.40981 0.22398 0.49105 -0.15847 -0.064561 0.0017801 -0.060773 0.44559 -0.82824 -1.207 -0.75176 2.1747 -0.18562 0.45089 -0.13833 0.38316 -0.16268 0.91899 -0.066103 -0.29943 -1.2806 -0.58831 2.0318 -1.2587 -1.3119 1.4554 -0.54024 0.14714
1.6335 -0.66287 -2.0582 0.40229 -0.53552 0.21839 -1.0243 -0.56085 0.64689 2.1238 -2.1074 -0.59495 0.19689 0.69634 -0.23141 0.32394 0.095114 0.0374 -0.20626 -1.0365 0.054655 -0.96968 1.2347 0.62437 -0.20975 0.01873 0.22999 -0.17126 0.44957 -0.020471 -0.49053 -1.6436 -0.18505 2.0813 -0.41352 -1.8269 1.018 -0.39823 0.20842
1.8092 -0.56475 -1.851 0.48988 -0.59554 0.25808 -0.7186 -0.26198 0.87489 1.9187 -0.85316 -0.85881 0.19191 0.90792 -0.17834 0.61381 0.17942 -0.3345 -0.81545 -1.185 1.1161 -1.1017 0.80819 0.58075 -0.72552 0.0039843 -0.054155 -0.28917 0.026582 -0.0052507 -0.52207 -1.2655 0.95764 1.8312 0.24436 -2.4525 0.91739 0.3618 0.42373
1.7105 -0.8046 -1.8348 0.31335 -0.91422 -0.42594 -1.2618 -0.55321 0.94475 1.5384 -1.2213 -0.54829 0.1945 0.72409 -0.27863 0.2055 0.10388 -0.65013 -1.4657 -0.52161 1.2812 -0.52399 -0.33001 1.0896 0.1065 0.15844 -0.46353 -0.54744 -0.34431 -0.29312 -0.49733 -0.10886 1.9667 0.90492 -0.15844 -2.411 0.47906 1.2416 0.50892
2.0557 -0.62662 -1.5385 0.70025 -0.94442 -0.75783 -1.624 0.36733 1.0061 2.0689 -0.73346 -1.2986 0.23496 0.39841 -0.62419 0.047254 0.0073208 -0.65092 -1.224 0.86128 1.8156 -0.47413 -1.9459 1.2654 1.0585 0.48509 -0.76241 -0.36659 -0.26187 -0.60769 -0.11769 1.2701 2.5678 -0.11275 -0.46345 -1.8084 0.44011 1.4922 0.50032
2.4203 -0.85844 -1.4916 0.58997 -1.2023 -1.4368 -1.9134 0.86725 0.75606 2.5764 -1.294 -1.3196 0.19818 0.16643 -0.92416 -0.028011 -0.28089 -0.69279 -0.18158 1.9267 1.4911 -1.6605 -2.2082 1.1629 1.4369 0.60969 -0.96451 0.32637 0.23304 -0.99572 0.21283 2.1232 2.0627 -1.1095 -0.37573 -0.49854 -0.50497 0.87079 0.15033
2.1388 -1.0366 -2.0141 0.40653 -1.2271 -1.5375 -0.8964 0.74986 0.97298 0.23095 0.14759 0.34916 0.43402 -0.11326 -0.47269 0.24824 -0.60599 -0.50331 0.89002 2.7919 0.76507 -1.575 -1.8685 1.3536 1.653 0.59592 -0.98445 1.3354 0.47838 -0.91061 0.28881 1.7647 0.59923 -1.9101 0.51646 0.85644 -1.5416 -0.23811 -0.39959
1.9146 -1.1945 -2.0045 0.37436 -1.3276 -0.68838 1.2207 2.1569 -0.305 -1.26 -0.42787 0.91939 0.70899 -0.66858 0.17245 0.54049 -1.2034 -0.30614 1.3882 2.6932 -0.43015 -0.82399 -1.3665 0.12411 1.6007 0.35266 -0.73985 2.0925 0.60376 -0.46024 0.51409 0.44472 -1.134 -1.8262 1.7291 1.7996 -2.2561 -1.1512 -0.88926
1.9584 -1.4504 -1.6522 0.11586 -1.6195 0.30992 1.6973 0.98578 -1.6497 -0.31629 0.45344 0.44442 0.62874 -0.86697 1.02 0.65347 -1.0058 -0.2867 1.2451 1.7006 -1.0592 0.20085 -0.65652 -1.0352 0.53348 -0.029115 -0.30276 2.2195 0.32058 0.019829 0.7225 -1.0749 -2.6934 -1.4057 2.2333 1.9186 -1.9528 -1.5845 -1.1848
1.7451 -0.79634 -1.1754 -0.15274 -1.4329 0.34511 1.7455 0.25673 -0.1254 0.40697 0.18735 0.81309 0.58895 -0.71783 1.7718 0.89236 -0.81701 0.1708 0.47579 0.19212 -1.2647 1.1865 0.78113 -1.7713 -0.28648 -0.51512 -0.029946 1.6371 0.38624 0.3265 0.94859 -1.94 -3.0387 -0.35704 1.7214 1.3387 -0.48146 -1.2789 -0.93167
1.351 -0.28378 -0.94374 -0.54733 -1.2716 0.15409 1.1156 -0.17072 0.80512 0.75067 -1.651 0.41146 0.40203 -0.59607 2.3798 0.67012 -0.74816 0.61344 -0.6037 -1.3893 -1.6458 2.2531 0.89075 -1.2718 -0.55979 -0.88714 -0.031394 0.45658 0.75042 0.098786 0.85571 -1.6718 -2.3737 0.45221 0.28423 0.63017 1.1792 -0.50652 -0.46502
1.424 -0.06528 -1.3568 -0.13637 -1.7099 -0.47574 0.37369 -0.077629 1.2352 0.21731 -2.3123 -0.32931 0.22668 -0.84103 2.1832 1.2517 -0.77844 1.0149 -1.2227 -1.8916 -0.87086 1.8682 0.53397 -0.63592 -0.39316 -0.72447 -0.35766 -0.43311 0.86604 -0.064857 0.37618 -0.72442 -1.1005 0.98748 -1.3348 -0.10397 2.3769 0.098089 -0.11935
1.3633 0.29736 -1.1375 -0.28161 -0.73536 -0.71272 0.26138 0.00010435 1.565 0.45043 -1.2939 0.52388 0.12953 -0.84487 1.5561 1.8688 -0.84462 0.8915 -0.94941 -2.0434 -0.37402 0.44732 0.72508 0.56022 -0.39721 -0.67334 -0.57514 -0.69224 1.0666 -0.17223 0.055649 0.24984 0.084016 1.2916 -2.5041 -0.026429 2.3583 0.39818 -0.072614
1.3361 0.71967 -1.1332 -0.51071 -0.57674 -0.94932 -0.53436 -0.50255 1.7106 0.082118 -0.88783 0.023472 -0.050954 -1.1955 1.4567 1.9024 -0.85658 0.75001 -0.65903 -1.6935 0.050491 -0.8504 0.65474 1.6694 -0.13342 -0.81 -0.61508 -0.5542 0.53771 0.77522 -0.16314 0.91968 0.8476 0.73116 -2.397 -0.10509 1.4726 0.34989 -0.4263
0.69651 0.39431 0.56032 -0.92489 -0.30933 -0.97646 -0.80106 -0.36007 0.70025 1.0417 -0.20884 0.047984 0.15651 -1.3959 1.5883 2.3261 -0.97294 0.87456 -0.40777 -1.307 0.45189 -1.8748 0.77612 1.8982 0.14942 -0.95652 -0.62593 -0.42572 -0.50992 2.0155 0.45384 1.3127 1.5531 0.27317 -1.5524 -0.68885 0.14644 0.59111 -0.65171
0.67323 0.66495 1.0078 -1.0681 -0.64195 -0.64209 -1.3197 -0.22356 0.71574 1.7004 -0.25524 0.044205 -0.07414 -1.6115 1.2403 2.0236 0.57524 0.74961 0.21179 -0.53518 0.15535 -2.2245 0.29699 1.3956 0.075278 -1.2689 -0.28601 -0.4922 -1.4786 2.6397 0.50336 1.5282 2.1328 0.091044 -0.52963 -1.3103 -0.83316 0.64702 -0.72125
-0.10534 1.2335 0.23362 -1.0219 -0.60152 -0.97263 -1.2573 0.193 -0.27703 0.85963 -0.30059 -0.036848 -0.51377 -1.7016 0.94958 0.86583 1.7624 1.7528 1.0407 0.52774 0.098096 -2.2794 -0.47419 0.96877 0.7263 -1.4957 0.015284 -0.80855 -1.757 2.5036 0.20445 1.2174 1.9727 -0.084469 0.29804 -1.2633 -0.71884 0.31811 -0.38475
0.078178 1.5487 1.0796 -0.94482 -0.0014331 -1.2344 -1.336 0.69299 -1.0109 0.95459 0.32922 0.25404 -0.6457 -1.5213 0.95157 -0.10617 2.1221 1.2631 1.4372 1.7112 0.38823 -1.8338 -1.3402 0.61161 0.91867 -1.7051 0.56135 -0.95429 -1.018 1.0591 0.065356 0.5611 0.85478 0.070916 1.0409 -0.27239 -0.28831 0.24344 0.31566
-0.47109 1.1997 1.0288 0.91581 0.50179 -0.13043 -0.29423 -0.61394 -0.81379 0.4735 0.49301 0.46433 -0.98944 -1.4001 0.38595 0.13585 2.3768 1.0202 1.2304 1.5682 0.14579 -1.4528 -0.93142 0.97711 0.40545 -1.3571 0.84156 -1.0889 -0.24179 -0.25344 -0.71576 -0.2509 -0.49105 -0.07269 1.3906 0.90055 -0.34308 -0.29294 0.84799
-0.79225 1.2177 0.02852 0.90909 2.2211 0.71389 0.28975 -0.39214 -1.3353 -0.36482 0.2129 1.0639 -1.1474 -0.77966 -0.065212 0.50398 2.023 1.2624 1.1651 0.68363 0.25215 -0.40207 -0.020212 0.86688 0.76296 -0.82035 1.2247 -1.0162 0.30427 -1.2511 -1.0308 -0.89458 -1.5708 -0.30575 1.2417 1.5888 -0.52342 -0.60032 1.1476
-0.97974 1.3694 0.73788 0.34827 -0.024118 0.65141 1.6322 0.87935 -1.4756 -0.34457 0.30505 0.97969 -1.3085 -0.60661 -0.35155 0.11565 1.415 0.46293 0.73684 0.060652 -4.4715e-06 0.0024035 0.6642 0.21625 0.25053 -0.55634 1.2422 -0.67204 0.29044 -1.5209 -1.3725 -0.95183 -1.5744 -0.35035 0.99679 1.3723 -0.81319 -0.61538 0.95572
-1.0071 1.2286 1.2371 1.0265 0.30285 0.029981 -0.2833 0.027769 -1.3222 0.90913 1.1589 -0.16709 -1.2373 0.20838 -0.36923 0.4715 0.57032 -0.32789 0.064488 -0.69811 -0.17044 0.11179 1.0358 0.036869 -0.17692 -0.2376 0.86946 -0.37257 -0.10775 -0.8505 -0.91234 -0.63295 -1.1176 -0.58189 0.51162 0.33724 -0.60142 -0.55833 0.5549
-0.63048 1.3054 1.0877 0.93893 1.9313 0.1993 -1.0929 0.71002 -0.65137 1.041 0.78038 1.5345 -1.1346 0.26254 -0.58342 0.69402 0.6281 -0.68275 0.056264 -0.91128 -0.36354 0.42997 1.2817 -0.093778 -0.32802 -0.091933 0.51268 -0.067777 -0.45516 -0.36851 -0.42362 0.098137 0.021778 -0.014372 0.25382 -0.82596 -0.23984 -0.033148 0.2446
-0.84551 0.99056 0.81713 1.1583 0.62847 0.20372 -0.51003 -0.28965 -1.1012 1.4663 0.16788 0.37269 -1.2773 0.29963 -0.57629 0.01827 1.0406 0.18354 0.3654 -1.0775 -0.7491 0.46684 0.34362 -0.076138 -0.036215 -0.14642 -0.11085 0.1437 -0.78282 -0.044865 -0.39649 0.38962 0.89363 0.58114 0.13245 -1.1657 -0.0024766 -0.093609 -0.025294
-0.16231 0.8637 1.1914 1.421 0.25592 0.46311 -0.46248 -0.945 -0.99913 0.88548 0.37218 0.29393 -1.2805 0.24643 -0.37185 -0.49853 0.59424 -0.54562 0.78614 0.30591 0.23964 0.34595 -0.64188 -0.16304 0.15006 -0.19933 -0.14718 0.52922 -0.56935 -0.37513 -0.17241 0.015836 1.0208 1.1104 0.072279 -1.2122 0.013988 0.015841 0.0034684
-0.90226 0.82683 1.0621 1.1064 0.5524 0.868 -0.32908 0.20382 -0.83229 1.2399 0.25994 0.58804 -1.272 0.039925 -0.24973 -0.38066 0.53223 -1.0994 0.43348 0.51087 0.66754 0.41047 -0.3336 0.070433 -0.56792 -0.21926 -0.22048 0.71765 -0.21099 -0.86325 -0.2118 -0.33941 0.87127 1.1907 0.10809 -0.49899 0.16967 0.20423 0.069548
-0.649 0.98707 0.82837 1.7204 0.74649 0.70154 -1.0134 -0.22487 -0.71675 0.12861 0.83512 0.72926 -1.431 0.15324 0.11502 -0.15908 0.28577 -0.33207 0.071156 0.36913 1.1246 0.58374 -0.80375 -0.13798 0.0064355 -0.044197 0.026905 0.65364 0.15034 -0.77348 0.52468 -0.50874 0.02322 -0.048118 -0.041966 -0.16457 0.076012 0.30941 0.044464
-0.51649 0.98294 0.42851 1.4275 0.022008 1.001 0.25936 1.0315 -0.64526 0.16656 0.72268 0.51567 -1.3086 -0.019318 0.35306 -0.53943 -0.20198 -0.28647 0.1208 0.66329 1.1654 0.55155 -0.57415 0.22554 0.48382 -0.10544 0.083394 0.45432 0.50426 -0.75794 0.64945 -0.24773 -0.19076 -0.72916 -0.31985 -0.094427 -0.21826 0.50757 0.013933
-0.60613 0.92713 0.77514 1.4697 -0.043898 0.41942 -0.30365 1.0358 -0.1949 1.3804 0.32703 0.053778 -1.3581 0.33707 0.39386 -0.13704 -0.28827 0.03931 0.030075 0.28817 -0.12633 0.15211 -0.85194 -0.097917 0.28438 -0.1784 -0.22798 0.069124 0.58358 -0.16146 0.40662 -0.22592 -0.52437 -1.2553 -0.71522 -0.11618 -0.21666 0.22314 -0.11668
-0.38941 1.0625 1.0027 1.4526 0.34091 0.30439 -0.013419 0.52356 -0.49181 -0.27186 -0.27812 0.48299 -1.2669 0.10644 0.3489 0.54677 -0.40489 -0.064214 0.019937 0.17738 -0.18414 -0.10239 -0.49965 -0.34587 0.35262 -0.12386 -0.22574 -0.23131 0.37895 0.38211 0.51068 -0.10565 -0.7043 -1.0543 -0.91421 -0.38843 -0.32532 -0.014695 0.0081228
-0.54544 1.2246 0.27721 0.96295 0.088361 1.1468 0.55299 0.91721 -0.25782 0.19195 1.2633 1.4846 -1.446 -0.28813 0.21926 0.38338 0.14104 0.33102 -0.27252 -0.43611 -0.72844 -0.67931 -1.0746 -0.24562 0.55839 -0.21863 -0.24753 -0.43513 -0.26877 0.56912 0.41659 0.047105 -0.55808 -0.25852 -0.73411 -0.010564 -0.1811 -0.23835 0.14771
-0.38848 1.1969 0.97374 1.1605 0.97168 0.83818 -0.66643 -0.61449 -0.86171 -0.52323 0.0617 0.58585 -1.5141 -0.081338 0.046555 -0.09357 0.22838 0.53329 0.098385 -0.3864 -0.66013 -1.0563 -1.2406 -0.29295 0.35389 -0.066456 0.14585 -0.51235 -0.64401 0.57494 0.41089 0.046639 -0.36555 0.0027744 -0.44018 0.14665 -0.3843 -0.60646 0.28748
-0.5514 1.2375 1.5681 1.4467 -0.053247 0.58243 -0.3158 0.56394 -0.74279 -0.14315 0.25012 0.8346 -1.4279 0.018775 -0.18524 -0.31201 0.3467 0.53312 0.097085 -0.54628 -0.42559 -1.0021 -0.50404 -0.45259 -0.15988 0.038273 0.41249 -0.38978 -0.6553 0.051914 0.060886 0.23441 0.17047 0.48061 0.10403 0.66217 -0.2371 -0.57068 0.36646
-1.0721 1.0427 0.55962 1.753 0.49476 0.15188 -0.5334 0.23045 -1.5245 -1.0683 0.13603 1.0078 -1.4733 0.21912 -0.30661 -0.29656 0.45343 0.61682 -0.059485 -0.49478 -0.351 -0.93182 -0.49328 -0.94277 -0.47367 0.21987 0.28338 -0.20071 -0.4553 -0.13542 -0.10048 0.11842 0.30143 0.48954 0.353 0.65275 -0.0062573 -0.25922 0.24616
-0.28944 1.0068 0.45213 1.4543 0.98657 0.87885 -0.57374 -0.0020602 -1.4813 -0.6595 -0.22518 0.55227 -1.3108 0.28755 -0.25957 -0.72709 0.13216 0.42758 0.25591 -0.025861 0.055815 -0.54678 -0.12628 -0.35149 -0.14116 0.23855 0.16723 -0.023539 -0.34168 -0.24014 -0.12314 0.16185 0.3678 0.35342 0.31201 0.28154 0.21472 0.073593 0.12567
