39 294
-1.0178 1.305 0.60755 1.108 0.48283 0.5909 -0.093578 1.6721 -0.6368 0.74879 1.732 0.57938 -1.412 0.15475 -0.34221 -0.64621 -0.2108 0.028998 0.51869 -0.3807 -1.233 0.20565 -0.35059 -1.1911 -0.24571 -0.023534 -0.028385 -0.010892 0.69832 0.20697 -0.087029 -0.1956 0.088132 0.041008 -0.10274 -0.22461 -0.26638 0.14055 0.0022945
-1.1032 0.82118 -0.14858 1.0254 0.25528 1.3047 0.23873 1.2115 0.58729 1.6497 1.0153 0.22092 -1.4305 0.077404 -0.37767 -0.4086 -0.25222 0.10304 0.34896 -0.28281 -1.2318 0.16614 -0.85944 -1.5203 -0.32113 -0.02813 -0.030683 0.15535 1.0158 0.33969 -0.31027 -0.24884 -0.014816 -0.15904 -0.30579 0.11813 0.37112 0.52483 0.012271
-0.57814 1.1304 0.20024 0.80739 -0.23201 0.62739 0.27822 0.84482 -0.41623 -0.37935 0.41368 0.32151 -1.3882 0.14091 -0.3371 0.39639 0.20635 -0.17664 0.25793 -0.23712 -1.1431 0.017847 -0.5617 -1.4899 0.089507 -0.01601 0.0048691 0.38544 1.184 0.35701 -0.47335 -0.3024 -0.047761 -0.16758 -0.50717 0.67298 1.0656 0.74854 0.034705
-0.97459 1.0061 0.07791 0.87035 1.0738 1.3721 -1.2857 0.22795 -0.73209 0.49083 0.23171 0.29763 -1.4581 0.105 -0.082368 0.52357 0.23438 -0.46229 0.20781 -0.46042 -1.5767 -0.31203 0.011005 -0.31218 0.65381 -0.00578 -0.032724 0.4161 0.88517 0.21954 -0.53849 -0.38199 -0.051984 0.17638 -0.18244 1.3486 1.4285 0.44904 0.043124
-1.0375 0.92676 0.43227 0.80995 0.51945 0.76286 -0.047312 0.76337 -0.27243 -0.42973 -0.16186 0.10713 -1.433 0.14851 0.15317 0.85932 0.23324 -0.59326 0.051796 -0.36397 -1.376 -0.56756 0.63838 0.23395 0.78197 0.023438 -0.13207 0.35016 0.34136 0.020907 -0.36787 -0.56643 0.08093 0.41666 0.017735 1.0502 1.0223 -0.32764 0.045016
-0.76691 0.92745 1.303 1.8101 -0.20295 0.97714 -0.1433 0.61104 -0.38615 0.78917 -0.01151 1.064 -1.4132 0.013243 0.070944 0.83304 0.15516 -0.71773 -0.22839 -0.29968 -0.76156 0.09269 1.3872 0.32602 0.24797 0.02404 -0.24284 0.12118 -0.24875 -0.06757 0.033517 -0.54563 0.15494 0.82443 0.049408 0.12633 0.08804 -1.0156 0.017203
-0.87889 1.1587 0.42483 1.0974 -0.44394 1.1875 -0.73399 -0.64044 -0.69516 1.3521 1.9007 1.5777 -1.4166 -0.053057 0.1709 0.80758 0.28169 -0.75281 -0.53568 -0.13898 -0.72929 -0.15236 0.96854 0.13916 -0.34771 0.044063 -0.326 -0.042002 -0.75748 -0.14349 0.50505 -0.28502 0.088562 0.89954 -0.062469 -1.0233 -0.42889 -1.2027 -0.041064
-0.6763 1.0779 0.70545 1.0297 -0.43161 1.1751 -0.26502 -0.32099 -0.55387 1.6624 0.5843 0.91071 -1.3878 -0.23418 0.11462 0.13094 0.074352 -0.32138 -0.47279 -0.2503 -0.28522 -0.42445 0.11924 -0.064895 -0.79932 0.013476 0.024476 -0.24144 -0.72267 -0.17517 0.5012 0.13061 0.1213 0.9227 -0.14661 -1.5213 -0.57585 -0.91782 0.065203
-0.80045 1.1175 1.1534 0.94458 -0.41955 0.1704 -0.83387 0.33969 -0.17856 1.0083 0.17041 -0.018846 -1.4008 -0.318 0.067242 -0.056807 -0.0093524 0.16842 -0.33225 -0.19528 0.14684 -0.43642 -0.87461 -0.33799 -1.087 -0.036851 0.51918 -0.7449 -1.1161 -0.90146 -0.085495 0.66352 0.36818 0.46433 -0.061797 -0.79399 -0.05952 -0.29827 0.47408
-1.2639 1.1078 1.1237 1.6582 0.19089 0.64137 -1.0383 -0.46249 -1.0529 1.1672 0.084784 -0.37428 -1.4162 0.1887 -0.27124 0.056122 -0.043726 -0.22583 -0.089801 -0.014402 0.60642 -0.060145 -0.88686 -0.47782 -1.2045 0.17244 1.1842 -1.133 -1.2209 -1.554 -0.7453 0.94482 0.73901 -0.13165 -0.12029 0.15128 0.50033 0.381 1.0376
-1.1898 1.0054 0.52829 1.1237 -0.44035 0.39148 0.027494 0.632 -0.90252 -0.33808 0.18041 -0.2441 -1.4134 0.67228 -0.86304 -1.0205 -1.4117 -0.96627 0.47033 0.48089 -0.26096 -0.46061 -0.1927 0.26939 -0.72644 0.74015 1.5584 -1.3395 -1.0094 -2.0309 -0.9705 0.99181 1.0507 -0.34774 -0.44335 0.7188 0.84498 0.70736 1.5662
-0.98618 1.1258 1.0065 1.5605 -0.084761 1.0318 -0.83092 0.032134 -1.0098 0.32415 0.538 0.20511 -1.4635 1.409 -1.2892 -1.4276 -2.2421 -1.1773 0.82869 0.87146 -0.32683 -0.65485 0.10412 0.60279 -0.20052 1.3207 1.1915 -1.1776 -0.51324 -1.8814 -0.17229 0.62482 1.032 -0.38151 -0.68879 0.50981 0.26191 0.60261 1.7012
-0.1678 0.70587 0.52936 0.58567 -1.1589 1.0391 -0.6955 0.038794 -0.26469 0.91172 0.86047 -0.64785 -1.0847 1.8863 -1.6343 -1.0025 -2.8524 -1.2083 0.99568 1.4286 -0.052526 -1.0244 0.15057 0.738 -0.1563 1.9478 0.34238 -0.74431 0.19051 -0.60659 0.88626 -0.17368 1.0769 0.22884 -0.18018 -0.38362 -0.95279 0.013373 1.3376
0.13571 -0.098736 -0.50554 -1.8049 -1.8752 1.4129 0.5791 -0.76392 -1.4914 1.6136 0.52942 -0.53827 -0.39712 1.7332 -1.8283 -0.81263 -2.9757 -0.43592 0.77552 1.5422 -0.2295 -1.1519 0.02218 -0.18689 -0.26666 2.3478 -0.79804 -0.14894 0.23413 0.94408 1.407 -1.0952 0.72135 -0.077751 0.35967 -1.2786 -1.4819 -0.45447 0.63675
0.70189 -0.13393 -0.09348 -1.4997 -1.2692 1.1021 0.16797 0.14653 -1.4994 0.493 0.92813 -0.24449 -0.075297 1.1275 -1.8194 -1.0137 -2.2257 0.34948 0.19066 2.2632 0.1463 -0.57373 -0.95205 -1.0835 -0.65056 2.412 -1.4344 0.59438 0.16308 2.4544 1.3489 -1.9794 0.18888 -0.30139 1.1113 -1.5949 -1.3074 -0.67953 -0.23386
0.81634 -0.45554 0.40562 -1.7455 -1.1908 2.0356 1.4262 0.0060905 -2.6939 0.47501 1.1639 -0.49441 0.45411 0.34529 -1.4376 -1.0349 -0.72992 0.72274 -0.7302 1.8796 -0.56688 -0.16764 -2.0292 -1.2244 -0.84754 2.1297 -1.4693 1.0068 0.065471 2.8545 0.56992 -2.2356 -0.18768 -0.32182 1.2366 -1.0014 -0.45128 -0.58341 -0.86343
0.7328 -0.7151 -0.18925 -2.5228 -0.5932 1.2571 1.5055 0.18886 -1.8434 -0.26395 -0.69481 -0.53338 0.72971 -0.012613 -0.84098 -0.62281 0.77819 0.78046 -1.8011 1.6485 -0.45964 0.69151 -2.1742 -1.1545 -1.2107 1.6765 -0.87412 1.195 0.26326 2.3835 -0.2333 -2.0448 -1.1644 0.064955 1.0425 -0.055952 0.57461 -0.033734 -1.2703
0.40872 -0.84762 -0.47311 -1.2833 0.014054 1.068 2.229 -0.10328 -0.78167 -0.42413 -1.0207 -1.387 0.90378 -0.35252 -0.64668 -0.90239 1.0516 0.4321 -2.2384 1.505 -0.54208 0.67297 -1.4678 -0.9607 -1.1389 1.3073 -0.052856 1.2417 0.35265 1.4222 -0.64714 -1.4999 -1.9254 0.89759 0.83075 0.68535 1.6022 0.63032 -1.4114
0.32275 -1.0043 -1.1501 -1.028 -1.1645 -0.23045 1.7495 -1.4202 -0.97039 -1.5414 -0.25535 -1.9385 1.1887 -0.10411 -0.2325 -0.64432 1.4996 0.047397 -2.7223 0.20429 0.27094 1.0772 -1.3432 -0.10496 -0.55638 0.75046 0.63203 1.161 0.24848 0.2745 -0.52344 -0.89139 -2.5866 1.2404 0.57794 0.78814 1.9767 1.2452 -1.3892
0.50289 -0.79607 -0.52314 -0.56408 -0.74752 -0.96024 2.7548 -0.50312 -0.9713 -1.0841 -0.49179 -1.8968 1.2941 0.29431 0.3177 -0.43941 1.6618 -0.14689 -2.958 -1.1263 0.825 1.2894 -0.99442 1.2842 0.10368 0.28966 1.0397 0.93442 0.40287 -0.41816 -0.049188 -0.069807 -2.753 1.1852 0.6395 0.84862 1.2362 1.2293 -1.2856
0.35717 -0.8948 -0.62676 -0.47503 -0.49865 -0.86106 2.3922 0.060528 -1.4687 -0.98395 -0.23178 -1.462 1.3048 0.80463 0.60288 -0.44333 1.0005 0.069558 -3.0367 -2.0513 1.281 1.5301 -0.74422 1.4572 0.67774 -0.08159 0.86735 0.32291 0.052518 -0.993 0.22972 0.9476 -2.086 0.018377 0.59665 1.122 -0.064953 0.71644 -0.90976
0.83385 -0.74659 -0.33617 -0.054792 -0.92324 -1.2978 1.0749 0.66043 -0.53659 -1.5181 0.42147 -0.99077 1.1427 1.0704 0.48682 -0.33435 0.48565 0.32453 -2.2009 -2.7066 1.2698 1.7158 0.026682 0.60667 0.72207 -0.37432 0.43544 -0.27365 -0.059658 -1.0256 0.17879 1.746 -1.0887 -1.055 0.55818 1.2282 -1.2555 -0.044412 -0.46324
1.0204 -0.29518 -1.1696 0.1261 -0.51703 -2.8471 -0.36425 0.57391 0.96208 -1.7167 1.0976 -0.72861 0.99649 1.0737 0.22252 -0.61278 0.15768 0.24679 -1.3931 -3.0464 0.094947 2.048 0.51588 0.1474 0.58529 -0.40153 -0.16159 -0.51333 -0.021784 -0.56242 -0.036806 2.2364 0.051613 -1.5905 0.13168 1.241 -1.453 -0.72068 -0.016141
1.4201 -0.33756 -1.2434 -0.024441 -0.23625 -3.1238 -0.20095 0.35091 1.1082 -1.6589 0.9106 -0.95185 0.9531 0.94527 0.060578 -0.45774 0.089987 0.10252 -0.63792 -2.7277 -0.62406 2.138 0.96873 -0.37504 0.076996 -0.30528 -0.58862 -0.40511 0.25656 -0.11197 -0.31485 2.1527 0.94255 -1.1999 -0.44037 0.80997 -0.9994 -1.0088 0.28798
1.6 -0.70409 -1.0315 -0.52221 -0.84693 -2.5075 -1.1589 -0.008432 0.55755 -0.86983 -0.34415 -1.1675 0.9211 0.574 -0.027797 -0.42151 0.10315 0.10767 0.20449 -1.9193 -0.85624 1.5779 1.4049 -0.73573 -0.42701 -0.14099 -0.86584 -0.054136 0.52154 0.14869 -0.12438 1.7873 1.3585 0.14268 -0.80856 0.2386 -0.49892 -0.86052 0.40713
1.5952 -0.69447 -0.94939 -0.19797 -0.25348 -2.0241 -0.97548 -0.22094 1.5724 -0.091641 -0.28882 -0.77425 0.97188 0.25551 -0.052791 -0.0055374 0.29104 -0.20875 0.87269 -1.414 -0.5788 1.0715 1.2948 -0.78675 -0.77618 -0.032895 -1.0866 -0.087445 0.20187 0.036479 0.32044 1.2551 1.5696 0.94006 -1.1227 -0.89081 -0.15149 -0.056241 0.51616
1.52 -0.6982 -1.0086 0.03244 -0.64397 -1.7537 -1.8188 -0.26049 1.8974 -0.2907 -0.12202 -1.2934 0.95663 -0.147 0.19505 0.027612 0.34062 0.16261 1.0677 -1.0373 0.36059 0.96929 0.86251 -0.54521 -0.69548 0.12853 -1.065 -0.39686 0.014529 -0.24868 0.58179 0.87288 1.6228 0.97818 -1.5915 -1.7049 -0.016028 1.1801 0.59566
1.5754 -0.41126 -1.2268 0.29035 -0.63094 -1.9765 -1.8146 -0.09444 2.1116 -0.19318 0.0061022 -1.6622 0.93877 -0.65872 -0.19011 -0.34909 0.03717 0.68305 1.1905 -0.091738 0.60734 0.20521 -0.62823 -0.71862 0.11463 0.40424 -0.86654 -0.81219 0.035749 -0.584 0.83155 0.64814 1.6741 0.57091 -1.922 -1.5874 0.0054045 2.3681 0.62836
1.4497 -0.34201 -1.1924 0.36939 -0.77677 -2.1135 -2.1074 -0.070098 2.1782 -0.30875 -0.11258 -2.0023 0.94288 -0.89432 -0.61027 -0.22904 -0.25685 0.7679 1.6191 0.60017 0.46468 -1.1587 -1.2158 -0.76463 1.5071 0.61453 -0.53656 -1.111 0.30162 -0.56465 0.63184 0.64779 1.4351 0.23748 -1.6727 -0.61351 0.26242 2.9131 0.47942
1.2409 -0.35409 -0.99352 -0.034557 0.15882 -1.2637 -1.5238 0.93943 1.9587 -0.2848 -0.55628 -1.7036 1.1566 -0.93766 -0.98833 0.17888 -0.54725 1.0708 1.7668 1.0478 0.49067 -1.692 -1.0007 -0.63178 2.8811 0.75158 -0.13623 -0.77282 0.36589 -0.16586 0.2991 0.3581 0.77333 0.41428 -0.61681 0.7559 0.87919 2.3676 0.13683
0.56666 -1.3727 -1.5075 -0.66369 0.31932 -0.51083 -0.91394 0.16819 0.66522 -1.9996 -1.7601 -0.05877 1.4507 -0.97818 -1.2383 0.26325 -0.46667 1.1703 1.9487 1.2081 0.89165 -1.4135 -0.23558 -0.062439 3.7715 0.73915 0.1379 -0.16565 -0.010856 0.32315 -0.17661 -0.47399 0.12545 0.40958 0.69522 1.3056 1.4212 0.85569 -0.25415
0.58569 -1.2874 -1.0647 -0.19235 0.41414 0.14831 -0.41562 -0.082863 -0.045008 -1.3604 -0.70041 1.8614 1.5545 -0.86415 -1.1492 0.011594 -0.18428 1.0492 1.6746 1.131 1.2106 -0.89786 0.48045 0.6106 3.7401 0.56683 0.35383 0.55344 -0.30748 0.57241 -0.78625 -1.2521 -0.46943 0.21515 1.3507 1.1251 1.5525 -1.029 -0.56301
0.63228 -1.4245 -0.71378 -0.50677 0.49601 -0.17124 -0.93385 0.46552 0.1968 -0.95768 -0.50418 2.3045 1.5807 -0.68316 -0.7985 -0.16705 0.18337 0.43933 0.81956 0.82377 0.91232 -0.17559 0.79986 1.3086 2.8074 0.29341 0.4715 0.93656 -0.31896 0.54266 -1.1203 -1.5038 -0.67835 -0.38135 1.1757 -0.08905 0.81794 -2.4121 -0.614
0.41715 -1.4493 -1.0861 -0.10113 0.84416 0.15408 -0.40872 1.3916 1.0599 0.11804 0.15025 2.9142 1.5649 -0.44713 -0.2873 -0.12244 0.23268 -0.065061 0.088143 0.34686 0.90962 0.3736 0.85762 1.623 1.3184 0.056638 0.44938 0.89275 -0.011679 0.44561 -1.123 -0.894 -0.43171 -0.95459 0.11457 -1.5318 -0.17978 -2.8594 -0.49327
0.27985 -1.5168 -1.3713 -0.045736 0.86469 0.17739 -0.45114 1.5799 1.0077 0.026248 0.29558 2.6953 1.5356 -0.33605 -0.11451 -0.20536 0.3721 -0.41056 0.046602 0.30027 0.31075 0.28695 -0.60431 0.99707 0.16757 -0.0068189 0.36488 0.61763 0.35349 0.19406 -0.68231 -0.11898 -0.031534 -1.0467 -1.1643 -2.4933 -0.90763 -2.6702 -0.29015
0.14726 -1.5416 -1.3457 -0.075672 0.54261 -0.080793 -0.097306 1.0447 0.99771 -0.53904 0.60463 2.5352 1.5673 -0.22703 -0.0088919 0.0077208 0.58046 -0.66903 0.46102 0.57307 -0.33542 -0.90429 -2.035 0.46513 -0.65063 -0.086998 0.28892 0.39806 0.59609 0.055608 -0.10783 0.30659 0.31998 -0.7379 -1.9501 -2.1884 -0.83681 -2.0767 -0.10587
0.099871 -1.6576 -1.2965 -0.38547 -0.046027 -0.28964 -0.56765 0.57824 0.52265 -1.1706 0.60147 2.3742 1.5491 -0.13521 0.08943 0.35402 0.3809 -0.56188 0.42511 0.67019 -0.4912 -1.8565 -2.9958 0.22434 -1.5398 -0.10706 0.37311 0.37986 0.75706 -0.094795 0.42328 0.35034 0.27727 0.072489 -1.7962 -0.40433 -0.14771 -1.4615 -0.020207
0.37264 -1.2982 -0.92101 0.53458 0.0016787 0.40733 -0.14358 0.46155 0.39402 -2.2161 0.54878 2.3155 1.5652 -0.026785 0.27463 0.58872 0.33128 -0.19765 0.45529 0.80586 -0.11457 -2.4381 -2.5466 0.47865 -1.9709 -0.064631 0.45206 0.15677 0.59225 -0.37773 0.63652 0.14633 0.15653 0.49847 -0.68785 1.4124 0.15533 -0.98348 0.0079184
0.27853 -1.4991 -0.83123 0.45713 -0.049875 0.74406 0.13045 0.81277 -1.1374 -3.0783 0.10981 1.3093 1.4381 0.2367 0.37753 0.76353 0.3081 0.15777 0.68444 0.74469 0.35202 -2.5233 -1.1924 0.74906 -2.0833 -0.049517 0.41113 -0.24126 0.36133 -0.73182 0.25049 -0.079226 0.012387 0.19436 0.7359 2.5624 -0.0082747 -0.49959 -0.030019
0.080178 -1.399 -1.0031 0.19583 0.44559 0.47042 0.62849 1.223 -1.3073 -3.2487 0.75103 0.37166 1.4605 0.40253 0.1118 0.78741 -0.12027 0.18158 0.59989 0.86154 0.22354 -1.9427 0.044131 0.52858 -2.3325 -0.10136 0.28752 -0.42192 0.51444 -0.88901 -0.53653 -0.16855 -0.28622 -0.38957 2.0318 2.4447 -0.64479 -0.10046 -0.073348
0.21567 -1.2126 -0.78582 0.21892 0.49849 0.38237 0.53138 1.1558 -2.158 -2.6293 1.3729 -0.035295 1.5416 0.3917 -0.22288 0.85391 -0.81693 -0.27681 0.2162 0.6874 -0.27143 -0.6431 1.1109 0.21903 -2.3435 -0.13623 0.04108 -0.36124 0.84194 -0.78188 -1.224 0.14169 -0.43937 -0.68713 2.6837 1.5023 -1.2712 0.19767 -0.12467
0.63671 -1.181 -0.40358 0.30988 0.33759 0.82431 0.48116 0.98072 -2.088 -1.6143 1.6217 0.0039273 1.5292 0.41395 -0.11775 1.3982 -0.83455 -1.0057 0.39235 0.29815 -0.55023 0.6614 1.456 -0.42776 -2.0259 -0.13956 -0.2875 -0.077211 0.92423 -0.60753 -1.5325 0.6822 -0.62706 -0.43445 2.5196 0.44178 -1.2234 0.40542 -0.19793
0.74028 -1.6508 -0.36221 -0.4227 -0.097335 0.7584 0.70014 0.47183 -1.6671 -1.6425 0.58474 -0.99347 1.3777 0.30398 -0.099904 1.8591 -0.85541 -1.5843 1.0484 0.19182 -0.58746 1.5115 1.2718 -1.1163 -1.8246 -0.2325 -0.53342 0.36926 0.45665 -0.49597 -1.2477 0.65654 -0.78999 -0.18238 1.8132 -0.32633 -0.73525 0.72369 -0.2713
0.65348 -1.6474 -0.030291 -0.71528 -0.52724 0.71991 0.97198 0.27294 -0.36766 -1.5074 0.38874 -1.4089 1.3659 -0.074267 -0.072023 1.8231 -1.2837 -2.0883 1.4148 -0.090682 -0.45316 1.9903 0.90113 -1.0579 -1.764 -0.37492 -0.48416 0.86007 -0.14726 -0.29984 -0.49897 -0.14449 -1.0142 -0.40305 0.86914 -0.17678 0.11086 1.4813 -0.40746
0.53943 -1.3898 0.67351 -0.55872 -1.313 1.2439 0.46064 0.69827 -0.48234 -1.6678 -0.34486 -1.8384 1.3339 -0.32917 0.37051 1.3997 -1.5587 -2.1163 0.88993 -0.63544 -0.66419 2.2972 0.7087 -0.80658 -1.0091 -0.46005 -0.19688 1.7075 -0.25794 0.46838 0.50898 -0.91593 -1.2681 -0.73897 -0.29843 0.14713 0.43179 2.3096 -0.94603
0.46031 -1.298 0.94889 -0.82703 -1.3704 2.031 0.90054 0.72408 0.28504 -1.3932 -0.14825 -2.148 1.2828 -0.14545 1.0752 1.3787 -1.069 -1.6935 0.21777 -1.2421 -1.2855 1.9948 1.3727 -0.34003 0.54893 -0.68961 0.017183 2.2282 -0.42193 1.6311 1.388 -1.4622 -1.1671 -0.98764 -1.5827 -0.07781 0.25544 2.5525 -1.6164
0.25744 -1.3477 0.95752 -1.8025 -2.3162 2.2472 0.11717 0.4424 0.18303 -0.97678 0.53424 -2.3726 1.1219 -0.017371 2.1565 1.6475 -0.059492 -0.81436 0.0074654 -1.6806 -1.5986 0.9123 1.3531 -0.63212 1.6604 -1.6184 -0.10416 2.1285 -0.62902 2.4982 2.086 -1.4798 -0.77734 -0.85117 -2.7179 -0.39155 0.22357 1.7465 -2.0004
0.3786 -0.8877 0.6872 -2.1626 -2.3188 1.1788 -0.48356 -0.32173 1.4425 -0.68923 0.052087 -1.1534 0.99264 -0.20035 2.7265 0.99176 1.1241 -0.096566 -0.76467 -1.8197 -1.8971 -0.46951 0.42246 -0.632 2.0293 -2.4335 -0.46266 1.348 -1.0882 2.5902 2.3303 -1.1073 0.26807 0.24744 -2.9243 -0.93688 0.28391 0.53765 -1.7101
0.73466 -0.3843 1.3274 -1.3959 -2.1073 0.56127 -0.88708 -1.2859 1.232 0.31558 -0.25212 0.26278 0.59509 -0.49114 3.0714 0.54029 2.1832 1.0583 -1.2712 -1.8393 -2.0039 -1.8817 0.36683 -0.20709 1.7645 -2.8529 -1.0423 -0.52724 -1.5923 1.5008 1.9544 -0.56812 1.4911 1.3184 -1.8717 -0.94598 0.6844 -0.74661 -0.34522
0.51974 1.1354 2.3237 0.15525 -1.3946 1.4828 -1.2761 -0.83323 0.091075 -0.36974 -1.1429 0.65513 -0.633 -0.74569 2.8533 0.11332 2.8264 1.809 -1.1262 -0.61992 -0.59066 -2.43 -0.099228 0.013857 1.5897 -2.8631 -1.2202 -2.1101 -1.6992 -0.46196 0.95828 -0.44638 2.1606 1.5868 0.19381 -0.9223 0.85123 -1.83 1.5311
-0.050183 1.2071 1.2626 1.1207 -1.5888 0.65482 -1.6583 -0.97807 -1.7025 -1.9459 -0.82243 0.056407 -1.1057 -1.6291 1.2263 -0.57311 1.9942 1.9552 -0.82652 0.64381 0.32417 -1.8348 -0.37034 0.36078 0.40095 -1.9658 -0.80872 -2.869 -2.1765 -2.4799 -0.32737 -0.88581 2.7469 1.0306 2.2868 -0.95826 0.90277 -2.045 3.2702
-0.34482 1.4399 1.0897 1.2505 0.012736 0.46444 -1.5982 -1.6327 -2.0603 -0.12981 0.67521 -0.3352 -1.2536 -1.8372 0.16371 -1.2897 0.31817 1.2787 -1.7831 1.1665 0.037102 -0.11044 -1.1434 0.71207 -0.9379 -0.37558 -0.020869 -2.4098 -1.62 -3.4319 -0.9439 -1.0366 2.0985 -0.57772 3.4353 -0.14831 0.73534 -1.4088 4.0258
-0.46276 1.3219 0.90131 1.2966 -0.30823 0.45456 -0.22669 0.16849 -1.7419 -0.80336 0.3098 0.78497 -1.3934 -1.4077 -0.32462 -2.3926 -1.3752 0.69675 -2.5281 2.637 -0.30175 1.5055 -1.1212 1.1683 -1.0512 1.2444 0.93513 -0.97918 -0.66184 -3.0784 -1.0677 -0.60645 1.1786 -1.1908 3.1001 0.81486 0.031583 -0.066358 3.3884
-1.7375 -0.087805 0.44908 0.060691 0.051593 -0.050513 0.53675 -0.49783 0.19076 -0.77246 -0.17372 -0.26215 -0.6188 -0.89533 -0.35243 -1.683 -2.1472 0.63642 -2.1317 2.4903 -1.3912 2.7322 -0.028697 1.0213 -0.48965 2.1067 1.3064 0.15911 0.67501 -1.6696 -0.15187 0.81293 -0.069363 -1.2681 1.6362 1.8868 -0.92133 0.74566 1.7223
-1.2351 0.65993 0.59056 -0.6938 -0.86438 -1.8977 -0.10397 -1.8581 0.95512 -2.0907 0.24265 -1.5285 0.081886 -0.41178 -0.13008 -1.4841 -2.746 0.23851 -1.7358 2.2977 -1.2681 2.9093 0.79523 0.30043 0.059968 2.3271 1.3108 0.62841 2.0619 0.29716 0.60178 1.9539 -1.6819 -0.47143 -0.24316 2.1508 -1.849 1.0695 -0.3852
-0.99296 1.4622 -0.92773 -1.2646 -0.46516 -1.678 2.5834 -1.1736 0.83895 -2.3087 0.93977 -0.73228 0.35612 0.023924 0.33505 -0.6215 -2.2381 1.2156 -0.71334 1.222 -1.9365 2.4402 1.8781 -0.54291 0.015917 1.8968 0.91363 -0.027668 2.2837 1.5689 0.98007 2.7944 -2.1845 0.94328 -1.7453 1.6318 -1.7981 1.1144 -1.9701
-1.1192 0.81925 -0.039786 -1.2627 0.2152 -1.3762 0.80744 -3.0298 1.3876 -0.13077 1.2139 -0.040072 0.70154 0.49973 0.37662 0.51282 -0.75847 1.5514 0.27796 0.017254 -0.93577 1.1646 2.4609 -1.4745 0.85392 0.72192 0.44324 -1.0479 2.1401 1.9047 0.38607 2.9638 -2.612 1.5456 -2.2801 0.076447 -1.1509 0.94317 -2.5602
-0.96237 1.0354 -0.24935 -2.642 0.30969 -1.2263 1.9134 -1.4848 1.942 1.5137 0.32498 0.49913 0.74959 0.29836 -0.64615 1.1248 -0.10413 1.8452 1.8863 -0.602 0.28877 0.12868 2.5814 -1.4208 1.3612 -0.30598 0.21952 -1.5583 0.63704 1.1742 -1.0737 1.9924 -1.6995 2.1518 -2.4011 -1.8681 0.030213 0.26189 -2.1165
-0.96773 1.0727 0.56428 -1.6356 1.6627 -0.34957 1.1391 -2.1413 2.2372 0.7628 -1.5556 -0.19208 0.52402 0.25058 -1.3676 1.2093 -0.12513 0.6568 2.2936 -1.8551 0.63737 -0.47506 0.61184 -1.3791 1.2922 -0.75027 0.20495 -1.6134 -0.94143 0.34607 -1.9581 0.5035 -0.92536 1.1753 -2.0642 -2.7071 1.1224 -0.7244 -0.87748
-0.93918 0.4013 1.0852 -0.52215 1.3088 -0.6699 -0.052745 -1.8437 1.5012 0.95925 -2.0039 0.3841 0.11169 0.54387 -1.3654 0.089449 -0.28307 -0.3862 1.8632 -1.1299 1.4746 -1.5208 -1.123 -0.49891 0.33729 -0.82152 0.47847 -0.90934 -1.7591 -0.16724 -2.0251 -0.91954 -0.14082 0.019782 -1.3342 -1.8716 1.4941 -0.88097 0.32295
-0.73097 0.19928 0.89402 -1.2954 1.2809 0.85961 0.23708 -1.2413 0.52379 0.58189 0.011098 0.88859 -0.18427 0.74603 -1.9274 -0.54357 -0.0028843 -1.0677 1.1996 -1.4996 0.7688 -2.1211 -1.3789 0.19994 -0.068836 -0.45159 0.60956 -0.21703 -1.6767 -0.056742 -0.80714 -1.238 0.70855 -0.61072 -0.52217 -0.034174 1.1374 -0.73816 1.1379
-0.76302 -0.19949 -0.0099277 -2.2266 -0.16633 1.23 -0.36149 -1.181 0.54993 -1.3856 -0.5087 1.6394 -0.039863 0.91386 -1.8651 -0.93694 -0.49428 -1.155 0.78736 -1.033 0.27219 -1.7062 -0.35617 0.62057 0.29348 0.073477 0.30172 0.10208 -0.74472 0.36652 0.57318 -1.1798 0.80045 -0.86854 0.57642 1.3504 0.21673 -0.38124 1.4892
-0.25736 -0.34905 -0.15789 -2.2775 -0.16392 0.30867 0.19222 -1.028 -0.3859 -0.39083 0.13389 -0.39718 0.15079 1.1657 -1.4713 -1.0782 -0.13434 -0.49993 0.61353 -0.50303 0.060888 -1.4245 0.1638 0.22456 -0.14815 0.66172 -0.10224 0.58509 0.040833 0.65585 1.6923 -0.78746 1.2206 -0.32058 1.0129 1.6033 -0.2074 -0.41899 1.249
-0.023191 -1.0364 -0.28803 -1.6542 -0.21997 0.10332 -0.57409 -1.1567 -0.56259 0.29996 -0.89445 0.049736 0.32767 0.87794 -1.4192 -0.88913 0.48843 0.41962 0.042844 -0.048715 0.14922 -0.72531 0.95604 -0.070511 -0.37054 1.0549 -0.57749 0.72091 0.52316 0.85545 1.7057 -0.27235 1.0613 -0.21457 0.96481 0.59422 -0.18974 -0.38576 0.75332
0.065484 -0.9021 0.30107 -1.6424 0.74319 0.89803 -0.72414 -2.2327 0.24292 0.80568 -1.0167 1.1223 0.38722 0.57804 -1.1771 -0.5029 0.77246 1.3676 0.16314 0.40585 0.21715 -0.59914 1.3479 0.19253 -0.55992 1.0986 -0.87489 0.90476 0.79261 0.44035 0.84887 0.11791 1.0004 -0.12408 0.70819 -0.14995 0.3841 -0.24808 0.20958
0.58049 -1.0448 -0.18744 -0.77898 0.62525 0.91275 -0.43563 -1.1164 -1.0052 0.56634 -0.73133 0.40869 0.66826 0.16308 -0.81424 -0.35539 0.70599 1.1594 0.52908 0.59992 -0.2128 -0.20224 0.31015 0.31669 -0.25717 1.0865 -0.81475 0.9371 0.50024 -0.018632 -0.45167 0.042138 0.74593 -0.14374 0.30292 -0.67677 0.56406 -0.32098 -0.16153
-0.0032042 -1.4252 -0.59165 -1.4001 1.3006 0.96898 0.46707 -0.65655 -0.20193 0.78297 0.36055 0.34328 0.95403 -0.058833 -0.27165 -0.026367 0.6058 0.74533 0.58791 1.1414 0.011117 -0.28005 0.17839 0.78485 -0.68564 0.98958 -0.72728 0.6649 0.22562 -0.25157 -1.283 -0.43136 0.30857 -0.39074 0.42709 -0.5152 0.27356 -0.098686 -0.39392
0.0072033 -1.448 -0.57285 -1.4066 1.3942 0.85427 0.25443 -1.0991 -0.70528 0.42735 -0.32499 -0.26731 1.0702 -0.27689 -0.31628 -0.29644 0.53083 -0.13284 -0.088155 1.0569 -0.016809 -0.28524 0.12331 0.72397 -0.93447 0.84715 -0.28695 0.39663 0.18384 0.023303 -1.2804 -0.87712 -0.22309 -0.40295 0.18445 0.1127 -0.029681 0.047811 -0.53453
0.069554 -1.264 -0.24745 -0.97289 0.96042 0.8486 0.50234 -1.9878 -0.56452 0.14237 -0.04581 -0.52556 1.2066 -0.51719 -0.32076 -0.15955 0.36751 -0.43433 -0.29734 0.79913 -0.63051 0.28903 0.36401 0.53593 -0.40288 0.57658 0.1209 0.093133 0.078009 0.43592 -0.83021 -0.732 -0.74065 -0.19866 0.071274 0.34018 -0.20607 0.61657 -0.5278
0.052775 -1.1197 0.1679 -0.56116 0.90512 1.3373 0.7934 -1.3369 -0.71449 1.1358 -0.0006491 -0.20801 1.2321 -0.12742 -0.12814 0.014336 0.86551 -0.69387 -0.59806 0.35759 -0.6654 -0.1229 0.46196 0.42075 -0.28677 0.42173 0.39243 0.023064 -0.042699 0.68992 -0.069974 -0.17364 -0.79347 0.31711 -0.20386 0.07723 -0.29461 0.66303 -0.44096
-0.14848 -1.4393 -0.53103 -0.76465 0.37242 0.48808 0.67954 -1.701 -0.43146 0.8768 0.17584 -0.32903 1.2839 0.083625 -0.20626 -0.055165 1.2788 -0.55925 -0.46624 0.069804 -0.040494 -0.22253 0.73259 0.586 0.24135 0.34197 0.47935 -0.064505 -0.43379 0.67992 0.43673 -0.0061194 -0.59989 0.65946 -0.66628 -0.81825 -0.51506 0.18645 -0.31732
-0.35227 -1.6857 -0.73108 -0.67823 0.48332 0.48803 0.92779 -1.4546 -0.20902 0.98582 0.41922 -0.096314 1.3183 0.13048 -0.32998 -0.42341 1.4079 -0.20649 -0.30989 -0.10251 0.31586 -0.43823 0.10895 0.1828 0.087304 0.24593 0.31075 0.033562 -0.51417 0.37805 0.78239 0.22341 0.020247 0.85935 -0.70793 -1.4916 -0.72547 -0.093665 -0.31534
0.061741 -1.428 -0.36321 -0.053789 0.64108 0.14915 0.7014 -1.6889 -0.82763 1.0798 0.67572 -0.5035 1.439 0.21868 -0.32116 -0.66788 1.4097 0.15162 -0.44672 -0.11793 0.17269 -0.88218 -1.1748 -0.27375 -0.20048 0.14784 0.22899 0.33772 -0.44299 -0.21952 0.59467 -0.058832 0.54125 0.80412 -0.57126 -1.7327 -0.7866 -0.2354 -0.37466
0.31535 -1.4999 -0.2814 0.82979 0.56453 0.68246 0.205 -1.3588 -1.1643 1.3071 0.29836 0.22415 1.4351 0.36527 -0.0097768 -0.5406 1.5282 0.43915 -0.20083 0.51181 0.91079 -1.2048 -1.7173 -0.47176 -0.2374 0.0053816 -0.0025031 0.40324 -0.45562 -0.92609 0.29562 -0.25935 1.0695 1.116 0.1489 -1.0352 -0.54473 0.044586 -0.46846
0.084564 -1.5705 -0.69224 0.95697 0.6474 0.78884 0.64762 -1.4645 -1.0648 0.16901 -0.043738 -0.56525 1.4144 0.37871 0.19771 -0.73911 0.78827 0.24861 -0.62074 0.83744 1.2373 -0.97905 -1.995 -0.52349 -0.051702 -0.14802 -0.2531 0.28415 -0.50428 -1.4712 -0.0089963 -0.34241 1.1671 1.4323 1.122 0.095603 -0.26288 0.40282 -0.54456
0.10856 -1.6357 -0.96323 0.88631 0.98793 0.18974 0.78299 -1.2598 -1.8658 -0.85625 -0.43819 -0.6268 1.344 0.044707 0.083055 -1.1514 -0.081589 0.30572 -0.68301 1.5231 1.9658 -0.096658 -1.6532 -0.6765 0.11825 -0.36957 -0.28276 0.10718 -0.26354 -1.5514 -0.29077 -0.31714 0.54674 1.2678 1.8596 1.1766 0.041635 0.84802 -0.5328
0.25886 -1.4474 -1.1469 1.214 0.92425 0.081925 1.8655 -0.37047 -1.8374 -1.0322 -0.0673 -0.5089 1.2849 -0.079566 0.10789 -1.2073 -0.64249 0.19845 -0.81497 1.6698 2.4428 0.79312 -0.99826 -0.62815 0.44447 -0.55236 0.010697 0.23474 0.474 -1.004 -0.6237 -0.090345 -0.36668 0.5147 1.8707 1.7911 0.23345 1.0494 -0.49701
0.33388 -1.3038 -1.1867 0.1892 0.64804 -0.53232 1.7256 -0.27006 -1.4034 -0.8807 -0.0069101 0.062528 1.2158 0.082305 0.21784 -0.74971 -0.76892 -0.092711 -0.66766 1.1811 2.7856 1.6061 0.26887 -0.30638 1.2289 -0.66093 0.37859 0.88272 1.3985 -0.33284 -0.94553 -0.068889 -1.6558 -1.0225 0.82544 1.5169 0.22983 0.97755 -0.59601
0.082631 -1.4672 -1.4886 0.10623 1.1064 -0.15897 2.5116 0.56902 -0.60446 -0.37395 -0.61244 -0.15335 1.0383 0.37801 0.52404 -0.15278 -0.8193 -0.74365 -0.78499 0.31539 1.8396 1.8887 0.82213 -0.23657 1.5107 -0.81239 0.49222 1.8827 2.2021 0.47218 -0.66343 0.29823 -2.2571 -1.998 -0.10105 0.84703 0.3771 0.25679 -0.8442
0.088319 -1.5055 -1.648 0.21453 0.76232 -0.061829 2.1911 1.1239 0.10451 -0.32672 -0.86071 0.72879 0.84601 0.49869 1.3406 0.65082 -0.64326 -1.0281 -0.81603 -1.0029 0.28844 0.99489 0.6376 -0.40707 1.5589 -1.2112 -0.093731 2.4982 2.7431 0.96146 -0.049771 0.54101 -2.0796 -2.2973 -0.57994 0.11215 0.72249 -0.79553 -1.0756
0.32213 -1.2934 -1.3446 0.081235 0.52288 -0.28615 1.9936 1.3906 0.69795 0.12464 -0.27546 1.2198 0.77238 0.60031 2.6664 1.7624 0.2053 -0.60106 -0.19941 -1.6121 -0.18559 0.8945 0.60801 0.16298 0.80976 -1.6542 -0.9803 2.093 2.4986 1.0556 0.74931 0.91591 -1.2384 -1.6876 -0.5884 -0.22108 1.048 -1.6694 -0.98914
0.89548 -0.80328 -0.92293 -0.1706 -0.34867 -1.2788 1.1947 0.233 0.039554 -0.17854 -0.55822 1.4519 0.5104 -0.19943 3.2848 2.8652 0.57797 -0.26161 0.016996 -1.8833 -0.66137 0.94606 0.61938 0.88095 0.0021535 -1.9948 -1.7469 0.60361 1.3525 0.87871 0.95456 0.88482 -0.0014093 -0.67592 -0.22216 -0.4135 1.3249 -2.0555 -0.47769
0.78936 0.3905 -0.30008 0.04565 -0.37364 -0.99702 0.23065 -0.51412 -1.0675 -0.40164 -0.72605 1.671 -0.092918 -1.0453 3.0198 2.9047 0.61183 0.29851 0.44934 -1.6347 -0.95859 0.73916 0.37312 1.1157 -1.0384 -2.0342 -2.1025 -1.4394 -0.48998 0.34446 0.80309 0.82311 0.80093 0.097223 0.10004 -0.59615 1.1862 -1.432 0.27625
0.77839 1.6639 0.67022 0.80745 0.73508 0.043087 0.11656 0.39987 0.87595 0.29412 0.29297 0.45169 -0.56354 -1.8359 2.1679 2.3324 0.85225 0.33872 0.45459 -0.97341 -0.62963 0.62737 -0.10818 1.6309 -1.6177 -1.7997 -1.4368 -2.8915 -2.0763 -0.13826 0.40611 0.48503 1.559 0.90746 0.23155 -0.54053 0.89643 -0.37101 1.0688
-0.92225 1.33 1.3145 0.99181 0.85836 0.050785 0.44169 0.51977 1.5302 0.61605 0.654 -0.12398 -0.92401 -2.3813 0.84918 1.2079 0.73117 0.6267 1.066 -0.48668 -0.0016384 1.2498 -0.27596 2.0429 -1.2323 -1.2992 -0.2459 -3.3882 -2.5498 -0.85373 -0.33926 -0.5897 1.3792 0.94583 0.01269 -0.2906 -0.12971 1.0898 1.7266
-1.0967 0.95269 0.8097 0.62492 0.77567 0.1781 0.07499 -0.02886 0.88406 -0.075488 0.63142 -0.4322 -0.91861 -2.1285 -0.40781 0.24641 0.24547 0.34558 0.58559 0.59916 0.63655 1.1484 -0.18675 2.1299 -0.62788 -0.61576 1.2267 -2.7092 -1.9953 -1.2046 -0.58607 -1.3849 0.97605 0.47736 -0.48629 0.27941 -1.3573 1.9617 1.9626
-1.3887 0.8317 0.78653 1.1076 0.044422 -0.69103 0.57116 0.10824 0.64055 -0.50866 1.9867 -0.64408 -0.87623 -1.3445 -1.292 -0.30944 -0.74471 -0.35427 -0.66966 0.28542 0.25937 0.50078 -0.19207 0.65859 0.66532 0.1945 2.1483 -1.3028 -0.92073 -0.87349 -0.4864 -1.4078 0.70492 0.1113 -1.215 0.94541 -2.0448 1.7684 1.5598
-1.7103 0.54967 0.28903 0.78813 0.63893 0.6074 -0.078155 -0.071962 1.6152 -0.54462 1.9312 0.45518 -0.92644 -0.13924 -1.2379 -0.24107 -0.74998 -0.29055 -1.1595 0.56194 0.17936 0.031116 0.44546 -0.18172 1.3784 0.65944 2.6639 -0.42944 -0.51795 -0.14363 0.022719 -0.011984 -0.024745 0.093175 -1.3025 1.1071 -2.2352 0.90293 1.021
-1.5814 0.61344 0.53847 0.55774 0.65779 0.050979 1.5752 1.0015 1.234 0.15006 2.3374 0.3928 -0.85084 0.5042 -0.88551 -0.0879 -0.46937 0.014961 -0.58447 0.9254 0.45417 -0.61233 1.4057 -0.59252 1.3223 0.61159 2.7047 -0.2058 -0.54932 0.63897 0.37739 1.2512 -0.28413 0.39694 -1.1047 0.6935 -1.4535 -0.30681 0.59336
-1.2201 0.11555 0.85935 -0.59715 0.15695 -1.4271 0.00019503 0.50871 1.9275 0.36817 0.13956 1.3267 -0.2972 1.7589 -1.3161 -0.73196 -0.17547 0.20153 0.52717 0.25192 0.7311 -0.89001 1.3526 -1.3919 0.86797 0.8443 2.1464 -0.49243 -1.1153 0.81391 0.25908 1.7876 -1.0398 0.17518 -0.59558 -0.34632 -1.0508 -1.05 0.45516
-1.0464 -0.10936 0.97425 0.33865 0.44127 -1.4304 1.3353 0.14175 0.71919 0.98164 0.44081 1.5078 -0.2903 2.5918 -1.588 -0.98391 0.20201 0.11625 0.74014 -0.091875 0.76651 -1.2398 0.82176 -1.4211 0.32211 1.0724 1.3362 -0.47987 -1.4464 0.6753 0.0078467 1.5155 -1.2846 0.10998 -0.04514 -1.334 -0.70717 -1.4232 0.39978
-0.49276 0.24223 0.35545 0.56523 0.68114 0.19216 1.4936 0.50566 -0.58105 1.4264 0.9422 0.8642 -0.53911 2.6936 -1.6959 -1.6572 0.48746 0.14985 1.3947 -0.93308 0.3747 -0.84335 0.015647 -1.6985 -0.20834 1.1737 0.0063563 0.019647 -1.0079 0.060899 -0.21747 0.49773 -1.0838 0.33628 0.51995 -1.628 -0.6367 -1.53 0.26699
1.086 -0.92292 -0.59666 0.94144 0.4853 1.14 0.12001 1.2361 0.36746 0.59372 0.22382 0.69144 0.030919 2.4498 -1.484 -2.0417 0.50357 0.053015 1.7096 -0.96233 0.85702 -0.72861 -0.72694 -1.7274 -0.97385 1.1011 -1.1043 0.45429 -0.31111 -0.53254 -0.33967 -0.6186 -0.59402 0.46583 0.93959 -1.4051 -0.66403 -1.4634 0.12026
1.3727 -1.1223 -0.39248 0.58713 0.79893 0.82685 0.17715 1.0599 0.36401 0.43972 -0.045099 1.1388 0.28354 1.8401 -1.3302 -1.8879 -0.21299 -0.18409 0.94216 -1.4022 1.3508 -0.11415 -1.2933 -2.395 -1.5322 1.2674 -1.8184 1.0591 0.47553 -0.81489 -0.41103 -1.5925 0.39041 0.2848 0.7661 -0.52288 -0.050519 -1.324 -0.22743
1.2834 -1.1241 -0.81214 0.63724 0.50465 0.48251 -0.15011 0.8831 0.58555 0.25374 -1.1879 0.30269 0.53422 1.0222 -1.014 -1.3911 -0.48502 -0.36691 -0.13899 -0.993 1.1955 0.26204 -1.4747 -2.2802 -1.9307 1.2234 -1.8132 1.2554 0.61404 -0.6176 -0.39585 -1.5195 0.73711 -0.39904 0.6552 0.2968 0.64664 -0.89412 -0.56424
1.4292 -1.2337 -1.0387 0.30187 0.16385 0.50504 -0.64555 1.2725 0.1416 -0.27945 -2.2289 -0.20379 0.64206 0.12095 -0.17357 -1.1928 -0.60289 -0.42634 -0.53575 -0.13665 0.77026 0.18256 -0.70396 -1.4815 -2.3655 0.74269 -1.2475 1.2317 0.40506 -0.18989 -0.10979 -0.60066 0.99041 -1.0507 0.53221 1.0524 1.4499 -0.14138 -0.92608
1.231 -1.2823 -1.111 0.14529 0.37569 0.46836 -0.16225 2.0397 -0.066855 -0.3612 -2.2091 -1.1729 0.78362 0.03215 0.019773 -1.3684 -0.50363 -0.58307 -0.27504 -0.13895 0.38149 0.42361 -0.3894 -0.93899 -2.3318 0.44364 -0.52771 0.98422 0.16792 -0.036378 0.19616 0.082185 0.64578 -1.378 0.76321 1.3687 1.5944 0.74037 -0.96769
1.4066 -1.1778 -1.3592 0.12256 0.18224 0.47877 -0.18429 1.9236 0.36432 -0.65329 -1.6929 -1.8813 0.79841 0.080092 0.19589 -1.2271 -0.57664 -0.288 -0.063005 0.12012 -0.27602 0.86092 0.38714 -0.31732 -1.5987 0.14661 0.12535 0.63153 0.33489 -0.054206 0.31948 0.10173 0.013074 -1.6012 0.82669 1.0569 1.2781 1.5438 -0.76501
1.3222 -1.1286 -1.8008 0.087417 0.032319 0.31691 0.05244 1.5684 0.99458 0.11153 -1.5862 -2.2358 0.79418 0.087933 0.43487 -1.0974 -0.57347 -0.064944 -0.22205 0.15694 -0.95203 1.4384 0.86873 0.15633 -0.81531 -0.057126 0.22908 0.60332 0.67585 -0.13623 0.2998 -0.10934 -0.23403 -1.4883 0.22756 0.83567 1.0015 1.6812 -0.62537
1.421 -1.1109 -1.8624 -0.095994 -0.1249 0.4062 -0.42912 1.0114 0.94807 -0.12814 -2.0282 -1.9651 0.76926 0.31829 0.669 -0.77321 -0.67786 -0.079217 -0.37381 -0.23821 -1.668 1.317 0.89945 0.39769 -0.015812 -0.25456 0.28298 0.56392 0.95673 -0.028881 0.038315 -0.13557 -0.40349 -1.0798 -0.63846 0.28032 1.12 1.3674 -0.47309
1.4194 -0.93652 -2.0375 -0.34821 0.19181 0.48204 -0.13049 0.70968 1.5705 0.7597 -2.2482 -1.8436 0.68179 0.3257 0.78668 -0.47146 -0.72194 -0.1188 -0.31033 -0.39453 -1.8078 0.64524 1.1212 0.61271 0.25976 -0.37542 0.24622 0.37549 0.91955 0.17129 -0.25569 -0.0052522 -0.31412 -0.45977 -1.386 -0.094398 1.5303 0.96631 -0.33632
1.4752 -0.76741 -2.0453 -0.55931 0.23225 0.086006 -0.27107 0.79686 1.9802 0.52496 -1.7806 -1.6076 0.62957 0.47124 0.95827 0.052433 -0.5632 -0.19078 -0.25666 -0.36885 -1.9386 -0.01605 0.85844 1.5854 0.61823 -0.46523 0.04767 0.091632 0.58746 0.4818 -0.42801 0.007953 0.064791 0.12919 -1.5135 -0.40471 1.8707 0.65473 -0.14643
1.7826 -0.51036 -1.8359 -0.7475 0.10297 -0.061682 -0.57275 0.18028 1.5263 0.42534 -1.0949 -1.5322 0.52764 0.45508 0.91679 0.020278 -0.30352 -0.49924 -0.28436 -0.36843 -1.7007 -0.65611 0.69784 2.4613 0.81896 -0.49946 -0.16463 -0.1964 0.16743 0.62778 -0.38659 -0.090399 0.53654 0.35381 -1.1922 -0.57672 1.5929 0.49137 0.030053
1.7259 -0.3986 -2.0419 -0.7559 -0.25233 0.22769 -0.68317 -0.21659 1.0759 1.1509 -0.80063 -1.884 0.42329 0.3385 0.76093 -0.042626 0.042206 -0.70751 -0.36681 -0.10417 -1.4595 -1.0469 0.2664 3.009 1.0319 -0.43016 -0.41861 -0.46923 -0.065414 0.46138 -0.041168 -0.20664 0.8982 0.6992 -0.73916 -0.42497 0.54064 0.3299 0.18616
1.9286 -0.15359 -1.6576 -0.57999 -0.27102 0.11401 -0.43895 -0.79839 0.90458 1.0764 0.62724 -0.98634 0.33312 0.093399 0.56584 -0.14817 0.18765 -0.60001 -0.41193 0.53876 -1.3483 -1.2147 0.21033 2.9168 1.0531 -0.3424 -0.49502 -0.41759 0.15896 0.22968 0.43469 -0.31575 1.071 0.83205 -0.32007 -0.19284 -0.5172 0.1474 0.27394
1.8969 -0.23305 -2.0787 -0.54535 -0.71333 0.045933 -0.8934 -0.59843 0.29022 0.8373 1.0481 -0.57699 0.27261 -0.10547 0.3629 0.023991 0.080893 -0.22161 -0.55833 0.94736 -0.74365 -1.2107 0.21483 2.4044 1.1779 -0.23831 -0.44018 -0.19921 0.54198 0.04687 0.67994 -0.2641 0.59644 0.87605 0.010676 0.17556 -1.4761 -0.23438 0.28505
1.7591 -0.14883 -2.1396 -0.3225 -0.54417 -0.27269 -0.0034509 -0.57245 0.65622 0.85758 1.8024 -0.35701 0.29764 -0.21854 0.43038 0.2486 0.11762 0.083574 -0.75004 1.212 -0.42894 -1.2143 0.32498 1.8309 1.0572 -0.14662 -0.21397 0.093129 0.98273 0.15346 0.75836 -0.23922 -0.32014 0.67862 0.53302 0.28298 -1.8663 -0.45589 0.23386
1.621 -0.12605 -2.0683 -0.50214 -0.45042 -0.5256 0.54846 -0.92145 0.21128 0.75244 1.9816 -0.42258 0.28658 -0.30205 0.50449 0.65958 0.16329 0.2439 -0.66643 0.74147 -0.20389 -1.0291 0.58603 0.82501 0.57645 -0.06114 0.024357 0.33088 1.1043 0.44384 0.66343 -0.12498 -1.3077 0.13652 1.1654 0.31891 -1.8687 -0.70402 0.10714
1.7048 -0.094485 -1.6134 -0.82658 -0.15583 -0.53549 0.46209 -0.73338 -0.41659 1.184 1.8549 -0.025866 0.25061 -0.19613 0.65451 1.1699 0.43917 0.60991 -0.78185 0.039282 -0.28704 -0.24805 0.62784 0.24933 0.45679 -0.04766 0.080546 0.3878 1.151 0.66769 0.41042 -0.082711 -2.044 -0.15686 1.7682 0.26023 -2.0337 -0.52808 -0.13205
1.5403 0.23802 -1.6628 -0.34923 -0.26488 -0.63611 0.80145 -0.91962 -0.62687 1.7477 2.0197 -0.16213 0.24036 -0.073904 0.80361 1.402 0.7758 0.77696 -0.7612 -0.99158 -0.5383 0.62203 0.74216 -0.26652 0.08418 -0.11136 -0.10771 0.40007 1.1825 1.0352 0.040419 0.35172 -1.9689 0.11349 1.6053 -0.26288 -1.9161 -0.49095 -0.55422
1.5934 0.34952 -1.0252 -0.18561 -0.21459 -0.66424 -0.16238 -0.91119 -0.33593 1.5225 1.7258 -0.061714 0.27378 -0.18832 0.92776 1.794 1.101 0.59655 -0.84551 -1.8805 -0.5563 1.4755 0.80213 -1.3937 0.26176 -0.33564 -0.65547 0.38637 1.4192 0.99913 -0.34839 0.99851 -1.0843 0.99944 0.57985 -0.90881 -1.4315 -0.20345 -1.0526
1.6517 0.39877 -1.0362 0.27618 0.25007 -1.207 -0.80885 -0.8967 0.70997 1.3076 1.5991 0.1766 0.22897 -0.50178 1.0351 2.3166 1.8346 0.32487 0.0028466 -2.1114 0.16222 1.3003 -0.047237 -1.9038 -0.29324 -0.82061 -1.0436 0.29196 1.1716 0.53967 -0.61444 1.3741 0.29887 1.9249 -0.78317 -1.1908 -0.29696 0.14495 -1.271
1.6338 0.68732 -0.72303 0.64897 0.60032 -1.2851 -1.0277 -1.485 1.6568 1.8484 1.492 -0.56142 0.15144 -1.1677 1.1833 3.0766 1.842 0.16919 0.63533 -1.491 1.3181 0.56346 -0.88348 -1.5756 0.25408 -1.4103 -0.87863 -0.016092 0.25298 -0.45184 -0.66892 1.2399 1.1457 2.0661 -1.9454 -1.1918 0.89802 0.15221 -0.87919
1.2641 0.84021 0.071941 0.72486 0.091044 -1.5133 -1.9561 -1.4143 1.5884 2.0498 -0.69456 0.41172 -0.17924 -1.471 1.1642 2.7116 1.4468 -0.18319 0.97224 -0.58345 2.2806 -0.48344 -0.91465 -0.69614 0.39435 -1.6478 -0.26787 -0.57591 -1.1051 -1.5259 -0.67604 0.20323 1.2563 1.3719 -2.1685 -0.62204 1.3597 0.28224 0.066538
0.89144 1.1115 0.92783 2.2114 -0.01174 0.27079 -1.9384 0.036298 0.26859 0.77038 -0.42446 -0.92399 -0.74059 -1.2924 0.84197 2.015 0.41412 -0.42709 0.90257 -0.39269 2.4154 -1.5067 -1.266 -0.282 0.23884 -1.3561 0.59835 -1.1926 -2.2847 -2.0663 -0.52917 -0.89485 0.91388 -0.005713 -1.5872 0.0065709 1.205 -0.26849 1.1769
-0.157 1.5501 1.7088 1.9518 -0.017418 0.11883 -0.83547 0.85641 -0.08937 0.22712 0.76421 0.90692 -1.2026 -0.92463 0.25844 1.0004 -0.4145 -0.66822 0.23997 -0.19343 2.2936 -1.9827 -1.1583 0.02892 0.29567 -0.73761 1.1175 -1.5258 -2.1521 -2.119 -0.30149 -1.7655 0.63094 -1.4819 -0.51247 0.70222 0.46888 -0.4566 1.9248
0.15518 1.3759 1.0398 1.356 -0.23438 -0.11851 -1.1073 1.3025 -0.37024 0.76536 1.379 0.46639 -1.1098 -0.36105 -0.33129 0.11734 -1.2381 -0.59961 -0.60014 0.11428 1.3111 -1.8482 -0.7405 0.35199 -0.21826 0.057774 1.2191 -1.8248 -1.4908 -1.5119 -0.02996 -1.3508 0.83571 -2.6837 0.68046 1.2247 -0.73287 -0.64448 2.1843
0.57119 1.1011 0.54763 0.30454 -0.06598 -0.71952 -1.9884 0.6092 -0.62158 0.098351 0.54603 -0.13603 -0.75762 0.081086 -0.76779 0.066824 -1.84 -0.67429 -1.4418 0.4125 -0.04011 -1.3355 0.30836 -0.1006 -0.27551 0.78951 0.71192 -1.6013 -0.38557 -0.79167 0.36689 -0.098623 1.341 -3.0887 1.7408 0.8084 -1.68 -0.18096 1.8563
0.52489 0.85023 0.56561 0.30088 -0.63022 -1.197 -1.717 0.65579 -0.92798 0.82746 0.097357 0.0081998 -0.51881 0.40607 -1.6583 -0.0086402 -1.809 -0.4839 -0.67714 0.95249 -1.629 -0.47947 0.58637 -1.5535 -0.75026 1.4483 -0.037338 -0.91874 0.28716 -0.099104 0.70865 1.0548 1.6653 -2.031 2.2474 -0.38613 -1.4631 0.66716 1.1258
0.55856 0.60565 0.89756 -0.17696 -0.74739 -1.4436 -1.4964 0.47835 -1.417 0.56582 -0.23397 -0.37231 -0.38168 -0.023177 -1.7216 0.41661 -1.6687 -0.029543 0.10703 2.0195 -2.2358 0.7937 -0.11239 -2.1269 0.21528 1.5995 -0.62538 0.0023331 0.0029355 0.24149 1.3886 1.3194 1.3522 -0.28474 2.1029 -1.6519 -0.0074773 0.76273 0.32326
0.45409 0.63009 1.7411 -0.065816 -0.81519 -1.1953 -0.43503 0.40481 -1.5324 1.1309 0.42031 -0.55989 -0.22031 -0.37761 -1.3688 0.41794 -1.5207 0.42593 0.52576 2.5741 -1.5324 1.5558 -1.3357 -1.3375 0.88851 1.4925 -0.96451 1.1486 -0.49988 0.35272 1.9125 0.38774 0.26035 1.369 1.3212 -1.7584 1.6134 0.34085 -0.38989
0.45041 -0.55867 1.1154 -0.91989 -0.42972 -0.26383 0.5644 -1.3315 -0.070807 0.99013 -1.7422 -0.059918 0.39778 -0.65819 -0.90325 -0.14511 -1.5208 1.5146 0.33222 2.2554 -0.63182 1.828 -2.2012 -0.1874 0.44869 1.2967 -0.80518 1.7678 -0.86437 0.45726 2.0519 -0.64338 -1.2558 2.0025 0.059594 -1.0055 2.0438 -0.90708 -0.82649
0.21704 -0.32092 0.95661 -1.3769 -0.013267 -0.20055 1.053 -1.1928 1.1951 -0.16405 -1.855 1.0886 0.5811 -1.0203 -0.16197 -0.56522 -1.204 2.3864 -0.087584 1.3624 0.2434 1.6291 -2.0639 0.53108 -0.1683 0.96459 -0.55968 2.179 -0.35456 0.74332 1.553 -1.2547 -2.3227 1.7232 -1.1825 0.55831 1.949 -1.6291 -1.1716
0.072736 -0.018537 0.9037 -1.6754 0.27971 -0.71951 0.95125 -0.21899 0.89284 -2.0604 -0.58589 1.0665 0.63867 -1.1578 0.60485 -0.53729 -0.94533 2.8983 -0.73622 0.20109 0.78352 0.87248 -1.8579 0.79846 -1.0569 0.51547 -0.17285 1.9595 0.3336 0.98201 0.45635 -0.99404 -2.5081 0.67024 -1.7584 2.0483 1.1787 -1.7486 -1.2569
-0.36409 0.07123 0.59033 -1.6093 1.5415 -1.3399 0.94813 0.53718 0.58999 -1.3977 0.65387 -0.48181 0.60995 -1.1402 1.4871 0.019017 -0.37216 2.6912 -1.188 -0.90036 1.1237 -0.3225 -0.32462 1.8518 -1.6053 -0.028409 0.33237 1.1512 0.63271 0.8916 -0.77199 -0.40537 -1.8338 -0.37364 -1.3004 2.7746 0.13619 -1.1452 -1.0115
-0.77449 0.52213 0.81466 -1.5456 2.3794 -1.3613 0.33952 0.40745 0.38396 -0.86499 0.34988 -1.1955 0.52921 -0.91174 1.5191 0.11574 -0.037644 2.2292 -0.89734 -1.4759 0.24284 -0.6981 1.2489 1.393 -2.3188 -0.25753 0.7781 0.12013 0.44154 0.55681 -1.9784 0.05274 -0.82367 -0.91019 -0.3245 2.3819 -0.64635 0.0197 -0.52549
-0.81071 0.78144 1.1888 -1.6519 2.7912 -1.5437 0.15811 -0.01465 0.26749 -0.94274 -0.1046 -1.7121 0.50853 -0.54404 1.2906 0.1602 0.065929 1.2468 -0.72945 -1.3488 -0.20265 -0.17625 2.2316 0.52378 -1.8148 -0.29906 1.0142 -0.8095 -0.043437 -0.036086 -2.6984 0.12541 0.059117 -0.95085 0.4038 0.92251 -0.80877 0.94616 -0.0092627
-0.82246 1 1.0264 -1.6001 2.5682 -1.5155 -0.57772 -0.42465 0.035243 0.45296 0.77431 -1.1286 0.4385 -0.05133 0.90722 0.12515 -0.08968 -0.15303 -0.86508 -1.1575 -0.31372 0.15053 1.8861 0.28812 -0.89669 -0.20576 0.91505 -1.0729 -0.23829 -0.35657 -2.7209 -0.047759 0.57266 -0.1443 0.45102 -0.47413 -0.029586 1.4246 0.24971
-0.82813 1.2905 0.86981 -1.4976 2.6525 -1.3831 -0.83534 -0.48455 0.38037 0.49511 0.48937 -2.3633 0.33761 0.26073 0.45935 -0.061694 -0.4209 -1.2634 -0.9732 -0.9235 -0.43757 0.05353 1.3063 0.92598 -0.40539 -0.067935 0.61598 -0.98021 0.039052 -0.6196 -2.0023 0.13614 0.7878 0.27064 0.23025 -1.472 0.26444 0.9927 0.28811
-0.66916 1.1555 0.91408 -1.5887 2.0439 -2.0855 -0.45384 0.36109 0.78299 0.68843 0.49142 -1.8716 0.37326 0.33789 0.16524 -0.17437 -0.49032 -1.7043 -0.85555 -0.55259 0.090172 0.081318 0.72066 1.1717 -0.15442 0.036114 0.25055 -0.64098 0.76146 -0.396 -1.2707 0.83922 0.83259 0.46026 0.10048 -1.6882 -0.21858 0.89998 -0.003695
-0.52615 0.98612 0.84025 -1.8312 1.4719 -2.6274 -0.68327 0.15538 0.62698 0.84708 0.95845 -1.8795 0.44297 0.37302 0.04548 0.37157 -0.93978 -1.7965 -0.48398 -0.096435 0.13267 0.31336 -0.27743 0.61195 -0.18177 0.051905 0.10754 -0.033684 1.2849 0.80389 -0.51669 1.8581 0.42069 0.16422 -0.21053 -1.4921 -1.1829 0.92802 -0.78889
-0.49884 1.0938 0.98836 -2.3574 0.78819 -2.3813 -1.1329 -0.75001 0.025979 0.46437 1.7187 -1.7755 0.48728 0.34397 0.0592 1.1753 -0.60278 -2.3111 0.4034 0.071021 0.30739 0.21742 -0.86882 0.071259 0.80995 -0.27024 -0.14151 0.30291 1.1373 2.2562 0.065484 2.5209 0.33339 0.029241 -0.46045 -0.81156 -1.9409 0.8992 -1.5918
-0.45882 1.0899 0.94339 -2.116 0.8102 -2.2495 -0.72282 0.11378 0.38246 0.36317 1.6268 -1.806 0.49999 0.45076 0.46204 1.4035 1.189 -1.9476 1.7406 -0.39526 -0.21599 -0.43657 -1.033 -0.7021 0.98703 -1.2014 -0.4339 0.27612 0.0080591 3.1828 0.64241 2.4277 0.45513 0.33456 -0.62038 0.26277 -1.5936 0.87808 -1.9566
-0.38801 1.2241 1.566 -3.0001 0.46239 -1.7959 -0.65314 -0.25529 0.97883 0.052051 0.90767 -1.9587 0.3766 0.042125 0.46345 1.2034 2.8147 -1.5067 2.5658 0.2669 0.33205 -0.46305 -0.60282 -1.768 1.0781 -1.9349 -0.64366 -0.071029 -1.2939 2.6076 1.3808 1.4367 0.39174 0.17029 -0.91768 0.67831 -0.83374 0.45828 -1.5178
-0.35775 1.3029 2.3303 -1.7892 -0.89384 -0.88863 -0.55862 0.43839 0.81653 -0.66462 0.11471 -0.48284 -0.11471 -0.26122 0.30554 0.36738 3.5172 -0.97699 2.8011 0.71275 0.78197 -0.58396 0.15012 -1.4152 1.4588 -2.309 -0.74234 -0.74328 -1.8707 0.90945 1.5095 0.11116 0.44681 0.17945 -0.67158 0.79233 0.35117 0.26851 -0.33809
0.072027 1.6654 2.0313 1.2103 -0.3367 0.04104 -1.5614 -0.39387 -0.58961 -0.23974 -0.2309 -0.48879 -1.139 -0.46418 0.025347 -0.4687 3.2838 -0.16734 2.4594 0.3007 0.1504 -1.538 -0.024979 -1.0972 1.5079 -2.1933 -0.64468 -1.368 -1.6017 -1.2865 1.1091 -1.191 0.10582 -0.8039 -0.0027759 0.21005 1.4493 -0.21549 1.1856
-0.85416 1.3009 1.6582 1.8689 -0.36087 0.43114 0.096428 0.35027 -0.093186 0.44534 -1.1095 -0.71687 -1.3625 -0.63852 -0.5431 -0.88479 2.7128 0.25715 1.9991 0.47875 0.23465 -1.2385 0.35351 -0.34523 1.3259 -1.6228 -0.53876 -1.3515 -0.61029 -2.9134 0.59601 -1.9627 0.044348 -1.5797 0.766 -0.68906 1.396 -0.60602 2.3466
-0.89932 1.3096 0.96323 1.3148 -0.21542 0.81576 0.12406 0.45232 -0.38137 0.79765 0.81735 0.34263 -1.4591 -0.93522 -1.37 -0.84601 0.71783 -0.012504 0.83319 0.61088 -0.94787 -0.14443 -0.25495 0.44415 0.72896 -0.34066 -0.26731 -0.56518 0.2895 -3.1445 0.22885 -2.16 0.09887 -1.155 1.5337 -0.67586 1.0376 -1.0651 2.446
-0.86257 1.0699 0.80668 1.0072 0.71521 0.48419 -0.83842 -0.10025 -1.7173 -0.56298 -0.31873 0.18467 -1.3683 -1.0003 -1.2271 -0.46559 -0.85285 0.07882 0.094488 0.66493 -1.732 0.24028 -1.1783 0.46149 0.65057 0.59766 0.076563 0.43355 0.74774 -2.4082 -0.018297 -1.96 0.019245 -0.4687 1.5248 -0.2698 0.038413 -1.5245 1.7349
-0.98087 0.58647 1.4938 1.0643 -0.13836 1.0273 -0.027517 0.19487 -0.063697 0.3357 0.067664 0.34872 -1.2762 -0.76746 -0.56223 -0.1989 -1.0345 0.35527 -0.46228 0.42105 -1.103 0.77125 -0.67468 0.47629 -0.27144 0.69187 0.65686 1.0823 0.45329 -1.1126 -0.32339 -1.4997 0.0049751 0.74294 0.88255 0.91906 -0.23118 -1.4792 0.67957
-1.4901 -0.19122 1.5921 0.17188 -1.4324 0.10702 0.01334 -1.4632 0.71024 -1.2308 0.58815 0.31951 -0.56513 -0.58531 -0.22436 0.035497 -1.0846 0.035656 -0.86791 0.63207 -0.58915 1.3346 0.0026986 -0.25427 -1.211 0.69519 1.3642 0.80902 -0.37383 -0.17056 -0.68492 -1.3563 -0.276 1.1561 -0.064109 1.6693 -0.14886 -1.2308 0.15643
-1.4421 0.84901 1.1411 0.54772 0.49398 0.38391 -0.057173 -2.1061 -0.69648 -1.3319 -0.13901 0.29976 -0.77401 0.042804 -0.07547 -0.34391 -1.328 -0.61003 -1.3736 0.65793 -0.063047 1.0614 1.0969 0.4046 -1.2866 0.72168 1.8973 0.13033 -0.77929 0.30169 -0.95017 -1.126 -0.45923 1.0854 -0.99062 1.5864 0.1241 -0.32884 0.15147
-1.7901 1.0849 0.95709 0.38198 0.59819 -0.068554 0.81108 0.58437 0.99025 0.73031 0.23172 -1.3654 -0.97865 1.058 -0.12675 -1.0203 -1.0415 -0.74671 -1.8802 0.030015 0.0081884 -0.035476 1.4578 0.25394 -1.2907 0.83965 1.978 -0.77096 -0.92948 0.67728 -1.0719 -0.81817 -0.5375 0.6824 -1.1537 0.60697 0.56079 0.88005 0.46446
-1.2757 0.83197 1.0436 -0.48322 -0.29583 -0.32372 0.36243 -0.27982 0.92493 0.48753 -0.062599 -1.3936 -0.77259 1.8376 -0.39003 -0.97458 -0.47592 -1.0673 -1.9729 -0.15115 0.72101 -0.51797 1.9449 0.48956 -0.8741 0.86843 1.5369 -1.188 -0.86772 1.1376 -0.63335 -0.22007 -0.40487 -0.2204 -0.96721 -1.0065 0.1977 1.7694 0.6936
-0.47841 0.34902 0.76028 -0.95346 -1.1453 -1.2878 0.019052 -0.60481 -0.15998 0.86465 0.737 -1.0515 -0.41014 2.0897 -1.3371 -1.2033 -0.20243 -1.7815 -2.0321 0.010981 0.35729 -0.17448 0.86386 0.78777 0.36133 1.3817 0.67334 -0.94369 -0.95439 1.3008 0.12029 0.33381 0.0050721 -0.22221 -0.073085 -1.6826 -0.18359 1.8368 0.54418
0.37455 0.014665 0.41512 -0.13411 -1.639 -1.5487 -0.12805 -1.0022 -0.085515 1.2361 0.46561 -1.1416 -0.03516 2.3024 -1.4302 -1.7035 0.45312 -1.3025 -1.6873 -0.099937 -0.65581 -0.79681 -0.7178 0.54278 1.4471 1.5847 -0.063552 -0.25887 -1.0301 0.95116 1.0983 0.87201 -0.17905 0.030364 0.70421 -1.599 -1.0792 1.0505 0.13585
0.48126 -0.046048 0.55072 0.02306 -1.6675 -2.1248 -0.018936 -0.59366 -0.41824 0.88964 1.0514 -0.83791 0.14363 2.0409 -1.1624 -2.2515 1.0111 -0.40257 -1.4178 0.035213 0.27487 -0.044613 -0.7459 -0.081071 1.2434 1.3716 -0.50558 0.50881 -0.54868 0.15178 1.7688 1.7092 -0.76263 0.74885 0.9987 -0.32303 -1.518 -0.21647 -0.46263
0.60924 -0.36012 -0.34393 0.22352 -1.2694 -1.8817 0.66218 -0.49602 0.21732 0.029313 0.82134 0.68256 0.44404 1.746 -0.9002 -2.1724 0.75654 0.33381 -0.7081 -0.49097 0.83195 0.81518 -0.60929 -1.0603 0.80472 1.0968 -0.80286 0.62309 -0.051424 -0.82597 1.4965 2.1686 -1.1846 0.80727 1.1689 0.9498 -1.2994 -1.2336 -0.69074
1.1677 -0.37948 -0.83255 0.57976 -1.3054 -2.1077 0.38969 -0.43249 -0.15932 -0.41606 0.68804 0.48684 0.5625 1.4532 -0.75495 -1.8877 -0.064675 0.76878 0.554 -1.2575 1.0812 1.0036 0.13686 -1.2161 0.26503 0.87171 -0.82438 0.52978 0.5466 -1.2923 1.1125 2.212 -1.0199 0.22246 0.24732 1.5716 -0.47429 -1.6676 -0.66745
1.5683 -0.50172 -1.3234 0.5968 -1.17 -2.4854 -0.09383 -0.12116 0.74228 0.24395 -0.35398 -0.18669 0.61512 1.1445 -0.59774 -1.9747 -0.61514 0.96129 1.2277 -1.7391 0.52248 1.0017 0.84782 -1.2861 -0.51821 0.70821 -1.1269 0.24243 0.85459 -1.0012 1.0475 1.7861 0.15789 -0.43443 -0.84683 1.2448 0.021355 -1.3448 -0.46598
1.9362 -0.70262 -1.172 0.035378 -0.90703 -2.0727 -1.2088 0.15381 0.97936 0.73464 -0.92916 -0.29478 0.77291 0.85096 -0.43185 -1.442 -0.8132 1.4013 1.5931 -1.3057 0.87312 0.35108 1.8416 -0.82055 -1.4189 0.47752 -1.5706 -0.14435 1.0021 -0.16607 0.86604 1.1953 1.3766 -0.95065 -1.4291 -0.20756 0.18072 -0.33273 -0.23066
1.948 -0.76526 -1.1961 -0.41094 -0.60414 -0.26828 -1.7876 0.20258 0.99261 1.5322 -0.49452 -0.61624 0.88437 0.0098084 -0.65532 -0.97312 -0.81501 2.0112 1.9862 -0.13851 0.10131 -0.5467 1.1664 -1.183 -1.0305 0.5345 -1.8105 -0.38806 1.1753 0.70776 0.62665 0.59426 2.1205 -1.2443 -1.3124 -1.8677 0.43631 0.94592 -0.048086
1.5881 -0.67094 -1.9967 -0.72715 -0.26905 -0.75428 -1.5857 -0.387 0.86618 1.1891 -0.35665 -0.90933 0.91442 -0.81831 -0.95957 -0.72028 -0.29149 1.8917 2.3274 0.64349 -0.54737 -1.0689 -0.45207 -0.89433 -0.12913 0.58343 -1.6264 -0.43956 1.1261 1.2846 0.082379 -0.17159 1.7826 -1.4244 -0.69672 -2.9608 0.63654 1.9187 0.064965
1.8803 -0.80403 -1.9666 -0.35949 0.73961 -0.33633 -0.26401 0.83619 0.2244 2.2006 -0.24797 -1.506 0.88503 -1.2931 -0.97045 -0.37853 0.49135 1.9077 1.9337 1.4361 -1.1777 -0.9027 -1.9301 -0.39758 0.74736 0.57822 -0.85907 -0.099379 1.3923 1.4033 -0.58355 -0.62433 0.59712 -0.64981 -0.034371 -2.4498 1.3264 1.8858 0.010955
1.0983 -1.2872 -1.7173 -0.32272 1.3641 -0.0090695 0.31225 -0.74649 -0.94303 0.44948 -2.1737 -0.80102 1.1919 -1.4372 -0.99605 0.13579 1.0193 1.6073 1.3169 1.3989 -1.2484 -0.86038 -2.8364 0.013025 1.5507 0.56321 -0.15789 0.38228 1.4787 0.88895 -1.0161 -1.0553 -0.57887 -0.11165 0.39747 -1.3362 1.5547 1.3149 -0.061805
0.54243 -1.7051 -1.8775 0.17542 0.775 0.81303 -0.26321 -0.70306 -0.015745 -0.70127 -1.5794 0.1415 1.2704 -1.2341 -0.79608 0.91786 1.2455 1.0385 1.3758 0.6674 -0.80195 -0.7225 -2.7917 0.8806 1.9223 0.56397 0.49359 0.79577 1.2393 0.18798 -1.2291 -1.1147 -1.2242 0.8459 0.58755 0.24711 1.7011 0.42239 -0.18811
0.49516 -1.4948 -1.4257 0.58818 1.5694 0.82403 0.18652 -1.1769 0.31833 -1.3958 -0.49356 0.86733 1.3496 -1.1343 -0.40897 1.0948 1.05 0.38703 0.71664 -0.078335 -0.94187 -0.37128 -2.827 1.411 1.9327 0.49111 0.84626 1.0199 0.7533 -0.42306 -0.97242 -1.2023 -0.99336 1.2844 0.44544 1.263 1.0275 -0.43934 -0.28677
0.29778 -1.5825 -1.3791 0.77332 1.4748 0.93215 -0.0046729 -0.93344 -0.40695 -1.4542 0.03962 1.1952 1.3683 -0.55402 0.057843 1.2059 0.8356 0.17255 0.23735 -0.18792 0.3256 0.018704 -1.4072 2.1218 1.4183 0.3086 0.83323 0.77604 -0.025232 -0.73686 -0.59457 -1.4186 -0.44893 1.0972 0.17712 1.407 -0.25202 -0.98914 -0.34784
0.41898 -1.4162 -0.97758 0.95087 1.3074 0.87554 -0.31316 -0.47221 -0.68013 -1.347 0.77617 1.1306 1.4434 -0.24948 0.26966 1.2449 0.39922 0.18414 -0.26778 -0.086713 0.6977 -0.34778 -0.86225 1.3503 0.9389 0.22414 0.6903 0.35009 -0.5362 -0.56578 -0.070293 -1.1465 0.0038272 0.5046 -0.10314 1.0611 -1.1679 -1.1726 -0.34917
0.18589 -1.4468 -0.8282 0.89924 1.3262 0.47258 -0.12136 -0.9188 -0.60793 -2.009 0.28316 1.2757 1.4719 -0.17234 0.15379 0.7972 0.13753 0.0039367 -0.67435 -0.18159 0.5239 -0.38494 -0.80455 0.47449 0.45431 0.13099 0.34069 -0.058574 -0.99348 -0.20125 0.14511 -0.70745 0.10481 -0.65919 -0.52577 0.34035 -1.5466 -0.89039 -0.33617
0.27453 -1.3951 -0.58662 0.90936 1.4206 0.68302 -0.037763 -0.30813 -0.15979 -1.516 0.74342 1.5965 1.5214 -0.079225 0.12761 0.40114 0.29739 0.33462 -0.88116 -0.053117 -0.048517 -0.37781 -0.88692 0.084342 0.082453 0.011266 0.28144 -0.16647 -1.0444 0.032216 -0.002475 -0.061749 0.24047 -0.74184 -0.71367 0.54779 -0.64403 -0.57177 -0.35407
0.23922 -1.3731 -0.57706 0.79524 1.2845 0.5349 -0.28078 -0.11817 -0.36667 -2.1683 0.42029 1.771 1.4812 -0.024848 0.037366 -0.033103 0.49155 0.37115 -0.72097 0.020291 -0.5733 -1.0156 -0.67093 -0.10416 0.079371 -0.1324 0.17961 -0.15604 -0.96091 -0.25891 -0.24784 0.52749 0.65773 -0.35213 -0.92424 1.0447 -0.057679 -0.54413 -0.35958
0.24657 -1.391 -0.78041 0.88786 1.645 -0.1833 -0.1297 -0.90486 -0.69897 -2.4802 0.26558 1.3598 1.4592 0.18403 0.057875 -0.08573 0.27987 -0.0069219 -0.34968 0.30149 -0.18653 -1.4557 0.23157 0.46967 -0.0026892 -0.22081 0.12168 -0.067362 -0.85229 -0.79219 -0.78405 0.80989 1.1946 0.51177 -0.6747 1.5079 0.07356 -0.7412 -0.36882
0.2424 -1.4171 -0.93247 1.502 1.9369 -0.13161 -0.20813 -1.0254 -1.2764 -2.427 0.48836 1.0565 1.374 0.019307 -0.064087 -0.56591 -0.36046 -0.3004 0.013075 0.9427 -0.081616 -1.6882 0.84299 0.20904 -0.57682 -0.33862 0.32731 0.27738 -0.26883 -1.3072 -1.3932 0.50477 1.5353 1.6648 -0.065002 1.4314 -0.13281 -0.76983 -0.44092
0.34509 -1.381 -0.89272 1.6352 1.5746 0.13777 -0.20228 -1.2177 -2.2351 -2.0968 0.54301 1.5278 1.3188 0.11731 0.072293 -0.75779 -0.81725 -0.82671 0.21223 1.8326 0.71209 -1.3871 1.538 0.10053 -1.0578 -0.48636 0.57513 0.92569 0.39146 -1.377 -1.8237 -0.38483 1.1752 1.8032 0.37222 0.61735 -0.89972 -0.51336 -0.69552
0.5033 -1.351 -0.64109 0.79326 0.97006 0.36954 0.58667 -0.36075 -2.0529 -1.082 1.3856 1.5437 1.2906 0.59864 0.49442 -0.14908 -1.499 -1.877 -0.089566 2.2651 2.2275 -1.1823 1.6968 -0.13297 -0.91878 -0.71808 0.55457 1.9692 1.3742 -0.70943 -1.7741 -1.0157 -0.37604 1.0413 0.6964 -0.2106 -1.2443 -0.32352 -1.2224
0.10698 -1.526 -1.4282 -0.13305 1.0081 0.72115 1.3993 -0.21256 -2.158 -0.69271 0.43249 0.35986 1.1547 0.93223 1.3154 0.35534 -1.8253 -2.6973 -0.98389 1.9495 2.1783 -0.9711 1.1117 -1.0078 -0.8438 -1.1653 -0.19391 2.4827 2.2262 0.59279 -0.60143 -0.53194 -2.0947 -0.46497 0.79406 -0.7185 -1.0413 -0.028968 -1.7627
0.47953 -1.1906 -1.4782 -0.087012 0.29275 0.19707 2.3255 0.39244 -2.1188 -0.7442 0.19918 -0.15971 0.93508 0.61256 2.5774 1.1664 -1.2366 -2.7492 -1.2075 0.173 1.2222 -0.51366 0.62008 -1.5301 -1.3157 -1.9936 -1.258 2.1309 2.3154 1.8066 1.1759 0.68159 -3.1145 -1.4496 1.2022 -0.29858 -0.18803 0.34061 -1.8177
1.3493 -0.6752 -0.47723 -0.76171 -0.98997 -0.76671 2.4609 1.613 -2.7039 -0.68869 0.17697 0.44378 0.65881 -0.24123 3.1433 2.2947 0.19601 -1.5397 -0.17858 -1.179 0.32064 -0.1446 0.57103 -1.1142 -0.90135 -2.7253 -2.0376 0.89069 1.5075 2.0046 2.4051 2.0443 -2.6356 -1.281 1.2742 0.34695 1.0428 0.75225 -1.2353
1.4188 0.24624 -0.34359 -0.62243 -1.7511 -1.4249 1.5768 0.54997 -3.0261 -1.266 -1.0917 0.40275 0.069381 -1.0888 3.1109 2.7402 0.98795 -0.21733 0.73773 -2.214 0.34623 0.79336 1.3459 -0.39644 -0.19183 -2.9045 -2.1619 -0.91866 -0.22197 1.2753 2.5669 2.162 -0.96952 -0.71455 1.506 0.59501 1.4698 1.1613 -0.087598
0.5295 1.5624 0.50693 0.067157 -1.6764 -0.56973 -0.86792 -0.36296 -2.4996 -0.74556 -1.075 -0.76563 -0.89028 -1.8997 2.5275 2.0797 0.944 0.61812 1.7211 -1.9678 0.13423 0.90773 1.4866 0.41187 0.11682 -2.7254 -1.3392 -2.2849 -1.7659 0.21875 1.6516 1.3548 0.71322 0.22204 1.2672 0.29843 1.1509 0.6989 1.1493
-0.56281 1.3465 1.4532 1.2673 0.22174 1.4234 -0.18961 0.20794 -1.8201 0.25902 0.36994 0.030402 -1.4167 -2.4655 1.371 0.90009 0.85708 1.0616 1.7318 -1.2994 -0.06434 1.9537 1.4223 0.4924 0.51704 -2.1351 -0.044906 -3.036 -2.2059 -0.60514 0.23697 0.080183 1.7604 0.66218 0.4577 -0.57795 0.51776 0.087505 2.0986
-1.0641 1.2182 0.78148 0.85831 0.81126 1.3184 -0.56075 1.134 -0.69489 1.3376 -0.15489 0.18661 -1.4071 -1.9738 0.23872 0.26536 0.68073 0.96602 1.7635 -0.22664 0.96863 1.7935 1.1684 0.63002 0.15997 -1.2319 1.1916 -2.4277 -1.7177 -0.91253 -0.78154 -1.314 1.3756 0.22377 -0.12599 -1.2724 -0.0061293 -0.31874 2.3831
-0.98607 1.389 0.49425 0.27695 -0.30365 1.2996 0.70789 1.0263 -1.8825 0.35806 0.79912 0.39378 -1.5517 -1.1341 -0.76178 -0.036095 -0.05841 0.057637 0.86625 0.36398 1.2282 1.2581 0.29553 0.49849 -0.022123 -0.22315 1.5944 -1.1991 -0.63817 -0.91703 -0.83669 -1.791 0.52276 -0.8963 -0.69008 -1.5317 -0.10902 -0.53657 1.9758
-1.3647 0.95787 0.35156 0.25773 -0.60114 0.25084 0.14347 0.6557 0.17088 0.36713 -0.34933 1.3077 -1.5032 -0.41369 -0.41687 -0.32115 -0.3722 -0.37224 -0.20058 -0.10016 -0.065949 1.0017 -0.62147 0.4325 -0.23592 0.21123 1.1086 -0.34483 -0.43735 -0.7451 0.11515 -1.9579 -0.50149 -1.8362 -0.45484 -1.2813 -0.087327 -0.4588 1.3865
-1.0581 1.0272 0.51912 1.0756 -0.30826 1.5959 0.098721 1.2327 -0.89309 0.28479 -0.37847 -0.74378 -1.4469 -0.36613 -0.27938 0.1252 -0.39912 0.13327 -0.49745 -0.32387 -1.2804 0.97332 -0.90003 0.4223 -0.34358 0.37081 0.58656 0.14545 -0.48892 -0.28154 1.0912 -1.3496 -0.42834 -1.6827 -0.50149 -0.55084 0.14359 -0.18817 0.78006
-1.2685 0.58582 1.2188 0.26475 -0.75428 1.4079 -0.53893 1.194 -0.67125 0.14209 0.54292 -0.68381 -1.1939 -0.35599 -0.56753 -0.54841 -0.59826 1.1449 -1.0656 -0.83824 -1.3393 1.0277 -0.92402 0.53985 -0.58212 0.73647 0.20573 -0.32934 -0.63522 -0.048995 0.91699 -0.94884 0.2712 -0.50106 -0.35277 -0.014002 0.035407 0.61232 0.47058
-1.2132 1.1876 0.63242 0.57639 0.47221 0.87366 -0.23579 -0.044316 0.015056 -0.17058 1.208 0.43917 -1.2545 -0.10443 -0.44043 -0.74162 -0.49601 1.376 -1.1197 -0.080064 -1.3987 0.24407 -0.70557 0.74866 -0.20984 0.7894 0.35853 -0.50602 -0.75579 0.28209 -0.029041 -0.32351 0.75038 0.75968 -0.32416 0.56129 -0.18172 0.97446 0.13843
-1.6619 1.0046 0.61025 -0.22329 0.60015 0.2332 -0.41634 -0.56246 0.44019 -0.042636 0.16368 0.022679 -1.1137 -0.17407 -0.87576 -0.95096 -0.42354 0.75139 -1.588 0.32692 -0.97114 0.66125 -0.74084 0.37073 0.93955 0.77179 0.94175 -0.69245 -0.26622 0.39303 -1.6927 0.27854 0.88401 1.8141 -0.33741 0.97258 -0.57511 0.98818 -0.039438
-1.4335 0.35201 -0.60906 -0.55349 0.99143 -0.56469 -0.61743 -0.067808 -0.12776 -1.0726 1.0723 -0.48818 -0.6958 0.18944 -0.95697 -0.93788 0.055606 0.27195 -0.81163 0.57555 0.024365 0.50842 0.19743 0.20197 0.86319 0.58066 1.668 -0.65039 0.0053651 0.26451 -2.5177 0.37546 0.28676 2.3294 -0.26057 0.94704 -0.90962 0.54992 0.074201
-1.1855 0.52801 0.097066 0.4138 0.91694 -0.14196 0.38823 -0.32586 -0.16698 -0.085462 0.40774 0.41091 -0.76623 1.1973 -1.4494 -0.89794 -0.11689 -1.5321 -0.71367 0.57613 1.4897 0.22103 0.67944 -0.22784 0.87645 0.77792 2.0797 0.091807 0.58174 0.10937 -2.3545 0.22697 -0.23421 1.7869 -0.38834 0.60878 -1.2432 -0.27927 0.16953
-1.3793 -0.12202 0.1285 0.41954 -0.056686 -0.0503 0.28468 0.55448 0.26307 -0.7524 0.53334 0.97947 -0.682 2.2223 -1.2242 -0.76272 -0.14132 -2.2837 -0.87683 0.37461 1.9142 -0.057433 0.58548 -0.61902 0.93909 0.90896 1.6829 0.67652 0.64782 -0.1125 -1.4636 -0.33688 -0.85787 0.55685 -0.36544 -0.40553 -1.2587 -0.80874 0.19617
-0.94046 0.016088 0.19495 0.27727 0.035821 0.53874 0.053408 0.72762 0.48014 0.92957 1.321 0.79548 -0.76099 2.5656 -0.5849 -0.071622 -0.11784 -2.4612 -1.1421 -0.0076993 1.5716 0.16833 0.35417 -1.5099 0.35834 0.88593 0.54298 1.2696 0.70451 0.17371 0.24486 -0.23565 -1.0468 -0.91898 -0.36347 -0.76785 -0.70313 -1.1114 -0.1968
0.64732 -0.41814 -0.802 -0.34067 -2.0057 -0.91627 0.3591 1.4184 0.35117 0.42304 0.091655 1.4341 -0.24825 2.5446 -0.26466 -0.27389 -0.16683 -2.0559 -1.1968 -0.78197 1.0776 -0.1955 -0.48639 -1.4772 -0.48142 0.84844 -0.94873 1.314 0.68045 0.48759 1.3488 0.12591 -0.90506 -1.4538 -0.42641 -0.84568 0.16704 -0.88386 -0.73706
1.2459 -0.35855 -0.53777 -0.6324 -1.8725 -1.4996 -0.17711 1.3552 -0.20378 -0.21731 -0.86158 0.7559 0.041863 2.0159 0.17658 0.029375 0.22784 -1.182 -0.97124 -0.86287 0.1305 -0.4363 -0.39387 -1.0793 -0.62314 0.48832 -2.2758 1.2341 0.57046 0.77273 2.2083 0.93068 -0.54627 -1.3398 -0.35373 -0.37488 1.4764 -0.34769 -1.3984
1.3223 0.060476 0.011999 0.13629 -1.6323 -1.6403 -0.30269 1.1944 0.2465 -0.67794 -1.245 -0.058126 0.039714 0.78184 0.57421 0.31836 0.62633 -0.35519 -0.73038 -0.9391 -0.18343 -0.60672 -0.8136 -0.4866 -0.32426 -0.094234 -2.8363 1.0259 0.58216 0.94902 2.2251 1.6236 0.13951 -0.78699 0.18415 0.43658 2.0185 0.39998 -1.7467
1.2956 0.083945 -0.024576 0.53703 -1.6878 -0.7811 -0.83327 0.86021 -0.33541 -0.7339 -0.91898 0.0023528 -0.15615 -0.66586 1.0427 0.58035 0.97888 0.8947 0.3021 -0.97184 -0.39421 -0.33304 -0.26413 0.79258 -0.40053 -0.92462 -2.3672 0.58067 0.29071 0.42376 1.4774 1.7459 0.42837 -0.0066498 0.18757 0.50572 1.5725 0.84313 -1.467
0.87557 -0.038327 0.056569 0.58642 -1.5086 -0.85764 -0.76619 0.7349 -0.086366 -0.072656 0.09727 0.56723 -0.39858 -1.2401 1.0048 0.41823 1.2927 1.1439 1.0885 -0.43492 -0.18072 0.11616 0.37523 1.399 0.22436 -1.2956 -1.0746 -0.087794 -0.18292 -0.22003 0.50096 1.186 0.61788 0.57264 0.22886 0.48229 0.39909 0.77936 -0.54383
0.43277 0.56689 -0.02223 0.64473 -1.1165 -1.1879 -1.003 1.0029 -0.48075 -0.20272 0.24963 0.87133 -0.74424 -1.2511 0.92729 0.46086 0.71138 0.88145 1.2609 -0.25995 0.12686 -0.42764 0.083759 0.95553 0.80714 -1.3049 0.31676 -1.0543 -0.64133 -1.0311 -0.59053 -0.075304 0.651 0.7014 0.12479 -0.16596 -1.1087 0.43968 0.81052
0.03135 0.73054 -0.20527 0.80845 -0.7145 -0.77345 -1.031 1.0988 -0.058011 -0.32543 0.59672 0.2206 -1.0562 -0.86822 0.49207 0.06941 0.3287 0.6035 0.9261 -0.071048 0.68094 -0.10718 0.035167 0.21386 0.64879 -0.79059 1.2209 -1.928 -0.79135 -1.6759 -1.0574 -1.1466 0.53921 0.41996 0.21674 -0.50632 -1.8705 -0.20947 1.9539
-0.042957 0.70322 0.2961 1.7243 -0.32076 0.23837 -0.5842 1.0307 0.31398 0.11122 0.53235 0.78487 -1.1032 -0.28076 -0.43975 -0.31865 -0.54297 0.036651 0.25376 0.13472 0.55039 0.023802 -0.43617 -0.65437 0.28385 0.14778 1.6207 -2.264 -0.9253 -1.6057 -1.04 -1.7388 0.64324 0.36402 0.51323 -0.28691 -1.729 -0.5953 2.5296
0.037433 0.93161 0.64511 0.83311 -0.99948 0.17606 -0.95621 1.1474 -1.1052 -0.99892 -0.33158 1.3761 -1.1963 0.47921 -1.4958 -0.51568 -1.3341 -0.45181 -0.46177 0.43857 0.43533 0.31856 -0.42343 -1.2611 0.082533 1.1698 1.4813 -1.8279 -0.92565 -1.2053 -0.74366 -1.6329 0.6209 0.38507 0.51325 -0.26889 -0.99659 -0.80224 2.2536
0.30768 0.20641 -0.40444 0.73355 -1.0608 -0.089496 -1.0187 1.7162 -0.13761 -0.15995 -0.29177 0.96931 -0.76838 1.0021 -1.8187 -0.79372 -1.575 -0.57587 -1.1627 0.75862 0.96863 0.37758 -0.28364 -1.5071 -0.085924 1.8467 0.91798 -0.76697 -0.66667 -0.18467 0.046773 -0.92964 0.55614 0.49655 0.73302 0.018226 -0.071956 -0.85012 1.2883
0.40779 -0.60428 -0.48893 -0.67696 -1.3963 -1.3914 -0.514 1.159 0.10059 -0.75742 -0.6838 0.75756 -0.098043 1.1654 -1.8368 -1.2408 -1.4968 -0.51037 -1.2929 0.84688 1.2317 0.73405 -0.59986 -1.1895 -0.75696 2.0411 0.15131 0.58069 -0.045474 0.90572 0.60721 0.13339 0.14019 0.42956 0.56934 0.050841 0.43388 -0.78261 -0.031032
1.0113 -0.87786 -0.43909 -0.97035 -1.3753 -1.579 -0.28765 1.4523 0.26792 -0.67964 -1.392 0.6312 0.37844 1.0335 -1.5326 -1.0718 -0.82444 0.15234 -0.99479 1.0343 1.129 1.2715 -0.30224 -0.78968 -0.98294 1.8172 -0.32476 1.4954 0.50634 1.5747 0.67196 1.2663 -0.67869 -0.19414 0.38054 0.39054 0.55631 -0.41271 -1.2257
1.1804 -0.7421 -0.63191 -0.35709 -1.0969 -1.3499 0.22216 2.4484 0.40224 -0.45465 -1.3078 0.32239 0.54612 0.73566 -0.67284 -0.45605 0.041773 0.33867 -0.30044 0.59459 1.2016 1.0013 -0.29975 -0.77277 -1.0203 1.1354 -0.62496 2.147 0.81497 1.6705 0.41033 1.675 -1.4015 -1.0603 -0.16018 0.79376 0.59355 0.075811 -2.0824
1.2572 -0.8884 -0.86782 -0.2076 -1.2326 -0.81795 0.17316 2.338 0.77596 -1.2862 -1.0645 -0.14505 0.62008 0.62895 0.078527 -0.34495 0.70379 0.2776 0.62126 -0.41578 0.61658 0.998 0.39586 -0.63935 -0.76478 0.29973 -0.97383 2.492 1.2331 1.0239 -0.038381 1.3394 -1.8213 -1.917 -0.93831 0.86285 0.76636 0.31006 -2.5666
1.184 -0.85418 -0.74843 -0.461 -0.69004 -1.3277 0.19055 2.2132 0.94915 -0.96212 -1.354 0.00094009 0.57232 0.23727 0.91472 -0.24819 0.97303 0.20634 0.91341 -1.136 -0.56455 0.54892 0.72955 -0.1188 -0.69817 -0.59892 -1.459 2.3541 1.6618 0.42763 -0.19265 0.90745 -1.1682 -2.4677 -1.6917 0.81147 1.0507 0.61346 -2.5452
1.1593 -0.75139 -0.83038 0.42522 -0.89752 -0.97613 -0.39389 2.7532 1.3073 -0.42945 -1.6629 -0.6163 0.52214 -0.47801 1.8015 0.87785 0.69018 0.14261 0.80978 -1.6257 -1.7074 -0.37249 1.007 0.35253 -0.507 -1.5049 -1.7837 1.7767 1.8788 0.053448 0.090369 0.9705 0.12307 -1.6494 -2.0349 0.38417 1.1414 0.35185 -2.0474
1.549 -0.52627 -0.74915 -0.027042 -1.2956 -0.55262 -1.341 1.3997 1.3981 0.026765 -1.9066 -0.066697 0.2783 -1.3481 2.3654 1.7013 0.87282 0.036237 1.241 -1.0541 -2.4274 -1.6827 1.1104 0.73249 0.09547 -2.1167 -1.6179 0.73568 1.5409 -0.093333 0.53017 0.97645 1.156 -0.47958 -1.514 0.18825 1.0463 0.43899 -1.1305
1.2685 0.45187 -0.77487 0.73641 -0.94767 -0.2269 -1.502 1.0126 0.62879 0.16243 -1.0808 -0.56271 -0.36735 -1.8022 2.2977 1.811 0.85271 0.53215 2.2064 -0.19615 -1.6508 -1.9384 1.0216 1.1059 -0.44091 -2.283 -1.0664 -0.47547 0.53226 0.037436 0.85451 0.48432 1.5983 0.86805 -0.48807 -0.19887 0.83765 0.52 0.014291
0.11386 1.2531 0.74881 0.38467 -0.81049 -0.37816 -1.6412 0.63864 -0.43938 0.25301 -0.3758 -0.54875 -1.1041 -2.025 1.889 1.8522 0.70602 1.0193 1.9747 0.42098 -1.5154 -1.6838 1.1259 1.4975 0.16399 -2.0543 -0.045915 -1.6193 -0.66896 -0.31632 0.55559 -0.57103 1.014 1.5479 0.6909 -0.55738 -0.07499 0.37034 1.0474
-0.71531 1.244 0.90631 1.0423 -1.082 0.78354 -0.50706 -0.23419 -1.6948 -0.08396 -0.34794 0.41252 -1.3514 -2.0675 1.2585 1.6868 0.84136 1.277 1.3185 0.76973 -0.4637 -1.3462 0.58791 1.5726 0.5162 -1.5113 0.79388 -2.1209 -1.6179 -0.60227 0.068735 -1.6514 0.20926 1.2362 1.6347 -0.673 -0.75578 0.20659 1.7599
-0.63114 1.0479 0.565 0.86355 0.35475 1.8511 -0.073497 1.5911 -0.61234 0.76427 -0.36661 -1.5449 -1.3694 -1.2996 0.21167 0.64388 0.26044 0.72002 0.66491 0.45813 0.0015166 -0.6072 0.16111 0.39395 0.37464 -0.7909 1.2717 -1.9419 -2.0522 -1.2664 -0.47992 -1.8506 -0.50679 0.68136 2.2052 -0.99329 -0.86569 -0.056901 2.0325
-0.70765 1.0791 0.77101 1.2801 0.14224 1.0324 -0.69293 0.40662 -0.20293 1.4017 0.29148 0.41014 -1.337 -0.73184 -0.36683 -0.2874 -0.09694 0.81006 -0.099187 0.21364 0.0067601 0.77279 0.094426 0.27857 -0.11646 -0.039622 1.0871 -1.2152 -1.6318 -1.7977 -0.80775 -1.5476 -0.5076 -0.10821 1.8251 -0.82872 -0.44844 0.52955 1.6746
-0.95056 1.2165 1.0486 1.299 0.21976 0.50375 -0.781 0.65916 -0.88493 0.19573 0.56414 0.79023 -1.4037 -0.39657 -0.50541 -0.58782 -1.2848 0.33533 -0.63483 -0.26681 -0.41413 1.6414 -0.71119 0.55975 0.3824 0.53016 0.60121 -0.17344 -0.72522 -1.4373 -0.49849 -0.86515 0.32346 0.018343 0.79285 -0.34018 0.066021 0.59641 0.94817
-0.57863 0.87816 0.12967 0.61828 -0.56896 0.43738 -1.0567 0.75782 -0.86897 0.01814 -1.0936 -0.60562 -1.4366 -0.55613 -0.38789 -0.42307 -1.876 -0.072941 -0.80568 0.16479 -0.45578 1.1579 -0.71335 0.68573 1.5889 0.56395 0.8952 -0.13167 -0.90886 -0.67801 -0.62373 -0.13239 0.90909 -0.019676 -0.11035 0.4485 0.038875 0.37605 0.54388
-1.3076 0.82305 0.63969 0.30701 0.5531 0.11271 -0.60392 0.26943 0.78678 0.55395 0.38723 -0.92521 -1.098 -0.3025 -0.059319 -0.50164 -1.6414 0.20867 -0.53011 1.1333 0.27913 0.77468 -0.14385 0.34906 0.73246 0.45698 1.7516 -0.62341 -1.4674 0.5429 -0.6804 0.23714 0.88227 -0.029357 -0.78155 1.2873 0.0082736 -0.2379 0.59448
-1.0844 0.61209 0.11268 -1.1933 -0.30248 0.88331 -0.62257 -0.21203 1.1582 -0.91287 0.79848 1.2047 -0.64954 0.83726 -0.80229 -1.8502 -1.2379 -0.31815 -0.38364 1.3046 -0.36751 0.98345 0.76234 0.49181 0.47768 0.88649 2.6732 -1.1995 -2.1397 1.2415 -1.0313 0.31022 0.056188 -0.14868 -1.0449 1.272 -0.31346 -1.222 0.87996
-1.352 0.83761 0.45236 -1.2842 0.36695 0.48256 0.15137 1.32 0.44153 0.75329 0.81543 2.1297 -1.026 2.0702 -1.3241 -2.3257 -0.55612 -0.84162 -0.4142 0.90208 -0.50475 0.17041 1.2685 0.70734 0.47759 1.341 2.5156 -1.3573 -1.8671 1.4353 -0.96242 0.08747 -0.87442 -0.34465 -1.0798 0.76157 -0.40865 -1.8422 0.99328
-0.86337 1.3156 0.3577 -0.0053344 0.36697 -0.15071 0.93874 0.73894 -0.072993 1.0437 0.22265 0.58292 -1.1186 3.0859 -1.7344 -3.0841 -0.016568 -1.5162 -0.30072 0.41073 -0.3425 -0.62216 1.2659 -0.04482 -0.71497 1.5602 1.3164 -0.75407 -0.8627 1.0989 -0.1663 0.20962 -1.2351 -0.032649 -0.96278 -0.24216 -0.60022 -2.3337 0.77552
0.90506 -0.42371 -2.0657 -0.4789 -1.0246 0.016086 0.40056 -0.34022 0.8408 0.9597 0.58354 0.064716 -0.21992 3.1169 -1.8333 -3.0029 0.52582 -1.0293 -0.40876 -0.10141 -0.39336 -0.5743 1.2151 -0.11215 -2.3445 1.7434 -0.49407 -0.26598 0.49677 0.46511 1.0158 0.57327 -1.0404 0.35253 -0.32033 -0.95038 -0.992 -1.3015 0.39545
1.9499 -0.73905 -1.9517 -0.47865 -1.5099 0.029064 -0.34232 -0.05039 -0.11098 1.6211 0.47554 0.026651 0.28142 2.691 -1.7898 -2.9543 0.34687 -0.54399 -0.0041398 -0.5775 -0.47608 -0.56305 0.28657 -0.18645 -2.769 1.953 -2.4851 0.4922 2.6945 0.32121 2.4128 0.79628 -0.27634 0.60527 -0.10246 -1.8083 -1.1666 0.68049 -0.21013
1.9933 -0.75375 -2.19 -0.47625 -1.3487 0.24665 -0.01809 0.096266 0.16998 1.3161 0.55316 -1.1004 0.51043 1.3738 -1.731 -1.5654 0.15908 0.60553 0.4729 -0.60865 0.25865 -0.49966 -0.23534 -1.043 -1.0859 1.7918 -3.4447 0.77104 3.7813 0.37577 2.7748 0.70982 0.5258 0.50354 -0.066491 -2.307 -0.95215 2.4506 -0.74879
1.8847 -0.70505 -2.2683 -0.41983 -0.6925 0.1741 -0.31994 0.16068 0.12553 0.93828 0.61603 -1.841 0.65042 -0.53361 -0.96585 0.68855 0.78473 2.2622 0.69442 0.14721 0.51988 -0.86649 -1.8088 -1.7273 0.034596 1.1944 -3.1407 0.74437 3.7795 0.64339 2.1531 0.0074855 0.92256 -0.12213 -0.16809 -1.8798 -0.163 3.0144 -1.0304
1.7522 -0.69568 -2.5883 -0.24791 0.029888 0.18973 -0.12348 0.7116 -0.66925 1.2682 0.12883 -2.2235 0.67749 -1.4956 -0.96431 1.4801 1.0306 2.8535 0.52262 0.58095 0.099095 -0.55801 -2.587 -1.0883 1.1776 0.90161 -1.7407 0.58259 2.4134 0.54783 0.56555 -0.86324 0.94552 -1.1208 -0.26385 -0.986 0.95327 2.0659 -0.91123
1.3005 -1.4069 -1.7468 0.16892 0.62742 0.63733 -0.039347 0.38176 -0.21014 0.58619 -1.8171 0.23173 1.0284 -1.55 -0.93632 1.8245 1.1537 2.4329 -0.0098567 0.64493 -0.6233 -0.87147 -2.4878 -0.43366 2.1523 0.71713 -0.1178 0.43295 0.58668 -0.013109 -1.2001 -1.3974 0.53539 -1.4837 -0.17638 0.40403 1.5793 0.67314 -0.613
0.37168 -1.6144 -0.93714 0.73694 1.7676 1.0236 0.527 0.029934 -0.6714 -1.9579 -1.5298 0.37181 1.1388 -1.2643 -0.77662 1.8891 1.0319 1.5954 -0.7198 1.0044 -1.34 -1.0253 -1.9643 0.12917 2.0086 0.54405 0.8719 0.85317 -0.60937 -0.52841 -2.0698 -1.5339 0.24986 -1.0613 -0.32722 1.4918 1.3451 -1.1247 -0.60608
0.28597 -1.5453 -0.5322 0.78061 1.8771 0.40804 0.41981 0.060299 -0.62933 -1.2574 0.28069 1.0439 1.1804 -0.86331 -0.33807 1.4592 0.75386 0.6013 -1.1887 0.99886 -1.6369 -0.98694 -1.2621 0.65446 0.98322 0.37375 1.2094 1.0646 -1.3626 -0.82517 -2.1147 -0.99998 0.13955 -0.34052 0.14682 2.1209 0.60903 -2.1684 -0.58007
0.47255 -1.4546 -0.90523 0.93012 1.39 -0.19809 0.62753 -0.71099 -1.1949 -1.1251 0.35786 1.0354 1.1521 -0.26486 0.15335 0.64262 0.20125 -0.17838 -1.6374 0.91143 -1.4485 -1.1545 -0.051767 0.91971 -0.47422 0.085161 1.0222 0.937 -1.3257 -0.71712 -1.4655 0.11936 0.025909 0.26525 0.59528 1.8361 -0.37041 -1.9992 -0.4602
0.59131 -1.4539 -0.6968 0.85811 1.2758 -0.91793 1.1493 -1.117 -1.5857 -0.78599 0.015588 0.31045 1.1552 0.13409 0.36528 0.17108 -0.03558 -0.71346 -1.3415 0.98409 -1.221 -0.51785 1.0284 0.34588 -0.93297 0.00091287 0.47302 0.54432 -0.56503 -0.44444 -0.56439 1.2236 0.00015165 0.55073 1.0475 1.0633 -1.031 -0.97745 -0.28363
0.49578 -1.2873 -0.90455 0.884 0.95059 -0.72863 1.1616 -0.88575 -1.6962 -0.62575 -0.32904 -0.25315 1.1879 0.082625 0.42717 0.31801 0.03152 -0.54319 -0.42333 1.0832 -1.0213 -0.0785 0.76328 -0.37451 -1.021 -0.019479 -0.15784 0.15478 0.18641 -0.21134 0.081299 1.9753 -0.092146 0.39533 1.3394 0.051766 -1.2122 0.14817 -0.11173
0.59813 -1.4057 -0.6564 0.48564 0.98036 -1.0099 1.2188 -1.135 -1.6889 -0.57165 -0.55961 -0.20412 1.1417 -0.18367 0.43088 0.67535 -0.027729 -0.29474 0.40777 0.9342 -0.76831 0.55624 0.57622 -0.5926 -0.6849 -0.035561 -0.49417 -0.030522 0.40379 -0.26194 0.45982 1.8939 -0.16135 0.069641 1.0865 -0.60394 -0.9247 0.52328 -0.092134
0.42305 -1.1601 -0.56947 0.86875 1.0085 -0.52146 1.8958 -1.2436 -0.90228 -0.53575 -0.0182 -0.51529 1.1555 -0.39238 0.38199 0.6979 -0.2172 -0.23553 1.0417 0.77789 -0.89498 0.97047 0.29064 -0.84418 -0.28547 -0.077562 -0.50993 -0.040706 -0.059751 -0.46597 0.23423 1.3589 -0.37945 -0.18998 0.69301 -0.67373 -0.64291 0.43589 -0.072568
0.48265 -1.0514 -0.24381 1.013 1.0801 -0.18133 1.8422 -1.364 -0.94452 -0.20576 -0.12008 -0.10129 1.1528 -0.52248 0.34277 0.65119 -0.42386 0.0063738 1.3334 0.84352 -1.138 1.1165 0.00053164 -1.1145 -0.23674 -0.119 -0.35014 -0.044626 -0.46772 -0.63506 0.086969 0.75276 -0.67575 -0.174 0.12212 -0.7098 -0.50691 0.1989 -0.042814
0.21115 -1.0528 -0.20807 0.76899 0.86731 0.064031 1.8939 -1.7777 -0.66925 -0.39974 -0.9725 -0.1827 1.1089 -0.6705 0.40928 0.22687 -0.67859 -0.25006 1.5604 0.41064 -1.1954 1.0172 -0.35998 -1.2815 -0.35612 -0.094768 -0.21458 -0.069014 -0.52142 -0.68015 0.16192 0.23261 -0.82847 0.17259 -0.14744 -0.72039 -0.13257 -0.011054 -0.0024111
0.050757 -1.0973 -0.15088 0.27941 0.78722 0.36425 2.0927 -2.0144 -0.40519 -0.48705 -1.5659 -0.43509 1.0813 -0.67844 0.34881 0.12707 -1.033 -0.12445 1.5062 -0.17699 -0.946 0.77276 -0.5855 -1.2874 -0.23519 -0.095386 0.013683 -0.058118 -0.29897 -0.55498 0.35851 -0.14929 -0.72471 0.71185 -0.16114 -0.49598 0.48063 0.13875 0.010219
-0.093495 -0.96301 -0.29075 0.1207 1.1179 0.82873 2.3591 -2.1074 -0.20067 -0.73561 -1.7915 -0.76261 1.0545 -0.70332 0.2702 0.086593 -1.236 0.13576 1.3788 -0.30402 -0.64449 0.84585 -0.92568 -0.97067 -0.29235 -0.091829 0.25896 -0.032925 0.18082 -0.33512 0.70744 -0.3732 -0.31075 1.212 0.13905 -0.040806 0.90086 0.37851 -0.036331
-0.22966 -0.84526 -0.49674 -0.26532 0.464 1.0296 1.682 -2.4271 -0.12224 -1.0731 -1.7098 -0.75423 1.0825 -0.48258 0.32156 0.21904 -1.2259 0.49404 1.1617 -0.1893 -0.017681 0.87841 -0.75349 -0.33536 0.025288 -0.10231 0.41817 0.011038 0.53439 -0.082995 0.62676 -0.56622 0.17172 1.3945 0.3348 0.47075 1.0099 0.55651 -0.11797
-0.33226 -0.75183 -0.16026 -0.33655 1.0555 1.4297 1.4488 -2.081 0.079134 -1.0247 -1.5125 -0.43573 1.0692 -0.3018 0.37383 0.47898 -1.2367 0.78631 1.068 -0.16734 0.70939 1.2379 -0.35455 -0.036591 0.28772 -0.14915 0.42965 0.046899 0.62414 0.099648 0.3527 -0.68193 0.45288 1.1789 0.15226 0.82901 0.80294 0.57961 -0.18963
-0.44232 -0.89149 -0.013648 -0.78838 1.3227 1.4456 1.606 -2.1621 0.30606 -1.4527 -1.851 -0.50628 1.0332 -0.12493 0.32065 0.81881 -1.1984 0.7421 0.65028 0.10996 1.1011 1.2398 0.12736 0.17048 0.60535 -0.25788 0.39083 0.015928 0.18749 0.3625 -0.35827 -0.86642 0.45944 0.44966 -0.16331 0.80181 0.32214 0.33656 -0.21382
-0.32685 -0.73022 0.020579 -1.0645 1.5355 1.469 2.0968 -1.7486 0.67751 -1.1745 -1.6336 -0.19611 0.97367 -0.10713 0.35364 0.82436 -1.0614 0.68122 0.41536 0.44908 1.1008 0.96498 0.38659 0.31405 0.59446 -0.3222 0.48151 -0.060309 -0.20861 0.6729 -1.0761 -0.94591 0.056631 -0.17995 -0.73984 0.7459 -0.013254 0.41922 -0.21624
-0.31333 -0.61971 0.26983 -1.4775 1.834 1.938 1.9148 -1.1529 1.5579 -0.78563 -1.7329 -0.24572 0.91432 0.12496 0.36341 0.35558 -0.61555 -0.13901 -0.062495 0.418 0.67224 0.68676 0.57135 0.12727 0.562 -0.36343 0.44289 -0.092601 -0.4634 0.74601 -1.4235 -0.7402 -0.52211 -0.70405 -1.1075 0.5726 -0.25543 0.33806 -0.16639
-0.282 -0.59189 0.48369 -1.4658 1.5642 1.516 2.2017 -1.2054 1.1752 -0.63205 -1.3945 0.19633 0.78714 0.44198 0.25808 0.35905 -0.22835 -0.8269 -0.26893 -0.19016 0.58431 0.03914 1.0012 -0.0046398 1.165 -0.44797 0.38526 -0.043138 -0.41586 0.64492 -1.3274 -0.51149 -0.93178 -1.0563 -1.1706 0.44349 -0.40281 0.26766 -0.14374
-0.51362 -0.45876 0.33432 -1.6187 1.3475 1.6453 2.0147 -1.4855 0.83112 -0.79395 -1.1746 0.090413 0.79588 0.39945 0.22063 0.27488 -0.17345 -1.2198 -0.33141 -0.56607 -1.5582e-05 -0.50418 1.0329 -0.113 1.0132 -0.46519 0.231 0.20764 -0.14357 0.31918 -0.77675 -0.16427 -0.93428 -0.99191 -0.81172 0.32302 -0.53167 0.030187 -0.20461
-0.050401 -0.48643 0.040612 -1.0048 0.719 1.1651 2.0126 -1.5879 1.0631 -0.51214 -1.7958 0.3141 0.70939 0.45044 0.35906 0.16743 -0.036912 -1.3112 -0.3632 -0.85221 -0.60788 -0.77183 1.0968 -0.28443 0.92096 -0.50453 0.037523 0.70275 0.24674 0.40013 -0.30401 -0.41074 -0.90824 -0.27061 -0.47331 0.075301 -0.25888 -0.80134 -0.51608
0.31328 -0.6833 0.5444 -1.2852 0.29013 1.2182 1.202 -1.1843 0.3911 0.099914 -1.9682 1.7024 0.53344 0.53685 0.66181 0.20835 -0.097279 -1.3801 -0.30472 -1.0492 -0.65108 -0.52603 1.2109 -0.69258 0.76051 -0.66776 -0.27073 1.1464 0.37367 0.67564 0.18142 -0.45724 -1.0423 0.87721 -0.36751 -0.35945 0.49176 -1.2681 -0.90915
-0.032349 -0.36105 0.4403 -1.7298 0.29152 1.4136 1.4059 -1.6304 0.418 0.25 -1.6178 0.77859 0.51049 0.43985 1.2054 0.80038 0.50449 -1.3289 -1.0143 -1.6961 0.39394 -0.89484 1.078 -0.16413 -0.29749 -1.1879 -0.73046 1.2381 0.087641 1.2683 0.49356 -0.57999 -1.1145 1.8526 -0.28379 -0.67972 1.5369 -1.5598 -1.1828
0.13438 -0.106 0.50786 -1.4959 0.29007 1.433 0.87636 -2.0449 0.556 0.51091 -1.9669 0.93014 0.38027 -0.085612 1.6993 0.57822 0.86092 -0.86786 -0.82143 -2.1527 1.2166 -1.1771 0.2929 0.7822 -0.90128 -1.6065 -1.1114 0.70867 -0.25595 1.8684 0.73975 -0.25635 -0.86928 2.3073 -0.21118 -0.93712 2.1232 -1.2695 -1.1395
0.33981 0.22873 0.58089 -1.5219 -0.47614 0.97571 0.90257 -1.9675 0.45165 0.65448 -2.4601 1.2152 0.06338 -0.5593 1.8939 0.12516 1.938 -0.62934 -1.1409 -2.4496 2.0736 -1.0141 0.13213 1.8892 -1.3559 -1.965 -1.2782 -0.26963 -0.69472 1.4619 0.76934 0.57357 0.06459 2.1944 0.29608 -0.66353 1.9626 -0.16942 -0.62359
0.1548 0.8761 1.3019 -0.096287 -0.63729 -0.31457 -0.77774 -0.29864 -0.73557 0.43628 -1.1181 -0.94477 -0.62173 -0.97272 1.4953 0.11543 2.8034 -0.32265 -0.69617 -2.3441 3.0092 -0.88973 -0.28174 2.2889 -1.2368 -2.1384 -0.97693 -1.1527 -0.76695 0.56913 0.8565 0.89496 1.2013 1.4232 0.81716 -0.17165 1.2167 0.64494 0.252
-0.23392 1.105 0.44054 0.024532 -0.23089 0.70315 -1.1152 -0.0051604 -0.7265 -0.29512 -0.41104 -0.14268 -0.94066 -1.4272 0.86678 -0.13071 2.3627 -0.13796 -0.041024 -1.4537 3.7781 -0.45251 -0.024266 2.7902 -0.453 -1.9387 -0.52604 -1.7037 -0.92168 -0.8751 0.99813 1.1374 2.2616 -0.30159 1.2689 -0.061139 -0.16602 1.4004 1.2054
-0.65644 1.164 0.48945 1.3384 -0.38117 0.0072705 -1.815 0.68393 -0.59259 0.74305 1.0209 -0.17672 -1.3078 -1.4179 0.31135 -0.57681 1.7471 0.51617 0.24182 -0.29052 3.1442 0.16497 0.017068 2.6435 -0.045072 -1.2067 0.22396 -1.635 -0.91419 -1.8688 0.82536 0.32952 2.4914 -1.9726 1.3676 0.14744 -1.2932 1.4048 1.8285
-1.2248 0.98768 0.69333 2.028 -0.034508 1.0751 -1.1513 1.0381 -0.33184 -0.16038 0.65264 -0.87597 -1.4496 -1.2883 -0.32706 -1.0698 0.76477 0.8509 0.43871 0.94823 1.4299 0.98023 -0.13865 1.4363 0.86882 -0.46104 0.7974 -0.98334 -0.32329 -2.1126 0.57598 -0.48428 1.652 -3.1698 1.1873 -0.19078 -2.1913 1.1461 1.8303
-1.3574 0.73144 0.49462 0.85293 -0.39792 1.1865 -0.53233 2.0871 0.067593 0.89422 1.2797 1.0199 -1.483 -0.63876 -0.60715 -0.94361 -0.025573 0.75328 -0.33846 1.3269 0.35559 1.1121 0.093196 0.58105 0.93183 0.10996 0.91856 -0.19661 0.41279 -1.8523 0.13903 -1.0757 0.20249 -3.1048 0.53864 -0.27806 -2.0542 0.65059 1.3325
-1.1088 0.87748 0.09522 1.0174 0.3491 0.34224 0.10997 1.468 0.15649 0.3292 1.3029 0.036656 -1.1223 -0.37735 -0.29529 -0.49017 -0.85145 0.83853 -0.61503 0.97517 -0.98482 1.4334 -0.45665 -0.24384 1.37 0.39305 0.64533 0.39302 0.96909 -1.1949 0.14765 -0.6344 -0.81733 -2.4256 -0.2899 -0.38189 -1.2245 -0.52112 0.79204
-1.5603 0.62062 -0.21651 1.0834 0.72708 0.41691 -0.019167 0.67897 0.59004 -0.31656 0.74544 0.51861 -1.1786 -0.21508 -0.024389 -0.18157 -1.0406 0.78459 -1.1577 0.11121 -1.679 1.007 -0.40201 -0.32519 1.0233 0.54341 0.015965 0.30805 1.3318 -0.77632 -0.12454 0.32587 -1.3686 -1.527 -0.42027 -0.36219 -0.37385 -1.0313 0.36204
-0.92369 0.4856 -0.42969 0.47322 0.44514 0.0080077 0.078245 0.43582 0.74163 0.42513 0.78947 1.2158 -0.95864 -0.33547 0.037126 0.16225 -1.0491 1.1139 -0.28547 -0.014425 -2.2619 0.45277 -0.68772 -0.36668 -0.20455 0.61697 -0.16729 -0.16519 1.3006 -0.49055 -0.56797 0.93287 -0.84102 0.14747 -0.32566 0.12262 0.076738 -1.4854 0.15644
-1.5287 1.0373 0.67745 0.42384 0.64383 -0.24284 -0.74528 -0.16793 1.6316 -0.16537 0.54859 1.7265 -1.1064 -0.63209 -0.25836 0.94842 -1.4366 0.37547 0.087784 -0.82219 -1.9664 0.76298 -0.54647 -0.02194 -0.33021 0.59063 0.00032338 -0.52818 0.64045 -0.096574 -1.044 1.136 0.20756 1.2852 -0.1191 0.41345 -0.02069 -0.8898 -0.12622
-1.5921 0.86778 0.45404 0.20521 0.84672 -0.16114 -0.7823 -0.030343 0.62275 -0.29846 0.57517 0.59591 -0.88444 -0.47233 -0.44618 1.1109 -1.6093 -0.042175 0.44353 -0.17474 -0.54351 0.90428 -0.11892 -0.21672 -0.91204 0.62636 0.99159 -0.71275 -0.29407 0.19195 -1.9003 0.042736 0.4526 1.9044 -0.1121 1.1426 -0.50387 -0.25209 -0.1567
-1.7025 0.65496 0.22805 -0.69457 1.5898 1.1814 0.25285 -0.54937 0.40359 -0.12114 1.0042 -0.23437 -0.67715 -0.1473 -0.65109 0.40895 -0.95253 -0.62991 0.52397 0.61644 -0.026804 0.54118 0.19138 -0.40374 -0.38891 0.3341 2.0335 -0.52645 -0.79531 0.55611 -2.1756 -0.77945 0.34911 1.6645 -0.39995 1.5864 -1.2886 0.087239 -0.020683
-2.0317 0.29041 1.0623 -0.86906 0.39819 0.072901 -1.5603 -0.96751 1.9851 -0.66103 1.1248 -0.021579 -0.53499 1.2124 -0.94021 -0.062125 -0.92377 -2.008 -0.4211 0.16844 0.48456 0.33749 1.3562 -1.0835 -0.66404 0.49085 2.4228 -0.34966 -0.28578 0.62311 -2.0373 -1.4484 -0.47113 1.1686 -0.76175 1.3996 -1.7413 0.53511 0.23287
-1.6898 0.12822 0.76275 -1.1897 0.33379 0.79247 0.3466 0.77739 2.1405 0.14598 -0.1303 -0.10349 -0.60065 2.1983 -0.87685 0.20466 -0.70604 -2.7909 -0.87424 -0.2931 0.76906 0.24743 2.0632 -1.9647 -0.26346 0.62609 2.036 0.043498 0.23761 0.3646 -0.99438 -1.0617 -0.71826 0.68036 -1.015 0.73874 -1.5224 0.30978 0.47565
-0.95629 0.19243 -0.014682 -0.18959 -0.52854 0.29382 0.90445 0.041773 1.1334 0.71164 0.15211 1.7402 -0.87642 2.7309 -0.90634 0.73279 -0.52927 -2.8475 -1.4533 -0.61638 1.3431 -0.46769 1.899 -2.6595 0.11294 0.86208 0.59599 0.57069 0.50154 0.32617 0.43385 -0.13971 -0.67234 -0.30661 -0.93124 -0.56284 -0.37985 0.21349 0.3475
0.43245 0.089325 0.71492 -1.1813 -2.2124 -1.2477 -1.5624 0.14439 1.457 1.7729 -1.1753 -0.6121 -0.35056 2.7707 -0.59067 0.40434 -0.44773 -2.1081 -0.86121 -0.36874 0.87841 -1.079 1.4826 -2.4293 -0.14096 0.9266 -0.91419 0.93577 0.29035 0.023843 1.4973 0.58973 -0.26115 -0.99524 -0.32434 -1.5174 0.76318 -0.014925 0.027594
0.95551 -0.19058 0.82853 -1.2514 -2.1274 -0.35047 -1.0402 0.46235 0.7545 2.0948 -1.9467 -0.35339 0.014716 2.0018 -0.13381 0.67116 -0.42538 -1.5252 -0.67286 -1.0819 -0.15608 -0.85542 0.46885 -1.5268 -0.2817 0.90948 -2.0122 1.2221 -0.24719 0.1307 1.9383 1.1548 0.53735 -1.4623 0.52158 -1.7523 1.7864 0.58912 -0.61529
0.97613 -0.52869 1.6047 -1.6083 -1.813 -0.74646 -0.79403 0.98665 0.45594 1.2848 -2.4091 0.4054 0.25368 0.90993 0.29031 0.71628 -0.71657 -0.60104 -0.1995 -0.54789 -0.40723 -0.2072 -0.409 -1.0678 -0.079998 0.64892 -2.2311 1.1923 -0.48137 0.34009 1.6018 0.66263 0.63648 -1.0337 0.97355 -1.2747 2.1401 1.1258 -1.111
1.0095 -0.13489 0.88695 -1.2226 -2.0375 -0.39547 -0.95961 0.23234 0.91704 1.072 -1.9655 0.0040138 0.082319 0.024497 0.6803 0.1609 -0.14628 0.090525 0.29572 0.54041 -0.8488 0.13113 -0.83695 0.037613 1.2783 -0.0022581 -1.6433 0.85017 -0.88717 0.65608 1.0682 0.34694 0.59853 -0.5728 0.69456 -0.27924 2.1638 0.86969 -1.2898
0.7611 0.32334 0.96905 -1.2961 -1.9826 -0.24844 -0.99695 0.07119 0.78434 0.99611 -1.6549 0.059181 0.015299 -0.27283 0.98003 -0.14709 0.067251 0.13431 -0.14959 0.08031 -0.77595 0.36178 -0.5408 0.82831 1.3497 -0.43011 -0.92325 0.40056 -0.72972 1.0101 0.30472 -0.039382 -0.26324 -0.22481 -0.0044254 0.21467 1.878 0.069198 -1.1225
0.60063 0.49597 0.9743 -1.7004 -1.9817 -0.74646 -0.68971 -0.56282 1.0949 0.74399 -1.8718 0.98031 -0.10325 -0.37708 0.93316 -0.38068 0.44986 0.14029 -0.068934 -0.20969 -1.0756 0.23899 -0.045815 1.6093 0.76124 -0.65552 -0.52866 0.059984 -0.15685 1.1522 -0.081958 -0.20656 -0.73424 0.40683 -0.64286 0.36038 1.2232 -0.90206 -0.81574
0.79229 0.47602 1.0981 -1.3097 -2.0868 -0.55096 -0.59593 -0.35598 1.4193 1.0881 -1.4241 1.5348 -0.19476 -0.55857 0.83193 -0.2338 0.93892 -0.047876 -0.082204 -0.66447 -0.72062 -0.27307 -0.34526 1.6957 0.33317 -0.85586 -0.56216 -0.019446 0.16943 1.2287 0.097997 0.18834 -0.36456 0.81923 -1.0686 0.071988 0.49698 -1.1815 -0.6141
0.68083 0.55752 0.90128 -1.1453 -1.7063 -0.65338 -1.1117 0.25872 0.85032 1.2455 -0.86359 1.6524 -0.31135 -0.789 0.85898 -0.06094 1.6469 0.02267 -0.10329 -0.4959 -0.074214 -0.83372 -0.16866 1.928 -0.0039435 -1.1199 -0.78826 0.15555 0.19783 0.63313 0.39173 0.21278 0.41484 1.0626 -1.0638 -0.24612 -0.11723 -1.2064 -0.41251
0.44615 0.50886 0.93375 -0.66805 -1.7294 -0.60236 -1.2948 -0.76735 0.82063 1.0378 0.24785 0.54978 -0.4614 -1.0838 0.99034 -0.027865 1.8461 0.37716 0.21157 -0.46549 0.32806 -1.2313 -0.32048 1.6341 -0.61787 -1.1992 -0.82142 0.22709 0.15828 -0.022191 0.96161 0.28546 1.3566 0.64505 -0.52267 -0.53217 -0.59605 -0.76889 -0.042366
0.096889 1.1022 0.55693 0.23646 -2.4192 -0.34569 -2.0595 -0.75115 0.39921 0.17796 0.086128 0.20678 -0.89862 -1.5399 1.1167 -0.15716 1.2189 0.67165 0.17208 0.51948 0.47831 -1.4017 -0.56903 1.4559 -1.1634 -1.1559 -0.6324 -0.064667 -0.040609 -0.91728 1.2088 0.34993 1.6172 0.40821 0.35737 -0.7205 -1.1212 -0.17614 0.39975
-0.33701 1.3346 1.2072 0.81832 -1.7847 -0.69568 -0.93015 0.17616 -0.33955 1.044 0.64354 0.88427 -1.1561 -1.6684 1.0841 0.074818 1.1051 1.4577 0.29856 1.4902 0.26892 -1.0322 -1.2581 0.85155 -0.61095 -0.90552 -0.16024 -0.71943 -0.34058 -1.1949 1.2072 0.24031 1.4344 -0.0040572 1.2918 -0.27792 -1.2525 0.43286 0.79881
-0.58125 1.3874 0.97563 0.47801 -1.1839 -0.32167 -1.1654 -0.047282 -0.22894 0.47962 -0.044594 0.46956 -1.184 -1.6405 0.7105 -0.18357 0.23423 1.7837 0.48746 1.696 0.76029 -0.22532 -1.2094 0.2564 -0.34412 -0.61248 0.39484 -1.1736 -0.30013 -0.79917 0.82414 0.29205 0.19615 -0.21056 1.4385 0.34901 -1.0674 0.73959 0.95482
-1.1322 1.5036 0.70494 -0.2089 -1.0435 -0.38891 0.40617 0.32542 -0.48967 0.45035 1.033 -0.46495 -1.2296 -1.3242 0.0086858 -0.58636 0.017086 2.1192 0.49123 1.7601 0.18982 0.74775 -0.57808 -0.074811 -0.14456 -0.16511 0.74225 -1.2254 0.11526 -0.28617 0.15048 0.094604 -0.76219 0.035925 0.95627 0.85582 -0.52831 0.47214 0.7692
-1.3208 1.6011 1.0417 0.89615 0.43024 -0.1993 0.61592 -0.27238 -0.28304 -0.98668 0.47806 0.8309 -1.1516 -0.99987 -0.28159 -0.3308 0.20873 1.9089 0.60602 0.78735 0.1188 0.5674 -0.16694 -0.043169 0.10067 0.034401 1.0563 -0.82286 0.63201 0.28693 -0.57626 -0.062392 -1.271 -0.069856 0.37572 0.85845 0.019091 0.62193 0.44177
-1.5685 1.2987 0.48234 -0.25233 -0.19351 0.179 0.075131 0.14027 0.8536 -0.41372 0.38475 -0.21531 -1.2469 -0.64894 -0.44163 0.33718 0.5582 1.6791 0.41491 0.48137 0.67021 0.47109 0.029773 0.047885 0.12826 0.028476 1.0061 -0.30493 0.85244 -0.051257 -1.2759 -0.17497 -1.1558 0.045598 -0.21019 0.8693 0.70032 0.46919 0.073648
-1.4381 1.0634 0.062932 0.84645 0.36148 0.019115 0.41237 -0.3561 1.2536 0.47425 -0.1074 0.47812 -1.1117 -0.070954 -0.42019 0.40544 0.51515 0.90263 0.41926 -0.11843 0.39482 0.65749 0.30135 0.26592 0.78106 0.013537 0.71788 -0.016824 0.48241 -0.53223 -1.2779 -0.53341 -0.30322 -0.26185 -0.4723 0.68642 0.74102 0.14628 0.011155
-1.5846 1.1434 1.3531 1.0442 0.8445 0.10552 -0.21209 0.61779 -0.53381 0.99287 0.77842 1.0162 -1.1422 0.027902 -0.42107 0.46402 -0.2403 0.18778 0.27604 -0.016574 0.15118 0.28135 1.0253 1.1163 0.47094 -0.032942 0.32099 0.24668 -0.062722 -0.83945 -1.1421 -0.63878 -0.060621 -0.40254 -0.6355 0.33364 0.32252 -0.45124 0.02535
-1.5143 1.0644 1.4268 0.88468 1.0459 0.11238 0.32111 0.90744 0.32191 -0.31874 0.39508 -0.11617 -1.2088 -0.042521 -0.31431 0.40699 -0.42867 0.21614 -0.27695 0.46684 -0.12054 -0.28064 0.78778 0.84442 0.23832 0.084803 0.021995 0.49195 -0.53822 -0.68679 -0.8444 -0.52995 0.19656 -0.39063 -0.26992 -0.10435 -0.47734 -0.91335 0.094221
-1.1342 1.2065 0.8268 0.49742 0.052971 0.27295 0.42475 0.028108 1.0061 0.12916 1.5058 1.5366 -1.2035 -0.084443 -0.081099 0.22822 -0.60216 -0.15715 -0.37866 0.091624 0.15527 -0.32748 0.49633 0.3973 -0.48805 0.035714 -0.06455 0.49454 -0.48472 -0.066709 -0.40012 0.003546 0.06075 -0.16705 0.037888 -0.22831 -0.86432 -0.75727 0.16439
-1.5267 0.95415 1.1222 -0.14681 0.40607 0.26644 0.35696 -0.3891 0.54927 0.9553 1.96 0.9308 -1.1996 0.023724 0.22905 -0.37807 -0.64021 -0.53704 -0.19958 0.23113 -0.35668 0.42169 0.35347 -0.23267 -0.5526 0.13453 -0.068887 0.25408 -0.14083 0.45186 -0.016675 0.36173 -0.2182 0.31029 0.19213 -0.10577 -0.66806 -0.77343 0.074275
-1.7399 0.82042 0.62299 -0.3525 0.4678 -0.58531 0.87529 0.12151 0.21831 1.1185 0.57001 -0.15409 -1.0309 -0.12308 0.13076 0.044398 -0.26866 -0.20098 0.24942 0.2405 -0.045159 0.0024389 0.76913 0.072596 -0.63418 0.21208 0.081714 0.0087348 0.092146 0.72753 0.11628 0.46165 -0.28939 0.19635 -0.10578 -0.15202 -0.033696 -0.21067 -0.04168
-1.4933 1.1743 1.0299 0.79531 0.47786 -0.31819 -0.14985 0.64364 -0.016413 0.94843 0.34411 -0.21933 -1.1305 -0.1489 0.0054803 0.26044 0.2758 0.20353 0.06445 -0.011513 0.59407 -0.066427 0.43604 -0.20819 -1.2216 0.11937 0.12133 -0.29927 0.38551 0.73422 0.30357 0.66745 -0.38207 0.06492 -0.51749 -0.28513 0.55399 0.12772 -0.23956
-1.3467 1.5748 1.0716 -0.022711 -0.052073 0.28936 0.42411 0.11935 0.88117 0.51545 0.58938 0.37188 -1.0353 0.14827 0.050532 0.059145 0.34552 -0.30856 0.32424 -0.32959 0.07261 -0.29704 0.14232 0.35715 -0.55945 -0.023282 0.20585 -0.52484 -0.12452 0.42897 -0.10847 0.59315 -0.10317 -0.34529 -0.47766 -0.48588 0.37448 0.51619 -0.3064
-1.6226 0.95754 1.3721 0.32464 0.65295 0.80269 0.98288 0.39459 0.61422 0.95372 1.6731 -0.42003 -1.0033 0.10602 -0.22052 0.25413 0.47135 0.092596 0.96757 -0.20682 -0.27859 -0.46139 0.073907 0.69684 -0.31814 -0.13746 0.28681 -0.58846 -0.51403 0.42084 -0.3793 0.38061 -0.057621 -0.23006 -0.75778 -0.36722 -0.29129 0.77074 -0.26488
-1.491 0.95594 0.94212 0.67771 0.46267 -0.23871 0.11238 0.49723 0.61342 1.1933 1.2088 -0.54842 -1.1406 0.12015 -0.61907 -0.16372 0.46042 -0.35499 0.86896 0.15821 -0.27005 -0.75365 -0.065411 0.35596 -0.036058 -0.15831 0.39371 -0.21352 -0.59355 0.47858 -0.33444 -0.031718 -0.12407 0.56717 -0.54743 -0.23785 -1.2023 0.51758 -0.17907
-1.3544 1.0143 0.89722 0.081093 -0.31138 0.31736 -0.23639 -0.46193 -0.55131 1.1788 1.8381 -0.031801 -1.2049 0.38211 -0.6278 -0.48917 1.0294 -0.49892 0.48144 -0.34668 0.32841 -1.3491 -0.22588 -0.71752 0.076359 -0.24413 0.50616 0.2778 -0.34941 0.24831 -0.44091 -0.33457 -0.13791 1.1395 -0.044308 -0.16694 -1.2359 0.29175 -0.055664
-1.5724 0.75965 1.1757 0.92469 0.99299 1.1059 0.57455 0.22363 -0.31812 0.87739 0.85278 -0.71154 -1.1649 0.72031 -0.09365 -0.56291 0.98949 -0.65296 0.51603 -0.48031 0.88335 -0.94559 -0.2012 -1.1503 0.29589 -0.26084 0.42633 0.73108 -0.059901 0.026722 -0.051223 -0.48909 -0.26437 1.2114 0.77924 0.00087848 -0.62956 -0.099738 0.038781
-1.1924 0.66052 0.85563 1.2554 -0.65634 1.0414 0.47303 0.36535 -0.44248 0.4922 0.85791 0.281 -1.229 0.71919 -0.01828 -0.13271 0.6834 -0.60151 0.54879 -0.13515 1.3727 -0.45672 -0.20232 -0.82746 0.11622 -0.1756 0.062826 0.78101 -0.036937 -0.53211 0.09558 -0.79925 -0.45076 0.40089 1.2234 0.17658 0.37268 -0.11526 0.080261
-0.85106 0.78543 0.54193 1.5362 -0.41382 0.65118 -0.1509 0.76433 -1.0052 0.4679 -0.33714 0.12407 -1.2661 0.72064 0.29098 -0.44542 0.68044 -0.40407 -0.037506 -0.44138 1.5756 0.34756 -0.068 -0.73198 -0.2397 -0.12777 -0.3763 0.38824 0.094035 -0.73497 0.82442 -0.71277 -0.61493 -0.68689 0.87715 0.18043 0.82531 -0.036212 0.064602
-0.68242 1.027 0.73592 1.5348 -0.025474 1.0063 -0.12415 1.4288 -0.37203 1.255 0.50125 -0.3042 -1.3277 0.49422 0.4773 -0.61308 0.14753 -0.44393 -0.67169 -1.2229 0.77296 0.43542 0.086614 -0.19416 0.12935 -0.17814 -0.61647 0.017797 0.15508 -0.65798 1.1988 -0.28741 -0.54546 -1.4806 0.26343 -0.13818 1.0829 0.24463 0.0099251
-0.7608 0.90243 1.0485 1.0056 -0.52988 0.55714 -0.03 1.3855 -0.24924 0.86558 0.66906 -0.38882 -1.3047 0.15168 0.30621 -0.1694 -0.17227 0.83683 -0.1483 -1.1128 -0.1427 0.35055 0.041535 0.11256 0.23284 -0.15261 -0.65919 -0.39602 0.63096 -0.42312 1.0305 0.29058 -0.084184 -1.7005 -0.50527 -0.4407 0.79693 0.57248 0.02302
-0.64394 1.2762 0.29745 1.4284 -0.36727 0.62896 -0.59727 1.0869 0.14586 0.78737 0.45936 -0.61126 -1.2819 -0.11136 0.0089403 -0.015559 -0.17067 1.0601 0.093638 -0.84055 -0.63848 0.062828 -0.54067 0.81178 0.38591 -0.14549 -0.42026 -0.39965 0.9255 0.10998 0.61127 0.5506 0.42111 -0.87538 -0.69611 -0.35532 0.088971 0.49616 0.047861
-0.99214 1.1001 0.37995 1.3087 -0.10468 0.08121 -1.3832 0.83388 -0.0058089 0.71194 0.33186 0.3409 -1.4004 -0.16877 -0.12458 0.30484 0.014434 0.80532 0.10746 -0.77553 -1.0169 -0.47465 -0.67484 0.29145 0.79458 -0.10503 -0.16269 -0.24346 0.88111 0.25487 -0.68435 -0.10675 0.36528 0.23507 -0.26348 -0.012879 -0.63723 -0.042914 0.036638
-0.80931 0.8723 0.83733 1.0617 0.96774 1.2602 -0.94383 0.15755 -0.50833 0.55918 0.64126 0.76268 -1.3975 -0.10607 0.036957 0.69017 0.2626 0.73414 0.19511 -0.55067 -0.48262 -0.54021 -0.29594 -0.081965 0.85819 -0.1223 0.048001 -0.010323 0.41771 0.1552 -1.2037 -0.26512 0.42752 0.83541 0.37168 0.34472 -1.0185 -0.97516 0.093127
-0.90514 0.83161 0.67666 1.3733 0.96223 0.83615 -0.96834 0.66822 -0.84445 -0.1066 1.417 0.044369 -1.4191 -0.14612 -0.10515 0.94406 0.10041 -0.30727 -0.38507 -0.5256 0.24741 0.12467 -0.10061 -0.59782 -0.07321 -0.10291 0.080532 0.13196 -0.45227 -0.12067 -1.3664 -0.25349 0.57122 0.89225 0.87701 0.41733 -0.55803 -1.2255 0.12287
-0.85985 0.99516 1.308 1.4417 0.18558 0.83303 -1.0592 0.4389 -0.76811 0.62149 0.54618 0.76066 -1.3796 -0.037195 -0.012455 0.3581 0.082429 -0.68048 -0.1306 -0.11217 0.36556 0.4996 -0.094697 -0.61434 -1.1171 0.0069838 0.093532 0.096478 -1.1327 -0.41877 -1.0042 0.15268 0.70328 0.15385 0.77563 0.30156 -0.025658 -0.58442 0.14784
-0.85125 1.2349 1.411 1.5507 0.24889 0.56748 -1.0566 1.0131 -0.51306 0.64848 0.04209 0.75285 -1.4277 -0.058947 0.12382 -0.28715 -0.13424 -1.0944 -0.17929 0.13837 0.3058 0.74736 0.11051 -0.45143 -0.65613 0.03243 0.11683 0.07998 -1.4182 -0.45347 -0.014827 0.71265 0.81606 -0.46732 0.16161 0.089859 0.72424 0.42372 0.10598
-1.0052 0.96405 1.004 1.3592 -1.0021 -0.31214 -1.9193 1.2687 0.85533 0.59868 -0.6443 -1.0629 -1.433 0.018091 0.087471 -0.58732 -0.43676 -0.78895 0.37216 0.50762 -0.20181 0.68864 0.24074 -0.16803 -0.0047525 0.05291 0.088754 -0.059971 -0.87394 -0.39638 0.53139 0.78042 0.66901 -0.70891 -0.38503 -0.0056556 1.0471 1.1687 0.040214
-0.94933 0.87776 0.61537 1.2305 0.011403 0.96731 -0.96381 0.57632 0.069884 0.2355 0.28276 -1.249 -1.3614 0.036083 -0.017409 -0.95255 -0.52395 -0.28403 0.64929 0.77439 -0.36757 0.34858 -0.071804 0.56939 0.23522 0.048651 0.09008 -0.13687 -0.34266 -0.19938 0.72311 0.7134 0.47608 -0.62458 -0.60005 -0.11893 0.96451 0.91529 0.023676
-0.84403 1.0524 0.51425 0.8872 -0.29704 1.2057 -0.38574 0.43765 -0.028136 0.55035 0.78385 0.7188 -1.365 0.07441 -0.035655 -0.77065 -0.49598 -0.07561 0.86259 0.89339 -0.66651 -0.070273 -0.0081109 0.86969 0.79374 0.066015 0.042461 -0.083206 -0.053256 -0.020852 0.43038 0.32924 0.21793 -0.32111 -0.48508 -0.10656 0.61602 0.53014 0.012437
