39 297
-0.65429 1.4871 1.2171 1.8306 0.11157 0.98599 -1.3536 0.20883 -1.3205 -0.076803 -0.27127 0.51606 -1.6463 -0.0015485 0.012633 -0.45691 -0.90888 -0.3777 -0.47314 0.72852 0.06269 0.29925 0.97407 -0.31243 -0.013552 0.09888 0.14139 -0.011243 -0.11206 0.052773 0.11668 0.10358 0.38252 0.34362 0.17003 -0.35775 -0.62264 -0.25206 -0.005673
-0.93177 1.3212 0.51696 1.364 0.44248 0.34653 -0.13413 0.56705 -0.85568 0.4859 0.10567 1.5817 -1.5404 0.053269 -0.026956 -0.54713 -0.95586 -0.48298 -0.48284 1.1918 0.5344 0.61921 0.69988 -0.68345 -0.098478 0.076668 0.2407 -0.01387 0.018287 0.27665 0.065793 0.18061 0.1474 0.13241 0.16086 -0.61888 -0.41346 -0.52269 0.010884
-1.2142 1.4805 0.66603 0.97561 -0.15726 1.1836 -0.85832 -0.12219 -2.0901 0.85825 0.88583 0.24673 -1.6651 0.27104 0.01392 -0.64353 -0.7753 -0.11288 -0.27053 1.2476 0.49159 0.49826 0.33282 -1.3359 -0.50487 0.10052 0.1894 -0.01304 0.43236 0.68714 -0.011237 0.081797 -0.43043 -0.19658 -0.039705 -0.94027 -0.30258 -0.47565 -0.035205
-0.18729 1.5683 0.88251 0.77457 -0.63891 0.089263 -0.63621 0.451 -0.26882 0.83289 -1.7937 0.29406 -1.5159 0.36813 -0.011407 -0.32832 -0.42107 -0.3961 -0.22645 0.74728 0.11153 0.53961 -0.028554 -0.60452 -0.85611 0.11753 0.022363 0.012002 0.77883 1.0229 0.081894 0.0026168 -1.103 -0.61559 -0.20243 -0.64347 0.40476 0.050356 -0.053184
-0.65894 1.3933 0.50497 0.94733 -0.33914 0.52029 0.37038 1.1853 -0.34564 0.24012 -1.0127 0.56521 -1.6078 0.24059 -0.016993 0.31716 0.1934 -0.45573 -0.44607 0.068036 -0.087936 0.26081 -0.65561 -0.94096 -0.62657 0.017362 -0.30201 -0.041607 0.77128 0.89601 -0.12198 0.087037 -1.4131 -0.54212 -0.3551 -0.17998 1.5564 0.41688 -0.15548
-0.30732 1.4908 0.25502 1.0923 0.50964 0.81099 0.14182 0.54363 -1.021 0.18132 -1.8251 0.042994 -1.5245 0.12161 0.013254 0.5657 0.5961 -0.16648 -0.39424 -0.45253 -0.33436 0.32046 -0.18046 -0.1 0.048155 0.025736 -0.23388 -0.014965 0.46849 0.49771 -0.15716 0.14049 -1.2548 -0.31046 -0.50423 0.34566 1.3935 0.34883 -0.1696
-0.45323 1.3862 0.77162 1.1816 -0.73062 0.41475 -0.45611 0.021311 -0.55295 0.27741 0.43661 -0.022305 -1.4943 -0.22539 -0.07343 0.48717 0.50051 -0.47593 -0.021142 -1.0097 -0.30434 -0.12789 0.0013902 1.4233 -0.12032 -0.12488 -0.031069 0.042336 0.056712 -0.043698 -0.17838 0.16506 -0.74903 0.30719 -0.1569 0.61797 0.98906 0.22172 -0.10729
-0.87303 1.3841 1.2949 1.4678 -0.54149 -0.30531 -0.50965 0.29827 -1.0234 -0.074994 -1.4723 0.77132 -1.6228 0.12274 -0.0086231 0.54415 0.41891 -0.7021 -0.16916 -1.2529 -0.35881 -0.31266 0.33243 0.90913 -0.41197 -0.10733 0.068899 0.076437 -0.17256 -0.39276 0.087668 0.42181 0.21373 0.65638 -0.31767 0.061303 -0.34711 -0.097379 -0.048832
-0.55743 1.6283 1.447 1.5601 -0.46722 0.66209 -1.5415 -0.23781 -0.7763 1.1272 -0.010197 0.18143 -1.5902 0.18232 0.075153 0.44192 0.20053 -0.54496 -0.24093 -1.0547 0.5198 0.25482 0.34565 0.46703 0.040346 -0.10317 -0.020801 -0.29541 -0.43719 -0.75654 0.33396 0.31857 1.4619 0.59439 0.098003 -0.634 -0.71548 0.20812 0.49185
-0.55028 1.3312 0.89292 1.181 -1.229 0.29651 -1.1173 0.93251 -0.25641 0.3251 0.28165 0.0819 -1.6836 0.067395 0.083637 0.23267 -0.028447 0.024246 0.5341 -0.0185 0.51282 -0.52859 -0.25648 -0.29716 -0.24906 -0.070022 -0.5619 -0.84657 -0.73583 -1.1289 0.4177 -0.098724 2.0969 0.16311 0.34125 -1.2119 -0.097377 0.55454 1.0299
-0.19162 1.4066 0.95555 1.5446 -0.769 0.41322 -0.88053 0.36101 -1.4756 0.44539 -0.43984 -0.24252 -1.6316 -0.23413 -0.66693 -0.2548 -0.77266 -0.20777 0.24431 1.2926 0.40127 0.1889 -1.0589 0.63771 0.20722 0.71656 -0.33707 -1.2035 -0.88762 -1.321 0.096582 -0.73841 1.6131 -0.72768 0.43762 -0.91163 0.19086 0.12998 1.5754
-0.18957 1.6164 1.1594 1.3067 -0.40651 0.09963 -1.4341 1.1058 -0.068815 0.54377 -0.88509 0.46357 -1.5682 -0.82776 -1.2107 -0.61694 -1.3306 -0.07781 -0.6086 1.7689 0.022081 0.43621 -1.526 0.63216 0.62329 1.2833 0.41008 -1.3265 -0.84093 -1.4575 -0.48894 -1.27 0.31027 -0.59597 1.0781 -0.48647 0.050331 -0.26296 1.827
-0.88015 1.4404 1.4931 1.2128 -0.6947 1.2726 -0.078774 0.2703 -2.1408 -0.36634 -0.40637 -0.11675 -1.6218 -0.062514 -1.5151 -0.95367 -1.7661 -0.32053 -1.1141 1.2748 -0.60643 0.68924 -0.95373 0.36899 -0.14691 1.974 1.1958 -1.0067 -0.71954 -1.1223 -0.27516 -0.59987 -0.67487 -0.23777 1.1011 0.067705 -0.67433 -1.097 1.5015
-1.281 0.34908 0.65109 0.13887 -1.1262 -0.18388 1.1869 0.67905 0.26693 -1.0318 0.46387 1.1664 -0.54263 0.83888 -1.9587 -1.1426 -2.4205 -0.87552 -1.268 0.59593 -0.10458 1.4731 -1.356 -0.068357 -0.62809 2.4949 1.4315 -0.59548 -0.59085 -0.46963 0.24231 0.44986 -1.0113 0.25671 1.3161 0.74757 -0.66567 -1.4023 0.91815
-1.6302 0.33686 0.16809 -0.23059 -0.74961 -0.55438 0.16024 0.025956 0.10081 -0.40431 1.1292 0.43714 -0.3902 1.4196 -2.1641 -1.468 -2.4508 -0.35264 -0.60024 0.50524 0.024222 1.9704 -1.0345 -0.32111 -1.4319 2.7356 0.66418 -0.024048 -0.17625 0.48772 1.0409 1.6438 -0.57481 0.097878 0.54318 1.3633 -0.39848 -0.7802 -0.11169
0.64168 0.045095 -0.35856 -0.68318 -1.7012 -1.2294 -0.15371 0.18132 0.15905 -0.2765 -0.47063 -0.87529 0.16666 1.407 -1.992 -1.5723 -1.9154 0.39278 0.0076391 0.10384 0.20631 2.5437 0.042518 -0.3151 -1.6245 2.5077 -0.349 0.45046 0.46363 1.5688 1.4514 1.9546 -0.057197 -0.72664 -0.49048 1.7806 -0.31101 0.27853 -0.84327
1.3269 -0.30924 0.078919 -1.3484 -1.7531 -0.66648 -0.62113 0.8853 0.98203 -1.4008 -1.3631 -0.61056 0.61737 1.0378 -1.5408 -1.1021 -1.0449 1.0405 1.45 0.34806 -0.56423 1.2909 1.16 -0.28245 -1.2645 1.7728 -1.3975 0.778 1.2561 2.1211 0.96974 1.0886 -0.13431 -1.366 -1.4816 1.0634 -0.31954 0.89356 -1.32
0.77953 -0.57564 -0.55345 -1.4712 -0.27595 0.50743 0.38825 0.93034 2.3702 -0.85457 -0.57858 -0.9494 0.88667 0.31266 -1.4296 -0.3781 -0.0032128 1.215 1.5149 0.54172 -1.18 0.79499 1.2306 -0.69309 -0.15856 1.5028 -1.6638 0.9625 1.7857 2.1869 0.077183 -0.2792 0.053963 -1.2589 -2.0819 0.010599 -0.55211 0.37355 -1.3779
-0.18561 -0.91234 -0.87833 -1.0666 -0.12725 0.83663 0.9367 0.22717 1.9487 -0.081332 0.48861 -1.1023 0.92522 -0.92508 -0.99497 0.50573 0.80988 1.0941 0.76517 -0.0014391 -1.8676 -0.23923 0.55867 -0.75403 -0.35161 0.93129 -1.0692 0.99179 1.8229 1.5206 -1.0878 -2.1194 -0.16455 -0.34721 -1.9458 -1.1138 -1.0476 -0.48463 -1.14
-0.036169 -1.074 -0.83413 -1.0854 0.14485 1.1943 1.1926 -0.74227 1.2412 0.99542 0.36174 0.075178 1.0527 -1.0558 -0.4712 1.2795 1.5048 0.50197 -0.19879 0.36914 -1.5233 -1.0268 0.33346 -1.1517 -1.333 0.52068 0.070807 1.0669 1.4519 0.58609 -1.5356 -2.6346 0.060615 1.1014 -1.4354 -1.5739 -1.2322 -0.86449 -0.96904
0.008094 -1.0011 0.029138 -0.089038 0.0053366 0.34371 -0.17083 -1.3338 0.87541 0.48277 -1.433 -0.32188 1.216 -0.48889 -0.17172 1.801 1.2257 -0.71446 -1.8312 0.085831 -1.041 -1.85 -0.74751 -2.0852 -1.6875 0.27196 0.93697 0.76039 0.53413 -0.20815 -1.4635 -2.1325 0.41544 2.3529 -0.52719 -1.485 -0.97518 -0.46572 -0.67186
-0.20754 -0.91747 0.79099 -0.11381 -0.74008 -0.6228 -0.70704 -1.2691 0.078393 -1.1638 -2.2499 -2.022 1.138 0.24816 0.14675 1.9461 0.9579 -0.85602 -2.3296 0.60199 0.51192 -1.3873 -1.4324 -2.4169 -1.2791 0.13928 1.0111 0.24604 -0.58773 -0.85022 -0.79957 -1.0164 0.34908 2.4382 0.21152 -0.81386 0.014042 0.34437 -0.51928
-0.36324 -0.804 1.4769 0.30042 -0.45865 -0.17582 1.2238 0.031741 0.55277 -0.79642 -1.9195 -2.4126 1.151 0.37307 0.11363 1.2644 0.67536 -1.0631 -2.333 0.69899 1.5988 -1.1535 -1.689 -2.0131 -1.3501 -0.051839 0.68843 -0.061146 -1.4195 -0.68087 0.15747 0.44123 0.058261 1.6879 0.6729 0.35869 1.0151 0.75931 -0.40215
-0.099906 -0.9733 0.99234 -0.36579 -1.2871 -1.9179 1.0171 -0.69736 -0.49392 -0.98614 -2.289 -2.2278 1.1256 0.61716 -0.15356 0.34173 0.097142 -0.8791 -1.9347 0.74608 1.803 -0.9296 -0.92592 -1.1636 -0.8136 -0.22458 0.27743 -0.13584 -1.7392 -0.40474 0.53845 1.3007 -0.82091 0.15872 0.4876 0.75174 1.3801 0.64324 -0.2973
0.52309 -0.80908 1.3742 0.14725 -0.84252 -1.6224 1.7934 0.72733 0.080133 -0.87486 -2.4348 -1.0367 1.1133 0.76125 -0.13294 -0.30671 0.30949 -0.41205 -1.1724 0.11297 1.5334 -0.67155 -0.28409 -0.74898 -0.38204 -0.24855 -0.17863 -0.011555 -1.4912 -0.15194 0.87151 1.8062 -0.9671 -0.86175 0.3689 0.53773 1.4087 0.18624 -0.18522
0.39778 -1.0003 0.76812 0.11886 -1.3673 -1.777 0.70423 0.72125 -0.64007 -1.154 -2.999 -1.6653 1.0482 0.63623 0.019643 -0.83308 0.34252 -0.15571 -0.37725 -0.77231 0.85789 -0.60729 -0.59803 -0.37917 -0.46266 -0.28154 -0.65298 0.098962 -0.90456 -0.17222 0.73604 1.7333 -0.53374 -1.365 0.29375 0.25092 1.2057 -0.3436 -0.091303
0.65128 -1.1884 0.76784 -0.031947 -1.3216 -2.3184 0.1871 0.5194 -0.58238 -1.1416 -3.0969 -2.4051 0.94727 -0.00024233 0.0079407 -1.205 0.25631 0.24355 0.40682 -0.50287 0.44489 -0.54106 -0.76264 0.31998 -1.1614 -0.34664 -0.78369 0.16529 0.069241 -0.64648 0.23203 1.7625 0.38771 -1.2382 0.68822 0.28672 1.1688 0.2591 0.021809
0.60468 -0.86344 0.7086 0.51744 -1.0296 -1.624 0.32892 0.83825 -0.625 -1.3851 -2.7306 -2.8783 0.92176 -0.34974 -0.037413 -1.0642 -0.21291 0.2001 0.65216 -0.036307 -0.23585 -0.37794 -0.19485 0.63406 -1.1452 -0.33467 -0.5861 0.3178 1.0215 -1.0975 -0.24741 1.889 0.47185 -1.1415 1.0233 0.8889 0.80441 1.3939 0.11304
0.50781 -0.71798 0.16762 0.40634 -0.82349 -0.9253 0.71335 0.71289 -0.50209 -1.5048 -2.1639 -2.3217 0.91393 -0.36453 0.20562 -0.051502 -0.69111 -0.15525 1.7463 0.50611 -0.26171 0.65301 0.080824 1.005 0.47267 -0.18342 -0.25549 0.49136 1.6049 -1.3559 -0.52976 1.4274 -0.42532 -1.2397 0.96356 1.1672 0.47948 2.1741 0.089151
-0.15462 -1.0655 -0.64067 -0.20286 -0.9262 -1.6443 0.88877 0.13256 -1.3236 -1.844 -1.9141 -2.9363 0.77288 -0.39055 0.51468 0.68039 -1.3575 -0.44651 2.6332 -0.3466 -0.94703 0.93337 0.80331 0.83325 1.5585 -0.16513 -0.15608 0.49435 1.3666 -1.0394 -0.1793 0.62403 -1.0432 -0.84064 0.84953 0.94677 0.46853 1.8185 0.12358
0.18578 -0.9808 0.34272 -0.22196 -0.90777 -0.89317 1.4413 0.63505 -0.33368 -0.64319 -2.1931 -2.1596 0.79848 -0.50302 0.64878 1.2081 -1.8582 -0.46804 2.1961 -1.2202 -1.5443 0.8165 1.142 1.146 1.9235 -0.27515 -0.45883 0.25583 0.38909 -0.28472 0.61053 -0.51021 -0.88837 -0.13098 0.70815 0.24845 0.67496 0.48217 0.24159
0.17577 -0.74104 1.3906 -0.87543 -2.0296 0.75925 0.69709 0.41052 0.92313 -1.1945 -1.8527 -1.0413 0.91868 -0.59749 0.66345 1.1031 -1.6879 -0.00231 1.6401 -1.2871 -1.1809 1.3158 1.2184 1.468 1.8376 -0.072372 -0.9283 -0.093161 -0.44808 0.80353 1.3098 -1.5883 -0.061087 0.81077 0.39501 -1.1807 1.2941 -0.75749 0.38758
0.20271 -0.35783 1.6329 -1.542 -1.5909 1.3431 -0.96643 -0.92652 0.46156 -0.13768 -1.9965 -1.0962 0.73747 -1.206 0.60977 0.53199 -1.086 0.78754 1.2434 -0.82654 -0.38217 1.9426 0.3599 1.9919 1.3036 0.19288 -1.1151 -0.44284 -0.92319 1.8451 1.9607 -1.9797 0.70977 1.2513 -0.21088 -1.9805 1.5798 -1.633 0.49904
-0.38764 -0.17268 1.5062 -1.5745 -1.1594 0.44566 -0.87498 -1.0411 -0.14932 -0.49501 -0.55852 -1.1279 0.57228 -1.9578 0.36322 0.0984 -0.14292 1.4395 0.0073715 -0.68405 0.024639 1.1983 -1.3013 2.9137 0.29923 0.27871 -0.79159 -0.69926 -0.77536 2.3257 1.8581 -1.8607 0.68535 0.99033 -0.83487 -2.2604 1.194 -2.1549 0.45134
-0.63283 -0.45839 0.5443 -1.5252 -0.47079 0.20231 0.17229 -0.18071 1.4498 -0.41935 -0.18226 -0.82666 0.95947 -2.129 -0.022851 -0.18284 1.0382 2.5805 -0.85309 -0.11344 0.243 0.44018 -1.7626 3.4799 -0.67028 0.42197 0.2955 -0.65719 -0.42333 2.0996 0.89019 -1.2372 -0.067197 0.28828 -1.1074 -1.3971 -0.055112 -2.109 0.28661
-2.0303 -0.62663 0.26263 -1.2246 0.12184 0.19946 0.64717 0.46498 2.2666 -1.5933 0.31712 -1.6357 1.078 -1.7711 -0.31922 -0.12992 1.8731 2.6727 -0.94498 -0.28442 0.40056 0.33113 -2.469 3.0335 -1.6075 0.60238 1.4924 -0.35459 -0.12015 1.249 -0.448 -0.37089 -0.92772 -0.39831 -1.0567 -0.057765 -1.5659 -1.5097 -0.056545
-2.3035 -0.44124 1.6518 -0.29721 0.28417 -0.15277 -0.23575 0.4195 1.1746 -2.5921 1.6104 -1.3755 1.0465 -0.67968 -0.26969 -0.22318 2.0801 1.8753 -0.69766 -1.1793 -0.010581 0.072084 -2.0035 1.8222 -2.0811 0.53243 2.2738 -0.026928 -0.0051822 0.21857 -1.5521 0.12714 -1.213 -0.66596 -0.79894 1.1712 -2.5566 -0.34798 -0.39843
-2.2155 -0.56926 1.4146 0.15652 1.6907 0.097216 -0.50322 -0.50905 0.65578 -2.3179 2.443 -1.8325 1.1913 0.41978 -0.17087 -0.12972 1.8214 0.91499 -0.79801 -2.0331 -0.59409 -0.81595 -1.3332 0.70673 -2.1056 0.12509 2.0765 0.015081 -0.17703 -0.64837 -1.7242 0.12773 -0.47367 -0.52572 -0.34503 1.9337 -2.9407 0.73431 -0.57973
-1.8558 -0.6083 1.0545 0.48555 1.8486 -0.23217 -1.6211 -0.70533 0.78244 -2.5748 1.5005 -3.1604 1.2188 1.4985 -0.14472 -0.19573 1.5033 0.45225 -0.68286 -1.6942 -0.51395 -0.64726 0.081556 -0.31148 -1.1515 -0.035311 1.0919 -0.076094 0.037382 -0.9535 -1.4179 -0.021494 0.63285 -0.051827 0.3166 1.4932 -2.4737 1.7423 -0.48605
-0.97907 -0.52179 0.32206 0.61524 0.68677 -0.65974 -1.6028 -0.36352 1.0107 -2.3688 1.2734 -3.0169 1.1777 1.4536 -0.35122 -0.50844 0.87947 0.04506 -0.70751 -0.99658 -0.33545 -0.023932 0.49182 -1.5983 -0.58533 -0.12654 -0.18059 -0.13508 0.42975 -0.73654 -0.74518 0.20578 1.2899 -0.073686 0.68161 0.55233 -1.4559 2.3467 -0.1944
-0.56847 -0.74448 0.43394 0.47829 0.52836 -0.82912 -1.8561 -0.34705 0.58125 -2.2734 0.63866 -2.8624 1.0289 1.075 -0.31872 0.040574 0.66319 -0.43787 -0.7891 -0.44383 -0.22682 0.34062 0.16805 -1.8194 0.71071 -0.19081 -1.2295 -0.066407 0.97006 -0.25745 0.012634 0.49284 0.99578 -0.64092 0.36023 -0.49287 -0.31048 2.0309 0.01605
-0.34679 -0.67037 1.0346 0.98221 1.2185 -0.49674 -1.2281 -0.015475 1.09 -1.6487 0.73135 -2.2026 1.0424 0.2637 -0.33285 0.63025 0.78436 -0.09042 -0.34779 -0.084374 -0.86613 0.11556 -0.25569 -1.3621 1.7536 -0.13649 -1.4279 0.13949 1.0988 0.14697 0.4332 0.6147 0.40001 -0.95056 0.013975 -0.57761 0.6216 1.3321 0.2163
-0.82351 -0.88877 1.0718 0.82669 1.1081 -1.0067 -1.621 -0.63645 0.91248 -2.272 -0.16942 -2.2324 1.0177 -0.44991 -0.27508 1.2198 1.045 0.53145 0.094258 -0.16733 -1.4553 0.038479 -0.60499 -1.0339 1.8224 -0.0018405 -1.0916 0.2166 0.52133 0.09293 0.47234 0.56029 -0.069778 -0.72742 -0.1132 -0.06271 0.75828 0.30992 0.31428
-0.78001 -0.8411 1.2422 1.061 1.0613 -1.0535 -1.4853 -1.0743 1.33 -2.4664 0.084603 -1.5554 1.0809 -0.73887 -0.11101 1.1505 0.98568 0.38318 0.045472 -0.34897 -1.5165 0.1608 -0.35879 -0.79011 1.5704 0.15746 -0.35199 0.22828 -0.16911 -0.17984 0.22172 0.49689 -0.15948 0.079307 -0.0041145 0.70114 0.52765 -0.29567 0.23589
-1.3274 -0.87828 1.5046 1.5605 1.19 -0.63685 -1.9263 -1.74 0.73595 -2.9672 -0.17156 -1.4303 1.0805 -0.68119 -0.024118 0.84615 0.75236 0.22363 0.10281 -0.46961 -1.2728 0.086543 0.056926 -0.63979 1.4198 0.21196 0.43933 0.056625 -0.79326 -0.58669 0.072777 0.55158 -0.11158 0.62897 -0.016589 1.3165 0.30025 -0.37439 0.0031867
-1.2992 -0.81423 2.0145 1.8591 1.3893 -0.44086 -1.7823 -1.7944 0.92949 -2.7093 -0.045466 -1.1577 1.1298 -0.344 -0.031068 0.46848 0.57892 0.4783 0.6128 -0.27155 -0.79506 0.087485 0.84462 -0.54029 1.3317 0.16934 1.1475 -0.14974 -1.3764 -1.1105 0.06519 0.70009 0.29009 1.1564 -0.18545 1.5541 0.1069 -0.42406 -0.19952
-1.3623 -0.8282 1.9709 1.5261 1.1668 -0.9262 -2.0549 -1.6207 1.1266 -1.9743 -0.42765 -1.2188 1.1925 0.27063 -0.20725 -0.066262 0.088804 0.61138 0.88215 -0.44811 -0.60886 0.045088 1.5087 -0.58034 1.1573 -0.0017635 1.4462 -0.15245 -1.665 -1.4917 -0.29629 0.62875 0.77733 1.2953 -0.35055 1.163 0.16228 -0.62218 -0.33281
-1.2863 -0.75687 1.8931 1.6764 1.5143 -0.57602 -1.7477 -1.4886 1.2918 -1.6698 -0.3361 -0.65572 1.2357 1.1721 -0.2957 -1.2149 -0.88211 0.30215 1.017 0.20527 0.36134 -0.20053 2.1264 -0.61581 0.81555 -0.083956 1.5464 0.18536 -1.6024 -1.4381 -1.0749 0.036187 0.90983 0.6755 -0.81228 0.19165 0.32967 -0.68365 -0.56021
-1.2153 -1.0099 1.4295 1.5195 1.7933 -0.025659 -1.9207 -1.8714 1.0209 -1.6427 -0.88667 -0.69513 1.1382 1.5672 -0.17312 -1.7249 -1.4737 -0.27279 1.1228 0.83597 0.62285 -0.49569 1.8111 -0.29077 0.38589 -0.24264 0.99712 0.90348 -0.85884 -0.93316 -1.4849 -0.80851 0.85132 -0.20328 -1.1838 -0.64316 0.28724 -0.52969 -0.87446
-0.26791 -1.1025 1.192 1.2944 1.8766 0.32804 -2.3662 -2.21 1.1362 -1.0285 -0.50532 -0.29745 1.0066 2.2218 0.29925 -1.9868 -1.4901 -1.1661 0.5588 0.89663 -0.11532 -1.3309 1.0615 -0.049601 0.29948 -0.68891 -0.33586 1.5294 0.36781 -0.044945 -1.3342 -1.9046 0.62922 -0.55337 -0.94819 -1.4701 0.1762 -0.26514 -1.1828
0.48092 -1.097 -0.24393 0.20931 1.2657 0.56522 -1.1593 -0.67709 0.19304 -0.43698 -0.94677 -0.83556 1.0545 1.8207 1.1792 -1.4418 -1.4548 -1.532 -0.46995 0.89888 -0.74534 -1.8529 0.66728 -0.31016 0.31282 -1.2272 -1.8577 1.5936 1.3756 0.76001 -0.64569 -2.2926 0.67347 -0.20589 -0.2023 -1.1913 0.049561 0.098616 -1.2365
0.53359 -0.79527 0.21005 -0.008 0.60379 0.49078 -0.50738 -0.98915 0.49378 -0.74498 -0.22485 -0.90972 0.92931 0.35544 1.8769 -0.60523 -0.9755 -1.655 -1.9057 1.4202 0.0051671 -1.494 -0.40122 -0.26788 0.29151 -1.6584 -2.9383 1.1244 2.1743 1.2984 0.44471 -1.605 0.34066 0.4448 0.96075 -0.52427 0.3585 0.64087 -1.0303
1.679 -0.29355 -0.39676 0.18177 -0.52643 -0.73983 -1.3502 -2.5454 -1.0702 -1.1172 -0.57922 -0.52456 0.37361 -1.3461 2.0064 0.3999 -0.21661 -1.2868 -2.1208 1.9095 0.18283 -0.83132 0.024804 -0.088672 0.57452 -1.9186 -2.8546 0.21181 1.8569 1.3083 1.1627 0.074566 0.068784 1.3397 1.535 0.15802 0.86075 0.55713 -0.57889
0.46751 0.55044 0.49916 0.16649 0.24001 -1.1259 -0.95779 -2.8241 -1.289 -0.93729 -1.2554 -0.064868 -0.10284 -2.2826 1.9807 1.5441 0.47425 -0.44364 -1.7504 1.0579 0.27767 0.16565 0.25694 0.53097 1.4642 -2.1436 -1.7898 -0.51744 1.1547 0.64323 1.4392 2.2152 -0.13266 1.5292 1.5027 1.0381 1.0848 0.098234 0.035267
-1.33 0.62344 0.70525 0.37028 -0.02199 -2.477 0.021652 -0.80645 -0.31606 -2.1916 -1.045 -0.48907 -0.42843 -2.7745 1.5238 1.2851 0.42342 0.092368 -0.40645 1.2003 1.6765 0.52164 0.63612 0.95448 0.85048 -1.996 -0.086578 -0.90588 0.059343 -0.047259 0.8686 3.0392 -0.10345 1.1124 1.0482 1.1386 0.99562 -0.65224 0.60887
-1.9514 0.51225 1.2704 0.68414 0.12628 -1.3925 0.7788 -1.1454 0.19855 0.24496 -0.27222 0.12888 -0.59162 -2.6359 1.1576 1.3152 -0.013033 0.41887 1.5534 1.4904 2.1765 0.96653 1.4276 1.3085 0.3374 -1.5577 1.4044 -0.89135 -0.8478 -0.45952 0.255 2.6405 -0.20045 0.032963 0.091715 1.2689 0.33747 -1.0013 1.0726
-1.8019 0.89493 1.8169 0.57444 0.4579 -1.1439 -0.37062 -0.60762 0.52892 -0.28813 0.30883 0.88975 -0.93895 -1.3423 0.73448 0.63372 -0.0615 -0.055375 2.1507 1.4675 1.3595 0.95793 1.7835 1.4478 -0.2157 -1.1469 2.2609 -0.58783 -1.0608 -0.22034 -0.12251 0.84545 -0.90391 -0.83476 -0.52388 0.23263 -0.74863 -0.68838 1.0576
-2.3481 0.86368 1.0855 0.3489 0.15396 0.004745 0.64489 0.33375 0.12992 -0.56962 0.77486 -0.51586 -1.0819 -0.078963 0.71895 0.131 -0.19039 0.10926 2.1168 0.50371 0.51046 0.14323 2.2992 0.93486 -0.071432 -0.69292 2.1606 -0.52059 -1.132 0.38677 -0.24559 -0.92744 -1.3775 -0.9759 -1.1741 -0.70095 -1.6 -0.087337 0.77536
-1.9948 1.2599 1.5112 -0.059506 0.22561 1.1542 0.66803 -0.60273 -0.090427 0.52695 0.2466 -0.14184 -1.1826 0.6432 0.65154 -0.29794 0.079912 -0.002075 0.95654 -0.14042 0.93444 -0.1543 0.65392 -0.31167 -0.37276 -0.57953 1.4791 -0.48049 -0.85143 0.72789 -0.039177 -1.7286 -1.7548 -0.26253 -1.1171 -1.2073 -1.683 0.68278 0.45179
-1.8616 1.1851 1.3066 0.41955 -0.076293 0.27947 1.5668 -0.87459 0.77136 0.6759 0.44495 -0.46648 -1.1878 0.85943 0.23257 -0.53986 0.68953 -0.09447 0.33729 -0.49141 0.54564 -0.92049 0.4979 -0.91355 0.21962 -0.48573 0.87331 -1.0228 -0.99741 0.34456 -0.12127 -1.7173 -1.6645 0.8048 -0.60706 -1.4574 -0.82738 0.95682 0.514
-1.4921 1.2045 1.0435 0.36387 0.39446 -0.13377 0.16091 -0.0060728 -0.15188 1.3167 0.37764 0.10838 -1.0069 1.2631 0.085848 -0.7771 0.94913 -0.042003 -0.33528 -1.5787 0.85443 -0.83448 0.13302 -0.89062 1.0202 -0.46043 0.67397 -1.0693 -0.91257 -0.47698 -0.16838 -0.78342 -1.3811 0.90832 -0.37264 -0.91292 0.035128 0.86842 0.71675
-0.92148 1.2422 1.1003 0.92885 0.21533 -0.26407 -0.14187 0.63585 0.1032 -0.086432 -0.83197 -0.014848 -1.3948 1.4292 -0.89936 -1.6747 0.064465 -0.11764 -0.59109 -2.1394 2.0918 -0.77765 -0.5134 -0.38115 1.1749 0.14634 0.86755 -1.0134 -0.67908 -1.1175 -0.67183 -0.43516 -0.68195 0.22226 -0.039054 -0.8136 0.39003 -0.0099042 1.0276
-1.0533 1.0344 0.85883 1.3518 0.13654 0.11427 -0.628 0.040758 -1.5064 0.0038811 -0.49647 0.81666 -1.5293 1.763 -0.77011 -1.602 -0.54932 -0.32823 -0.11154 -2.1093 1.8995 -0.99801 -0.77726 -0.51286 0.91132 0.35762 0.99969 -0.72437 -0.084203 -1.2454 -1.0248 -0.41378 0.29415 -1.3233 -0.15159 -0.3045 0.36931 -0.95872 1.2951
-0.54718 1.1337 0.0024962 1.0447 0.0022294 0.17792 -1.016 1.0304 -0.58187 0.26445 -0.090918 0.38024 -1.4835 2.4156 -1.2231 -1.5206 -0.77484 -1.2603 -0.62759 -1.6142 0.45718 -0.91561 -0.77654 -0.35006 0.23638 0.90179 0.82007 0.0054102 0.70087 -0.67718 -0.97232 -0.38136 1.2359 -2.7967 -0.27948 -0.094574 -0.13304 -1.8178 1.0496
0.084754 -0.086149 -0.97042 -0.70755 -0.01362 -0.075888 -1.547 2.0667 -0.48633 0.32539 0.13178 1.0025 -0.5855 2.8501 -1.098 -1.0288 -1.0987 -1.4606 -1.1283 -1.2682 -0.83192 -1.077 -0.40263 -0.19392 -0.49203 1.4259 0.04112 0.15857 1.1261 -0.15456 -0.34765 -0.12611 1.7113 -2.8236 -0.13539 -0.12137 -0.38847 -1.9681 0.74658
0.78781 0.85142 -0.24957 0.0079432 -0.44862 -0.15833 -1.1436 1.2055 -1.0268 -0.1609 -0.66616 0.30897 -0.89039 2.5933 -0.72293 -0.52784 -1.0001 -1.4401 -0.83077 -0.094578 -1.8468 -1.3162 -0.92988 -0.80133 -1.8649 1.4471 -1.0933 0.56307 1.1535 0.15199 0.80353 0.58774 1.801 -1.4477 0.64081 0.015328 -0.5112 -1.7226 0.10113
2.229 -0.1162 -0.54608 0.1415 -1.7871 -1.4293 -2.0294 -0.17875 -1.8011 -0.12026 -0.64329 0.20295 -0.27711 1.7661 -0.72265 0.20606 -0.73826 -0.9219 -0.26018 0.55147 -2.304 -1.0754 -0.98568 -1.0426 -2.0874 1.3903 -2.0058 0.48015 0.34815 0.0077816 1.7992 1.0094 1.6304 0.5221 2.0297 0.56005 -0.041736 -0.96021 -0.26977
2.6269 0.34863 0.022142 -0.066862 -1.4471 -1.4171 -1.6473 -0.81685 -1.9807 -0.57921 -0.92969 -0.42996 -0.24551 0.69676 -0.36039 0.22263 -0.64796 0.0075452 0.08041 1.0768 -1.5469 0.424 -0.48485 -0.91883 -2.5125 1.0968 -2.3586 0.63977 -0.62035 -0.22389 2.3022 0.71321 1.2048 2.0653 3.0856 1.3847 0.4421 0.26217 -0.51189
1.7411 0.41296 -0.37539 -0.14797 -1.3582 -0.067733 -0.21491 -1.4276 -3.1071 -0.93614 -1.2864 -1.5248 -0.24314 -0.35527 -0.38326 -0.69307 -1.254 1.2735 0.38059 1.4042 0.022141 2.2887 0.51172 -0.21904 -2.1528 1.13 -1.9704 0.72851 -1.3326 -0.27418 1.833 -0.074646 0.65204 2.4329 3.1331 1.6736 0.65478 1.1962 -0.61524
1.5679 -0.18586 -0.07155 -0.75553 -0.7316 0.04164 -0.6311 -0.27366 -0.94182 -0.50492 -1.1498 -1.2095 0.20072 -1.2314 0.30048 -1.3512 -1.1815 1.8906 0.23564 1.882 0.92746 3.4385 1.1791 -0.3599 -1.3124 0.68304 -1.1425 0.627 -0.99684 -0.13335 0.63435 -0.91912 -0.04499 1.3143 1.7254 1.3455 0.63187 1.5978 -0.63647
1.242 -0.146 -0.69908 -1.3798 0.022296 -0.5294 -0.35291 0.58443 0.86889 -0.036217 -1.1749 -1.6424 0.35456 -1.3499 0.30516 -1.7389 -1.0106 1.6597 -0.48765 1.4411 1.0949 3.9533 1.6428 -0.056974 -0.25408 0.52228 -0.30372 0.77249 0.037026 0.34306 -0.71822 -1.1302 -0.43935 -0.34125 -0.58207 0.45407 0.59189 1.3229 -0.79478
1.0334 0.43788 -1.5321 -1.1964 0.7574 -0.50794 0.18604 0.58031 2.0538 0.66018 -0.67619 -1.8315 0.26926 -1.1688 0.46472 -1.2986 -1.0291 1.0253 -1.2824 0.95002 0.42646 3.1931 1.7254 0.22089 -0.20588 0.28866 0.39728 0.41831 0.96059 0.55275 -1.4711 -0.64105 -0.57389 -1.2245 -2.43 -0.49631 0.80159 0.72655 -0.71085
0.79345 0.49259 -2.1565 -1.0029 0.23056 -1.4361 0.52239 -0.014512 1.9995 0.8373 -1.5702 -1.0461 0.22676 -1.0098 0.97471 -0.64572 -0.64371 0.30772 -1.069 0.96951 -0.36443 1.2025 1.1543 0.63389 -0.013281 -0.061523 0.77288 0.31315 1.4504 0.70689 -1.2948 0.092801 -0.73785 -1.2935 -3.3672 -1.4483 0.6333 0.26458 -0.71453
0.51579 0.57708 -1.8468 -1.328 0.4597 -1.329 0.44759 0.037446 2.5998 0.755 -1.0106 -0.99114 0.21891 -0.57072 0.74663 0.067717 -0.2621 -0.2843 -0.72826 0.94682 -0.65888 -0.24729 0.35592 0.84414 0.038261 -0.26703 0.97713 0.34759 1.5375 0.92076 -0.66946 0.72951 -1.0693 -0.58473 -3.1858 -1.9466 0.42653 0.21631 -0.80475
0.063395 0.43612 -1.3536 -1.9058 -0.092774 -1.4554 0.6649 -0.61072 1.4137 0.9839 -0.80151 -2.2378 0.23073 -0.039139 0.74943 0.54684 0.014769 -0.19627 -0.588 -0.057744 -0.8095 -1.3414 -0.72647 0.85494 0.14852 -0.44828 0.81078 0.33477 1.5341 1.3693 -0.2289 1.0748 -1.426 -0.021812 -2.2979 -1.6514 -0.13373 0.66279 -1.0972
0.34229 0.93997 -0.8498 -1.6305 0.065387 -1.2424 0.53229 0.042126 1.2558 0.82316 -0.011762 -1.1386 0.20812 0.37929 1.2267 1.2523 0.47516 -0.027099 -0.10436 -0.70282 -0.45088 -2.1717 -1.428 0.93343 0.13898 -0.92405 0.15637 0.39461 1.2514 1.8078 -0.0067129 1.447 -1.2559 0.7686 -1.3309 -0.69338 -0.6199 1.2622 -1.3983
0.7138 0.73363 -1.2898 -1.322 -0.031679 -1.5239 1.2531 -0.073451 1.0498 0.43222 -0.17624 -1.6666 -0.012098 0.20363 1.3602 1.9023 1.7118 -0.27537 0.71112 -1.0887 -0.4983 -2.621 -1.4317 0.3272 1.2768 -1.6502 -0.80432 -0.021518 1.0143 1.8661 -0.092124 1.4479 -0.62589 1.0533 -0.25422 0.56533 -0.8754 1.3513 -1.341
1.0641 1.3562 -1.3358 -0.88074 0.62557 -1.6871 -0.42536 -0.88047 0.10627 -0.3833 -0.21892 -1.1435 -0.25109 -0.36104 1.1781 1.9512 2.4843 -0.27061 1.4401 -1.0791 0.65807 -2.3774 -0.77021 -0.095635 2.0425 -2.1095 -1.3645 -0.65766 0.58555 1.3131 -0.24424 1.1137 -0.05682 1.0814 0.68128 1.7723 -0.83933 1.0973 -0.70496
1.0377 1.8373 0.023046 -0.60451 0.017028 -1.412 -0.45942 -0.4061 -1.1292 -0.75304 -0.42922 -0.92572 -0.78947 -1.3305 0.73609 2.2729 2.7207 -0.26514 1.4596 -1.1451 0.64973 -1.764 0.092505 -0.32902 1.9478 -2.1988 -1.0313 -1.0121 -0.14218 0.061944 -0.33164 0.50878 0.70177 0.7715 1.4749 2.1113 -0.18255 0.06422 0.27465
0.071541 1.681 1.2611 0.83377 -0.40456 0.19074 -0.6121 -0.705 -1.2534 -0.22448 -0.53029 0.2514 -1.4685 -1.6771 0.31715 2.2643 2.5833 -0.51629 1.6892 -0.80668 1.0423 -1.1755 1.4764 -0.36709 2.0341 -1.8814 -0.44804 -1.5986 -1.1176 -1.2054 0.030759 -0.22129 1.321 -0.14272 1.8491 1.3604 0.39791 -0.84255 1.5936
-0.64197 1.4598 0.76463 0.98315 -0.39004 0.41647 -0.11074 1.2583 -1.5661 0.70916 -0.5614 -0.012956 -1.6151 -1.2707 -0.090562 1.4523 1.7906 -0.80523 1.5746 0.16726 0.78765 -0.14279 1.819 0.10633 1.3952 -1.2838 0.38443 -1.799 -1.9929 -2.3211 0.47855 -1.0399 1.5116 -0.64645 1.6973 -0.2386 0.74738 -1.734 2.6851
-1.302 1.5263 1.5325 1.4888 0.064833 -0.25813 -0.7358 0.34016 -0.53444 0.74509 -0.30991 0.53384 -1.6767 -1.3135 -1.3813 0.07001 0.5612 0.045858 0.94669 0.90119 0.32942 0.67132 1.1736 0.45433 0.57528 0.21864 0.84084 -1.4311 -2.1078 -2.856 0.80345 -1.4001 1.1337 -1.2813 1.0102 -1.7579 1.1603 -2.2742 2.9015
-0.77913 1.2547 1.1507 1.5313 -0.63279 0.279 -0.22858 0.54025 -1.0296 1.8027 -0.8067 0.29533 -1.6606 -0.70823 -1.7603 -0.71439 -0.87154 0.36406 -0.20156 1.0204 -0.21101 0.85541 -0.28584 0.70476 -0.89251 1.4446 0.69922 -0.65835 -1.5264 -2.6472 0.9498 -1.0761 0.55807 -1.0073 0.20488 -2.3127 1.027 -2.1051 2.2148
-0.016184 1.6527 0.77027 0.90845 -0.81551 0.47002 -0.19045 -0.35619 -0.50909 0.80652 0.17506 0.26233 -1.5614 -0.20762 -1.5089 -0.97214 -1.7511 0.43612 -0.15777 1.0268 -0.8822 0.43578 -1.1713 1.5779 -1.4986 1.8261 0.42855 0.62537 -0.36343 -1.6553 0.64574 -0.75227 0.076219 -0.46739 0.024276 -2.0022 0.73584 -0.99556 0.72011
-1.7002 -0.28329 0.35806 0.22032 0.44265 0.32129 1.0932 0.24295 -0.26659 0.26915 0.097122 -0.095553 -0.37605 -0.36663 -1.2496 -1.1555 -2.3041 0.81903 0.023704 1.2079 -0.50955 0.40662 -1.8663 1.5306 -1.898 1.7839 0.46439 1.1706 0.38269 -0.41017 0.16424 -0.94791 -0.48944 -0.0010829 -0.11615 -0.38698 -0.1909 0.63357 -0.46035
-1.1819 -0.013121 0.3271 -0.17373 0.073212 -0.42123 0.43285 -0.16959 -0.17288 -0.4621 0.28688 -1.122 -0.12241 -0.58869 -0.47038 -0.45609 -2.004 1.0512 -0.63746 0.94267 -0.39813 0.95086 -2.2461 1.4635 -0.97894 1.308 1.2898 1.7241 0.46426 0.53652 -0.75418 -1.4118 -1.3668 0.18449 -0.25776 0.99408 -1.2784 1.6148 -1.2847
-0.86039 0.5868 -0.15103 -0.87956 0.13677 0.16636 0.71156 0.062018 -1.0581 -0.053453 1.9112 -1.3132 -0.28575 0.45224 -0.098664 -0.1907 -1.5542 0.36046 -1.8148 0.061084 -0.44351 0.36026 -0.5878 0.38917 0.12828 0.89951 1.9868 1.638 0.30694 1.1983 -1.4638 -1.0195 -1.6567 0.2501 -0.64503 1.787 -1.6609 1.9272 -1.5845
-1.6493 0.52972 0.19164 -1.0192 0.95112 0.1338 0.82877 -0.33793 0.30964 -0.90385 0.91766 -1.1361 -0.34361 2.0648 1.1268 -0.50572 -1.0554 -0.80242 -1.9964 -1.164 -0.55295 -0.073852 0.23199 -0.33047 0.77911 0.023283 1.5735 0.94175 0.23596 1.727 -1.4015 0.06637 -1.5331 0.66232 -1.1303 1.6603 -1.6111 1.1976 -1.5788
-1.2416 0.96247 0.77248 -0.71344 0.47486 -0.75343 1.0954 -0.13691 0.86024 -0.93138 1.0355 -0.03035 -0.50079 2.4342 1.0028 -0.50412 -0.39377 -1.091 -1.2895 -1.0855 0.054847 -0.42115 0.59193 -0.79219 1.1538 -0.34265 0.15463 0.40981 0.51582 2.1379 -0.631 1.3903 -0.53356 1.1607 -1.1277 0.87216 -0.94317 -0.063683 -1.5018
0.81861 0.48488 0.14529 -1.215 -0.39773 -2.6715 -0.18561 -0.85743 -0.58918 0.7089 0.12313 0.41481 -0.027267 1.6907 0.73401 0.18179 0.85018 -0.93965 -0.77493 -1.5824 0.62322 -1.0101 0.5969 -1.0693 0.94442 -0.82984 -1.5426 -0.29872 0.78457 2.0998 0.4858 2.4342 0.67328 1.246 -0.86211 0.23629 -0.21839 -0.77809 -1.2005
1.5729 1.063 -0.86324 -1.2055 -1.068 -1.9097 -0.89923 -0.24847 -0.78141 0.18763 -0.16344 -0.26602 -0.33009 0.96676 0.86282 0.51997 1.7433 -0.80113 0.28182 -0.81967 1.1863 -1.5179 1.0179 -1.0712 -0.10223 -1.2983 -2.4556 -0.14532 1.0369 1.6116 1.0534 2.7099 1.4057 0.87218 -0.23751 -0.43631 0.50742 -0.50969 -1.0343
1.6535 1.2896 -0.21406 -0.67801 -0.99243 -0.71999 -0.27721 0.33672 -0.99856 -0.1165 0.34571 -0.42757 -0.72 -0.39432 0.6432 0.58717 2.0506 -0.023109 1.9613 0.038075 1.2613 -1.3181 0.48028 -0.61698 -0.2043 -1.5967 -2.5579 -0.66451 0.77955 0.25755 1.2953 2.0291 2.1908 -0.24271 0.51885 -0.25164 0.49247 0.30319 -0.0091849
-0.33155 1.222 1.0285 0.67236 -0.05357 -0.46336 -0.98787 0.84393 -1.9158 0.10136 0.54646 -0.14827 -1.3582 -1.6099 0.78017 1.415 2.2112 0.46998 2.6235 0.91095 1.4053 -0.75776 -0.29204 -0.038619 0.66661 -1.7665 -1.8764 -1.4564 0.052829 -1.5048 0.95208 -0.25882 1.7909 -1.7222 1.1541 -0.3398 0.16049 0.78562 1.6546
-0.43447 1.4698 1.1925 1.218 -0.20759 -0.1719 0.65006 0.86301 -1.1323 0.48104 -0.97999 -0.97157 -1.5237 -2.3196 -0.45898 1.3289 1.1329 0.91072 2.0075 1.9364 0.063975 -0.30408 0.69496 -0.63478 1.1637 -0.61132 -0.12856 -1.6792 -0.74358 -2.669 0.19214 -2.4723 1.11 -2.3553 1.2425 -0.48592 0.20729 0.66768 3.0101
-0.62143 1.2829 0.63223 0.97227 -0.064252 1.0096 0.66069 0.74578 -1.3753 0.095479 0.29717 0.48871 -1.5993 -1.9558 -1.2942 0.25512 -0.78045 0.55575 -0.25038 1.8117 -1.477 0.38551 0.16968 -0.75448 0.80585 1.1014 0.99614 -1.7554 -1.5512 -2.798 -0.22491 -3.5529 -0.31535 -2.281 0.81633 -0.70833 0.4987 -0.2179 3.3434
-0.50697 1.5273 1.5518 0.94486 -0.36648 0.44115 0.27902 0.96879 -1.8531 0.049693 0.18258 1.1862 -1.6116 -0.48126 -1.4424 -0.35823 -1.7476 0.29175 -1.428 1.8 -1.7631 0.70486 -0.79639 0.13939 1.0766 2.2308 1.4878 -0.71983 -1.3001 -1.5078 -0.27914 -3.19 -1.4288 -1.1788 0.32044 -1.1945 0.6126 -1.2283 2.1762
-1.9129 0.15152 0.78898 -0.22608 0.4065 0.82958 2.0157 -0.49383 -1.0671 1.3052 -1.2445 0.37197 -0.58771 -0.45619 -1.9928 -0.92121 -1.8989 0.33268 -2.5926 0.32762 -2.0054 0.44407 -1.0563 0.53713 0.2464 2.6564 1.1855 0.39817 -0.57238 0.13009 -0.035207 -1.3823 -1.5434 0.13794 0.022717 -0.63334 0.24611 -1.4962 0.24401
-1.5023 -0.084373 0.33887 -1.5216 -0.1039 -2.317 1.4335 -1.56 -0.43484 -0.47909 -0.36119 -0.16713 0.4815 0.023165 -1.447 -0.74826 -1.2964 0.47084 -3.0474 -0.21027 -1.9009 0.33919 -1.2164 -0.097142 -1.0902 2.4151 0.59461 1.6272 0.35475 1.2651 -0.13075 0.19678 -1.9193 0.96752 -0.056291 -0.016196 -0.34004 -1.0716 -1.6649
-0.22758 0.32982 0.81069 -0.5031 0.30788 -1.8694 1.6045 -0.41841 -0.86976 -1.0764 0.93001 1.1345 0.38027 0.25762 -0.54846 -0.72453 -0.74242 0.38537 -2.1411 -0.30212 -1.1343 0.62024 -0.97373 -0.16259 -1.1935 1.4362 0.25899 2.341 0.78665 1.5084 -0.076233 1.8988 -1.2253 1.3346 0.12004 1.0421 -0.39393 0.484 -2.7816
-1.3493 -0.5433 -0.40202 -0.66977 0.13029 -2.5685 0.29968 -1.2644 -0.91995 -0.4363 -0.13951 -0.56176 0.52188 0.40189 0.86622 0.26791 0.1914 0.00025761 -1.2743 -1.7593 -0.34795 0.50396 -0.90327 -0.17238 -0.41622 -0.068476 -0.11995 1.6879 0.41639 0.61829 -0.29536 2.2249 -0.4322 1.183 0.22793 1.3582 -0.34085 1.1254 -2.4568
-0.56683 0.29114 0.39951 -0.38904 0.6013 -2.233 0.38728 -1.3406 -1.279 -0.94511 -0.40587 -0.4504 0.34983 -0.10163 1.2098 0.17992 0.35757 0.40799 0.21991 -1.3778 -0.23348 0.61645 0.9299 -0.19125 0.88358 -0.96296 0.24929 0.58689 0.045593 -0.18054 -0.13154 1.7081 0.62182 1.045 0.18777 0.70648 -0.75673 0.71801 -1.0961
-0.89242 0.71144 0.57865 -0.69062 0.20982 -1.7616 1.1648 -0.67428 -0.12834 -0.19305 -0.77478 -0.1572 -0.052492 -0.039261 0.8176 -0.34972 -0.61348 -0.12318 0.10742 -0.55874 -0.091094 0.82076 0.63406 -0.74601 0.15953 -0.67887 0.68764 -0.92175 -0.85808 -0.66713 -0.065024 0.92199 1.2546 0.79339 -0.086353 -0.40004 -1.149 -0.79833 0.55811
-1.3308 1.0206 1.3052 -0.47492 0.074451 -2.0068 -0.84992 -1.4079 0.023009 -0.53318 -0.86752 0.17264 -0.32414 1.002 0.57052 -0.3245 -0.69314 0.18042 0.49522 0.32911 0.73511 0.85782 -0.29997 -1.3444 -0.027727 -0.17396 1.4097 -1.642 -1.0464 -0.37335 -0.23111 0.31121 0.89917 0.87222 -0.61484 -1.6511 -0.72069 -1.9115 1.5637
-1.1348 0.97315 0.042331 -0.86938 0.85697 -2.0806 0.083172 -1.5129 0.11929 0.72009 0.66694 1.796 -0.32743 1.2831 -0.52718 -1.2398 -0.60257 -0.02431 0.38207 -0.10987 0.68744 0.2078 -1.1549 -1.8242 -1.6135 0.51292 1.3569 -1.6691 -0.87728 0.13401 0.11592 0.5681 0.73231 1.0534 -0.7504 -0.9787 0.62026 -1.4342 1.5465
-0.19642 0.38471 -0.50479 -1.5526 -0.28546 -2.0822 1.0776 -0.37851 -0.11992 -0.8661 -0.95005 -0.4014 0.13545 2.1679 -1.1714 -1.5207 -0.38389 -0.1002 0.6853 0.18659 1.0468 -0.35427 -1.6528 -1.051 -2.1633 1.1746 0.32774 -1.302 -0.24823 0.13954 0.13674 0.72391 0.21841 0.98449 -0.41862 0.45679 1.9063 -0.22528 0.97639
0.66074 0.22094 -0.28642 -1.1995 0.85927 -1.5959 0.86663 -0.22146 0.18551 -1.3289 -2.9557 -1.3156 0.49263 2.199 -1.4154 -1.5508 -0.49672 0.22785 1.1161 0.96606 1.7671 -0.13298 -0.76363 0.30556 -1.7282 1.3502 -0.75943 -0.29861 0.71223 0.026948 0.5902 1.008 -0.065294 0.81144 0.088244 1.8912 3.0043 2.0598 0.062074
0.80501 -0.011632 -0.94828 -0.88066 0.21158 -1.5788 -0.25522 -0.6704 -0.95456 -2.1264 -2.5866 -2.2138 0.61945 1.2305 -1.4061 -0.67963 -0.46368 0.30522 1.5358 0.21211 2.0782 0.16006 0.42576 1.2797 -0.44926 1.1144 -1.7931 0.37529 1.1037 -0.25158 0.67787 1.0431 -0.42072 0.2619 0.35824 2.2865 3.0169 3.2322 -0.68958
1.7882 -0.22169 -0.90875 -1.0779 -0.11857 -0.85989 0.89286 0.39422 -0.28777 -1.3791 -0.53019 -1.1772 0.84292 0.18332 -0.96315 -0.20352 -0.50385 0.89864 1.9186 -0.2717 1.7257 0.13912 1.7204 2.826 1.7319 0.65198 -2.0097 0.66081 1.0731 -0.21542 0.56221 0.92796 -0.38482 -0.37164 0.27347 1.3946 1.9238 2.8707 -0.90674
1.1572 -0.31305 -1.0735 -1.5456 1.0123 -0.77441 0.97688 0.76255 0.28556 -0.070235 1.092 -0.16029 0.80046 -0.53677 -0.69665 0.064359 -0.87454 0.85919 2.3144 -0.05776 1.5768 0.26102 1.8447 3.5288 2.7111 0.31895 -1.4881 0.67739 0.60477 0.13938 0.13506 0.48718 0.11817 -1.0495 -0.31638 -0.20681 0.14054 1.1029 -0.73415
0.25845 -0.66161 -0.75951 -1.8365 0.93351 -0.1408 0.57757 1.4506 0.38451 0.95589 1.0699 0.81277 0.81818 -1.0791 -0.53791 0.27324 -0.71372 1.0225 2.5325 0.30989 1.3229 0.39115 1.4052 2.904 2.5554 0.16357 -0.56667 0.45821 0.39257 0.72504 -0.68925 0.010543 0.44759 -1.3364 -0.79713 -1.5364 -1.8598 -0.72543 -0.35044
0.35628 -0.46546 -0.5676 -1.9057 1.261 0.50525 0.34183 1.2959 -0.33568 -0.032319 0.81877 0.37331 0.8569 -1.2181 -0.35564 0.31863 -0.0767 0.49091 2.1748 0.14087 0.29624 -0.62097 0.12 1.5099 1.3811 0.075903 0.36435 0.33732 0.3538 1.1339 -0.96355 -0.53369 0.4956 -1.4328 -0.96677 -1.8665 -2.6281 -1.4733 -0.080732
0.31107 -0.44266 -0.46498 -1.9786 1.5889 1.3957 0.47766 1.1025 0.15565 -0.24083 1.3313 0.815 0.83228 -0.64464 -0.27846 0.47132 0.54216 -0.25978 2.0047 0.51043 -0.16261 -1.0771 -0.65511 0.23034 0.89335 0.16146 0.84259 0.14696 0.38536 0.96639 -1.0237 -0.97994 0.4381 -1.1641 -0.53658 -1.3052 -2.418 -1.027 0.05415
-0.27734 -0.67243 -0.8629 -1.5649 1.1136 1.5497 0.86201 1.1893 -0.14105 -0.41374 2.099 0.5381 0.85989 0.008458 -0.19617 0.68787 0.7542 -0.37139 1.5331 0.8199 -0.39222 -1.0157 -1.0517 -0.22737 0.50649 0.17934 0.79194 0.01148 0.45612 0.46729 -0.55043 -1.1442 0.31575 -0.59416 0.28755 -0.55448 -1.8812 -0.2796 0.11289
0.091613 -0.62248 -0.50515 -1.1922 0.60149 1.4189 1.2983 0.80565 -1.3212 -0.54296 1.7465 0.64673 0.91675 0.062023 -0.34172 0.87581 0.79498 -0.53412 0.93777 0.83275 -0.53392 -0.52553 -0.76442 -0.91356 0.87134 0.20693 0.32307 0.0015943 0.39766 -0.067553 0.14788 -1.0373 -0.07041 -0.38711 0.83605 -0.22885 -1.4755 0.046306 0.04002
0.087108 -0.7141 -0.19186 -1.0681 0.71125 1.8362 1.3471 0.94547 -1.0711 -0.10828 0.67911 1.3686 0.9827 0.07788 -0.30022 1.0485 0.73004 -0.44669 0.4723 0.59626 -0.63591 -0.29277 -1.0142 -1.5648 0.80188 0.25092 -0.26463 0.0069272 0.0208 -0.34949 0.42289 -0.64182 -0.25849 -0.26472 1.0847 -0.29531 -0.8984 -0.10862 -0.038111
0.53397 -0.74825 0.39669 -1.2269 0.82304 2.0157 1.268 1.069 -0.92258 -0.75951 0.57008 1.0303 0.98243 -0.0025295 -0.22105 1.1034 0.42542 0.050225 0.50762 0.46289 -0.765 0.30884 -1.1832 -1.9617 0.82314 0.19606 -0.44649 0.12174 -0.42369 -0.44585 0.38505 -0.3867 -0.25207 -0.15587 0.88701 -0.33231 0.19436 -0.59692 -0.11641
0.2252 -0.79297 0.40989 -1.0636 0.75761 1.8521 1.3127 0.41901 -0.48445 -1.1464 -0.033313 1.3892 1.0343 -0.5014 -0.2412 0.6145 0.25035 0.13933 0.49212 0.46756 -0.76828 0.83287 -1.4903 -1.4463 0.29067 0.11861 -0.45537 0.18496 -0.82791 -0.39512 -0.030561 -0.36855 -0.13479 0.07117 0.49841 0.14188 0.9521 -0.76556 -0.15187
0.0019644 -0.79913 0.51281 -0.91778 0.78802 1.9159 1.3806 0.356 -0.39785 -1.4806 0.0040318 1.4396 1.0798 -0.56769 -0.14225 0.22274 0.15487 -0.097224 0.16937 0.37275 -0.75244 0.76529 -1.2516 -0.59938 -0.11335 0.070073 -0.056327 0.28853 -0.93246 -0.31467 -0.49969 -0.54533 -0.32125 0.57166 -0.22085 0.70288 1.0884 -0.64359 -0.13871
-0.2645 -0.8805 0.49643 -0.95422 1.0537 2.2047 1.749 0.24964 -0.23687 -1.5423 -0.44022 1.3581 1.0358 -0.57732 0.0070294 -0.20924 0.086092 -0.44483 -0.081676 0.35262 -0.49532 0.52255 -0.71576 -0.40496 -0.31566 0.048921 0.4794 0.34224 -0.79051 -0.32998 -0.59295 -0.60903 -0.62229 1.0235 -0.74937 1.1577 0.85364 -0.29717 -0.14755
-0.57875 -0.87894 0.24135 -0.91418 0.65205 2.1671 1.9324 0.086154 -0.14811 -1.9901 -0.2217 0.98063 1.0323 -0.074668 0.19424 -0.39698 -0.11194 -0.63458 -0.27337 -0.143 0.19672 0.0081391 -0.13561 -0.37748 -0.20959 -0.011089 0.79188 0.33243 -0.59681 -0.37477 -0.30344 -0.3776 -0.73792 1.3647 -0.85712 1.2471 0.95266 -0.0027994 -0.18675
-0.2336 -0.82392 0.32999 -1.0405 0.49661 1.9301 1.5114 0.26589 0.080884 -1.3766 0.14082 1.1985 1.0582 0.25316 0.22991 -0.69711 -0.26613 -0.74879 -0.47865 -0.54281 0.7142 -0.3462 0.33559 0.093005 -0.28739 -0.098253 0.73317 0.2752 -0.43363 -0.44719 0.18571 -0.19219 -0.60815 1.2289 -0.62573 0.94191 1.3075 0.094678 -0.2259
-0.21322 -0.68838 0.10886 -1.1038 0.081909 1.6881 1.6646 0.35305 -0.18256 -1.708 -0.28201 0.75789 1.0593 0.66628 0.36741 -0.75802 -0.40783 -0.54353 -0.37289 -0.6801 1.2485 -0.58261 0.79325 0.9937 -0.1506 -0.1823 0.20359 0.14653 -0.35273 -0.4953 0.63511 -0.016945 -0.020273 0.48046 -0.037196 0.37776 1.3213 -0.055885 -0.22494
0.20113 -0.57361 -0.078808 -1.1535 0.054822 1.5186 0.9385 0.80839 -0.70078 -1.2944 -0.79235 1.5221 1.0257 0.57965 0.43503 -0.91916 -0.64859 -0.14501 -0.41103 -0.61865 1.3263 -0.48197 0.75351 1.4389 -0.16857 -0.25985 -0.19708 0.046277 -0.13007 -0.44606 0.85163 0.096051 0.62084 -0.36912 0.53571 0.20288 0.94487 -0.21914 -0.15816
0.12296 -0.69815 -0.48352 -1.2621 0.044735 1.5438 0.95792 1.26 -0.84785 -1.1499 0.4479 0.89941 0.92946 0.19109 0.36681 -1.0107 -0.89886 0.27583 -0.3445 -0.16369 0.81553 0.0030157 0.41189 1.5057 -0.40087 -0.32299 -0.60006 -0.09047 0.054542 -0.24338 0.64979 0.013411 1.1686 -1.1183 0.75812 0.13304 0.13963 -0.57141 -0.016306
0.5714 -0.49546 -0.43196 -1.4986 0.43792 1.9806 1.2667 1.656 -0.81693 -0.72942 1.4227 1.0285 0.83864 0.088716 0.31875 -0.83939 -0.90099 0.47153 -0.30977 0.42856 0.24064 0.48229 0.9178 1.664 -0.62858 -0.30389 -0.63044 -0.18055 0.34905 0.16798 0.28482 -0.073636 1.2657 -1.2519 0.47242 0.21233 -0.80135 -0.42766 0.14652
0.033398 -0.39749 -0.9289 -1.8349 0.37318 1.3281 1.1294 1.3731 -0.40658 -1.2776 1.5728 0.74075 0.82681 -0.32614 0.25959 -0.68836 -0.75955 0.38883 -0.40163 1.1265 -0.32269 0.5202 0.95691 1.1485 -1.1086 -0.18833 -0.36528 -0.24649 0.59729 0.66474 -0.026483 -0.18688 0.79406 -0.89492 -0.15366 0.1597 -1.4668 -0.055013 0.25731
-0.1027 -0.45582 -0.92231 -2.2003 0.72876 1.2963 1.454 0.85929 0.29044 -1.1268 1.1925 0.67921 0.78386 -0.46262 0.15503 -0.36749 -0.3794 0.33502 -0.53035 1.2616 -0.47268 0.24881 0.89226 0.062345 -0.70822 -0.07065 0.015952 -0.31182 0.60628 0.99807 -0.14777 -0.16905 -0.024645 -0.2607 -0.69825 -0.25385 -1.5869 0.38714 0.22273
0.21606 -0.35592 -0.89376 -1.9814 0.48844 1.2581 2.1265 0.75681 0.11834 -0.15616 1.3644 0.2959 0.79227 -0.28416 -0.0076578 -0.025306 0.16554 0.28008 -0.60297 0.99742 -0.51729 -0.19604 0.7261 -0.53737 -0.49114 0.010566 0.422 -0.31342 0.29275 0.99822 -0.24556 -0.33553 -0.94692 0.35255 -0.79913 -0.59467 -0.76896 0.60356 0.075306
-0.33848 -0.39839 -1.0481 -1.9334 0.45356 1.1026 2.3356 0.82596 -0.51921 -0.1342 0.98258 0.15976 0.84965 0.10755 -0.12554 0.068811 0.6235 0.22792 -0.54308 0.4257 -0.14601 -0.61068 0.47167 -0.56954 -0.16158 -0.013605 0.54355 -0.23691 -0.20771 0.68695 -0.42509 -0.50144 -1.5917 0.59845 -0.35513 -0.8566 0.36749 0.35143 -0.078718
-0.32938 -0.52737 -0.83799 -1.6826 0.67431 1.0593 2.4179 1.1534 -0.64219 -0.34474 0.93819 0.41659 0.82774 0.27079 -0.18102 -0.30902 0.72633 -0.044263 -1.054 -0.37608 0.19571 -0.71143 -0.10552 -0.02788 -0.16281 -0.084793 0.51456 -0.10914 -0.4398 0.23327 -0.81062 -0.73539 -2.1426 0.30025 0.28544 -0.74412 0.98346 -0.17636 -0.20865
0.28058 -0.43887 -0.50807 -1.3959 0.89186 0.98538 2.098 0.8643 -0.82007 -0.40066 0.83855 0.57119 0.83435 0.39403 -0.19679 -0.65328 0.70951 -0.33577 -1.2871 -1.2677 0.31996 -0.22928 -0.51124 0.51632 -0.16979 -0.16011 0.38497 0.13585 -0.17795 -0.22636 -1.1241 -0.65833 -2.173 -0.20048 0.91631 -0.1437 1.0601 -0.4437 -0.32089
0.19737 -0.55104 -1.0896 -1.2931 0.65583 0.48297 1.4599 0.98615 -0.78351 -0.86785 0.80906 0.47817 0.76264 0.64661 -0.17273 -0.56734 0.59102 -1.0148 -1.6695 -2.4789 -0.16797 0.21284 -0.36703 0.82142 -0.86571 -0.28041 0.088232 0.44055 0.45565 -0.47148 -0.95946 -0.097916 -1.6996 -0.26271 1.1839 1.0358 0.57648 0.040586 -0.52081
0.29489 -0.60037 -1.6063 -1.462 0.35241 -0.29261 1.254 1.0845 -0.6074 -0.7547 1.557 0.12413 0.6812 0.72486 0.12556 -0.16872 0.24702 -1.4684 -1.5236 -2.9069 -0.33365 0.84191 0.27075 1.0559 -0.73651 -0.47619 -0.3742 0.70461 1.3465 -0.65679 -0.48295 0.44922 -0.62118 -0.44141 0.96225 1.8673 -0.023816 0.84058 -0.63417
0.4768 -0.52673 -1.7726 -1.0817 -0.16922 -0.23276 0.6855 1.2647 -0.28128 -0.47777 2.0639 -0.0089927 0.68362 0.29512 0.48013 0.37987 0.026726 -1.3418 -1.131 -2.9894 0.034742 1.2254 1.6332 0.81584 0.18632 -0.83657 -0.86823 0.67022 1.8818 -0.59805 0.22676 0.93909 0.79366 -0.51384 0.61235 1.6991 -0.7098 1.7767 -0.4721
0.52529 -0.61984 -1.219 -1.197 -0.9625 -0.99121 -1.0972 0.38572 -0.33319 -0.58177 1.6448 -0.88159 0.57023 -0.19964 0.79054 1.6292 -0.30714 -1.1168 -0.68452 -2.2785 -0.60885 1.2749 2.3533 0.46995 1.0089 -0.98998 -0.97922 0.093552 1.5205 -0.35497 0.43072 0.94338 1.6749 -0.64547 0.0021932 0.53538 -1.5603 1.3806 0.015538
0.98993 -0.21262 -0.48558 -1.4351 -0.92587 -0.4724 -0.90669 0.77554 0.79049 0.12112 2.1055 0.28986 0.30431 -0.68525 0.74455 2.3862 -0.31407 -0.76601 -0.2617 -1.2163 -0.9955 1.2774 2.1053 -0.26338 1.884 -0.8482 -0.64381 -0.41479 0.58832 0.16915 0.2416 0.8206 2.5268 -0.62672 -0.47188 -1.0502 -1.7594 -0.17526 0.5593
0.31961 0.1113 -0.2731 -1.3645 -0.46082 -0.44432 -1.4159 1.326 0.83395 1.7702 1.5859 1.3205 -0.099883 -0.80926 0.16987 1.9406 -0.28209 -0.93826 -0.12251 -0.44592 -1.0339 0.82503 1.12 -1.4294 1.2256 -0.44278 -0.023431 -1.1186 -1.0535 0.88542 0.08893 0.16786 2.4177 -0.27689 -0.99674 -2.1022 -1.247 -1.7706 0.93282
-0.41823 0.13555 0.90076 -1.86 -0.92251 -0.73876 -0.70348 -0.13316 0.80535 1.4123 1.7221 1.2477 -0.10149 -0.7287 0.020915 1.4271 0.35537 -0.97791 0.18425 1.1535 -0.93244 0.47121 0.026458 -1.645 -0.29848 -0.13219 0.89857 -1.2407 -2.0611 1.3523 0.033492 -0.53278 1.6976 -0.20231 -1.4703 -2.3561 -0.38417 -2.7949 0.91793
-0.52041 -0.093405 1.1442 -1.5203 -0.94805 -0.69106 -0.093774 -0.14516 1.1918 0.9252 1.2776 1.6853 0.13343 -0.21978 -0.92708 -0.051453 1.1215 -0.85225 -0.58436 1.3766 -1.1551 -0.3953 -1.0258 -1.2574 -1.5446 0.28284 1.2783 -0.2325 -2.0933 1.747 0.94729 -0.30546 0.83289 0.28649 -1.6687 -1.5874 0.28977 -2.2424 -0.017888
-0.10598 -0.72066 0.13141 -1.2957 -2.1774 -0.618 -0.91247 0.0012414 0.58345 0.066313 -0.43264 -0.0097244 0.43532 0.8905 -1.0136 -0.84207 1.6746 -0.75732 -1.0742 1.2655 -1.3078 -1.173 -1.7701 -1.0965 -2.4741 0.39379 0.80669 1.1284 -1.3043 1.3048 1.6786 0.30151 -0.35235 0.96077 -1.3921 -0.20531 0.40081 -0.75628 -1.2636
-0.038809 -0.17806 0.79443 -0.57815 -2.0465 -0.46969 0.75772 -0.33729 0.7692 -0.22102 0.13748 -1.3272 0.20515 1.0393 0.25684 -1.2149 2.5323 0.76599 -0.09334 1.1537 -0.29001 -1.8271 -1.3261 -1.1455 -2.2979 -0.73659 0.073293 1.9307 -0.4489 0.43428 2.3821 1.3958 -0.88399 1.3922 -0.34008 1.2072 0.24663 1.1561 -1.8446
0.65306 -1.2156 -1.0514 -0.0080128 -1.2671 -1.6973 0.44552 -0.30855 0.025468 0.076469 1.2659 -0.13743 0.35652 0.3217 1.5314 -0.66503 2.246 1.4383 0.52254 0.53909 0.47285 -1.7104 -0.28363 -0.92771 -1.4886 -1.8305 -0.37371 1.1159 -0.26426 -0.77129 2.2931 1.6015 -1.4617 1.1222 0.85442 1.6876 -0.10859 2.5039 -0.87351
1.3795 -0.57941 -0.57395 0.29429 -1.4821 -2.0645 0.047018 -0.92824 -1.1517 -0.095968 0.069772 -0.92077 0.17498 0.22337 1.3961 -1.0617 1.7034 2.6324 1.3354 -0.05427 0.61237 -0.83101 0.71835 -0.86713 0.31377 -1.8285 -0.30539 -0.49263 -0.010569 -1.6813 1.0007 0.9387 -1.5788 0.00030128 1.825 0.68415 -0.27061 2.0251 1.0429
0.3192 1.0367 -0.036763 1.3649 0.7142 0.32129 1.0422 -0.029897 -1.5767 -0.26288 -0.3377 -0.8461 -1.2269 0.53006 0.49595 -1.4621 0.56294 2.7203 1.3308 -1.0853 0.38566 0.11468 0.69758 -1.4491 1.3325 -0.58652 -0.064685 -2.0866 -0.22699 -1.7438 -0.090708 0.15644 -0.92617 -0.66871 2.2131 -0.50412 0.14671 0.94859 2.6283
-0.5748 1.3195 0.35366 0.72612 -0.066917 0.23604 -0.079381 0.98443 -0.59346 0.5964 -0.62437 -0.41026 -1.5446 0.3084 -0.13984 -0.84014 0.040898 2.0426 1.3291 -1.2242 -0.23425 1.0694 -0.42084 -1.412 0.42287 0.46467 0.10398 -2.6211 0.0091045 -1.5221 -1.5331 -1.1305 -0.24247 -1.0747 1.5215 -1.292 0.70525 -0.42337 3.1997
0.85134 -0.23555 -2.0786 0.64015 1.3489 0.89299 -0.64244 0.20131 0.15531 0.90227 -1.1298 0.11728 -0.66357 0.15176 -1.5816 -1.243 -0.37985 1.5453 0.82653 -0.75478 -0.36335 1.9574 -0.79782 -0.37415 0.38286 1.6172 -0.072549 -1.9539 0.31999 -0.75281 -1.6768 -1.4099 0.72012 -0.82168 0.49309 -1.4546 1.3876 -0.95022 2.3181
1.6338 -0.6698 -1.8102 -0.09353 1.4289 -0.31832 -0.59663 -0.56679 0.77137 0.22867 -0.94252 0.54169 0.56389 0.63493 -2.4408 -1.1548 -0.84211 0.24938 -0.6218 -0.72463 -1.0443 1.4239 -1.2617 -0.041696 -0.096158 2.6626 -0.52388 -0.37887 0.93905 -0.29429 -1.3428 -1.1506 1.0719 0.48098 -0.36267 -0.83449 0.94938 -0.18683 0.72841
0.9791 -0.95353 -1.2616 0.54465 0.84756 -0.41021 -0.9593 -1.0438 0.60675 -1.2779 -0.62932 -0.74867 0.62195 0.22305 -1.9876 -0.65152 -0.485 0.36922 -0.44793 0.093949 -0.75957 0.96987 -1.9491 0.55031 -0.37211 2.3666 -0.97821 1.1913 1.4022 0.057248 -0.75543 -0.26824 1.1088 1.8402 -0.93892 -0.19963 -0.079217 0.69171 -0.97789
0.53682 -1.1175 -1.5705 0.35435 1.1523 0.24026 0.083613 -0.39513 1.3931 -0.71385 -0.37913 -0.68522 0.71394 -0.80712 -0.63954 0.78552 -0.48554 0.027227 -0.28197 0.48734 0.8897 0.81162 -1.6183 -0.038518 0.40021 1.3635 -0.91072 1.8246 1.2687 0.12674 -0.023324 0.42112 1.2037 2.5012 -1.1108 0.53521 -0.39487 1.7129 -1.7679
0.9162 -1.0016 -1.3814 -0.0080847 0.56695 -0.5239 -0.37156 -0.63507 0.19345 -0.90129 -0.74959 -0.55889 0.9114 -1.1494 -0.26263 0.65704 -0.43915 0.18616 0.12917 0.84925 2.1792 0.31075 -1.0679 -0.5322 1.5344 0.558 -0.10457 1.3442 0.7733 -0.034889 -0.27154 0.24438 0.82761 1.4708 -1.5744 0.93239 -0.30433 1.6532 -1.4402
0.23564 -1.198 -1.5223 0.045933 1.2969 0.066879 -0.28367 0.080132 1.3888 -1.343 0.041943 -0.1976 0.97537 -0.56106 0.094944 0.78759 -0.60808 0.283 -0.09325 1.2984 2.2523 -0.55771 -0.61732 -0.26825 2.4425 0.47741 0.66368 0.44264 0.032897 0.02427 -0.43333 0.53204 0.75955 -0.12166 -1.8422 1.142 0.69371 0.30694 -0.83929
0.059755 -0.88883 -0.63864 -0.23267 1.562 0.079884 -0.06842 1.3291 1.7374 -1.0457 -1.8212 1.1938 1.0522 -0.11014 0.14924 0.9293 -0.4877 -0.29542 -0.069923 1.3334 1.3665 -1.623 -0.53582 0.072708 1.9763 0.2929 0.97478 0.076439 -0.017227 -0.057908 -0.96091 0.77552 0.27327 -1.3906 -1.9569 1.5008 1.3108 -1.3151 -0.52352
-0.13949 -1.1047 -0.91099 -0.34703 1.2699 -0.35566 0.62393 1.8119 0.73867 -1.6118 -1.3551 1.6313 1.0451 0.056527 -0.019254 0.71459 -0.40777 -0.58085 0.85101 1.7535 1.0764 -2.0574 0.46676 0.99956 0.79071 0.029591 0.80791 -0.14533 -0.42193 -0.085202 -1.0418 1.2087 -0.41076 -1.8049 -1.1408 1.8227 1.548 -2.2289 -0.54286
0.50408 -0.84639 -0.35266 -0.11363 1.0065 -0.42934 1.1569 1.0866 -0.72225 -1.7286 -0.15809 1.1913 1.0862 0.57033 -0.060854 0.65607 -0.64898 -1.2486 1.1654 1.1529 0.13546 -3.0144 1.49 1.3696 -0.35138 -0.13265 0.59424 -0.032061 -0.74215 -0.20154 -0.45266 1.1363 -0.90168 -1.4087 0.5876 2.0237 0.83336 -1.6761 -0.43939
0.70249 -1.012 -0.57566 -0.41256 0.22175 0.14978 1.4086 0.47148 -1.4471 -1.0259 -0.15953 0.82585 1.024 0.78115 -0.068064 0.057742 -0.6913 -1.2631 1.6424 0.54546 -0.55133 -2.2357 2.1413 2.0784 -0.97732 -0.25818 0.26582 0.15829 -1.0078 -0.18142 0.19283 0.42943 -1.3158 -0.73151 2.3062 1.4566 -0.61378 -0.34093 -0.2962
0.58397 -1.1691 -0.66014 -0.556 0.22254 1.272 1.5665 1.2311 -1.7489 -0.062813 0.84036 0.060783 0.91496 0.76682 0.11639 -0.26468 -0.74079 -0.84045 1.7463 0.10786 -0.48576 -0.30433 2.818 1.1443 -0.59084 -0.33073 -0.050638 0.37587 -1.0444 0.11306 0.91973 -0.41932 -1.1284 0.036574 3.373 0.35136 -1.6629 0.81447 -0.16408
0.84617 -1.138 -0.29113 -0.99638 -0.11025 1.4165 0.65545 0.86998 -2.3826 0.44076 0.62234 0.21386 0.87318 0.51637 0.18914 -0.89156 -0.71678 -0.42582 1.3938 -0.38566 0.0080978 1.3997 2.8106 -0.079567 0.1946 -0.38863 -0.13836 0.43465 -0.69373 0.32709 0.98864 -1.37 -0.75378 0.11842 2.8158 -0.79623 -2.1655 1.1773 -0.016413
1.0736 -0.86652 -0.83787 -1.0137 0.06336 1.6023 0.8672 0.89568 -0.89696 0.81838 0.70481 0.85451 0.83127 0.60442 0.51249 -1.0108 -0.40645 0.094159 0.46752 -0.66674 -0.063147 2.2039 1.8568 -0.77503 0.71387 -0.35377 -0.24547 0.16734 -0.3425 0.52116 0.6129 -1.7069 -0.069413 -0.12496 1.3919 -1.6065 -1.2343 0.37507 0.10459
1.0995 -0.86177 -1.2267 -1.0094 0.21755 1.3474 1.2986 0.91636 0.49121 1.1873 0.10969 1.0463 0.76184 0.58211 0.54523 -0.99241 -0.2037 0.16387 -0.39461 -0.59968 -0.52596 2.3848 0.92862 -1.1591 0.76494 -0.2749 -0.293 -0.18056 0.28296 0.57267 0.045558 -1.5212 0.41377 -0.33424 -0.27983 -1.678 -0.010822 -0.818 0.20223
1.1999 -0.74352 -1.6789 -0.97384 0.1419 1.4339 0.72094 0.9401 0.89174 1.4751 -0.45003 1.0822 0.69693 0.23155 0.2522 -0.91802 0.042778 0.034159 -0.69294 0.057517 -0.44468 2.1093 0.37478 -0.70957 -0.12498 -0.20435 -0.41331 -0.51686 0.73505 0.51486 -0.43676 -1.0632 0.82883 -0.0058706 -1.4961 -1.0785 1.1692 -1.6991 0.25425
1.522 -0.56678 -1.6468 -0.94102 0.33848 0.97607 0.46138 0.55438 0.84915 0.98385 -0.68299 1.0398 0.66781 0.10182 -0.014341 -0.36052 0.201 -0.32084 -0.9972 0.065716 -0.42487 0.8682 0.018179 -0.13629 -1.0792 -0.10944 -0.39226 -0.52036 0.99689 0.461 -0.63379 -0.80511 0.96521 0.47135 -2.0133 -0.5382 1.9125 -1.9346 0.26889
1.3575 -0.71754 -1.5007 -1.026 0.21595 0.8013 0.58026 0.46114 0.92536 0.99639 -0.23057 0.69222 0.67851 -0.0059559 -0.16724 0.17674 0.4188 -0.51896 -1.3091 0.64804 -0.11326 -0.15214 0.029645 0.97503 -1.8623 0.008312 -0.24745 -0.2997 0.94341 0.34324 -0.59887 -0.57348 0.72204 0.7909 -1.7074 -0.075423 1.7018 -1.4732 0.20824
1.0225 -0.93091 -1.5826 -0.9548 -0.20614 0.65459 1.257 0.46755 1.0832 1.0493 0.087053 0.091163 0.69608 -0.10601 -0.21108 0.50007 0.52894 -0.79515 -1.6611 1.0266 0.21588 -0.67705 -0.053707 1.6997 -2.3472 0.089163 -0.038479 0.027337 0.51537 0.18858 -0.35688 -0.18961 0.19869 0.73211 -0.72074 0.19706 0.70649 -0.86749 0.056221
1.2977 -0.85062 -1.3993 -0.67101 -0.37876 0.24422 1.0892 0.57899 0.68146 1.0978 0.37518 -0.21048 0.71607 -0.17105 -0.20479 0.58199 0.56565 -0.8969 -1.4838 1.01 0.7499 -0.67281 0.22152 1.6654 -2.5264 0.060748 0.17129 0.34941 -0.015706 -0.14922 0.064104 0.33031 -0.89452 0.45238 0.20467 0.052211 -0.71229 -0.024102 -0.12029
1.1925 -0.93506 -1.0809 -0.42433 -0.37004 -0.40958 2.0833 0.99622 0.22286 1.4651 1.2636 -0.91958 0.75448 0.11128 0.057726 0.49036 0.50731 -0.83325 -1.2839 0.26608 0.54674 -0.36943 0.30164 0.88383 -2.5417 -0.036947 0.04093 0.44496 -0.48502 -0.57276 0.45996 0.7959 -1.5569 0.012722 0.88834 -0.27066 -1.7873 1.0773 -0.21374
1.2144 -0.78983 -1.0787 -0.44163 -0.88418 -0.82089 1.5116 1.0351 -0.1308 1.021 1.4666 -1.2669 0.76505 0.2474 0.35106 0.14724 0.13864 -0.38916 -0.85769 -0.78694 0.59279 0.12524 -0.070893 0.00036568 -1.8319 -0.13843 -0.10909 0.45064 -0.64327 -0.87012 0.71924 1.0514 -1.6736 -0.43381 1.2671 -0.58337 -1.8201 2.0653 -0.2056
1.1946 -0.84333 -0.91743 -0.44154 -0.78395 -0.59584 1.574 1.4281 0.3283 1.2168 1.1407 -1.5737 0.68563 -0.22361 0.34153 -0.27825 -0.3895 -0.17461 -0.42608 -1.2211 0.3302 0.78034 -0.5041 -0.93253 -0.50496 -0.18438 -0.22367 0.27113 -0.53741 -0.92932 0.68161 1.11 -1.3863 -0.44787 1.2204 -0.52833 -1.2348 2.4609 -0.18832
1.5163 -0.70247 -1.0595 -0.49141 -1.0071 -0.61675 0.77052 0.71945 0.87592 1.4402 0.4807 -2.1279 0.61478 -0.22313 0.49442 -0.35357 -0.7083 0.14839 0.13375 -1.627 0.045163 1.3983 -0.62475 -0.95467 0.66903 -0.22444 -0.12454 0.15709 -0.245 -0.666 0.37373 0.86946 -0.96977 -0.33351 0.76496 -0.1049 -0.34484 2.0061 -0.16335
1.4168 -0.49738 -1.5701 -0.82751 -0.49275 -0.4599 0.10572 1.3672 1.2172 0.77397 0.060598 -1.5054 0.57703 -0.11063 0.49306 -0.36227 -0.90913 0.19999 0.38098 -2.1173 -0.019184 1.5427 -0.55573 -1.0332 1.2322 -0.32265 0.1643 0.16805 0.20936 -0.21306 0.12779 0.47707 -0.33427 -0.002376 0.18497 0.46728 0.65626 1.135 -0.11675
0.56745 -0.6239 -1.6516 -1.1642 -0.64858 -0.67393 0.2652 1.0806 1.468 0.52187 -0.36514 -0.40265 0.60471 -0.060666 0.57007 -0.31478 -0.91862 0.13161 0.43033 -2.3053 0.14514 1.3433 -0.29578 -0.62023 1.392 -0.35436 0.31552 0.091421 0.55013 0.30328 -0.2022 -0.047417 0.55899 -0.010033 -0.33659 0.99994 1.2769 0.024669 -0.054872
1.0707 -0.36884 -1.2066 -1.2082 -0.33797 -0.31208 0.21395 1.0941 2.0475 0.83483 0.9294 -0.42127 0.55658 0.04267 0.61887 0.12904 -0.70206 0.067391 0.35185 -1.5715 0.28729 1.198 0.27469 0.16824 1.4415 -0.32302 0.38436 0.068567 0.55855 0.69849 -0.39824 -0.36641 1.1202 -0.12888 -0.67769 1.2366 1.5145 -0.73673 0.014995
1.3781 -0.34237 -1.4314 -1.4883 -0.90636 -0.25364 -1.5694 1.1244 2.0403 0.59328 -0.18366 -0.56952 0.36331 0.36139 0.60408 0.52549 -0.20435 -0.1883 0.051562 -0.79463 -0.11556 0.87348 1.0148 0.91467 0.59752 -0.31972 0.2226 -0.1176 0.40558 0.85577 -0.54483 -0.59959 1.4029 -0.41065 -0.94283 1.105 1.1112 -0.90623 0.054867
1.2752 -0.21311 -1.4369 -1.4505 -0.65174 -0.05071 -1.4289 1.5451 2.3374 1.233 0.050376 -0.66538 0.32049 0.48228 0.60609 0.35955 0.12594 -0.42123 -0.14855 -0.6397 -0.12222 0.36939 1.3376 1.1297 0.10271 -0.31332 -0.061118 -0.36019 0.21017 0.73879 -0.71511 -0.61196 1.3165 -0.77042 -1.1707 0.62753 0.62214 -0.6714 0.03907
1.4376 0.0053592 -0.96512 -1.3503 -0.69917 -0.35078 -0.67507 1.1493 2.6708 1.5925 0.76716 -0.2407 0.37458 0.18797 0.36002 0.39857 0.37187 -0.68803 -0.49319 0.029835 -0.41908 -0.20338 1.4468 1.0482 0.18746 -0.26287 -0.22263 -0.50424 0.2279 0.50161 -0.78454 -0.32564 0.9537 -0.59371 -1.4093 -0.021075 -0.223 -0.22644 -0.047077
1.5564 -0.0012724 -0.88794 -1.0438 -0.77578 -0.68675 -0.26851 0.97693 2.315 1.7203 1.4382 -0.55449 0.3225 0.0093461 0.072975 0.62083 0.48205 -1.0752 -0.57362 0.64357 -1.0138 -0.69965 1.3364 1.3034 0.25366 -0.28271 -0.31259 -0.43507 0.41005 0.45587 -0.51899 -0.04521 0.46397 -0.18946 -1.3971 -0.47996 -0.84558 -0.10362 -0.30464
1.2737 -0.014118 -1.294 -1.1031 -1.3366 -0.718 -0.95452 0.94372 1.9322 1.9628 1.2501 -0.275 0.28014 0.14282 -0.065383 0.85949 0.61889 -1.3877 -0.37531 0.4621 -0.78671 -1.5254 0.93961 0.39286 0.040766 -0.41686 -0.42834 0.11424 0.49916 0.75256 0.2779 0.12588 -0.22537 0.45904 -0.96727 -0.71331 -1.0135 0.47787 -0.75254
1.4586 -0.081099 -0.67637 -0.9089 -1.4813 -0.80895 -0.50609 0.63929 1.6803 2.3171 1.6186 -0.36413 0.21162 -0.13675 0.011487 0.96686 0.91289 -1.0855 -0.29994 0.058542 -0.28695 -1.8774 0.55778 -0.18342 -0.05362 -0.76833 -0.61167 0.67939 0.34058 1.1781 1.3307 0.12697 -0.56262 0.93278 -0.3655 -0.89683 -0.93556 1.1604 -1.0404
1.3353 -0.30577 -0.57188 -1.0273 -2.426 -0.80574 -0.80485 -0.085723 1.1519 2.1094 1.2303 -0.35756 0.0373 -0.62069 0.6058 1.2459 1.656 -0.15967 -0.38879 -0.14835 0.10164 -1.6264 0.31578 -0.17448 1.3027 -1.3349 -0.70976 0.65833 -0.26531 1.0732 1.6419 0.0011386 -0.54005 0.74096 0.41788 -1.1104 -0.14826 1.5114 -0.8292
1.6901 -0.082254 -0.027211 -0.54202 -2.2073 -0.48836 -0.33438 1.0253 0.1155 2.3491 0.47285 -0.60626 -0.052839 -0.87086 1.0042 1.1231 2.3081 0.86499 -0.3235 -0.19955 0.32668 -1.4066 -0.25496 -0.22793 1.9825 -1.6416 -0.26724 -0.074248 -0.8674 0.27565 1.1105 0.096095 -0.20436 0.40925 0.95285 -1.0057 0.36619 1.0493 0.052724
1.0361 0.17633 0.18118 0.02641 -1.6886 -1.0841 -0.5478 0.94392 0.15258 2.1079 1.0511 -0.29215 -0.4667 -0.95555 0.6659 0.23571 2.0576 0.79157 -0.36558 -0.51184 0.3265 -0.88519 -1.003 0.12493 2.1016 -1.4291 0.33701 -1.3174 -1.4953 -1.1098 -0.066817 0.2732 0.36817 0.018892 1.2833 -0.60157 0.65538 -0.15943 1.2481
0.29699 0.84242 0.44058 1.2525 -0.66035 -1.3583 -0.87152 1.0622 0.34792 2.1678 1.6045 1.6967 -1.13 -0.51689 -0.15433 -0.30704 1.2647 0.56836 -0.12838 -0.18823 0.39013 -0.25713 -0.91331 0.37308 1.6792 -0.62865 0.90289 -2.1554 -1.4198 -2.2004 -1.1515 0.61218 1.1966 -0.20649 1.2362 -0.037796 0.5294 -1.3852 2.2395
0.265 0.81698 -0.010973 1.5355 -0.33759 -0.93659 -1.1721 0.95565 -0.02287 1.607 0.86354 1.6273 -1.1648 -0.09194 -1.2643 -1.1041 -0.020498 -0.15316 0.042242 0.56786 0.11741 0.47873 -0.64217 0.79132 1.1104 0.34054 1.0347 -2.0535 -0.65093 -2.5158 -1.2914 1.0012 1.9028 -0.5811 0.57508 0.34362 -0.19779 -2.4913 2.5759
0.57013 -0.071427 -0.7327 0.73147 -1.7514 -1.1939 -1.0734 0.5695 0.39248 0.93199 1.739 1.0425 -0.81043 0.57679 -2.0397 -1.1174 -1.0167 -0.89703 0.66233 1.6471 0.050319 0.49303 -0.54604 0.46117 -0.37704 1.3882 0.52341 -0.99084 0.36804 -1.9304 -0.56816 1.3527 1.8143 -0.67157 -0.2131 0.10805 -0.98164 -2.293 2.0345
1.2233 -0.77197 -0.66803 0.036574 -2.0115 -0.67029 -0.4573 0.9706 0.45705 1.5994 1.2003 0.69326 -0.18386 0.65051 -2.2107 -0.69465 -1.7917 -0.97999 1.1875 2.3759 -0.59658 -0.056896 -0.50137 -0.30523 -1.9916 2.065 -0.46626 0.48047 1.2147 -0.80636 1.2092 1.5495 0.81495 -0.53981 -0.88361 -0.64107 -2.0796 -1.213 0.96886
1.2796 -1.1662 -1.322 -0.44116 -1.9759 -0.76205 0.80988 1.4155 0.99841 1.9585 1.9203 0.79165 0.17477 0.20424 -1.5228 0.23993 -1.6774 -0.12721 1.933 2.5354 -0.51781 -0.42902 -0.79005 -0.98291 -1.4849 2.0654 -1.3522 1.5584 1.27 0.21946 2.7931 1.1308 -0.88619 -0.6938 -0.7988 -1.4315 -2.0262 0.36213 -0.19132
1.3162 -1.2158 -0.70379 -0.33467 -2.1644 -0.26789 1.3578 0.82104 0.69213 1.2787 1.6569 -0.032792 0.46075 -0.86604 -0.62619 0.70324 -1.2859 1.7818 2.4248 1.7433 -0.61301 -0.89774 -1.8897 -2.5175 -0.83817 1.6958 -1.5871 1.7327 0.78148 0.91677 3.3367 0.48968 -2.2867 -0.91674 -0.22195 -1.6921 -1.2518 1.0531 -0.92318
0.77412 -0.97176 -0.32011 -0.59626 -1.4528 0.40931 1.5157 -0.22835 -0.44515 1.1524 0.40425 -0.4734 0.61684 -1.4629 0.070701 0.78302 -0.82849 3.0974 2.245 0.16487 -1.2487 -0.74724 -2.8708 -2.36 -0.22923 1.2389 -1.0778 1.1607 -0.14058 1.0967 2.6573 -0.41649 -2.7527 -1.1115 0.51008 -0.77766 0.16352 0.81654 -1.1002
0.54528 -0.86893 0.20801 -0.72126 -0.77866 1.7151 1.5129 0.58716 -0.50147 0.16361 -0.37102 0.36833 0.82833 -1.801 0.21968 0.63242 -0.39049 3.8318 1.9823 -1.0514 -1.9621 -0.35594 -3.0238 -2.0441 -0.47939 0.86519 -0.074709 0.42074 -0.70155 1.191 0.94627 -1.277 -2.0133 -0.90701 1.0835 0.94957 1.8686 0.43627 -0.97251
-0.68172 -1.0717 -0.22609 -1.2214 0.97127 1.6679 0.83243 0.24391 -0.50936 -1.1929 -1.7629 0.25279 0.9619 -1.557 0.21694 -0.014797 0.057741 3.9613 1.3376 -1.616 -1.9443 0.36795 -1.8776 -0.90595 -0.0088805 0.55822 0.54142 -0.10054 -0.86982 1.266 -0.74945 -1.6502 -0.59437 -0.74017 0.77986 2.3825 2.1024 -0.13735 -0.80107
-0.37804 -0.8361 -0.11567 -0.94081 2.0454 1.53 -0.18117 -0.49435 0.17949 -1.0161 -0.40673 0.51109 1.0649 -0.96718 0.08614 -0.3371 0.64116 3.1624 0.3836 -1.4295 -1.9776 0.80782 -0.43663 0.37149 -0.071942 0.3368 0.99139 -0.22047 -0.47232 1.2034 -2.2046 -1.4691 0.71476 -0.19769 0.24159 3.0147 1.7458 -0.027262 -0.60602
-1.0043 -1.0332 -0.46487 -0.60925 2.4365 1.5736 0.0086512 -1.53 0.56872 -1.0889 -0.085372 -0.63985 0.98173 -0.75006 -0.047232 -0.51615 1.1747 1.9733 -0.17842 -0.85826 -2.6362 0.30114 0.77543 0.50097 -0.73173 0.10345 0.87149 -0.28526 0.01636 0.76577 -2.9223 -0.93498 1.4534 0.44052 -0.29717 2.3492 0.4669 0.048485 -0.38913
-0.56031 -0.83739 -0.53544 -0.16777 2.6005 1.6765 -0.24072 -1.5823 0.63864 -0.16323 0.17764 -0.0079267 0.99411 -0.14144 -0.056143 -0.086606 1.4457 0.55976 -0.12931 -0.012036 -1.9804 0.18564 1.9087 0.6307 -0.1912 0.03383 0.60594 -0.25336 0.28873 0.096531 -2.6365 -0.34086 1.2722 1.311 -0.36459 1.2032 -0.42728 0.6923 -0.18065
-0.47287 -0.86644 -0.43656 0.042436 2.4263 1.2091 0.15915 -1.8849 0.28275 0.55807 0.22771 -0.069184 1.0167 -0.15557 -0.24041 -0.10872 1.1813 -0.38777 -0.23378 0.57764 -1.0941 0.064075 1.82 -0.13431 0.1327 0.030041 0.35379 -0.2457 0.34964 -0.48692 -1.7094 -0.02445 0.75516 1.8412 0.12437 -0.16876 -0.47743 0.88238 -0.036319
-1.1542 -1.0795 -0.56765 0.42058 2.1876 1.5859 0.30747 -2.5631 -0.48476 0.080886 -0.88436 -0.49363 0.97565 -0.00089526 -0.28639 0.048429 0.83484 -0.75603 -0.2578 0.39102 -0.2451 0.17084 1.5201 -0.14145 0.89677 0.058204 0.14772 -0.10882 0.16527 -0.75091 -0.58751 0.10446 0.049838 1.5198 0.45016 -1.046 -0.16243 0.62835 -0.013603
-0.64337 -1.0534 -0.11633 0.41921 2.0306 1.4645 0.45062 -1.9579 0.46459 0.90259 -0.27971 0.3884 1.0636 -0.0798 -0.38698 0.13036 0.51861 -0.67938 -0.16613 0.43966 0.0074435 0.57235 0.58577 -0.04066 0.51463 0.028225 0.3065 0.22385 0.11449 -0.68141 0.32167 0.26759 -0.29837 0.9698 0.40664 -1.0507 0.34578 0.22544 -0.06276
-0.75326 -1.1251 -0.56439 0.43221 1.6131 1.1355 0.49806 -1.9155 0.78339 0.79347 -0.19077 0.18618 1.0645 0.1338 -0.18297 0.13022 0.29135 -0.44074 0.03633 0.13921 0.36935 0.87446 0.31123 0.26626 0.88774 0.011407 0.31085 0.45275 -0.1638 -0.61072 0.7539 0.37722 -0.31183 0.44771 -0.12483 -0.98019 0.094352 -0.48646 -0.13338
-0.81619 -1.2358 -0.45975 0.45093 1.6122 1.3035 0.20766 -1.7212 0.81384 0.84605 0.047429 0.55707 1.0102 0.41955 0.1269 0.082734 0.10535 0.062215 0.13681 0.086165 0.45373 0.5645 0.20013 0.32851 0.58169 -0.055808 0.47146 0.52528 -0.39373 -0.62247 0.55823 0.30174 -0.32328 0.57623 -0.68731 -0.82767 -0.086551 -0.5691 -0.14263
-0.63344 -1.1935 -0.26184 0.53109 1.8814 1.4022 0.54798 -1.8703 1.175 0.44026 -0.01285 0.18656 1.0141 0.40091 0.30171 -0.26548 -0.16583 0.31464 0.32221 -0.076664 0.39436 -0.080921 -0.36429 -0.14633 -0.15075 -0.13246 0.50481 0.32964 -0.62255 -0.6968 0.0061554 0.014811 -0.11396 0.93506 -1.0747 -1.2616 -0.28745 -0.68306 -0.16357
-0.46787 -1.0209 -0.26701 0.49438 1.8181 1.4304 0.37206 -1.7084 1.0584 0.88417 0.074693 0.88486 1.0284 0.77125 0.35069 -0.48049 -0.48344 0.0069239 0.27519 -0.11985 1.1018 -0.37824 -0.83541 -0.0050286 -0.14942 -0.14869 0.50025 0.12356 -0.66581 -0.79743 -0.98783 -0.524 0.29933 1.2445 -0.907 -1.3789 -0.19017 -0.062497 -0.17937
-0.39727 -0.874 -0.4057 0.51452 2.345 1.7667 0.53089 -1.8686 0.28418 0.56099 -0.51787 0.12622 0.93271 1.0117 0.32104 -0.8656 -0.79249 -0.41414 -0.0082429 -0.0046331 1.8343 -0.88998 -1.8353 -0.12673 -0.16346 -0.2276 0.6047 0.14233 -0.27638 -0.7168 -1.7846 -0.95738 0.56651 1.147 -0.20108 -0.79429 0.1937 0.57792 -0.26046
-0.12331 -0.80849 -0.83236 0.0031725 2.1096 1.6207 0.24063 -1.2291 0.54696 0.39545 -0.36247 0.042894 0.94502 1.1585 0.34961 -0.98324 -1.1594 -1.492 -0.72426 0.63371 2.1109 -0.91722 -1.9736 -0.052645 0.44263 -0.3213 0.55033 0.39586 0.38122 -0.37174 -2.2692 -1.1597 0.13372 0.15015 0.43608 0.41208 0.37981 0.68661 -0.49682
0.38222 -0.95412 -1.2514 -0.2238 1.1159 1.3273 0.26335 -0.14998 0.4148 -0.43008 0.24293 0.27509 0.90994 1.4683 0.56956 -0.58243 -1.2458 -2.3916 -1.0496 0.66696 2.0816 -0.22609 -1.4845 0.24959 0.71983 -0.50095 0.14809 1.1388 1.2484 0.33228 -2.0452 -0.95588 -0.75616 -1.1127 0.48191 1.6482 0.30866 0.33502 -1.0545
0.58917 -0.95128 -1.3783 -0.43893 1.1294 1.2455 0.44993 0.44299 -0.51332 -1.6653 -0.22973 0.48119 0.76162 1.6912 0.96558 0.15664 -0.98958 -3.3949 -1.4704 -0.20485 1.2752 0.20344 -0.18275 0.53939 0.79819 -0.87991 -0.74174 1.6735 1.832 1.0695 -0.66605 -0.21779 -1.5436 -1.6926 0.1045 2.2427 0.012639 -0.24773 -1.635
0.91741 -0.65264 -1.2451 -0.86594 -0.41088 0.18938 1.8524 0.1134 0.11303 -1.0291 -0.16705 1.124 0.71046 1.0593 2.1349 1.1196 -0.21232 -3.421 -1.5038 -1.1226 0.14862 -0.44115 0.67675 0.17203 0.32773 -1.7909 -1.662 1.6819 1.7165 1.7069 1.0735 0.37088 -1.437 -1.6892 -0.5357 1.9706 -0.29062 -0.61042 -1.8054
1.605 -0.20854 -0.71613 -0.87024 -1.0696 0.47092 0.75398 0.34864 1.0276 -0.0020118 0.30012 1.256 0.47405 -0.16876 2.6839 1.9164 0.4527 -2.2751 -0.92622 -1.5909 -0.12825 -0.58731 1.5939 0.0075796 0.11376 -2.5336 -1.9341 0.20899 0.6214 1.8969 2.7533 0.75346 -0.54599 -0.37716 -0.81571 0.7378 -0.58268 -0.70128 -1.0085
1.942 0.17124 -0.17259 -0.62663 -2.1867 -0.068625 -0.72702 -0.58838 0.54051 0.69768 0.26273 0.34821 -0.029835 -1.0422 2.843 2.0517 1.4275 -0.8935 -0.6026 -1.5452 -0.41591 -0.94293 1.7074 -0.050394 -0.2059 -2.8291 -1.2611 -2.0406 -0.75172 1.2758 3.2122 0.29213 0.62048 0.87994 -0.50125 -0.6531 -0.48012 -0.35947 0.77743
0.79856 1.6095 0.49917 -0.020957 -2.1706 -0.23878 -1.3957 -0.60302 -1.0367 0.2833 -0.20453 0.26135 -1.0682 -1.2629 1.0029 0.96126 1.9623 0.63988 -0.45567 -1.1085 0.8521 -1.2416 0.80969 -0.48095 -0.38908 -2.123 0.22558 -3.4235 -2.0242 0.19993 2.2726 -0.27166 1.3565 1.3714 0.19821 -1.4488 -0.19931 -0.12916 2.438
-0.46007 1.358 1.0317 0.26558 -0.89893 0.51466 -0.76492 0.56327 -0.69657 0.51352 0.10029 0.84721 -1.4944 -1.0027 -0.81994 0.055096 1.5713 1.3053 -1.1736 -0.13496 1.3426 -1.1544 -0.32581 -0.51663 -0.17467 -0.63697 1.7861 -3.7639 -2.7084 -1.1791 0.46712 -0.63411 1.2689 0.96179 1.21 -0.92156 0.097225 -0.049769 3.4125
-0.47794 1.6506 0.86629 1.2539 -0.081562 0.027053 -0.11695 -0.2984 -1.4101 0.23052 -0.33877 0.62865 -1.5771 0.2861 -1.8537 -1.234 0.78308 0.99671 -1.1748 0.41175 1.6108 -0.063846 -0.44462 -0.14836 -0.18384 0.63187 2.466 -2.277 -2.4424 -1.965 -1.4039 -0.64786 0.87675 -0.44754 1.848 0.31995 0.37989 0.15053 3.0098
0.37427 -0.6823 -0.75206 1.1836 -0.17976 -0.65223 0.27823 1.7856 -0.65166 0.30684 -0.65087 0.70037 -0.67719 1.8947 -2.7314 -2.4007 -0.31873 -0.18369 -1.4841 0.2265 1.0445 0.99524 0.37971 -0.03142 -0.42786 1.7584 1.9457 -0.5133 -1.511 -1.8976 -2.1632 0.091117 0.44055 -1.0559 1.7625 1.2326 0.56292 0.50324 1.5845
0.90706 -0.96319 -0.34606 0.50597 -0.3865 -1.6136 -0.59065 1.2112 -0.65746 -0.30513 -0.081627 0.58247 0.10361 2.41 -2.2768 -2.8161 -0.98896 -1.3369 -1.5683 0.45455 0.16204 1.5405 1.0928 0.0091788 0.028531 1.9403 0.21164 1.1293 0.063213 -1.1584 -1.31 0.66758 0.54187 -1.4342 0.48028 0.94082 0.93195 0.78736 0.075526
2.2163 -0.39683 -1.5306 0.20187 -1.5468 -1.1507 -0.78186 0.84546 0.14254 0.36719 0.13536 -0.14859 -0.11542 1.9777 -1.5613 -2.2512 -1.3051 -1.7139 -0.80341 0.71096 0.071546 1.7222 1.4457 0.49182 0.73274 1.4787 -1.5783 1.686 1.4781 0.022598 0.67005 1.5002 1.1299 -1.1613 -1.042 -0.21425 0.95831 0.55569 -0.85711
2.6637 -0.71629 -2.278 -0.37113 -2.0487 -1.5903 -0.76213 0.69208 0.42558 1.2275 -0.37455 0.20011 0.14233 0.69032 -0.3345 -1.1815 -1.0185 -0.77824 -0.21738 1.2404 -0.61726 0.57844 0.9538 1.392 0.83153 0.90415 -2.5307 0.99004 2.5283 0.95943 2.3831 1.8388 0.89376 -0.83942 -1.9939 -1.1578 0.69658 -0.13808 -0.70645
2.0593 -0.79916 -2.3469 -0.26007 -1.967 -1.4188 0.93249 0.54397 1.3245 1.7596 -0.11731 1.4401 0.14028 -0.51239 -0.5622 -0.1925 -0.25378 0.81666 0.76224 2.086 -0.76167 -0.69141 -0.029712 1.1302 0.2917 0.77883 -2.3616 0.24743 2.8095 1.5838 2.8673 1.607 0.049493 -1.0994 -1.8401 -1.3783 0.0097862 -0.77916 -0.21086
2.104 -0.84943 -2.0117 -0.038002 -1.9633 -1.1112 0.92345 0.85993 0.8332 1.307 0.39328 1.467 0.1276 -1.5872 -0.93134 1.3314 0.3957 1.9822 1.2311 1.545 -1.0053 -1.4048 -0.61741 1.0361 -0.051203 1.0559 -1.4203 -0.23137 2.2352 1.5445 1.8698 1.1129 -1.4847 -1.3127 -0.49938 -0.88311 -0.862 -1.0516 0.12702
1.1294 -1.1576 -1.7787 -0.29308 -0.64961 -1.3623 1.1606 0.98309 -0.71247 0.45272 1.915 0.95069 0.6059 -1.7751 -0.79997 2.2453 1.1379 2.4244 1.6024 0.64025 -1.8125 -1.1177 -0.6766 0.68568 -0.43954 1.0347 -0.42224 0.22817 1.1355 1.0753 0.38647 0.4153 -2.5084 -1.5423 1.1903 0.042025 -1.3553 -0.50401 -0.013716
0.71234 -1.3094 -0.66691 0.20838 0.67745 -0.12913 1.6827 -0.3451 -1.7773 -0.44557 0.74839 -0.1076 0.82038 -1.6175 -0.6438 2.1761 1.3576 2.0121 1.5289 -1.0377 -2.5754 -0.24493 -0.59738 -0.058314 -0.97463 0.99868 0.31265 0.67825 -0.31437 0.4396 -0.75244 -0.10069 -2.3884 -1.01 2.3201 0.80273 -1.6257 0.38706 -0.48347
0.3918 -1.3701 -0.091717 0.56425 0.33656 0.30115 0.57576 -0.47609 -0.8824 0.82052 0.7927 0.11024 0.8937 -1.3663 -0.27892 1.7088 1.4056 1.5344 1.4191 -1.6806 -2.8966 1.2145 0.016154 -0.95051 -0.29654 0.78394 0.48069 0.78937 -1.3487 -0.43371 -0.97522 -0.81877 -1.5732 0.43172 2.1123 0.83843 -0.74055 1.1264 -0.71262
0.3968 -1.4604 0.33168 1.1682 0.60449 0.12632 0.50261 -1.61 0.24592 1.2352 0.27993 0.85145 0.99302 -1.1364 0.072844 0.95347 1.14 0.96272 1.1221 -2.1114 -2.3716 2.2702 0.67947 -1.2974 0.65288 0.33676 0.47872 0.78117 -1.5754 -1.1751 -0.30175 -1.0963 -0.14658 1.8563 0.73 0.013895 0.75021 1.1774 -0.74417
-0.05764 -1.3493 -0.050875 1.2454 0.19511 0.24475 -0.61994 -2.1408 1.2316 0.62259 0.21742 0.47398 0.99622 -1.0119 0.31321 0.09183 0.39085 1.0548 0.20461 -2.0018 -1.0822 2.0327 0.40273 -0.13208 1.037 0.1206 0.55563 0.65727 -1.4177 -1.7962 0.090535 -1.0273 1.0488 2.9399 -1.1503 -0.95033 1.8676 0.13534 -0.55791
0.043869 -1.116 -0.026343 1.3045 0.69676 0.55463 -0.7915 -2.0574 1.6327 0.65775 -0.22594 0.94466 1.0104 -0.79503 0.51638 -0.24457 -0.46284 1.6568 -0.0064585 -1.1895 0.057381 0.87229 -0.79349 0.98244 0.75327 0.030141 0.92579 0.53882 -1.0808 -1.9698 -0.11059 -0.75454 2.3078 3.1076 -2.3606 -1.151 2.0023 -0.71207 -0.38173
-0.73342 -1.1756 -0.28582 0.92418 1.3822 0.42654 -0.93593 -1.7551 1.4745 0.9821 0.15235 1.1982 0.96198 -0.37779 0.72498 -0.5984 -1.3542 1.3491 -0.024678 -0.052078 1.4887 -0.47999 -1.2623 1.5237 -0.086846 -0.037418 1.2926 0.4488 -0.76146 -1.6439 -1.2048 -0.51939 2.5531 2.5321 -2.2571 -0.58701 0.91577 -1.0155 -0.45196
-0.60829 -1.0515 -0.23732 0.65134 2.1406 0.02761 -0.80668 -1.3544 0.81551 0.34808 1.0808 0.84981 0.95554 0.47356 0.87217 -0.91757 -1.8934 0.58932 -0.23923 1.5329 2.2617 -1.39 -0.92165 1.7496 -0.26141 -0.25096 1.379 0.40931 -0.38465 -0.97496 -2.3073 -0.76916 1.9589 1.4546 -1.1526 0.31539 -0.47057 -0.75323 -0.63969
-0.43135 -0.87331 -0.13751 0.095614 2.373 0.26553 -0.7732 -0.64416 0.65052 -0.11736 2.2561 1.1084 0.97829 1.0417 0.97298 -1.1336 -2.1526 -0.74867 -0.6963 1.7489 2.6403 -1.5369 -0.78993 1.255 -0.55344 -0.52834 1.0117 0.80169 0.33962 -0.014818 -2.5991 -0.92299 0.26525 0.026054 0.11312 0.8693 -1.7747 -0.41074 -1.0975
0.049131 -0.6383 -0.76343 -0.48921 1.4807 0.21072 0.52501 -0.0209 -0.16856 -0.40784 1.5481 0.291 0.96817 1.3622 1.1566 -0.76706 -1.9942 -1.7583 -1.1751 1.828 2.2581 -0.99742 -0.40333 0.2024 -0.57396 -0.84199 -0.055643 1.137 1.3038 1.2417 -1.9889 -0.55375 -1.2373 -1.2456 0.70692 0.7738 -2.7006 -0.44598 -1.6056
0.8691 -0.3722 -1.4814 -0.96546 0.55502 0.019342 1.4878 0.40536 -0.43162 0.063036 1.8501 0.47807 0.6374 1.283 2.0772 0.01985 -1.3279 -2.5041 -1.3612 0.31543 1.5515 -0.43592 0.26077 -1.1429 -0.78943 -1.6596 -1.0457 1.1867 2.0304 2.334 -0.582 0.42972 -1.7365 -1.7595 0.66765 0.6631 -2.2575 -0.28214 -1.7983
1.0187 -0.23177 -1.3659 -1.2389 -0.1308 -0.66135 0.61443 1.0436 -0.24051 0.11925 1.0095 0.66009 0.417 0.24425 2.4385 1.1743 0.16515 -2.3828 -0.99108 -0.25427 0.44997 -0.46223 0.1359 -2.285 -1.0745 -2.4912 -1.8427 0.68705 2.0967 2.9336 0.9796 1.4542 -1.7827 -1.7427 0.18651 0.21594 -0.99789 0.018864 -1.4207
0.70529 -0.037957 -0.65176 -1.3394 -0.21827 -1.4202 0.98456 0.56391 0.29101 0.35595 0.74398 0.54946 0.14958 -0.56164 2.5431 2.0525 1.4074 -1.5721 0.045551 -0.71693 0.21135 -0.40811 0.29236 -1.8767 -0.89859 -2.8464 -1.748 -1.0365 1.117 2.28 1.487 2.0428 -0.62176 -1.5342 0.13169 0.053719 0.38048 0.52982 0.025757
1.0959 1.5797 0.34077 -0.73287 -0.88275 -1.3198 -1.3686 0.42482 0.10485 0.31431 -0.025047 -0.24693 -0.84325 -1.5309 2.2047 2.5094 2.4683 -0.34743 0.95359 -1.2557 -0.37272 -0.61798 -0.00032792 -1.3664 -0.49812 -2.7312 -0.71584 -2.5951 -0.41442 0.66626 0.91614 1.5113 0.17181 -1.1752 0.59066 0.30292 1.0579 0.98068 1.797
-0.54065 1.438 1.2326 0.6752 -0.82676 -0.25274 0.17356 -0.12531 -0.80663 -0.4601 -0.91408 -0.38068 -1.4577 -1.4484 0.26746 1.6382 2.053 -0.6661 1.6466 -0.45104 -0.94176 -0.078986 0.40916 -0.86827 -0.0095489 -1.4941 0.089801 -3.0073 -1.608 -0.83429 0.36515 0.0074979 0.93542 -0.95656 0.99831 0.36919 1.1596 0.82305 2.7567
-0.24943 1.6197 1.0276 0.93983 -0.67682 0.67524 0.66669 0.95946 -0.94488 0.3893 -0.031828 -0.36334 -1.5643 -0.79037 -1.2511 0.5304 1.1706 -1.0814 1.1519 -0.059876 -1.1956 0.60906 0.67779 -0.74332 0.47274 -0.026121 0.79722 -1.7408 -1.9316 -1.6438 0.21517 -1.3852 0.96393 -0.26063 1.0135 0.12019 0.90914 0.42209 2.4782
-1.1835 1.429 1.3934 1.6507 0.3661 0.6266 -0.73425 0.013652 -0.98349 0.15012 0.35448 0.61219 -1.6792 -0.73891 -1.3234 -0.25412 0.40506 -0.51359 -0.043243 0.54683 -1.1838 1.064 0.69188 0.054559 0.28477 0.61962 0.7596 0.36166 -1.1228 -1.2868 0.75942 -1.7605 0.35484 0.32709 0.23211 -0.75395 0.36516 -0.11359 1.0152
-0.40823 -0.79393 0.36817 0.14817 -2.0145 0.58844 0.21051 -0.51491 0.79453 0.95173 -0.47048 0.61744 -0.40549 -0.22538 -0.23713 -0.50348 0.033659 -0.021515 -0.90752 0.16432 -0.73551 0.92786 0.077302 -0.070043 0.20207 0.54379 0.27552 1.8304 -0.6752 -0.81662 1.0638 -1.019 -0.0008034 0.98918 -0.64684 -1.1682 0.17511 -0.66199 0.13178
0.21399 -0.45201 0.34939 -0.017817 -2.1596 -0.69973 0.13419 -1.0803 1.2866 0.92356 -0.87284 0.41068 -0.10627 -0.14867 0.436 -0.14704 0.071766 0.25609 -0.76168 0.13195 -0.53849 0.25002 -0.89568 -0.50071 -0.12431 -0.0043174 -0.26503 2.2707 -0.41076 -0.20327 1.2109 0.14898 -0.50986 1.3224 -1.3156 -1.1237 0.21191 -0.63528 0.28006
-0.95108 1.529 0.62653 0.74882 -0.65328 -1.1076 -0.094494 -0.64925 0.55818 0.42531 0.20547 -0.64794 -1.1811 -0.5073 1.2782 -0.9084 -0.27889 0.57316 -0.48068 0.12807 0.37353 -0.32784 -0.99798 -0.12956 -0.69631 0.51662 -0.61326 1.3173 -0.35253 0.05802 0.9947 1.138 -0.31624 1.2745 -1.1072 -0.34781 0.69198 -0.30549 0.76592
-1.0226 1.7476 0.8179 1.3973 -0.071412 -0.47271 0.73332 -0.047647 -0.44571 -0.60934 -0.80167 0.19115 -1.4041 -1.1409 2.1473 -0.89524 0.16304 1.5121 0.029647 -0.47739 0.78689 -1.0461 -1.1471 0.49171 -0.58492 1.1231 0.45556 -0.7427 -0.61161 -0.2763 -0.0059204 1.2182 0.015287 0.88092 -0.26666 0.7384 0.65777 0.63827 1.2751
-0.49338 1.3317 1.0201 1.0207 -0.32634 0.41575 0.067937 0.055982 -0.64275 -0.51936 -0.48997 0.10722 -1.4936 -0.99452 1.3612 -0.85369 0.10853 1.2565 0.91216 -0.18431 1.0361 -0.72765 -0.55462 0.77094 -0.21085 1.3192 1.6976 -2.6747 -0.609 -0.72404 -0.94756 0.65948 0.19462 0.040954 0.28052 1.1584 0.57561 1.0953 0.89317
-1.8095 1.3243 -1.0512 0.032312 -0.2765 -0.32727 -0.56861 0.014017 -0.17698 -0.12978 0.085684 -0.16477 0.27074 1.0466 -0.98534 -1.4294 -0.66524 -0.10992 0.91369 0.30097 0.8163 -0.10144 0.39166 0.31997 0.9232 1.8234 2.3647 -3.5051 -0.60921 -1.0157 -1.1835 -0.17861 0.79512 -0.63627 0.52875 1.1379 0.36471 1.2643 0.11726
-1.68 1.5233 -0.65632 0.31253 -0.22681 -0.13596 -0.29839 0.022631 -0.18813 -0.066733 0.1122 -0.25429 1.1664 1.9268 -2.131 -1.891 -1.2971 -0.45673 0.35929 0.11206 0.44827 -0.21086 0.61809 1.0681 0.77616 1.728 1.9461 -2.8185 -0.065705 -0.6202 -0.37258 -0.75985 0.69336 -1.1905 0.21944 0.5615 0.15886 1.1096 -0.91349
-1.1886 1.8714 0.085158 0.91119 0.23941 0.40827 0.35859 0.42177 0.058407 0.10527 0.44433 -0.11002 -0.21081 2.3098 -2.6275 -1.6267 -1.1456 0.072655 -0.046545 0.95417 -0.11705 -0.19772 0.60918 1.0465 1.4944 1.1241 0.42304 -1.3405 0.64465 0.12771 0.71767 -0.58601 0.020357 -1.4088 0.1673 0.034204 0.18446 0.6126 -1.4122
1.8279 -0.19182 -1.2398 -0.0021547 -1.1503 0.29627 0.8886 0.60633 -0.14492 0.48728 -0.18101 1.1965 -0.073661 2.4171 -3.0608 -0.89182 -0.87742 0.43354 -0.094013 0.86436 -0.74859 -0.21752 0.47652 0.71234 1.7595 0.07269 -0.81241 -0.15855 1.1527 0.77014 1.0003 -0.10274 -0.86803 -1.346 0.50961 -0.032018 -0.14756 0.14182 -0.68578
1.4035 -0.82589 -1.9069 -0.745 -0.67953 0.055553 0.11589 0.31518 -1.3198 -0.26854 1.0205 0.72351 0.45354 1.6856 -3.0128 -0.61066 -0.61617 0.81653 -0.0069037 -0.052164 -1.2516 0.25518 0.502 0.85208 1.6692 0.18337 -2.01 1.2696 1.4342 1.2737 0.88545 0.15318 -1.9043 -1.0551 0.79221 -0.049717 -0.17273 -0.99388 0.011662
1.206 -0.86395 -1.5299 -0.59494 0.37723 -0.10489 1.1148 -0.5363 -0.32921 0.46294 1.0888 1.5116 0.51842 0.5606 -2.231 -0.039912 -0.027308 1.0882 0.13481 -1.1468 -1.5315 0.62959 0.57305 0.87648 0.96193 1.0002 -2.1392 2.1492 1.4866 1.636 0.49484 0.2235 -1.7107 -0.49668 0.94286 0.18383 -0.47418 -1.302 0.27937
0.64564 -1.0789 -1.6249 -0.53152 0.51257 -0.4471 0.29199 -0.96186 -0.10236 0.48125 0.67564 1.3044 0.59452 -0.92427 -0.67698 0.88295 0.96366 1.4406 0.13354 -1.8843 -1.7197 1.0347 0.42535 0.62681 -0.16035 0.68119 -1.489 2.0544 1.2072 1.5159 -0.20753 0.22619 -0.95476 0.1533 0.56179 0.10632 -0.74469 -1.1885 -0.17005
0.96238 -1.1029 -0.66775 0.25557 0.77223 0.52628 -0.4144 -1.0035 0.57405 0.5754 1.2485 1.4707 0.71459 -0.70833 -0.22644 1.4045 1.5863 1.0632 0.26742 -1.6748 -1.447 1.3628 0.86662 -0.09644 -0.010476 0.31251 -0.58219 1.2873 0.62785 0.8991 -0.69291 0.15532 0.13226 0.53651 0.15541 -0.066731 -0.62142 -0.58414 -0.60803
0.86064 -1.0037 -0.47736 0.58903 0.82165 0.6654 -1.0743 -0.93486 0.61627 0.80708 1.369 1.1016 0.74783 -0.76163 -0.18928 1.1378 1.5922 0.41576 0.36368 -1.7244 -0.99078 1.0643 0.54527 -0.10681 -0.29695 0.23044 -0.026486 0.29349 -0.075218 -0.059232 -0.90194 -0.12665 0.80124 0.62499 -0.25788 -0.30798 -0.39666 0.033518 -0.38803
0.27249 -1.075 -0.69008 0.65952 0.71895 -0.080323 -1.5051 -1.6139 0.62545 0.48164 0.79466 0.66577 0.70822 -0.72153 -0.076673 1.1166 1.449 0.25099 0.31841 -0.97886 -0.86449 0.94334 0.34203 0.036694 -0.18387 0.1633 -0.144 -0.080185 -0.28004 -0.67808 -0.60244 -0.32364 0.85345 0.48275 -0.51748 -0.72202 -0.16307 0.1254 -0.21063
0.42363 -1.0711 0.0017054 1.0821 1.1984 0.17761 -0.96594 -1.6723 0.91058 1.1407 0.79394 1.3138 0.75577 -0.96587 -0.20323 0.87064 0.92002 0.093794 -0.14324 -0.64026 -0.81136 0.7114 0.013166 -0.21105 -0.022371 0.078037 -0.037445 -0.16042 -0.030965 -0.80749 -0.23634 -0.28055 0.60169 0.46574 -0.50168 -0.60889 -0.017508 0.43102 -0.19255
-0.062137 -1.1798 -0.29824 1.243 0.78585 0.38345 -1.0647 -1.6985 1.4075 1.0158 0.94883 1.2525 0.76745 -0.89816 -0.36628 0.96223 0.5813 0.04912 -0.11463 -0.51994 -0.60754 0.46497 -0.4058 -0.36319 0.091764 0.021019 0.017257 -0.14929 0.063997 -0.70709 -0.12232 -0.25633 -0.10318 0.41154 -0.62513 -0.45183 0.12669 0.51396 -0.19073
-0.084844 -1.1264 0.23448 1.4176 0.87973 0.4224 -1.2225 -1.8546 1.3987 0.6778 1.143 1.0475 0.80839 -0.74425 -0.34061 1.1494 0.428 0.047847 0.028743 -0.76277 -0.22237 0.26214 -0.38322 0.056191 0.43087 -0.034516 0.26373 0.02055 0.17006 -0.4234 0.031001 -0.18427 -0.33797 0.26572 -0.76309 -0.11457 0.1425 0.45261 -0.16968
-0.3845 -1.3098 0.49218 1.259 0.88269 0.21812 -1.7068 -1.8642 1.4203 0.50253 0.92605 1.2501 0.77589 -0.78981 -0.2834 1.1061 0.29631 0.025076 -0.2718 -1.1428 -0.36515 -0.13068 -0.43443 0.14541 0.62507 -0.11333 0.45662 0.16981 -0.26166 -0.32553 -0.0096029 -0.22004 0.060308 0.18588 -0.65959 0.21339 -0.27491 0.27295 -0.13839
-0.47386 -1.4131 0.60829 1.1737 0.89631 0.12675 -1.8615 -1.8261 0.99315 0.22453 0.43774 0.93092 0.71942 -0.4663 -0.20401 1.1449 0.22714 0.15271 -0.42832 -1.0258 -0.41589 -0.57702 -0.24341 -0.19238 0.62084 -0.15091 0.74018 0.30729 -0.93263 -0.38855 -0.14497 0.013301 0.86728 0.38814 -0.34629 0.36109 -0.89916 -0.32789 -0.092074
-0.63015 -1.347 0.97416 1.3932 0.96299 0.038564 -2.1799 -1.851 1.1755 0.5806 1.1548 1.6201 0.67898 -0.083299 -0.11614 0.42632 0.040676 -0.034748 -0.31953 -0.28515 -0.14586 -0.48593 -0.062234 -0.77437 0.53859 -0.16222 1.1619 0.39915 -1.5341 -0.57478 -0.32892 0.22866 1.4119 0.65307 -0.10421 0.44131 -1.124 -0.95946 -0.079445
-0.77519 -1.3159 1.2729 1.609 1.1018 -0.0677 -2.2445 -2.2434 0.91862 0.80833 1.186 2.1312 0.67327 0.44446 0.15007 -0.42332 -0.21036 -0.21481 0.074281 0.53313 0.41736 -0.2776 0.15238 -1.2284 -0.21501 -0.17055 1.3096 0.32824 -1.8773 -0.66603 -0.54144 0.40812 1.4164 0.56488 -0.012631 0.41117 -1.1168 -1.0833 -0.17014
-0.52604 -1.366 1.1717 1.4828 0.90628 -0.11813 -2.23 -2.2023 0.51471 0.4674 0.45969 1.4232 0.66124 1.1714 0.28484 -1.2545 -0.62089 -0.43861 -0.081385 0.89681 0.47119 -0.4931 0.25674 -1.5166 -0.94002 -0.24192 1.2883 0.19067 -1.6584 -0.63958 -0.5956 0.4451 1.0248 0.3107 -0.23594 0.47371 -0.51098 -0.75243 -0.29329
-0.065979 -1.3057 0.42117 1.1754 0.69683 0.041742 -1.2903 -1.7412 0.93952 0.3921 -0.34877 1.4107 0.65433 1.6294 0.2088 -1.8623 -0.75921 -0.70278 0.24435 1.2114 0.3609 -0.59524 0.42328 -1.9873 -0.87657 -0.40799 0.6879 0.42411 -1.1021 -0.32401 -0.4314 0.42652 0.10942 -0.39644 -0.53762 0.42812 0.6734 0.18732 -0.69492
0.27676 -1.1336 -0.31599 0.79531 0.55751 0.44836 -1.002 -0.99615 1.0612 0.69407 -0.78329 0.61198 0.56658 2.0032 0.21177 -2.2534 -0.9495 -0.95266 0.4593 1.4169 0.48454 -0.81445 0.759 -1.3877 -0.68951 -0.55567 -0.60045 1.259 0.49101 0.32079 -0.25195 0.45179 -0.38119 -0.1794 -0.73005 -0.16439 1.5495 0.7535 -1.3096
1.2286 -1.1018 -0.80549 0.49135 0.35425 -0.37425 -1.179 -1.6547 -0.041676 0.73797 -0.80282 0.24458 0.43296 1.4621 0.97834 -2.1836 -0.68409 -0.80293 0.63157 0.47508 -0.33129 -1.2332 0.76281 0.0082704 0.026109 -1.2278 -1.8733 2.0856 2.111 0.87018 -2.4457e-05 -0.11763 -0.65183 0.45608 -0.46885 -0.76421 1.8437 0.36673 -1.6997
1.3023 -1.2319 -0.93857 0.87487 0.075098 0.51704 -0.89358 -1.9441 0.29776 1.2972 -1.0947 1.656 0.24915 0.016352 2.2457 -0.090233 -0.016197 -0.88749 0.60191 0.48116 0.48787 -1.6915 -0.28788 0.48372 0.13495 -2.1205 -2.5179 2.3551 2.9495 1.1587 0.23109 -0.46934 -0.37578 1.4631 0.11114 -1.1273 1.0658 -0.32734 -1.5431
1.9204 -1.1332 -1.5011 0.38222 -0.2575 0.54218 -0.36158 -1.5106 -0.44275 1.4796 -0.41157 1.1859 0.17443 -1.256 3.0758 1.3781 0.50723 -0.74833 -0.060646 0.35165 1.2378 -1.1296 -0.6798 0.64487 -0.55486 -2.5959 -2.1033 1.5111 2.6078 0.89079 0.29355 -0.75932 0.17945 2.1486 0.7629 -0.88121 -0.084434 -1.0668 -0.66755
0.98133 0.11791 -1.787 0.63754 -0.0097024 0.76602 -1.9309 -2.6398 -1.0923 0.88787 0.62416 1.2452 -0.78786 -1.8534 3.5486 2.0054 0.76087 -0.54707 -0.11427 0.70565 2.4927 -0.63003 -0.90392 0.35516 -1.087 -2.5681 -1.1357 -0.037395 1.2375 0.3591 0.57085 -0.44795 0.35255 1.0409 0.92756 -0.068221 -0.62965 -0.52949 0.533
-0.72629 1.4635 1.4442 1.2592 -0.61183 0.7056 0.022824 0.24657 -1.314 -0.49843 -0.44364 0.87727 -1.596 -1.9587 3.1416 2.1083 0.7014 -0.41976 -0.49561 0.70552 2.762 -0.16899 -0.79983 -0.094013 -1.5659 -2.1702 0.022846 -1.6382 -0.12164 -0.41695 0.58359 0.092966 0.56803 -0.15793 0.72674 0.57353 -0.89647 0.30351 1.5976
-1.0306 1.627 1.2643 1.3156 -0.36843 -0.5042 -0.74642 0.3178 -0.1752 0.44663 -0.29816 -0.62615 -1.7015 -1.9811 2.1456 2.0773 0.60505 0.036571 -0.058553 0.99471 1.716 -0.23362 -0.40204 -0.36937 -0.46167 -1.4013 0.86634 -2.7124 -1.4283 -0.86738 0.49309 0.42952 -0.044281 -1.6789 0.55908 0.94533 -0.50797 0.77329 2.0419
-0.3462 1.8036 0.81749 1.3481 -0.40728 -0.0052669 0.0036757 0.96001 -0.85065 0.35932 -0.60755 0.02397 -1.6003 -1.1381 0.7309 1.0907 -0.23742 0.072772 0.088551 1.3306 1.3375 0.19177 0.23424 -0.73217 -0.26312 -0.3867 1.3363 -2.5352 -1.7243 -0.78553 0.42341 0.81013 -0.47071 -2.094 0.1583 0.51945 -0.055717 0.9477 1.716
-0.75652 1.3332 0.78132 1.333 -0.61325 0.2821 -0.12324 0.6376 -0.10474 0.77044 -0.84325 0.40712 -1.5787 -0.46009 -0.29175 -0.41381 -0.48665 0.14499 0.42713 0.28627 0.025252 0.35961 0.51987 -0.31264 -0.17155 0.10939 1.3376 -1.6227 -1.3423 -0.45282 0.032114 0.45246 -0.90595 -1.3988 0.22189 -0.12654 0.59635 0.064624 0.92001
-1.3367 1.3761 1.2153 1.031 0.12789 0.95629 0.41847 -0.68476 -1.7709 0.5557 -0.11842 1.2319 -1.437 0.059108 -0.35553 -0.1804 -0.30715 0.32993 0.83737 0.096054 -0.3613 -0.13108 -0.20865 -0.23333 0.21322 0.074041 1.0742 -0.3802 -0.52991 0.12908 -0.23023 0.10728 -0.81267 -0.44815 -0.013968 -0.72978 0.94939 -0.28677 0.16966
-1.1651 1.4444 0.73945 0.29897 -0.29395 0.4868 0.23848 0.41157 -0.36144 0.48768 -0.87947 0.19988 -1.5238 0.20151 -0.32882 -0.038891 -0.25387 -0.042969 0.44525 -0.22623 -0.081849 0.3949 -0.47648 0.53317 -0.58482 -0.02325 0.48643 -0.017093 0.28866 0.33235 -0.33131 -0.5514 -0.24859 0.75147 0.4679 -0.73641 0.88627 -0.56781 0.13147
-1.2991 1.2624 0.81385 1.0764 -0.56082 0.55446 -0.18985 0.80284 -0.052584 0.32505 -0.84494 -0.38711 -1.5996 0.76597 0.044257 -0.18436 -0.092214 -0.29031 0.28447 -0.063958 0.55077 0.14954 -0.82224 0.68065 -0.66137 -0.023408 -0.1688 -0.050658 0.44542 0.30116 -0.25837 -1.0582 -0.2604 0.6254 0.63352 -0.20842 1.0139 -0.26568 0.35959
-0.12651 1.3834 0.9078 1.2218 0.29522 0.70844 -0.53078 -0.15814 -0.90439 0.18992 -0.59431 0.050574 -1.605 0.20213 -0.52104 0.17728 0.071084 -0.19694 -0.37616 -0.15109 1.0092 1.1992 -0.74183 0.94385 -0.9149 0.38834 -0.44884 -0.16837 0.21286 -0.1088 0.23971 -0.76684 -0.20448 0.11303 0.36873 0.2458 0.47725 0.50584 0.54352
-0.33744 1.2835 0.78193 0.89037 -0.89929 0.7109 0.05 0.86384 0.020244 -0.024873 0.54184 -0.20217 -1.5621 -0.28458 -0.35129 0.62174 0.13365 -0.10442 -0.82013 -0.48261 0.29352 0.79196 -0.54271 1.522 -0.18342 0.49718 -0.79157 -0.14931 -0.0022785 -0.57263 0.39025 -0.31486 -0.40539 -0.43588 0.24137 0.56385 0.0061378 0.48734 0.42625
-0.10421 1.4875 0.63313 0.91458 -0.76058 0.91532 0.27058 0.8534 -0.76395 -0.20365 -0.0090471 0.28116 -1.502 -0.19745 -0.44199 -0.0081006 -0.57753 0.31361 -0.50237 -0.44565 0.27321 0.8469 -0.13513 1.0338 0.19512 0.66686 -0.53473 0.23435 -0.19959 -0.54536 0.77069 0.40692 -0.22371 -1.0801 -0.70395 0.43703 -0.76682 0.54378 -0.012965
-1.9218 0.50848 1.6515 0.7934 0.11228 -0.16493 0.037098 0.92038 1.2085 -0.18477 0.73715 -0.4405 -0.86829 -0.66934 -0.27074 -0.098523 -0.89959 0.19434 -0.2708 -0.7491 0.10184 0.83342 0.019191 0.64453 -0.23537 0.58277 -0.15896 0.35812 -0.12935 -0.23364 0.6537 0.91963 0.082894 -0.8494 -0.98488 0.1326 -1.1859 0.16191 -0.38486
-1.3695 1.3519 1.5314 0.82171 -0.63582 -0.7777 -1.1135 0.5708 0.56237 -0.0066217 0.93006 -0.17235 -1.2835 -0.70787 -0.12276 0.12638 -0.48984 1.1275 0.13856 -0.48521 -0.93633 -0.28445 -0.14264 -0.10563 0.20773 0.32333 0.28287 0.59917 0.08658 0.44801 0.10524 0.99338 0.13823 -0.54754 -1.1879 -0.0553 -1.1383 0.22029 -0.7898
-0.36562 0.83627 0.085855 0.23375 0.35611 0.80027 -0.65777 0.83462 0.50947 0.26577 0.15251 0.14422 -1.0236 -0.35235 0.15801 0.28735 -0.3688 0.73679 0.64879 -0.31415 -0.70468 -0.69098 -0.29407 -0.20822 0.1246 -0.0032604 0.53576 0.30557 0.23702 0.95691 -0.20091 0.66599 0.25014 0.15701 -0.8042 -0.26605 -0.91855 0.29795 -0.75541
-1.132 1.2952 0.86607 -0.073197 -0.20053 0.64143 -1.0565 0.17002 0.23275 -0.039845 0.64907 -0.44717 -1.1438 0.23751 0.46116 -0.025869 0.051935 0.23249 0.97107 -0.40325 -0.35272 -0.86272 -0.12571 -0.74747 0.44905 -0.42008 0.30373 0.081469 0.4436 1.1125 -0.88922 -0.1461 0.037325 0.82219 -0.0055894 -0.32648 -0.34338 0.068508 -0.61767
-1.7005 1.1075 1.3996 0.76305 0.98997 0.82222 0.22763 -0.3889 -1.0419 -0.54116 0.088001 0.41288 -1.2527 -0.024051 0.0084165 0.46094 0.73484 0.24136 0.60764 -0.30537 0.12007 -0.54939 -0.57626 -0.81661 0.237 -0.36538 0.32815 -0.41629 -0.18692 0.92852 -0.73029 -0.63925 0.19437 0.99123 0.20782 -0.1781 -0.34598 0.05685 -0.17863
-1.0899 1.3612 1.6014 0.49446 0.031954 1.0595 -0.47692 0.55835 -0.70678 -0.48005 0.10134 -0.011038 -1.2951 -0.23531 0.10608 0.94609 1.1726 -0.35309 -0.13009 -0.43249 0.22571 -0.36236 -0.71464 -0.46951 0.2745 -0.57473 0.44493 -0.46438 -0.7898 0.13339 -0.72797 -0.87704 0.32568 0.89841 0.2148 0.0024723 -0.045654 -0.16756 0.21135
-1.1439 1.1509 1.1083 0.90899 -0.081244 0.52556 -1.4596 0.69659 0.62913 0.1729 -0.1881 0.09113 -1.4242 0.57143 -0.43678 -0.58371 0.9198 -0.39217 -0.051689 0.073137 0.90185 -0.5034 -0.40307 -1.0203 0.31096 -0.2377 0.58803 -0.14574 -1.3641 -0.57483 -0.48045 -0.54248 0.62574 0.25815 -0.0098433 0.37782 -0.10294 -0.29669 0.28567
-0.91225 1.135 1.5363 1.575 0.059838 0.45871 -1.3563 0.78213 -0.43598 -0.82276 -0.29842 0.091107 -1.5224 0.86935 -0.17808 -1.1236 0.22962 -0.86802 -0.41413 0.04399 0.9757 -0.43341 -0.23896 -0.73707 0.05141 -0.11409 0.59688 0.068022 -1.2897 -0.88317 -0.13492 -0.21101 1.0499 -0.25039 -0.096727 0.74816 -0.30198 -0.39614 0.39702
-1.2031 1.0996 1.6547 1.3244 -0.22806 0.73181 -0.73025 0.51202 -0.40914 -0.72015 -0.064706 0.32889 -1.5905 0.65001 -0.11833 -1.3006 0.070289 -0.44095 -0.31268 0.69581 0.24737 -0.52986 -0.057503 -0.88523 -0.27667 -0.095966 0.017679 0.43459 -0.45449 -0.71429 0.099913 -0.21746 0.90675 -0.79992 0.22062 1.0231 0.16729 -0.2586 0.16421
-0.27984 0.67862 -0.47561 0.94223 -0.24759 0.77027 0.037242 1.213 -1.4067 -0.52437 -1.1632 0.072133 -1.2041 0.97016 0.075861 -1.3395 -0.1509 -0.60189 -0.41543 1.3478 0.088582 -0.54624 0.64198 -1.125 -0.26064 0.048759 -0.29488 0.46498 0.25826 -0.17319 0.48467 -0.081733 0.41963 -0.88874 0.26474 1.1389 0.54156 0.020589 -0.022656
-0.33213 1.2962 0.31068 0.74305 -0.62454 0.086594 -0.25369 1.0932 -1.1978 -0.64142 -0.58847 0.34068 -1.4303 0.56443 0.24748 -1.4089 -0.3029 -0.3454 -0.47944 1.2252 -0.1635 0.01746 1.2595 -0.50542 -0.080186 -0.031669 -0.61398 0.48362 1.0616 0.10834 0.83937 0.089742 -0.69339 -0.63711 0.40087 0.77143 1.0144 0.35216 -0.17436
-0.42853 1.2286 0.15213 0.9253 -0.45567 0.59237 -0.35582 0.63833 -0.35269 -0.14278 -1.1195 -0.65827 -1.5418 0.30726 0.50681 -0.54257 0.077632 0.0062949 -0.49443 0.60454 -0.4966 -0.15065 1.4473 0.11887 -0.022035 -0.18539 -0.83536 0.16944 1.1524 0.2348 1.1401 0.6414 -1.2261 -0.60942 -0.08414 0.2174 1.0199 0.33379 -0.18956
0.35056 1.1457 -0.25154 1.218 -0.89593 -0.21073 0.38953 0.78829 -0.38811 0.82587 -1.7237 0.12645 -1.3881 -0.28529 0.56868 0.47341 0.17645 0.86131 -0.10241 -0.34365 -0.65948 0.11256 1.1178 0.45459 0.30811 -0.28319 -0.47429 -0.041139 1.2124 0.17471 0.79973 0.87392 -1.1686 -0.41682 -0.58327 -0.44823 0.54402 0.39273 -0.043401
-0.67057 1.3182 -0.27406 1.0401 -0.17706 0.15554 0.46143 0.50525 -0.74709 0.24544 -0.22007 0.31154 -1.5911 -0.33091 0.23302 0.077846 0.080951 0.98121 0.64278 -0.34909 -0.81024 -0.76466 1.1347 0.36725 0.21165 -0.15635 -0.26856 -0.21043 0.87324 -0.11263 0.22189 0.78378 -0.78429 -0.095298 -0.35398 -0.94265 0.033835 -0.063439 0.058826
-0.49964 1.5353 0.59811 1.2243 -0.19702 0.21979 -0.017825 0.17513 -1.4459 0.83617 -0.074097 0.18013 -1.6279 -0.093508 0.31023 0.76226 0.047657 0.69701 0.65219 -0.66397 -0.78739 -0.88692 0.44865 0.42101 0.59016 -0.1216 0.16905 -0.23931 0.56719 -0.10963 -0.73129 0.021318 0.038388 0.42351 0.14596 -0.86677 -0.45645 -0.70608 0.12179
-0.70119 1.4002 0.43189 0.89744 1.1589 0.59354 -1.0521 0.6529 -0.83984 0.33632 -0.89059 0.34848 -1.4868 -0.33892 0.24683 1.0996 -0.076288 0.50358 0.65269 -0.82904 -0.6022 -0.38431 -0.21701 0.19816 -0.31041 -0.16293 0.18593 -0.179 0.45657 -0.063621 -1.1473 -0.71109 0.55134 0.7157 0.88186 -0.7784 -0.38817 -0.55405 0.055116
-0.57954 1.426 -0.0066363 0.88942 0.10247 1.2055 -0.3241 -0.21202 -2.2405 1.0408 -0.55102 -0.017413 -1.6239 0.076088 0.11881 1.1222 0.042707 -0.32355 -0.070051 -0.044421 0.05311 0.23119 -0.0469 -0.34794 -0.89477 -0.066602 0.036858 -0.27703 -0.13153 -0.11873 -1.1579 -0.79743 0.98392 0.68939 0.91172 -0.17782 0.059837 -0.20275 0.0060465
0.0036777 1.512 1.2982 1.2575 -0.12745 0.7843 -0.66668 -0.20097 -1.0843 0.47384 -0.82984 0.39048 -1.6031 -0.023328 -0.0019895 0.83094 -0.037587 -0.73481 -0.38729 0.43107 0.14152 0.51919 -0.27369 -0.0031188 -0.19833 -0.087075 -0.076973 -0.25391 -0.38531 -0.066981 -0.42852 -0.41908 0.68535 0.62564 0.4583 0.23852 0.62599 0.69621 0.025655
-0.80226 1.4492 1.1327 1.0109 0.0038251 0.32463 -0.37284 0.27929 -0.75564 0.21679 -0.75794 -0.40404 -1.6283 -0.16812 -0.078528 0.62497 -0.20213 -0.93039 -0.38742 0.66506 0.16275 0.56649 0.07412 0.63451 0.10137 -0.14851 -0.44697 -0.19349 -0.53953 0.025903 0.54913 0.16499 0.10692 0.21986 -0.38177 0.29095 0.94783 1.1588 0.010223
-0.53428 1.5298 1.3576 1.1184 -0.58775 -0.1465 0.49992 0.84331 -0.58664 0.52515 -0.48114 -0.8358 -1.6517 -0.36974 -0.12463 0.55673 -0.081554 -0.032585 -0.010277 0.17539 0.54381 0.40797 0.18838 0.91632 0.60045 -0.076688 -0.20781 -0.036939 -0.52616 0.22511 0.97869 0.42834 -0.53298 -0.10323 -0.75722 0.24153 0.62757 0.82199 0.10783
-0.58264 1.4394 1.2855 0.93746 -0.56952 0.20103 -0.16859 0.17347 -0.91714 0.49597 -0.28216 0.74259 -1.6474 -0.67106 -0.17756 0.15195 0.12143 0.37177 0.058985 0.28036 0.28147 -0.50452 0.29739 1.0251 1.0624 -0.053483 0.086142 0.097978 -0.59418 0.18254 0.68149 0.2404 -0.84369 -0.13473 -0.60825 -0.30206 -0.071134 0.14889 0.18898
-0.87958 1.2611 0.81599 0.49502 -0.22049 0.76745 -0.21566 0.37678 -0.58815 0.80937 0.090667 0.39678 -1.6798 -0.19616 -0.018805 -0.012528 0.25291 0.48922 0.22069 -0.46537 -0.10248 -0.5193 0.086879 1.014 0.98775 0.054322 0.40573 0.22433 -0.57431 -0.051604 -0.29339 -0.29686 -0.5176 0.12756 -0.063834 -0.68762 -0.63982 -0.96858 0.17412
-0.86065 1.3985 1.3904 1.2383 0.26149 1.2094 -0.32926 0.4833 -1.5773 1.0533 0.51952 0.57857 -1.6815 -0.06951 0.053322 -0.30971 -0.0015995 0.11048 -0.038293 -0.72765 0.24138 -0.23335 -0.53726 0.44484 0.19536 0.11673 0.59955 0.27374 -0.36781 -0.29522 -0.9515 -0.65186 -0.26464 0.53609 0.56368 -0.87214 -1.0226 -1.4695 0.14273
-1.2921 1.3527 1.61 1.5218 0.334 -0.019609 0.11332 0.37065 -1.666 0.34374 0.18914 1.0809 -1.6379 0.17776 0.17985 -0.39105 -0.11719 -0.48084 -0.54491 -0.37848 0.81791 0.14384 -0.86099 -0.035813 -0.96772 0.14298 0.40207 0.12562 -0.33671 -0.54371 -1.1594 -0.67497 0.23274 0.65235 0.72334 -0.60848 -1.0587 -1.2905 0.04347
-0.62492 1.5522 0.89799 1.1037 0.1148 0.31931 -0.96115 0.32156 -0.97949 0.30149 0.56708 0.0041081 -1.541 0.39227 0.23498 -0.4144 -0.27438 -0.99168 -0.83389 -0.31272 0.85188 0.34351 -1.0804 -0.43363 -0.98771 0.1521 0.28655 0.02375 -0.2298 -0.48982 -0.86621 -0.37856 0.29869 0.31769 0.58233 -0.19891 -0.6837 -0.64282 -0.010915
-0.51464 1.5108 0.71535 0.63576 -1.0223 -0.067773 -0.49802 1.2234 -0.70051 -0.14571 -0.18439 -0.26785 -1.5561 0.41363 0.12657 -0.65209 -0.68497 -1.2093 -0.70225 -0.22308 0.84386 0.70471 -0.94309 -0.6002 -1.0819 0.11306 0.11562 -0.059047 -0.18439 -0.39202 -0.42729 -0.044736 0.10855 0.0054496 0.35351 0.0088081 -0.33283 -0.070216 -0.028546
