39 276
-0.4663 1.2182 1.3018 1.3287 -0.43777 1.6264 0.20007 0.29297 -0.64991 0.70694 -0.2197 1.0993 -1.6051 -0.15587 0.065429 -0.75878 -0.021146 0.099916 -0.40126 0.011965 0.52798 0.055326 -0.60627 0.023507 0.38846 0.11615 0.066671 0.024682 0.30571 -0.15416 0.14247 -0.18197 -0.23821 0.064563 0.033107 0.29994 0.23125 -0.62874 -0.042363
-0.67993 1.2393 1.093 1.5619 -0.52859 1.3506 -0.24109 -0.14647 0.17825 -0.10685 -0.13218 1.735 -1.5185 -0.20245 0.055868 -0.81835 -0.28117 0.20683 -0.58961 -0.18871 0.79528 0.19335 -0.51588 0.45399 0.0089217 0.083181 0.11926 0.10184 0.66497 -0.1641 0.24866 -0.081831 -0.44502 -0.16931 -0.16909 0.70562 0.17253 -0.80945 -0.10247
-0.56459 1.1808 0.78275 1.5171 -0.55551 1.4755 0.36914 0.51766 -0.72573 0.13605 0.3429 1.9567 -1.5366 -0.0092879 0.10803 -0.17541 -0.16509 0.31085 -0.67469 -0.38046 0.51565 0.059326 -0.078122 0.28223 -0.65185 0.063253 0.20145 0.078208 0.9168 -0.17061 0.23048 0.09003 -0.34105 -0.45207 -0.20888 1.1236 0.037323 -1.0345 -0.11467
-0.61639 1.3376 0.2784 1.0705 -0.1408 0.97314 0.25203 1.3495 -0.73403 0.21953 -0.56754 1.1022 -1.5158 -0.012753 0.20779 0.13208 -0.24133 0.45746 -0.43011 -0.70891 0.18378 -0.29049 0.46048 0.24906 -0.6786 -0.021628 0.1364 0.10992 0.9899 0.020183 0.020389 0.20004 -0.18035 -0.94012 -0.10625 0.91629 -0.34957 -0.71039 -0.056601
-0.70772 1.2385 0.60588 0.85868 -0.23004 0.87921 -0.30837 1.0982 -0.10564 0.25333 0.86199 0.83082 -1.5699 0.11123 0.11459 0.38941 -0.34512 0.40361 -0.29984 -0.43171 -0.086925 -0.12858 1.0169 0.20677 -1.2997 -0.014916 -0.018788 -0.070053 0.44483 0.18604 -0.075513 0.31679 0.12555 -0.81981 -0.039219 0.30073 -0.26419 0.13188 0.035477
-0.33823 1.3364 1.6966 1.4607 -0.16563 0.84247 -0.45849 0.29317 -0.55796 0.757 -0.14977 0.17288 -1.5399 -0.015937 0.22944 0.65062 -0.14609 0.19651 -0.37392 -0.53717 -0.80841 0.073035 0.66081 -0.21185 -1.0586 0.030416 -0.065118 -0.29802 -0.20584 0.32542 -0.1086 0.35125 0.64274 -0.31536 -0.021157 -0.36425 -0.49733 0.90269 0.1279
-0.66458 1.446 1.1966 1.1167 -0.0038853 1.2588 -0.97437 0.19069 -1.03 0.96382 0.18936 1.1456 -1.6093 -0.035727 -0.019492 0.36245 0.13586 0.29801 -0.064116 -0.21279 -0.65058 -0.19852 0.39653 -0.017779 -0.18877 0.090672 -0.10442 -0.38655 -0.80913 0.20499 -0.22036 0.36914 0.65091 0.58585 -0.21702 -0.92804 -0.39063 1.3853 0.059395
-0.49147 1.237 1.0671 0.99053 -0.1935 0.90132 -0.052817 0.27666 0.035382 1.083 0.30493 -0.040354 -1.4822 -0.049343 -0.21369 -0.19643 0.1218 0.30506 0.16023 0.49628 -0.17932 -0.29437 0.1038 -0.64178 0.56232 0.12485 0.22026 -0.59325 -0.84616 0.18809 -0.20943 -0.088818 0.33926 1.0227 -0.14019 -0.74204 -0.039682 1.0411 0.083603
-0.68641 1.5225 1.2746 1.1776 -0.24652 0.60731 -0.37851 -0.027553 -0.74791 0.57315 -0.49444 0.47497 -1.5024 -0.051725 -0.29677 -0.58523 -0.095831 -0.064894 0.17738 0.38297 0.77121 -0.38749 -0.42418 -0.36506 0.63998 0.02905 1.0198 -0.86482 -0.79345 -0.066097 -0.77735 -0.99406 -0.40365 0.12691 -0.23182 -0.51303 0.32459 0.39026 0.53332
-0.64082 1.1575 0.71445 1.2765 0.39797 0.98209 -0.30609 0.85231 -0.9536 0.64896 0.1475 1.0301 -1.452 0.38732 -0.60198 -0.33853 0.32207 -0.015819 -0.67433 -0.14304 0.53445 -0.11672 -0.30109 -0.11352 0.59694 0.19061 1.7 -0.99325 -0.4151 -0.55022 -1.3257 -1.3441 -0.77624 -1.1009 -0.17426 -0.17132 0.7193 -0.45157 1.1453
-0.58558 1.0215 0.85445 1.1947 0.0053667 1.3118 0.45901 0.46987 -0.60917 0.655 -0.56782 1.6206 -1.4881 1.5569 -1.2384 -0.93723 -0.077091 -0.99753 -1.6529 -0.72533 -0.7604 -0.76046 -0.34567 0.38128 0.57762 0.89679 1.7143 -0.64567 0.036341 -1.2653 -1.2272 -0.93756 -0.54516 -1.9435 -0.024201 0.087073 0.27195 -1.1466 1.5562
-0.43245 1.2124 0.93005 1.1079 -0.45556 1.124 -0.5077 1.4524 -1.399 0.31157 -0.42152 0.79408 -1.5891 2.1617 -1.3654 -0.72878 -0.88629 -1.7102 -1.6368 -0.54621 -1.6428 -0.46236 -0.24205 0.44846 -0.28645 1.4956 0.85209 0.1842 0.11267 -1.9595 -0.38065 0.034839 -0.010531 -1.4954 0.11346 -0.077428 -0.29959 -1.6744 1.3895
-0.0048363 0.74517 0.78034 1.6703 0.082078 -0.53153 -1.2687 0.31361 -0.37939 0.88688 0.44228 1.4151 -1.2745 2.1019 -0.97063 -0.30812 -1.7988 -1.5152 -1.2334 -0.53798 -2.0689 -0.2598 -0.27782 -0.089581 -1.1719 1.8295 -0.54959 1.1539 0.21012 -1.7403 1.3388 0.83673 0.77901 -0.53727 0.53873 -0.13659 -1.0292 -1.6573 0.63596
1.9126 -0.087269 -0.45021 0.55068 -1.7697 -1.8053 -0.97296 -1.6195 -1.8208 0.3383 0.74177 0.58019 -0.32948 1.6289 -0.43784 -0.43747 -2.3946 -0.47103 -0.81423 -0.26237 -1.8361 -0.1284 -0.4663 -0.48033 -1.8249 1.9142 -1.6254 1.7755 -0.15619 -1.0023 2.6243 1.0179 1.199 0.49376 0.28976 -0.47932 -1.4507 -0.97971 -0.28741
1.4808 0.43266 0.69323 -0.29684 -1.657 -0.30562 -0.55049 -1.528 -1.3109 0.25035 -0.2026 0.26554 -0.22304 0.85541 0.17749 -0.69666 -2.4994 0.88479 -0.37649 0.72696 -1.7562 0.1879 -0.47531 -1.2356 -1.916 1.6884 -2.2617 1.7282 -0.17355 0.41826 3.0839 0.48599 1.0903 1.1727 0.17521 -0.51622 -1.2235 0.032927 -1.0439
1.1507 0.55455 0.6915 -1.1838 -0.56051 0.48045 -0.65264 -0.8286 -0.93787 0.38977 -0.68503 -0.36281 -0.14786 -0.08788 0.95413 -0.78957 -2.362 1.9961 -0.012085 1.2773 -0.81214 -0.084122 -1.025 -1.9145 -1.8381 1.1101 -1.8063 0.87235 0.035584 1.7342 1.9346 -0.60855 0.2197 0.98307 -0.34257 -0.52992 -0.58147 0.71735 -1.2157
0.92677 0.92244 0.20846 -1.464 -0.10878 -0.029193 -0.26091 -0.97553 -0.89271 -0.060345 -1.2688 -0.91236 -0.11322 -1.0393 1.1497 -0.41753 -1.0416 3.0171 -0.65443 0.92506 -0.22466 0.084012 -0.94908 -1.8477 -1.0878 0.5818 -0.62126 -0.15741 0.35109 2.326 -0.24924 -1.2926 -0.98843 0.5127 -0.70381 -0.42219 0.42432 1.0842 -1.0118
0.81169 1.1473 -0.39135 -1.2779 0.76549 -0.76768 0.28139 -1.3749 -0.90094 0.033516 -1.6179 -1.2115 -0.054387 -0.61692 0.49646 -0.49637 0.058088 2.0791 -1.9035 0.085286 -0.62807 -0.77789 -1.2056 -1.348 -0.8089 0.54677 0.41479 -1.0546 0.81428 2.0617 -2.1607 -0.83141 -1.7616 0.28813 -0.49135 0.050583 1.4799 1.2061 -0.68846
0.75459 1.1729 -0.59433 -1.4981 1.2258 -1.3612 0.55932 -1.6039 -1.3155 -0.73508 -1.9888 -0.71183 0.063598 0.025072 0.14714 -0.21025 0.55505 0.37508 -2.0391 -0.70902 -0.82309 -0.91133 -1.16 -0.6535 -0.27556 0.37102 0.52091 -1.2296 1.2359 1.1863 -2.8231 0.70545 -1.6196 0.80808 -0.028494 0.14443 1.9466 0.80207 -0.68414
0.5648 0.92459 -0.027405 -0.73024 0.91878 -2.0518 -0.026985 -1.8041 -1.6219 -0.67157 -1.964 -0.68288 0.26527 0.11964 -0.26713 0.55071 0.62038 -0.72607 -0.99762 -1.524 0.059305 -0.59458 -0.81179 0.4938 0.15185 0.12659 -0.54494 -0.85515 1.3397 0.59999 -1.6985 2.229 -0.63164 1.54 1.0183 0.70619 2.028 0.48877 -0.9619
0.77664 0.84058 0.49514 -0.48281 0.4002 -2.1073 -1.0644 -1.8772 -2.5136 -1.0864 -2.1788 -1.2218 0.21047 -0.47998 -0.47642 1.241 0.85611 -0.86246 0.31544 -1.5972 1.0526 -0.061618 -0.86303 1.183 0.029359 -0.29015 -1.5105 -0.49106 0.77495 0.20713 -0.022447 2.3615 0.38857 1.7864 1.6585 0.82083 1.8459 0.63237 -1.0576
1.3859 0.90555 -0.027179 -0.91307 -0.30393 -1.9187 -1.5596 -1.6762 -1.7274 -0.87445 -1.4493 -0.88857 0.051104 -1.3241 -0.589 1.1418 1.0136 -0.48107 1.4158 -0.77057 1.5312 0.90129 -0.022213 1.8504 0.017029 -0.64297 -1.9259 -0.042262 -0.12842 -0.19371 1.0331 1.6855 1.5581 1.5197 1.7775 1.0345 1.103 0.85894 -0.98615
0.76691 0.80471 0.62905 -0.80644 -0.30966 -1.0848 -1.8047 -0.54355 -1.315 -0.86467 -0.18988 -0.64958 -0.054098 -1.9226 -0.49531 0.86929 0.7456 0.20852 1.5182 -0.29258 2.0349 1.7645 -0.008867 2.4156 1.054 -0.91553 -1.5162 0.25579 -0.4994 -0.36966 1.3517 0.43492 2.0305 0.69364 0.95571 1.2622 0.1234 1.0891 -0.6865
-0.36534 0.70034 1.1193 0.036655 0.78026 -0.36877 -1.1028 -0.035082 -0.99718 -1.4358 -0.29028 -1.1239 -0.31075 -2.5641 -0.32905 0.53013 0.3293 0.66853 1.8012 1.0163 2.6242 2.1613 0.70602 2.1188 1.3494 -1.1193 -0.35071 0.54647 -0.63898 -0.30284 0.55977 -0.61583 1.8558 -0.28268 -0.13906 0.94294 -0.99275 0.75981 -0.31902
-1.1015 0.4693 0.73599 0.13092 0.77426 0.065556 -0.15561 -0.199 -0.019443 -0.33765 0.45169 -0.57293 -0.36537 -2.5396 -0.19163 0.69095 0.52996 1.0887 0.99979 1.6712 1.8961 1.2833 1.1429 1.3041 1.528 -1.1378 0.94359 0.80856 -0.58611 -0.14383 -0.73832 -0.98624 1.138 -1.2951 -0.91359 0.87204 -1.5185 -0.023542 0.013024
-1.202 0.51381 1.0562 0.035878 0.6773 -0.91702 -1.4278 0.54735 0.59497 -0.9966 1.4033 1.0946 -0.51375 -1.6314 0.14804 0.13066 0.57538 0.12372 0.43213 2.051 1.0216 0.86 1.1759 0.39867 1.2941 -1.0378 1.9535 0.96152 -0.22015 0.079365 -1.4278 -0.76032 -0.10999 -1.7837 -1.1797 0.088263 -1.6255 -0.54367 0.18648
-1.6821 0.73241 0.725 -0.77577 0.52104 0.52309 0.49295 1.6995 0.55362 0.15416 0.53661 0.15929 -0.87862 -0.71283 0.58252 0.061286 0.3675 -0.90206 0.21247 1.5208 0.21521 0.53661 1.3978 0.20232 1.0476 -0.93829 2.0121 0.69253 -0.10096 0.33346 -1.418 -0.0033987 -0.8176 -1.6801 -0.80643 -0.4653 -1.1213 -1.084 0.31191
-1.4633 0.73776 1.2205 0.12362 1.0135 -0.77354 0.63168 0.3793 -0.50186 0.4583 0.47618 0.92227 -0.92683 -0.013125 0.84973 0.47792 0.56389 -1.0086 0.66038 0.86177 -0.1416 0.10758 0.75666 -0.62063 0.52767 -0.92734 1.358 -0.0054797 0.16035 0.43817 -0.3871 0.25528 -1.3799 -1.3237 -0.55695 -1.008 -0.34104 -0.9128 0.59162
-1.3637 0.91556 0.80092 0.58632 -0.15287 -0.10008 1.2609 0.57591 0.17972 -0.070762 0.18211 0.359 -0.92732 0.21944 0.58465 0.35893 1.154 -0.99934 0.87834 0.5843 -0.91974 0.0018615 0.49695 -0.45432 -0.21866 -0.70335 0.7982 -0.94763 -0.46925 -0.19128 0.2947 0.24538 -1.1676 -0.64224 -0.30495 -1.0938 0.14893 -0.69331 1.1132
-1.4356 1.1934 1.1263 0.43298 -0.19622 0.10968 0.55515 -0.049672 0.49822 0.54025 0.66233 0.43092 -1.1139 0.31243 0.13559 0.28093 0.99206 -0.55373 0.61376 -0.31588 -1.0896 -0.015998 -0.24259 0.04072 0.13576 -0.22425 1.0657 -1.919 -1.4349 -1.1748 0.33323 -0.50885 -0.82975 -0.25231 -0.48322 -0.76332 0.42888 -0.27546 1.8719
-1.0708 1.2151 1.5534 0.53748 -0.078862 0.92543 0.12645 0.31927 0.43281 0.14299 -0.34754 0.87067 -1.2491 0.54304 -0.60849 -0.64336 -0.18847 -0.58038 0.73037 -0.28984 -0.61497 -0.025481 -0.13172 0.17872 -0.1141 0.46422 1.6227 -2.3899 -1.9907 -1.8625 0.25615 -0.81499 -0.31193 0.27659 -0.67218 -0.68754 -0.11448 -0.23804 2.5215
-1.2012 0.90853 1.2008 1.373 -0.16421 0.30501 0.10053 -0.17095 0.35899 -0.075869 0.89829 0.34335 -1.1903 1.7175 -1.6862 -1.5146 -0.90642 -0.59688 -0.29271 -0.40759 -0.81175 -0.87012 -0.341 -0.062535 -0.056534 1.4401 1.507 -2.3884 -2.0342 -1.6034 0.20765 -0.41122 0.312 0.28527 -0.59318 -0.066044 -0.47633 -0.72935 2.6322
-1.3623 0.72385 1.0059 0.39659 0.37983 0.70299 0.53209 0.036969 -0.12941 -0.014623 0.52738 0.65025 -0.9095 2.3956 -2.4049 -2.2101 -1.2968 -0.50075 -0.31316 -0.013866 -0.50973 -0.95198 -0.72434 -0.62964 -0.58046 2.4406 0.63791 -1.7471 -0.85293 -0.59831 0.59796 0.08347 0.13347 0.057464 -0.48682 0.5233 -0.5762 -0.69224 2.1036
-0.5174 0.066658 -0.16271 -0.45549 -0.29842 0.10645 0.63245 -0.40428 -0.29622 0.38163 0.57743 0.52784 -0.26119 2.0599 -2.8643 -2.4787 -1.3797 -0.20724 0.3054 0.18221 -0.57581 -0.77081 -0.056313 -0.51564 -1.06 2.9384 -0.92264 -0.638 0.64515 0.60819 1.023 0.52143 -0.18813 0.1531 0.0461 1.1031 -0.36999 -0.6523 0.92357
1.3505 -0.65511 -1.0194 -0.61485 -1.2113 -0.6464 0.18224 -0.66307 -1.1177 -0.55164 -0.19258 0.25475 0.41202 1.5066 -2.8715 -1.6362 -1.0385 0.34112 0.59925 -0.31495 -0.62593 -1.0739 0.71632 -0.75774 -0.96796 3.0318 -2.0941 0.65494 2.1561 1.5302 1.5251 0.2749 -0.64078 0.25708 0.5447 1.1208 0.022981 -0.2262 -0.50813
1.2243 -0.82636 -0.8756 -0.81718 -0.2099 0.55911 0.30228 -0.29376 -0.45485 -0.51104 -0.76592 -0.39208 0.89368 0.53343 -2.4959 -0.65374 0.085516 0.89346 0.30263 -0.64708 -0.45375 -0.70935 1.0116 -0.74344 -1.1394 2.5993 -2.5111 1.7404 2.8096 1.7064 1.5386 -0.1836 -0.96536 0.53297 1.2567 0.45673 0.3113 0.21387 -1.5862
0.27984 -1.3942 -1.0646 -0.46037 0.15801 1.8127 0.49528 -0.47196 -0.47832 0.50967 -0.17021 -0.6485 1.044 -0.54404 -1.5233 0.67052 0.77888 1.7993 0.24239 -0.91793 -0.061162 0.14494 0.84766 -0.46402 -0.9753 1.8059 -1.858 2.2311 2.1245 1.1902 0.7299 -0.427 -1.0254 0.68462 1.9512 -0.38026 0.62231 0.5728 -2.1155
-0.042987 -1.618 -0.27232 -0.042094 0.54454 0.62525 -0.45599 -1.0733 -1.8448 1.2264 0.087331 -0.43953 1.3764 -1.356 -0.70209 1.3051 0.84231 1.9392 0.11294 -1.5009 0.20782 1.2152 0.74411 -0.026265 -0.62118 1.0459 -0.435 2.1923 0.91383 0.12625 -0.3186 -0.22814 -1.063 0.60255 1.9431 -0.91866 0.3298 0.8641 -2.0329
-0.31479 -1.5882 -0.14723 0.2299 0.87277 0.13862 -0.2578 -0.4476 -0.95011 0.97941 -0.84455 -0.70567 1.4353 -0.83339 -0.13181 1.1221 0.76916 1.1813 -0.16786 -1.9959 0.41518 1.9908 0.15336 0.15043 -0.082644 0.46792 0.84119 1.6787 -0.51322 -0.57088 -1.2255 0.38815 -0.56535 0.21678 1.3768 -0.78509 -0.028297 0.6908 -1.6286
-0.00011754 -1.2924 0.30688 0.28198 1.0824 0.038424 -0.81981 -0.38448 0.40549 0.38361 -0.32685 -0.78623 1.4299 -0.086928 0.38163 0.73867 0.32954 0.60446 0.047017 -2.293 0.51445 2.3782 -0.34325 -0.3769 0.13437 0.057939 1.3112 1.0752 -1.1598 -0.71664 -1.4049 0.90359 0.18926 -0.41015 0.067022 -0.22665 0.0080722 0.28576 -1.0799
-0.17435 -1.3119 0.33342 0.10922 0.94398 0.47003 -2.081 -0.1792 1.3094 0.10194 -0.31753 -0.71782 1.3922 0.31617 0.6705 0.0736 -0.0012529 0.17256 1.058 -1.6858 0.21385 2.4064 -0.061303 -0.34093 0.024576 -0.27246 0.78426 0.38994 -1.0961 -0.576 -1.0251 0.84153 1.073 -0.9478 -1.3066 0.60764 0.39423 -0.10415 -0.52861
-0.045656 -1.1796 0.10172 0.23444 1.0781 1.2839 -2.1944 0.11992 2.2535 0.33454 -0.18403 -0.39619 1.301 0.39619 0.64805 -0.18283 -0.075734 -0.18619 1.3226 -1.2718 -0.52762 1.1504 0.44152 0.24092 -0.097609 -0.29042 0.1863 -0.27007 -0.63464 -0.31595 -0.63776 0.060919 1.7991 -1.0522 -2.2637 1.0674 0.86622 -0.28222 -0.047498
0.077389 -1.2101 -0.093764 0.048127 0.808 1.3389 -2.7176 -0.32363 1.5889 0.75329 -1.021 -0.4006 1.1908 0.31901 0.36856 -0.31771 -0.074082 -0.34273 0.89172 -0.30911 -0.98426 -0.084025 0.90885 0.6459 -0.16001 -0.19454 -0.17326 -0.68643 0.057743 -0.13655 -0.2217 -0.88773 1.8685 -0.72391 -2.4277 0.8643 0.76999 -0.12176 0.32391
0.3099 -0.91251 -0.11138 0.080306 0.89847 1.5639 -2.0211 -0.88078 1.4648 1.2816 -0.61669 -0.72209 1.201 0.24678 0.089672 -0.15837 -0.20406 -0.33279 0.2526 0.70575 -1.0176 -1.0384 1.1781 0.89093 -0.3186 -0.05851 -0.39925 -0.86476 0.37941 -0.0083118 0.30902 -1.0517 1.8778 -0.19672 -1.4413 0.40209 0.32811 0.22939 0.37402
0.14395 -0.91341 -0.08061 0.21985 0.75187 1.5299 -2.0102 -1.0805 0.94289 0.99974 0.13498 -1.0503 1.2485 0.089313 -0.17236 0.18083 -0.17883 -0.17087 -0.19851 1.1548 -1.0101 -1.4991 1.1975 0.90023 -0.093089 0.12015 -0.69518 -0.9019 0.22846 0.14451 0.45553 -0.69377 1.2107 -0.060615 -0.27906 -0.27752 -0.39323 0.50284 0.20562
0.27365 -1.0978 0.045354 0.098073 0.72052 1.0507 -1.6033 -1.3581 0.72947 1.1866 0.99032 -0.77821 1.287 -0.1907 -0.4944 0.2505 -0.030437 0.30377 -0.25472 1.8449 -0.92036 -1.1084 1.0613 0.78408 0.33472 0.13986 -0.88375 -0.58716 -0.12184 0.33406 0.55839 -0.26313 0.45316 -0.22563 0.63949 -0.99975 -0.75454 0.91419 -0.017185
0.059505 -1.328 0.05806 -0.28083 0.66781 1.0602 -1.1892 -0.91505 0.13409 1.6765 0.54724 -0.88939 1.301 -0.688 -0.81289 -0.1038 0.11166 0.1889 -0.2548 1.6013 -1.164 -0.61953 0.46237 -0.092747 0.5195 0.028185 -0.8575 -0.026555 -0.45735 0.24625 0.31104 0.078299 -0.35309 -0.31469 0.93405 -1.7608 -0.47778 0.96817 -0.1595
0.15172 -1.289 0.27837 0.075002 0.96761 1.2118 -0.85734 -1.2854 -0.011395 2.0121 0.28898 -0.23862 1.3682 -0.92423 -0.5502 -0.21098 0.27011 0.52963 -0.2506 1.4082 -1.4046 -0.1552 -0.30779 -0.13714 1.1942 -0.042184 -0.59986 0.61582 -0.5787 -0.055618 0.11631 0.13579 -1.0568 -0.075456 0.74775 -2.3631 0.38032 0.88603 -0.21442
-0.1412 -1.5463 0.06146 0.14506 1.318 1.1857 0.22433 -1.8916 0.27294 2.0452 0.027333 -0.098844 1.2588 -1.0571 -0.19021 -0.37075 0.12964 0.29587 -0.043065 0.6447 -1.4116 -0.045496 -1.3925 0.39735 1.403 -0.043042 -0.079621 1.0444 -0.38649 -0.59514 0.25126 0.045331 -1.0765 0.70049 0.25629 -2.5061 1.2112 0.45479 -0.28907
-0.7449 -1.6227 -0.48958 0.35099 0.77524 1.195 -0.29622 -2.6251 0.72765 1.1849 -0.51965 -0.48507 1.2074 -1.0631 0.19626 -0.61079 -0.13307 0.46576 -0.087084 0.15086 -0.95768 0.15076 -2.4104 1.3152 1.6564 -0.1654 0.25398 1.1136 -0.15744 -1.0832 0.31328 -0.11245 -0.84225 1.5856 -0.30015 -1.9383 1.2813 -0.2879 -0.35484
-0.83903 -1.2985 -0.13274 0.44201 1.4033 0.85582 -0.30804 -2.6433 0.54879 0.30144 1.0053 0.9057 1.2573 -0.75431 0.51497 -0.56216 -0.76765 0.68871 -0.24557 0.01724 0.016409 -0.23942 -3.1524 1.6418 1.1996 -0.36886 0.59444 0.97824 0.048484 -1.2361 0.62433 -0.36934 0.19434 2.1504 -0.64204 -0.62235 0.63959 -1.0464 -0.39961
-0.80677 -1.2823 -0.27991 -0.22642 0.80921 1.0831 -0.98832 -2.5061 0.11318 -0.24252 1.8628 0.9441 1.3102 -0.62066 0.91115 -0.37253 -1.2552 0.91708 -0.37669 -0.010113 1.0705 -0.67221 -3.0337 1.8435 0.73938 -0.44171 0.65165 0.51381 0.025609 -1.0054 0.4663 -0.40959 1.1912 2.0576 -0.56804 0.7589 -0.60411 -1.873 -0.22744
-1.0585 -1.1203 -0.66543 -0.45938 1.5432 1.056 -0.60564 -1.7066 0.32279 -0.77978 2.1718 1.3365 1.109 -0.22049 1.0455 -0.38663 -1.5631 1.2358 -0.64388 1.1199 1.9024 -0.95278 -2.2297 1.435 -0.19391 -0.53797 0.48028 0.11058 -0.002781 -0.17927 0.34947 -0.3518 1.761 1.4555 -0.12575 1.6023 -1.5995 -1.9299 0.12869
-0.62614 -0.92096 -0.37577 -0.89009 1.9761 0.8098 -0.044257 -1.3926 -0.38504 -1.5682 1.8091 0.75392 0.91718 -0.17086 0.76663 -0.63535 -1.567 1.0623 -0.71476 2.0395 2.2403 -0.65879 -1.4415 0.199 -1.3358 -0.44227 0.48595 -0.1595 -0.042885 0.4339 -0.37764 -0.26047 1.3528 0.50359 0.18721 1.7681 -2.0222 -1.3799 0.54359
-1.3064 -0.7229 -0.54864 -1.2711 2.0216 0.58048 0.12532 -0.90093 -0.46338 -1.4747 2.2895 0.42718 0.88285 -0.12351 0.76515 -0.41725 -0.93169 1.2677 -0.78678 2.6014 2.3581 -0.5006 -0.9434 -0.77364 -1.5644 -0.16807 0.51765 -0.25247 -0.016474 0.82693 -1.1343 -0.12965 0.12992 -0.54991 0.45506 1.8586 -1.6111 -0.24667 0.77318
-0.90162 -0.57788 -0.9187 -1.4507 2.0564 0.12513 1.5197 -0.4005 -0.63854 -1.389 1.9148 -0.49345 0.83412 0.19658 0.78873 -0.41393 -0.76878 0.19278 -0.8312 2.0205 1.8495 -0.50762 -0.36215 -1.1468 -1.2899 0.22854 0.6457 -0.38503 -0.066499 0.83618 -1.6305 -0.052218 -1.0891 -1.3161 0.52304 1.9719 -0.82133 0.88981 0.58413
-1.0081 -0.76349 -0.95245 -1.6441 2.2052 0.16279 2.1896 0.10489 -0.21018 -1.4165 1.3876 -0.53155 1.0304 0.51765 0.6202 -0.50782 -0.44083 -0.45311 -0.84769 1.3919 0.97986 -0.085516 0.71427 -1.1532 -0.69187 0.34409 0.39899 -0.75888 -0.19174 0.51219 -1.7464 0.057147 -1.9193 -1.6296 0.76646 2.0277 0.018022 1.397 0.13837
-0.97459 -0.49957 -0.70357 -1.1412 2.4764 0.26857 2.2583 0.60706 -0.60067 -1.6526 0.59031 -0.55553 1.1554 0.65717 0.20867 -0.68812 -0.27414 -1.1291 -0.79012 0.40584 0.26618 0.21666 1.4249 -1.2712 -0.0010683 0.22081 0.1879 -0.87488 -0.047052 0.4428 -1.0625 0.17018 -1.9114 -1.276 0.89416 1.7808 0.63359 1.3002 -0.32855
-0.55089 -0.21789 -1.102 -1.7305 1.4915 -0.17351 1.5434 0.27838 -0.78787 -1.4219 0.67463 -0.076922 1.2225 0.35795 -0.18502 -0.59746 -0.23364 -1.3398 -0.69249 -0.5331 -0.14595 0.72205 1.9626 -0.66977 0.5644 0.051593 -0.014241 -0.79012 0.060316 0.27322 -0.45308 0.24534 -1.4969 -0.52891 0.73322 0.95754 0.83973 0.62393 -0.48434
-0.12818 -0.36287 -1.0451 -1.5883 1.4556 -0.49881 1.7734 -0.56796 -0.36805 -0.16515 0.70222 -0.28661 1.0672 0.61439 -0.23807 -0.43311 -0.053968 -1.3532 -0.56591 -0.94263 -0.17004 0.93664 2.3521 -0.09889 0.66401 -0.14618 -0.0016588 -0.36595 0.36423 0.29255 0.31033 0.30239 -0.68998 0.10797 0.51384 -0.27041 0.64307 -0.25179 -0.34091
-0.73527 -0.73506 -1.7205 -1.7156 0.79898 -0.53659 1.0431 -0.30107 0.066078 0.4013 0.44179 0.13674 0.97403 0.51906 -0.44761 -0.51135 -0.042826 -1.1906 -0.46527 -1.0092 0.12234 1.0708 2.0519 -0.031827 0.22107 -0.2392 0.082603 0.28818 0.51541 0.18884 0.55694 0.38046 0.11341 0.52159 0.07705 -1.4499 -0.20376 -1.001 -0.055562
-0.68809 -0.91082 -1.4281 -1.7373 1.1217 -0.59726 1.2816 -0.00099241 0.79429 0.60707 0.98472 0.11334 0.9743 0.57891 -0.25937 -0.075144 0.17392 -0.62538 -0.29412 -0.77579 0.34091 1.1063 0.88865 -0.28132 -0.31454 -0.17426 0.045866 0.91025 0.67362 -0.14012 0.55158 0.3594 0.76998 0.33707 -0.070758 -1.8365 -0.97778 -1.3756 0.13955
0.021223 -0.66371 -1.0891 -1.3726 1.1045 -0.32319 0.95557 0.39332 0.76963 0.90749 0.9798 0.29461 1.0297 0.52719 0.29323 0.14424 0.0061095 -0.66415 -0.061266 -0.38789 0.64164 0.8008 0.00039561 -0.98651 -0.912 -0.024575 -0.038148 1.2712 0.59329 -0.41371 -0.088693 0.11746 1.0966 -0.14804 -0.064671 -1.3452 -1.4358 -1.2823 0.10779
-0.18941 -0.67595 -1.5577 -1.4286 0.88215 -0.57617 0.61794 0.60518 0.48044 0.40915 0.22301 -0.48853 0.98012 0.69678 0.87374 0.43677 -0.32671 -0.58682 -0.043284 0.32243 0.24124 0.93052 -0.037897 -1.5987 -1.4754 -0.035833 -0.22099 1.2787 0.17317 -0.45557 -0.45264 -0.2531 1.1326 -0.80515 -0.02803 -0.73957 -1.0335 -0.9792 -0.13451
0.33006 -0.41118 -1.1226 -1.6126 0.75077 -0.81857 0.6527 -0.042464 1.0017 -0.29443 0.17659 -0.62955 1.0183 0.39781 1.0568 0.28974 -0.54142 -1.3778 -0.35416 0.68748 -0.13531 1.0301 0.016721 -2.2789 -1.7201 -0.14087 -0.48335 0.94627 0.040807 0.074679 -0.0633 -0.69782 0.85881 -1.2451 -0.20437 -0.59905 -0.21383 -0.39517 -0.34781
-0.0093988 -0.21913 -1.1393 -1.7597 0.48177 -0.46469 1.4057 0.3405 0.9908 0.36911 -1.1122 -1.4174 1.0021 0.25752 1.442 0.17365 -0.37782 -1.1172 -0.65878 1.0061 -0.90339 0.93865 -0.48716 -1.7252 -1.8332 -0.3309 -1.0197 0.46171 -0.098423 0.67724 0.58865 -0.95929 0.17627 -1.2649 -0.88263 -1.0966 0.59992 0.31953 -0.31874
0.022837 0.014983 -1.0899 -2.2918 0.38665 -0.56972 1.7521 0.11361 2.0379 0.89286 -1.5326 -1.5158 0.90983 -0.10383 1.5501 0.36561 0.17645 -0.51942 -1.1619 1.0282 -1.3061 0.38019 -0.88024 -1.3516 -1.5016 -0.42839 -1.1935 0.12492 0.15435 0.85784 1.3039 -0.90307 -0.35881 -1.1489 -1.3979 -1.2966 1.5864 1.0935 -0.14361
0.0032219 0.050208 -1.0319 -2.1184 -0.542 -1.219 1.9701 0.031781 2.1909 0.66542 -2.0853 -1.8457 0.85009 -0.85282 1.3778 0.24489 0.56177 0.0829 -1.5753 0.50966 -1.7333 -0.55925 -1.6238 -0.84096 -0.94074 -0.39756 -1.219 -0.45924 0.22959 0.66702 1.1453 -0.563 -0.71611 -0.48122 -1.4879 -0.76707 2.0277 1.5618 0.022857
0.48428 0.84481 -1.134 -1.4605 0.33409 -1.3527 1.8606 -1.0258 1.4831 -0.57384 -0.83986 -2.2093 0.68917 -1.1552 1.2903 0.5427 0.56666 0.45881 -1.7183 0.19551 -2.0465 -1.0978 -1.8227 0.50033 0.0071301 -0.33667 -0.53136 -0.61916 0.14343 -0.077038 0.49844 0.44224 -1.0602 0.41831 -0.933 0.24015 2.2975 1.7267 -0.19773
-0.48558 0.69117 -0.9079 -1.0666 0.65672 -2.3779 1.8453 -1.1761 0.65766 -1.1591 -1.852 -2.3265 0.65008 -1.3701 0.82044 0.50542 0.65578 0.53366 -1.5169 -0.050786 -1.5127 -1.3848 -1.4349 1.4648 0.51144 -0.34323 0.37363 -0.6222 0.52335 -0.090235 -0.79668 1.6888 -1.1083 1.6039 -0.061738 1.9176 1.6465 1.689 -1.0943
-1.1012 0.7451 -0.81148 -1.2307 0.81148 -2.5412 1.42 -2.0298 0.11845 -1.8443 -1.4745 -1.6926 0.76969 -0.78087 0.81639 0.50483 -0.0033913 0.18539 -0.29931 -0.87075 -0.58166 -1.1256 -0.51296 2.1584 1.1972 -0.77009 1.1987 -0.48214 0.7204 0.58473 -1.3623 2.8432 -1.2291 2.3061 0.38075 2.8602 0.68603 1.4579 -2.0233
-1.2596 0.99102 -0.35478 -1.6868 0.5856 -2.3172 2.0842 -1.8207 0.23666 -0.6305 -0.08572 -1.1237 0.69073 -0.37315 0.59743 1.1984 0.6898 -1.2725 1.1219 -1.2352 0.76022 -0.66783 1.3153 1.6731 1.8145 -1.91 1.519 -0.23172 0.89376 1.3617 -1.1846 3.0147 -1.0916 2.4755 0.40499 2.5403 -0.33893 1.0785 -2.4098
-1.1725 0.63763 -0.70757 -1.3454 0.38721 -2.5805 1.7045 -1.2618 0.58217 -0.52129 0.68642 -1.1345 0.50856 0.47408 0.61296 1.4758 1.6278 -1.1881 2.6981 -1.738 1.4593 -0.6666 2.1562 1.7921 2.2493 -2.7484 1.0938 -0.16134 0.60956 1.8839 -0.43479 2.0086 -0.66246 1.8944 0.17834 1.0034 -1.5326 0.44932 -1.7568
-0.094097 1.299 -0.56037 -2.0073 -0.223 -1.0569 0.09849 -0.71392 0.32212 -0.50918 1.2294 -0.54225 -0.12255 0.6975 0.54177 1.603 2.3402 -0.99722 3.0662 -1.8609 2.4507 -0.77467 1.9871 0.96592 2.1291 -3.1591 0.35867 -0.06669 0.070847 1.0425 0.812 0.69129 -0.032333 0.58253 0.021516 -0.74246 -1.7127 -0.2696 -0.19175
-0.44755 1.3626 0.84582 0.58418 -1.0382 0.064946 0.24419 -0.074256 0.0089546 1.0353 0.2009 0.083906 -1.3874 0.62592 0.57862 1.3881 2.627 -0.76756 2.7805 -1.9211 2.3849 -0.69979 1.038 -0.58988 1.9403 -2.9202 -0.6676 -0.38445 -0.45235 0.014003 1.1833 -0.86836 0.92669 -0.55392 0.2833 -1.6715 -1.4528 -0.71857 1.4095
-0.41429 1.087 0.82403 1.1016 0.20002 0.98995 -0.48503 0.038865 -0.8382 0.94952 0.67906 0.84281 -1.4955 0.19128 0.50338 1.3847 2.1061 0.033868 2.4749 -1.214 1.4634 -0.60212 0.50131 -0.60299 1.4487 -2.1292 -0.98208 -0.63241 -0.9264 -1.2932 1.276 -1.7134 1.2309 -1.5275 0.53378 -1.862 -0.55192 -0.98435 2.545
-0.59151 1.2445 0.89274 0.97543 -0.097472 0.6543 -0.42313 1.1681 -0.76601 0.33357 0.38133 0.89501 -1.5718 -0.44971 0.00266 0.81138 1.7786 0.50748 1.2413 -0.1642 0.82686 -0.1641 -0.20862 -0.36356 1.1819 -1.0418 -0.90791 -1.5104 -1.2924 -2.1434 1.0005 -2.2075 1.3487 -1.5573 0.62821 -1.3088 0.21212 -1.3149 3.157
-0.35964 1.5166 0.72 1.0164 -0.49052 0.53881 -0.47607 1.0126 -0.095472 0.2741 -1.0402 0.98464 -1.5605 -0.49845 -0.20419 0.28789 0.4061 0.7498 0.37844 -0.21801 0.14007 0.062617 -0.85294 -0.26104 0.57552 -0.08507 -0.31227 -2.1327 -1.4271 -2.1308 0.67511 -2.2714 0.90821 -1.4151 0.38225 -0.94686 0.2462 -1.6215 3.2144
-0.58277 1.2803 1.02 0.74442 0.33004 1.2259 -0.33023 0.068746 -0.27127 0.13926 0.76818 0.50653 -1.4575 -0.63166 -1.5335 -0.30786 -0.4371 0.74371 -0.62548 0.34406 -0.10329 0.26763 -0.71528 -0.32568 -0.2093 1.0367 0.094008 -1.9252 -1.0098 -1.7044 0.36924 -1.5319 0.45392 -1.221 0.081733 -0.55022 0.43422 -1.6235 2.5857
-0.86049 1.2195 0.87552 1.4897 -0.037225 0.85034 0.11416 0.51259 -0.10842 -0.07628 0.59874 1.5187 -1.5148 -0.26546 -2.2096 -0.53575 -0.67713 1.1764 -1.1748 0.39117 -0.93451 -0.025223 -1.0001 -0.11765 -1.0478 1.901 0.016853 -1.2384 -0.49035 -0.71598 0.092724 -0.86371 -0.20837 -0.76321 0.35301 0.045695 0.46445 -1.1902 1.6619
-1.0828 0.96564 1.3008 1.2095 0.24925 0.72451 -0.6672 0.27491 -0.48411 0.17958 -0.46648 0.9272 -1.5311 -0.39451 -2.1372 -0.52635 -0.79062 0.98273 -1.0732 0.45845 -1.1074 0.053074 -1.1491 0.45019 -1.2025 2.0427 -0.072728 0.025198 0.10515 -0.37309 -0.22895 -0.020396 -0.90868 -0.51143 0.72613 0.46762 0.41619 -0.60631 0.58408
-1.0996 -0.88818 -0.089854 -0.10595 1.0794 -0.46736 0.21853 0.62191 -0.38587 -0.17581 -0.041312 0.22142 -0.082731 -0.58195 -1.9246 -0.44296 -0.71917 0.80165 -1.1407 -0.70677 -0.90608 0.90238 -0.5374 0.29775 -1.2676 2.0317 0.024437 0.92824 0.55573 -0.066119 -1.2425 0.36663 -1.0109 -0.29741 1.0836 0.64162 0.355 0.45884 -0.29678
-0.42401 -0.30606 0.31994 0.19072 0.86588 -0.9436 0.065853 -0.4506 -0.54772 -1.2616 -0.13827 -0.85302 0.13527 -0.59696 -1.6373 -0.15181 -1.0907 0.50078 -0.68411 -0.97533 -1.1579 1.3055 -0.060169 0.31551 -1.2851 1.8905 0.67994 1.5126 0.87213 0.38159 -1.9274 0.57419 -1.1424 -0.5936 0.31225 0.34294 -0.30872 1.5845 -0.98272
-1.1205 0.12498 0.50708 0.31061 0.44022 0.19726 0.21068 -0.82726 0.31745 -0.92155 0.80617 -0.10603 -0.23333 -0.11573 -0.94795 0.26825 -0.63996 -0.90865 -0.63011 -0.96997 -1.518 1.5871 -0.33321 0.67454 -0.087218 1.5063 1.3044 1.0876 0.39593 0.52559 -2.2137 0.3255 -0.41156 -0.6955 -1.1421 -0.055896 -0.78089 2.4267 -1.0468
-1.7155 -0.40388 0.74818 0.40737 1.1645 -0.14849 -2.1795 -0.55082 1.5806 0.17374 1.2018 -0.37781 -0.016307 0.58162 -0.16085 0.66326 -0.12383 -1.769 -0.17057 -1.7579 -2.0075 0.35918 -0.59761 -0.35894 1.351 0.75216 1.7621 0.18929 -0.15914 0.68511 -1.5508 -0.43027 0.25939 -0.10621 -2.3178 -0.39936 -1.3503 1.9976 -0.50475
-1.5464 -0.61863 0.74872 -0.32645 0.4223 -0.2164 -0.99784 -0.70268 1.3343 0.06648 -0.074178 -0.098557 0.17835 1.1438 -0.89141 -0.13896 -0.23268 -2.2059 -0.74125 -1.164 -1.8929 -0.9741 -0.35976 -0.94301 2.2225 0.94652 1.2986 -0.47967 -0.33017 0.73591 -0.17274 -0.73871 1.1835 0.82222 -2.5849 -0.28613 -1.6807 0.10176 0.073826
-0.5659 -0.57668 1.0937 -0.018695 -0.90566 -1.024 -1.219 -1.7641 1.3693 -1.0849 0.64862 0.80699 0.45934 1.8987 -1.3593 -0.20843 -0.032497 -1.7533 -1.4971 -0.35022 -1.1935 -2.1872 -0.77929 -1.6082 1.5202 1.3714 0.049054 -0.48505 0.16436 0.96539 0.67701 -0.69319 1.8773 1.9539 -1.3273 -0.11487 -1.1294 -2.0208 0.27648
0.23432 -0.69261 0.55223 -0.015856 -0.66165 -0.64739 -2.3413 -2.4602 -1.1536 -1.7459 -1.0875 1.8442 0.62 1.5305 -1.1335 0.14445 0.66914 -1.2417 -1.4577 0.75024 -0.27556 -2.4636 -0.76334 -2.1031 0.04178 1.3107 -1.3905 0.46525 1.0263 1.0353 0.99423 0.18265 1.804 2.3184 0.3948 0.2026 -0.60691 -3.2861 -0.25545
0.44212 -1.0151 -0.097326 0.068943 -1.3659 -1.6333 -1.0847 -2.6489 -1.7533 -0.96702 -0.83737 1.9454 0.7365 0.48039 -0.83338 0.82768 1.2 -0.98696 -1.2114 1.1325 1.1157 -1.6274 -0.59702 -2.0635 -1.5397 1.0038 -2.3814 1.1189 1.3809 0.51577 0.57526 0.95169 1.2446 1.7223 2.121 0.38025 0.37673 -3.0588 -0.73371
0.41697 -1.4456 0.73342 0.35505 -0.41338 -1.7676 -0.83894 -1.1615 -1.7133 -1.0224 -1.1582 0.77135 1.0422 -0.60407 -0.39795 1.1581 1.0537 -0.73155 -0.51609 1.7919 1.6194 -0.43536 -0.059317 -1.9406 -2.7291 0.72468 -2.1393 1.3521 1.1874 -0.37679 0.40562 1.3612 0.0082985 0.4241 2.6176 -0.24073 1.0565 -1.5359 -0.79302
-0.48217 -1.3757 1.417 1.2615 -0.17376 -1.9286 -0.71202 -0.46722 -1.0732 -0.57505 -2.3695 -1.2516 1.1549 -1.2457 0.095408 1.7207 0.72717 -0.9345 -0.048289 1.6785 1.3236 1.1758 -0.40802 -0.92049 -3.1269 0.50409 -1.1737 1.3613 0.27066 -1.1696 0.28265 1.2801 -1.0597 -1.0132 2.0011 -1.0357 1.4528 0.59271 -0.72754
-0.75572 -1.0609 2.0208 1.1048 -1.7724 -1.7509 0.61029 0.21316 -0.62948 -1.6364 -2.7376 -1.4795 0.98293 -1.3894 0.60501 1.7952 0.22419 -0.51132 0.70663 0.49024 0.46694 1.5356 -1.294 -0.52753 -2.1875 0.30669 0.012491 1.0132 -0.71323 -1.505 0.67272 0.78124 -1.99 -1.1842 0.99213 -1.4723 1.6946 2.197 -0.58105
-0.7258 -0.79382 1.78 0.94997 -1.7607 -1.2717 0.56548 -1.0717 -0.20848 -1.3967 -2.1599 -1.4266 1.0954 -1.2 0.88299 1.0014 -0.51747 -0.5705 0.75956 -0.39489 -0.36032 1.517 -1.9003 0.18034 -0.6267 0.062286 0.80606 0.34439 -1.8938 -1.4597 1.7092 0.0121 -2.128 -0.39132 -0.088908 -0.95408 1.3852 2.0249 -0.41882
-0.92838 -0.8226 2.101 0.60154 -1.482 -1.0142 -0.29397 -1.3485 0.20688 -2.0203 -1.774 -1.4767 1.1085 -0.59957 0.85844 0.28749 -1.0698 0.34259 0.6557 -1.2583 0.064197 1.4441 -2.049 0.9497 0.37498 0.026193 1.1322 -0.15871 -2.433 -1.0737 2.2291 -0.88902 -1.1799 1.156 -0.62565 -0.21218 1.0817 0.72126 -0.34156
-1.1818 -0.72601 2.2396 0.44855 -0.95549 -0.92288 -0.81932 -1.3827 0.2681 -2.4638 -1.6959 -0.91796 1.1432 -0.20804 0.52798 -0.82258 -1.2888 1.8333 0.0011243 -1.8172 0.72688 1.0431 -1.7987 1.1543 -0.39415 -0.019066 1.1604 -0.25289 -2.3573 -0.50361 2.1622 -1.1127 0.22467 1.9643 -0.93068 0.75234 0.45459 -0.58722 -0.26897
-1.3055 -0.64922 2.0333 0.0088513 -0.91869 -1.1432 -1.3304 -0.71418 0.66011 -3.2141 -1.5147 -0.7176 1.0964 0.12474 0.52122 -1.5339 -1.3468 2.4538 -0.70825 -1.2234 2.2459 0.48757 -1.7277 1.1836 -0.86596 -0.19412 1.0389 -0.11963 -2.1208 -0.17596 0.9474 -0.81938 1.5431 1.271 -0.91607 1.7366 -0.14486 -1.0215 -0.3241
-1.0832 -0.40007 1.7863 -0.010719 -0.41851 -1.1231 -1.6929 0.40429 1.2847 -3.0268 -1.1725 -1.17 1.1009 0.49792 0.63668 -2.1964 -1.2924 2.416 -0.80388 0.044573 2.5017 0.081435 -0.64286 0.99014 -1.1542 -0.2545 1.1243 0.11322 -1.3899 -0.09371 -0.57176 -0.032225 1.9476 -0.31715 -0.71374 2.4818 -0.46032 -0.22819 -0.3367
-0.77646 -0.59658 0.47996 -0.66887 0.22336 -1.8256 -1.4867 0.46794 0.6664 -3.5391 -0.84921 -2.6991 0.95737 0.89225 0.60653 -2.7201 -1.3819 1.8211 -0.59539 0.97273 1.7314 0.041194 0.6289 0.74322 -1.2512 -0.37002 1.2451 0.061977 -0.18662 0.19932 -1.832 0.89526 1.0048 -2.3003 -0.60621 2.7925 -0.56891 0.9051 -0.47933
-0.62009 -0.27848 0.11334 -0.77885 1.0364 -2.1408 -1.0088 1.5532 0.29462 -3.45 -0.25103 -2.2768 0.93873 1.4043 0.66755 -2.6443 -1.4346 1.0781 -0.12079 1.0765 0.33559 -0.20032 1.6704 0.44636 -0.64004 -0.46494 1.0804 0.05421 1.2956 0.73334 -2.3038 1.5925 -0.30364 -2.8891 -0.85564 2.2113 -0.75345 1.7862 -0.72936
-0.53893 -0.19329 -0.10963 -0.97321 0.85929 -1.6482 -0.027214 1.2337 0.38931 -2.4628 -0.70013 -2.2422 0.93496 1.8815 0.60443 -1.6183 -0.90285 -0.30578 0.75596 0.31814 -1.3194 -0.61646 2.3431 0.30724 0.67809 -0.84779 0.55321 0.019539 2.2603 1.2144 -1.9534 1.8195 -1.0677 -2.5061 -1.188 1.1035 -0.89826 1.7249 -0.82651
-0.16686 -0.16981 -0.90596 -1.4402 0.43236 -1.4918 0.1844 0.35744 0.88712 -1.6342 -0.84978 -2.0605 0.78662 1.9217 0.72371 -0.46079 -0.18179 -0.83165 1.7329 -0.25514 -1.8088 -1.3488 2.6423 -0.31424 1.4235 -1.169 -0.38813 -4.6118e-06 1.9537 1.1417 -0.89374 0.9841 -0.81417 -1.4369 -0.75057 0.038931 -0.65334 0.76451 -0.37355
0.64581 0.053647 -0.96455 -1.8427 0.12138 -1.2257 -0.74289 -0.25595 0.56335 -1.3485 -0.75962 -1.5688 0.66194 1.6184 0.60788 0.16366 0.22209 -0.87958 2.1483 -0.55599 -2.2598 -1.8289 2.2167 -0.69242 1.1383 -1.3247 -1.3512 0.072064 0.54706 0.6971 0.5326 -0.6114 0.46051 -0.11142 0.23018 -0.88094 -0.32808 -0.47358 0.49957
1.3546 0.027804 0.031807 -0.841 -0.63742 -0.20622 -1.9051 -1.2803 -0.2677 -0.6714 -0.32975 -0.62391 0.16007 0.85379 0.66338 -0.096541 0.10017 -0.30863 1.168 -0.16088 -2.1011 -1.1366 1.8195 -0.37321 0.65316 -0.81846 -1.9519 0.093236 -1.033 0.06424 1.4079 -1.8699 1.6955 0.70156 1.5553 -1.2395 0.057277 -1.1938 1.2144
1.1246 0.19067 -0.058677 -0.71641 0.22016 0.2851 -1.2121 -0.67274 -2.1464 -0.77774 -1.4901 -1.147 -0.07165 0.028002 0.7497 -0.82427 0.23991 0.42679 -0.19562 1.2118 -1.4068 -0.2433 1.1229 -0.32327 0.13984 -0.23733 -2.0983 0.13971 -1.7811 -0.58704 1.4575 -2.1968 2.187 1.1619 2.5868 -1.062 0.31689 -1.1444 1.5918
0.80691 0.30235 0.064554 -0.71389 0.37411 0.53703 -0.73609 -1.0414 -1.8779 -0.71139 -1.4727 -1.1838 -0.038843 -0.73416 0.80244 -1.757 -0.065023 1.1464 -0.86828 2.3356 -0.82918 1.0693 0.88803 -0.37756 -0.42407 0.20093 -1.7028 -0.10179 -1.4746 -0.76211 0.41315 -1.6209 1.6088 0.94416 2.8878 -0.51262 0.79819 -0.21681 1.2174
0.26049 0.43091 -1.2507 -1.6428 0.37218 -1.1241 0.38575 -1.7947 0.50055 0.16578 -0.88895 -1.6458 0.58244 -1.298 0.76379 -2.106 -0.76141 1.1168 -1.2661 2.6786 -0.56127 2.4055 0.71278 -0.042658 -0.57224 0.67478 -1.0107 -0.3512 -0.3112 -0.65348 -0.59084 -0.77588 0.3969 0.72771 1.9942 -0.11709 1.1054 0.6282 0.59285
0.33089 0.5993 -2.2884 -1.1439 0.6612 -2.2303 1.6611 -1.4338 0.91143 -0.50976 -1.1164 -1.5387 0.57381 -1.4932 0.48787 -2.019 -0.78562 0.11704 -1.5674 2.4023 -0.6285 3.4969 1.0807 1.1098 0.5932 0.64395 -0.23656 -0.39549 1.2728 -0.057 -1.0543 -0.11669 -0.73215 0.51013 -0.068674 -0.42109 0.83805 1.091 -0.11302
0.24416 0.7826 -2.3388 -1.4752 1.1381 -1.2124 1.4022 -1.3833 1.3983 -0.092811 -1.2931 -1.6487 0.45079 -1.3768 0.33172 -1.2197 -0.58745 -0.16566 -1.4119 1.9887 -0.048387 2.6586 0.82119 1.1791 0.88513 0.47409 0.42974 -0.45454 2.3112 0.39933 -0.80931 0.4221 -1.423 0.43545 -1.9856 -0.65601 0.28116 0.86754 -0.44597
-0.33017 0.66715 -1.6393 -1.7398 0.53863 -0.90908 1.3519 -1.7537 2.0555 0.1523 -0.67423 -1.3267 0.55501 -1.1084 0.37097 0.046542 -0.24817 -0.18634 -1.0313 1.1744 -0.065643 0.8059 0.060839 0.71569 1.0157 0.12041 0.67376 -0.62424 2.3894 0.53133 -0.14326 0.55422 -1.6455 0.35963 -3.3745 -1.2389 -0.18821 -0.031047 -0.35905
-0.90867 0.55565 -2.3718 -1.6852 0.071916 -1.9644 2.2569 -1.5448 3.0908 0.77373 0.64405 0.14933 0.48053 -0.72421 0.078426 0.92593 -0.29127 -0.2473 -0.68305 0.36912 0.026659 -0.33758 0.01108 0.72954 0.94342 0.23032 0.64017 -1.0716 1.6148 0.58869 0.48531 0.85796 -1.8284 0.31298 -3.1666 -1.4517 0.23947 -0.48143 -0.11693
-0.77173 0.69136 -1.7114 -1.6841 0.36053 -2.2664 2.4226 -1.1726 2.2197 0.21454 0.047632 -0.66103 0.70127 -0.62121 -0.4061 1.1097 0.046708 -0.11216 -0.81413 -0.168 0.050412 -1.9566 -0.8142 0.95818 0.51516 0.19675 0.52958 -1.5682 0.93738 0.86016 0.94765 1.6402 -2.1362 0.28352 -1.8062 -1.3077 0.68357 -0.87062 0.23651
-0.69473 0.99794 -1.5472 -1.7254 0.63893 -2.9903 2.1308 -2.0202 0.95412 -0.48751 -0.67699 -0.77608 0.6573 -0.48163 -1.03 1.0942 0.35048 0.70287 0.21004 -1.0955 0.51593 -2.4832 -1.4386 1.5485 0.19647 0.24888 0.34432 -1.8461 0.58895 1.4481 0.8194 2.3659 -2.1841 -0.057678 0.18513 -0.6532 0.75185 -0.53045 0.26967
-0.2495 0.56835 -1.0592 -1.5953 0.66261 -2.0176 1.6104 -1.127 0.37892 -0.24277 -0.10248 -0.43427 0.71132 -0.2867 -1.635 1.6219 1.0131 1.1089 1.8309 -2.4802 0.25266 -1.8399 -1.6428 1.6972 -0.31888 0.48178 0.37224 -1.633 0.62508 1.7575 0.088148 2.4862 -1.7159 -0.24724 2.1969 0.62259 0.1723 -0.12072 0.42414
-1.0411 0.10609 -0.92145 -1.476 0.70103 -1.8259 0.89938 -1.5201 -1.3172 -0.94031 0.95232 -0.89274 0.5645 -0.27653 -2.3206 1.7193 1.8835 0.67265 2.7673 -2.96 -0.19969 -0.0095554 -0.781 1.8894 0.32461 0.51078 0.34747 -0.89698 0.41166 1.6556 -0.7519 1.1616 -0.42981 -0.54853 2.6892 1.2965 -1.0517 -0.099134 0.4083
-1.3142 -0.5086 -0.77388 -1.214 1.2121 -0.6735 0.14438 -0.74918 -0.16435 -1.261 2.7017 -0.30926 0.84564 -0.059379 -2.4267 1.9098 2.5043 0.06574 2.9227 -2.7603 -0.099327 1.3401 0.032805 1.1422 0.22498 0.73252 0.37437 0.046929 -0.16139 0.88903 -1.0464 -0.56546 1.0499 -0.12323 1.681 1.3979 -2.3337 -0.13983 0.22251
-0.96393 -0.75711 -0.16202 -0.050336 1.3541 0.32822 -1.199 -1.4743 1.1637 -1.1851 2.2017 -0.68967 1.0919 0.025233 -2.0997 1.6892 2.6426 -0.18393 2.0072 -1.8413 -0.42328 1.4754 0.15771 -0.30097 -0.25892 0.76523 0.36728 1.0098 -0.48963 -0.28299 -0.77626 -1.9221 1.8899 0.55068 -0.28561 1.0045 -2.9901 -0.40137 -0.043721
-0.75065 -1.2023 0.49689 0.85913 0.84374 0.74092 -1.2943 -2.0307 2.2513 -0.4497 1.502 -0.10304 1.0841 0.23057 -1.6714 1.3727 2.2685 -0.42196 1.0696 -0.88954 0.10702 0.88783 0.51124 -1.9336 -0.29098 0.70312 0.12049 1.3642 -0.78012 -1.4796 -0.266 -2.4408 1.9771 1.1658 -1.658 0.70059 -2.1926 0.05492 -0.37829
-0.49207 -1.1132 0.74784 1.2024 0.43169 0.43982 -1.2257 -1.6042 2.0132 -0.2024 0.44238 -0.60869 1.2614 0.23408 -1.0537 1.149 1.4917 -0.53745 -0.18459 -0.021994 0.7989 -0.36744 0.86858 -2.6296 -0.19815 0.45395 -0.12744 1.3725 -0.87395 -2.0584 0.26576 -1.8808 1.2297 1.33 -1.704 0.46637 -0.55097 0.59609 -0.45543
-0.75028 -1.4838 0.57458 1.2464 0.67987 0.10568 -0.49358 -1.4508 0.80282 -0.70409 -0.045607 -1.2146 1.2416 0.054797 -0.72703 0.83256 0.38047 -0.25708 -0.9063 0.38233 1.632 -1.1516 0.9988 -2.1335 0.31559 0.28871 -0.3666 1.1545 -0.9262 -1.9548 0.66634 -0.85898 0.053748 0.40595 -0.60549 0.063965 0.94315 0.77653 -0.44112
-1.1358 -1.5888 0.45056 1.0298 0.68133 -0.20466 -0.60322 -0.77539 -0.16445 -0.67157 -1.0329 -0.9032 1.2313 -0.1073 -0.33561 0.44767 -0.17184 0.22862 -0.79997 0.041551 1.4879 -1.0129 0.79803 -1.3129 0.62826 0.25128 -0.14732 1.0735 -1.0143 -1.4093 0.7752 0.43343 -1.1413 -0.92076 0.92753 -0.28833 1.2076 0.54244 -0.33947
-0.75459 -1.4117 0.94492 0.93359 0.84069 -0.50685 -0.57572 0.1831 0.36044 0.12272 -0.61512 -0.19576 1.3379 -0.24265 -0.14991 0.12028 -0.46872 0.43922 -0.35618 -0.81509 0.57238 -0.032863 0.67924 -0.6747 0.84287 0.10587 0.38908 1.0575 -1.1742 -0.67615 0.73506 1.1641 -1.1935 -1.9212 1.5403 -0.69475 1.266 0.076656 -0.27362
-0.63813 -1.5279 1.1956 0.71294 0.8659 -0.50904 -1.065 4.3315e-05 0.47989 0.47646 -0.75383 0.10935 1.3386 0.12719 0.4062 -0.25218 -0.6545 0.56223 0.41434 -1.769 -0.53726 0.99002 0.50327 -0.90569 0.62265 0.0071873 0.56983 0.75009 -1.4003 -0.35006 0.41202 1.3053 -0.10561 -1.7855 0.76055 -1.0274 1.4194 -0.24775 -0.2745
-0.84749 -1.4407 0.90746 0.93103 0.90346 -0.087691 -1.2923 -0.70117 1.0738 0.33037 -0.49951 0.3497 1.3539 0.63175 0.6244 -0.85482 -0.60734 0.94885 0.83465 -1.165 -1.2391 1.0269 -0.13777 0.23462 0.48234 -0.023531 0.61543 0.46088 -1.3392 -0.25599 0.12135 1.1413 1.6459 -0.52556 -0.77507 -0.8624 1.889 -0.12081 -0.25359
-1.0429 -1.3788 0.49368 0.56077 0.97504 -0.082885 -2.3147 -1.2155 1.5537 0.0095716 -0.88262 -0.28425 1.3001 0.46976 0.49823 -1.498 -0.73497 0.74235 1.2376 -0.0041874 -1.2164 0.029776 -0.69846 1.1152 0.33138 -0.1197 0.39467 0.14133 -0.98631 -0.51451 -0.34507 0.74531 2.9093 0.92951 -1.8502 -0.2947 2.0544 -0.10285 -0.30302
-0.53684 -1.0093 0.073126 0.22768 1.4222 0.7156 -2.9572 -1.8934 1.7384 -0.27488 -2.2453 -0.54932 1.2013 0.68106 0.55336 -1.583 -0.88879 0.57405 1.5343 1.6753 -0.15693 -1.1458 -0.31689 2.1496 0.76221 -0.23337 0.38253 0.23491 -0.26609 -0.68547 -0.84075 -0.035619 2.6378 1.7754 -1.7441 -0.016596 0.89727 -0.46457 -0.3633
0.045364 -0.97966 -0.35415 0.31395 1.861 0.53316 -1.1331 -1.3941 0.96375 -0.50689 0.63427 0.4398 1.303 0.80662 0.66979 -1.5965 -1.4471 0.10215 1.5677 2.7758 0.78745 -1.733 0.055859 2.3068 0.29192 -0.36857 0.45085 0.65891 0.50042 -0.50395 -1.353 -1.3714 1.3649 1.5026 -0.76103 -0.41702 -0.77308 -1.2609 -0.46305
-0.42638 -1.1802 -0.57466 -0.060589 1.2638 1.0538 0.0072497 -0.85369 -0.10179 -0.33304 1.5855 0.55457 1.2454 1.1459 0.91933 -1.2531 -1.4975 -0.30562 0.59727 2.8529 1.3308 -1.6823 -0.53262 1.463 -0.40356 -0.47488 0.27295 1.041 1.0259 -0.0099771 -1.6263 -2.4846 -0.8775 0.065882 0.32338 -1.1005 -2.8055 -2.111 -0.70448
0.0024046 -1.0124 -0.52457 -0.34861 1.3091 1.6577 1.2984 -0.12309 -1.1963 0.49717 2.2516 1.2732 1.0834 1.0409 1.3875 -0.76849 -1.3447 -1.3506 -1.0611 2.2033 1.0613 -1.266 -1.356 -0.10361 -1.5652 -0.73214 -0.061125 1.371 1.6125 0.7026 -1.2633 -2.8755 -2.5597 -1.2829 1.0664 -0.88223 -3.296 -1.6193 -0.91135
-0.061477 -0.63387 -1.2141 -1.2978 0.92546 1.841 1.3203 -0.20691 -0.50404 0.13373 1.3934 -0.46536 0.96741 1.0525 1.89 -0.1825 -0.95015 -1.7434 -2.1645 0.15712 -0.16988 -0.70785 -1.6525 -2.3276 -2.4685 -1.1657 -1.0482 0.91305 2.1765 1.4226 -0.4946 -2.1381 -2.9177 -1.6925 1.1968 0.18242 -2.4326 -0.15571 -0.97482
0.81102 -0.25555 -0.96107 -1.234 1.0022 -0.0011297 0.19977 -0.12797 -0.13774 -1.5979 -0.51095 -1.4326 0.86386 0.75034 2.4181 0.70968 -0.42699 -1.5438 -2.8534 -1.132 -1.0585 -0.017142 -1.0182 -2.4747 -1.8632 -1.4637 -1.9105 -0.10837 2.4966 1.9684 0.81646 -0.61894 -2.1005 -0.91684 0.94144 1.493 -0.33996 1.8154 -0.81565
0.79048 0.37998 -0.76645 -1.0524 -0.12279 -1.3928 0.48494 -0.84651 -0.33002 -2.2557 -1.651 -2.1235 0.56047 -0.55974 1.8908 1.8366 0.65499 -1.1361 -2.8207 -1.4697 -1.0316 0.16529 -0.3476 -2.2779 -0.54982 -1.6498 -2.621 -1.1033 2.1683 1.8165 1.3168 1.0707 -0.41285 0.33803 0.70795 2.2303 1.8472 3.07 -0.41889
0.9457 0.52427 -0.43478 -0.65834 0.0024026 -1.7531 -0.75307 -1.707 -0.87342 -1.6385 -1.5883 -1.8612 0.19831 -1.5308 1.2079 2.6111 1.4628 -0.12918 -1.9822 -1.297 -0.36585 0.24289 0.79259 -0.81256 1.0757 -1.7797 -2.3552 -1.6742 1.0278 1.0458 1.5289 2.4921 0.78354 1.6028 0.4394 1.8954 2.6072 2.6122 -0.057831
0.07481 1.0337 0.54212 -0.80927 -0.06813 -1.4808 -0.80922 -1.6383 -0.40251 -0.028688 -0.47589 -0.56788 -0.081455 -2.4429 0.69318 2.6811 1.4371 0.010185 -0.4404 -0.61148 0.15667 0.6263 1.6198 0.59137 2.1416 -1.6713 -1.247 -1.3311 -0.43773 0.14838 1.2222 2.9096 1.476 1.9815 0.28902 0.70803 2.2884 1.2459 0.25398
-1.1782 0.4135 1.5768 0.44291 0.43199 -1.363 -0.15891 -0.6435 -0.62125 -0.032649 -1.3308 0.37428 -0.30915 -2.4732 0.28386 2.1051 1.1037 0.74047 0.98396 0.042367 1.5711 0.66291 1.5504 1.3815 1.9658 -1.5468 0.20869 -0.80198 -1.672 -0.56375 0.487 2.1702 1.4479 1.3045 0.031098 -0.59899 1.3386 -0.60796 0.53265
-1.3641 0.49111 1.5637 0.44165 1.0936 -1.3174 -0.82937 -0.29367 0.42079 -0.15417 -0.3004 -0.013155 -0.53239 -2.2914 0.17937 1.3416 1.1142 0.7129 1.566 0.88488 1.9873 0.55584 0.60882 1.2696 1.4798 -1.368 1.4779 -0.33011 -2.3292 -0.9191 -0.028291 0.91892 0.95011 0.086242 -0.2283 -1.1015 0.68773 -1.6219 0.83056
-1.6239 0.73593 1.8528 0.28958 0.086647 -1.1077 -0.45607 -0.51991 0.74916 -0.47672 -0.14681 0.74526 -0.58214 -1.2317 0.15432 0.37208 0.60075 0.42825 1.3926 0.9213 1.341 0.34699 0.19294 1.5672 0.21754 -1.0933 1.9652 -0.12922 -2.0513 -0.94219 -0.68232 -0.07908 0.34566 -1.2248 -0.37327 -0.89898 0.040753 -1.399 1.125
-1.653 0.84383 1.3212 0.11282 0.69006 0.12421 0.3772 1.021 -0.1294 -0.061774 0.48029 -0.07162 -0.938 -0.44148 0.21708 -0.51169 0.014867 0.1113 1.2088 0.89432 0.43677 0.31839 0.25511 1.8979 -0.1771 -0.58998 1.6513 -0.32793 -1.248 -0.72014 -0.40722 -0.55274 -0.43891 -1.4719 -0.38896 -0.59056 -0.42423 -0.8405 1.1446
-2.0489 0.81313 1.4695 1.0133 0.82234 0.29009 0.46514 0.40292 -0.20494 -0.31686 0.27554 0.67653 -1.058 0.086969 0.0518 -0.54111 -0.062637 -0.23698 1.0026 0.74278 -0.13277 0.01692 0.061946 1.1551 0.041894 -0.16312 0.85203 -0.43818 -0.40732 -0.37997 -0.13703 -0.87462 -0.84742 -1.0432 0.10058 -0.55531 -1.0444 -0.0034484 1.0294
-1.5545 0.88245 1.3847 0.11973 0.5418 -0.22167 0.3616 -0.11866 0.32418 0.49747 1.767 -0.30904 -0.98001 -0.021552 -0.30667 -0.36825 0.13622 0.2818 0.64539 0.069601 -0.25338 -0.076186 -0.41509 0.62077 -0.080908 -0.029543 1.0064 -0.51512 -0.33354 -0.60197 -0.34421 -0.96012 -0.98657 -0.38865 0.30055 -0.2837 -1.3702 0.13493 0.88586
-1.7324 0.45234 0.85011 0.43415 0.76179 -0.095409 0.67059 -0.18694 0.5154 -0.03568 1.4776 0.23764 -0.67895 0.072292 -0.30094 -0.39437 -0.14709 0.084641 -0.090777 -0.40902 -0.42675 0.75638 -0.49554 0.093579 0.17508 0.24828 1.8001 -0.53708 -0.8692 -0.99233 -0.76392 -0.79516 -1.1122 0.16146 0.21438 0.029441 -1.3973 0.1099 0.99092
-1.1556 0.74866 1.1818 0.20452 0.31934 0.16313 0.026744 -0.37269 0.47735 -0.5141 0.8227 0.49023 -0.68186 1.3532 -0.44917 -1.1506 -1.0363 -0.69537 -0.18207 -0.55795 -0.20899 0.57299 0.017419 -0.34415 0.035409 0.59958 2.487 -0.53256 -1.4215 -1.3873 -1.3091 -0.46531 -1.0176 0.80348 -0.001706 0.52511 -1.3952 -0.37508 1.2081
-2.0957 0.47156 1.4484 0.68418 0.84544 0.30069 -0.14834 0.13219 -0.06043 -1.0477 0.64159 0.3546 -0.91986 2.5924 -0.7554 -1.6533 -1.2841 -1.1793 -0.18844 -1.2294 0.16178 0.13904 -0.086047 -1.1901 0.21338 1.0834 2.0771 -0.90827 -1.4803 -1.2633 -0.89687 -0.18521 -0.38108 1.4375 -0.19889 0.74745 -0.7442 -0.7249 1.3056
-1.6133 0.67653 0.64995 -0.0047921 0.91154 -0.21864 0.00274 0.47227 1.4977 -0.16784 0.7671 0.23161 -0.78034 3.1275 -0.95051 -2.209 -1.8258 -1.5368 -0.24502 -1.612 1.064 0.23373 0.37395 -1.5608 -0.82885 1.4566 0.61477 -0.93106 -0.80344 -0.82159 -0.16301 -0.080854 0.3762 1.3531 -0.11862 0.63205 0.10412 -0.50242 1.1228
0.6569 0.28545 -0.41692 -1.0895 -0.5899 -0.23914 -0.24057 -0.48393 0.55194 0.5006 0.43946 0.34983 -0.26883 2.8683 -1.5341 -2.4384 -2.0559 -1.1742 -0.43343 -0.66792 1.827 0.52076 0.73512 -0.80172 -0.81291 1.8774 -1.1548 -0.5531 0.33008 -0.15718 0.75603 0.074926 1.2978 0.76568 -0.36949 0.31871 0.91128 0.17753 0.43557
1.8766 -0.093088 -0.71658 -1.397 -0.69916 -0.40686 -1.6965 0.13882 0.29609 -0.13397 -0.23131 0.13482 0.30003 2.3091 -1.5808 -2.1463 -2.1457 -1.0049 -0.22317 -0.070894 1.6785 0.14237 0.80029 -0.3221 -0.43189 1.9717 -2.5386 0.15612 1.5162 0.85097 1.3071 0.18319 1.6361 -0.32324 -0.47128 -0.21829 1.1958 1.2049 -0.64004
1.2042 -0.32347 -1.4322 -1.6019 -0.62161 -0.06005 -1.6528 1.7892 0.9891 -0.096485 -1.3059 -1.198 0.49369 0.96209 -1.3448 -1.0884 -1.4036 -0.033253 -0.048666 0.65865 1.3899 -0.57221 0.30917 0.043188 0.37819 1.5106 -2.6156 1.1784 2.2916 1.6122 0.81245 0.29383 1.1726 -1.557 -0.47255 -0.34484 0.98102 1.5175 -1.8405
0.87044 -0.72581 -1.0438 -1.9664 -0.10193 -0.44551 0.13981 2.2431 1.4038 0.23009 0.62984 -0.084394 0.65014 -0.40939 -0.79296 -0.2112 -0.58662 0.33543 -0.068278 1.0775 0.62173 -0.18655 0.19263 0.44626 0.96932 0.62753 -1.7683 2.3427 2.7087 2.3045 -0.086283 0.16996 -0.11622 -2.2907 -0.2321 -0.27 0.52986 1.0846 -2.8772
0.40563 -0.72058 -1.1354 -2.1775 -0.12226 -0.087417 0.069016 1.5118 0.20059 0.39851 0.58379 0.20942 0.6391 -0.3988 -0.00849 0.62431 0.12282 -0.32684 0.081487 1.1596 -0.79374 -0.28416 0.40836 0.80809 1.4978 -0.35729 -0.69508 3.1507 2.2726 2.6633 -0.7228 0.19458 -1.2439 -2.0722 -0.0075097 -0.11445 -0.3592 -0.013768 -3.3002
0.70107 -0.42325 -0.82167 -1.933 0.36685 -0.42785 0.60386 1.1917 0.04222 0.36546 0.48508 1.1639 0.61763 -0.1365 1.5696 1.7579 1.3162 -1.0215 0.054201 -0.56386 -1.8585 -0.47536 0.25985 0.37479 1.1643 -1.6369 -0.16541 2.9137 1.6272 2.7126 -0.60399 0.33737 -1.5659 -0.95774 -0.025091 -0.22091 -0.97926 -0.78251 -2.9574
0.94412 -0.52839 -0.85382 -1.7356 -0.88615 -0.37729 -0.02034 0.15044 0.56195 0.36952 0.35166 1.1551 0.35213 -0.39994 2.6105 1.9241 2.5267 -0.70873 0.2822 -1.0768 -1.5582 -0.43852 0.075147 -0.64416 0.26596 -2.5672 -0.69137 1.8024 0.68282 1.974 0.10621 0.48849 -0.93086 0.57619 -0.16361 -0.53721 -0.92191 -1.1958 -1.9607
1.3637 -0.065011 -0.011095 -1.0833 -1.2024 -0.054655 -0.43385 0.047654 0.38528 0.28383 0.55607 1.1786 -0.095167 -0.69648 2.6475 2.006 3.1833 -0.60536 0.51156 -1.0211 -0.93657 -0.15633 -0.039968 -0.80776 0.051274 -2.9365 -1.0691 0.20788 -0.2934 0.46991 1.0422 0.58277 0.49656 1.5905 -0.43659 -0.57168 -0.36438 -0.87052 -0.35059
0.4454 1.4951 1.085 0.30495 -1.315 -0.13348 -2.4713 0.082726 0.45282 0.37096 -0.32253 -0.00076242 -1.2092 -1.3378 2.3899 1.714 2.8096 -0.33834 0.83789 -0.52563 -0.10152 -0.77618 -0.43152 -0.46452 -0.29636 -2.8038 -0.62996 -1.9865 -1.338 -0.95915 1.2101 0.070155 1.1647 1.7213 -0.48672 -0.2587 0.31929 -0.45601 1.5704
-0.12183 1.5381 0.81812 1.18 0.056204 0.02001 -0.16351 0.5428 0.11228 0.42106 -0.2546 0.58953 -1.4806 -1.5555 2.0166 1.3676 2.0428 0.74054 0.95166 0.17528 0.61213 -1.2018 -0.54098 -0.44861 -0.26245 -2.0743 0.45455 -4.0172 -2.1361 -2.0151 1.005 -0.96674 1.2156 1.3757 -0.37239 -0.10235 0.64325 -0.23697 3.4037
-0.181 1.2124 0.89186 1.4759 -0.75998 0.56342 -0.8244 0.15253 -0.16141 0.28933 -0.53614 1.0824 -1.5603 -1.0807 -0.31664 -0.080757 1.3499 0.87953 0.20323 0.71047 1.1303 -0.91437 -0.1441 -0.17129 -0.4659 -0.52285 1.5184 -4.5113 -2.2492 -1.9365 0.15604 -1.9996 0.11774 0.70969 0.13794 0.16694 0.80842 0.058063 3.88
-0.55883 1.4165 0.95501 0.82667 -0.67935 0.62163 -0.098084 0.84965 -1.1802 -0.43665 0.29153 0.81082 -1.578 -0.014884 -2.554 -0.81793 0.23388 0.66326 -1.122 0.85076 1.2131 -0.85013 -0.36149 0.35484 -0.31981 1.2913 2.1592 -3.5654 -2.0631 -1.6051 -0.77137 -1.993 -0.42795 0.011584 0.7449 0.25774 0.70032 0.2737 3.2149
-0.4791 1.5614 1.1312 0.70917 -0.16352 0.87493 -0.42147 0.81752 -0.97677 -0.13913 -0.42017 0.5099 -1.4514 0.58586 -2.6855 -1.1125 0.17865 -0.0099239 -2.1601 -0.62586 1.0204 -0.66288 -0.19627 0.77783 -0.14048 1.6332 2.1353 -1.3726 -1.3508 -1.2067 -1.2137 -0.86779 -0.43704 -0.60538 1.197 0.19742 0.21665 0.53112 1.6916
0.10303 -0.53147 -0.24996 1.4758 -0.2368 -0.53061 -0.29026 1.6975 -0.34841 0.64185 0.051647 -0.1761 -0.63391 1.4398 -2.6168 -1.71 -0.30059 -0.25953 -1.8882 -0.038602 0.68154 0.21282 -0.020344 0.50175 0.12818 1.9179 1.4832 0.49783 -1.0513 -0.80318 -1.5192 0.75302 0.2278 -0.92238 1.4642 0.18098 -0.029513 0.70193 0.070588
0.37267 -1.0088 0.16684 0.82295 -0.19099 -2.1976 -0.68504 1.4958 -0.93619 -0.3112 0.24604 0.055221 0.0022702 1.9783 -2.5264 -1.9811 -0.58293 -0.93126 -1.165 0.25444 0.16622 1.0265 0.067235 0.19961 0.37218 1.8305 0.73651 1.5969 -0.45431 -0.88163 -1.2126 2.0841 1.0973 -0.99367 1.1776 -0.024479 -0.21121 0.70589 -0.8791
0.39376 -0.29326 -0.40191 1.7471 -0.46559 -2.2165 -1.5575 1.391 -1.1802 0.095609 1.0791 1.3205 -0.54503 1.9205 -1.824 -2.2057 -0.84693 -1.7196 -0.1008 0.87393 -0.22897 1.3283 -0.14204 0.58925 0.8235 1.3015 -0.34989 1.9949 0.038257 -0.4741 -0.74649 2.3295 0.96382 -0.58003 0.59128 0.25357 -0.08267 0.4183 -1.4394
1.6082 -0.65112 -1.1121 0.20589 -1.3045 -0.42266 0.14442 0.92675 0.33332 -0.042782 -0.13712 1.1544 -0.042222 1.6549 -0.47977 -1.6416 -1.1533 -1.5499 1.1505 1.1651 -0.5373 1.2118 -0.16785 0.31102 0.91932 0.55174 -1.1552 1.64 0.57667 -0.058999 0.13122 1.57 0.70053 -0.02098 -0.0089357 0.36882 -0.066026 -0.20608 -1.1619
1.6715 -0.91441 -1.2393 -0.11618 -1.3736 -0.36698 0.49038 1.2288 0.62743 -0.18832 0.21803 0.63572 0.021591 0.98721 -0.38879 -1.7944 -0.87481 -1.3485 1.6534 1.4795 -0.14545 1.3438 0.58395 0.28359 0.69374 0.28342 -1.5644 1.0625 1.0807 0.69389 1.0578 0.097616 -0.064604 0.33587 -0.5628 0.41036 -0.088612 -0.58339 -0.7316
1.6737 -0.99162 -1.9463 0.25571 -1.8801 -0.053923 0.66797 0.89388 1.0563 0.060777 0.94218 1.2679 -0.046941 0.40472 -0.57145 -1.1588 -0.66882 -0.87347 1.125 1.3849 0.073252 1.0051 0.40618 0.22373 0.042266 0.50365 -1.3934 0.52878 1.2136 1.0107 1.2299 -0.97234 -0.60561 0.44666 -0.84921 0.2145 -0.11193 -0.52186 -0.31144
1.9216 -1.0396 -1.6633 0.13656 -1.3708 -0.23214 0.64271 1.1219 0.55609 0.17579 0.58615 1.103 -0.015128 -0.21938 -0.047618 -0.53685 0.18869 -0.081432 0.1084 0.62746 0.13426 0.27622 0.35046 0.45839 0.12157 0.1686 -0.71873 0.7055 1.5726 0.64637 1.1418 -1.16 -1.0841 0.37782 -1.008 -0.28433 -0.34503 -0.39618 -0.30839
1.1909 -0.96708 -2.1031 0.10336 -1.6225 -0.26553 0.87274 1.4244 0.80836 0.70546 0.86398 1.5657 0.049009 -0.20391 0.20967 -0.12739 0.17246 0.11483 -0.039203 0.34456 0.2148 -0.00027998 0.3627 0.0018434 0.18653 0.11519 -0.043278 0.87691 1.18 0.30331 0.55049 -0.7999 -1.1057 0.084248 -0.70034 -0.26988 -0.52166 -0.26531 -0.53913
1.3539 -0.88006 -1.7922 0.37005 -1.6894 -0.074458 0.9002 1.2623 0.88072 0.2449 0.80167 0.97709 0.11377 0.024073 0.36892 0.46137 -0.10453 0.29093 -0.10534 -0.2287 0.5369 -0.22661 0.088086 -0.29982 -0.14889 -0.011489 0.47513 0.772 0.88341 -0.015644 0.0032773 -0.51844 -0.82199 -0.32759 -0.28911 -0.12954 -0.52105 -0.37109 -0.65307
1.5748 -0.74768 -1.7125 0.30103 -1.294 -0.3452 1.155 1.0148 0.90307 0.11794 0.5472 1.0744 0.10169 0.2116 0.64814 0.4262 0.040948 -0.032128 -0.38239 -0.45955 0.032955 -0.18249 0.046725 -0.44962 -0.33436 -0.25953 0.078949 1.0182 0.72564 0.23026 -0.10189 -0.49185 -0.79169 -0.56099 -0.15438 0.46345 0.20011 -0.080759 -0.97201
1.5497 -0.81568 -1.6025 0.11154 -1.4451 -0.32685 0.81858 1.5467 0.63321 0.43804 0.41654 1.1849 0.041959 0.41944 0.98989 0.75131 0.23395 -0.0038973 -0.76645 -0.66099 -0.44442 -0.2239 0.27985 -0.36709 -0.33889 -0.67706 -0.78696 1.4266 0.80195 0.5195 -0.095718 -0.15515 -0.67624 -0.71146 -0.11036 0.92507 0.842 0.21627 -1.1586
1.8446 -0.6643 -1.2588 -0.016445 -1.4334 -0.20167 -0.047468 1.8246 0.45792 0.25157 0.48049 1.0773 -0.11785 -0.25656 1.5575 1.0164 0.43271 0.0696 -0.70144 -1.0676 -0.43487 -0.31512 1.1455 0.44631 0.13439 -1.0883 -1.5395 1.552 1.3057 0.46682 0.35933 0.35095 -0.36715 -0.56402 -0.19949 0.59815 0.98523 0.22103 -1.1248
1.8234 -0.30078 -1.4974 0.3731 -1.6102 -0.99756 0.27878 0.84862 0.4596 0.50581 -0.051498 0.68467 -0.24321 -1.1301 2.2387 1.5886 0.65835 0.058969 -0.2593 -1.3161 -0.673 -0.38304 1.2793 0.96437 0.056593 -1.4278 -1.9235 1.1092 1.3696 0.20756 0.90194 0.94187 -0.012677 -0.36289 -0.37132 -0.24606 0.78154 0.017246 -0.793
1.581 0.085827 -1.0467 0.66695 -1.6137 -1.2944 0.24652 0.58161 0.72841 1.0183 0.62136 1.0759 -0.58881 -1.7345 2.5527 2.3118 0.69111 0.60644 0.071612 -0.88931 -0.99921 -0.50941 0.67715 0.88718 -0.082828 -1.6615 -1.5063 0.11216 1.0384 -0.13335 1.2605 1.2809 0.2612 0.078993 -0.48701 -1.3539 0.10593 -0.21617 -0.29035
0.78284 0.69783 -0.36781 0.89963 -1.2835 -0.68089 -0.63715 0.95391 0.33346 1.7853 1.9281 1.4156 -0.85675 -2.2425 2.2989 2.5197 0.4927 1.4125 0.74682 -0.7802 -0.90304 -0.88744 0.06785 1.0021 -0.18374 -1.6443 -0.60419 -0.9425 -0.019564 -0.40735 1.1072 1.2266 0.77716 0.52655 -0.52804 -1.5545 -0.81801 -0.16364 0.33781
0.058596 1.3046 0.37447 0.8637 -1.2217 -0.29884 -0.83422 0.52707 0.13294 1.3798 1.6929 1.0366 -1.1443 -2.3624 1.7079 2.3872 0.27965 1.7482 1.3793 -0.80375 -0.16943 -1.0621 -0.76346 0.64737 -0.16019 -1.4407 0.46202 -1.6339 -1.1921 -0.32162 0.19222 0.67646 0.94395 0.46184 -0.24512 -0.95137 -1.2699 -0.18141 0.84121
-0.16241 1.314 1.2745 0.73121 -0.66232 -0.24131 -0.28792 0.43919 -0.28228 0.53976 0.97286 0.8021 -1.3993 -1.8808 1.1214 1.5351 0.12682 1.5568 1.561 0.23151 -0.034804 -1.1905 -0.88967 -0.56896 -0.21565 -1.0077 1.3692 -1.6894 -1.8431 -0.024235 -0.46884 -0.091787 0.63334 0.18984 0.29766 -0.098238 -1.2422 0.15364 1.0788
-0.52712 1.2532 1.1534 0.66095 0.18088 0.47661 -1.0092 0.36707 -0.90384 0.24009 1.7266 0.64192 -1.4679 -1.0919 0.47411 0.73542 0.29365 0.89175 1.0288 0.53745 -0.51075 -0.85844 -0.60721 -0.89677 -0.41293 -0.655 1.5967 -1.3199 -1.923 0.21193 -0.86694 -0.73646 0.15076 0.016243 0.83382 0.7625 -0.73573 0.55858 1.0644
-0.88428 1.2429 0.97276 0.98522 -0.077103 0.48969 -0.75131 0.85434 -0.70871 0.0041798 1.0081 0.85587 -1.4967 -0.44786 0.15793 0.13721 0.44948 0.96182 0.73641 -0.15544 -0.3584 -0.3709 -0.18042 -0.73903 0.25872 -0.33751 1.2229 -0.8544 -1.1957 0.12486 -0.82488 -0.7937 -0.23604 0.26971 1.0122 0.85567 -0.17178 0.50472 0.74815
-0.63663 1.4007 0.6799 0.92118 -0.26813 0.85475 0.87455 0.65665 -0.99193 0.91204 -0.070169 1.1459 -1.4671 -0.24631 0.034295 -0.26211 0.51425 0.42219 0.30531 -0.305 0.016235 0.25176 0.31895 -0.75403 0.71896 -0.098881 0.68236 -0.47808 -0.45548 -0.10863 -0.4978 -0.377 -0.1702 0.51822 0.76125 0.64534 0.10905 0.076728 0.46866
-0.55675 1.3625 0.90346 1.3569 -0.60583 0.40039 -0.465 -0.24962 -0.76174 1.1346 1.0511 0.49137 -1.5271 -0.13293 -0.054702 -0.041043 0.25312 0.24669 0.321 0.16441 0.23678 0.34577 0.25824 -0.98345 0.22831 -0.10773 0.274 -0.38053 -0.025117 -0.30721 -0.39946 -0.24869 0.10626 0.39301 0.44686 -0.042789 0.41453 -0.36658 0.22085
-0.47685 1.4612 1.0276 1.2544 0.51565 0.64021 -1.6894 0.21 -0.36958 0.42278 0.55848 1.5999 -1.532 -0.035892 -0.20179 0.045513 0.20118 0.31619 0.47546 0.024279 0.22794 0.35727 0.39174 -0.54834 -0.23364 -0.032925 0.184 -0.36303 -0.13943 -0.68937 -0.1305 0.044486 0.4172 0.33603 0.2959 -0.51894 0.53819 -0.48486 0.29871
-0.76166 1.191 0.87757 1.2369 0.016292 0.2861 -0.59944 0.96739 -0.021799 0.6462 0.021919 1.7393 -1.4843 -0.062657 -0.34714 -0.042207 0.051982 0.26561 0.14914 -0.10612 0.31951 0.50228 -0.28342 0.0036536 0.023032 -0.024541 0.60033 -0.46652 -0.72821 -1.3499 -0.52692 -0.40744 0.14315 -0.21938 0.17179 -0.33516 0.57369 -0.37298 0.93092
-0.90588 1.1918 1.0133 0.88057 0.29027 1.3228 0.092325 0.92893 -0.75125 0.46575 -0.063621 0.36426 -1.6048 0.049614 -0.41405 -0.48726 -0.63852 0.16657 0.48053 0.68216 0.6437 0.78825 -0.36591 -0.15135 -0.12415 0.32833 1.2498 -0.40541 -0.84205 -2.1539 -0.7549 -0.92228 -0.30983 -0.84829 0.041868 -0.15201 0.31815 -0.43464 1.5764
-0.6981 1.1462 0.83444 1.446 -0.10793 1.1722 -0.14068 0.73816 -0.27103 1.2068 0.1001 0.4899 -1.4645 0.89259 -0.71193 -1.0312 -1.7891 -0.6661 -0.50402 0.12511 -0.42245 0.48919 0.024531 -0.013747 -0.55108 1.178 1.5915 -0.28058 -0.63369 -2.2219 -0.86083 -1.1661 -0.7076 -1.0581 -0.098218 0.2266 0.039907 -0.77508 1.8792
-0.51124 1.1269 0.64084 1.0791 -0.060464 0.39834 -0.17394 0.40919 -0.0092673 0.31901 0.78237 1.6065 -1.5182 1.7048 -0.68307 -0.91582 -2.8115 -0.63196 -1.0592 -0.73104 -1.1209 0.45489 -0.032786 0.11049 -0.79307 1.8507 1.3184 -0.17605 0.00057388 -1.5412 -0.67298 -0.92972 -0.92727 -0.68466 -0.29327 0.10597 -0.1571 -0.96157 1.3683
-0.45615 0.99362 0.24789 0.10395 0.11899 1.2332 -0.15762 0.98094 0.92989 0.33083 0.53375 0.65366 -1.0815 1.9331 -0.6727 -0.91896 -2.9192 -0.94725 -1.434 -0.85532 -0.94108 0.47125 -0.013583 -0.041225 -1.1618 2.1769 0.46967 -0.062453 0.70605 -0.02713 -0.1996 0.10243 -0.1935 0.36822 -0.11014 0.12794 -0.52112 -0.87915 0.31262
0.86896 0.5677 -0.38031 -1.6775 -0.52496 -0.74 -1.6323 -0.43125 -0.09928 0.73191 -0.093225 0.79685 -0.17596 1.8691 -0.72325 -0.52399 -2.8856 -0.95364 -0.93068 -0.73411 -0.48674 0.19742 -0.13569 -0.45097 -1.7066 1.9854 -0.31846 -0.2047 0.89581 1.7507 -0.31427 0.62823 0.74758 0.88069 -0.06755 0.30424 -0.62293 -0.36521 -0.7937
1.1799 0.65385 0.26744 -2.2935 -0.54799 -0.55721 -1.0373 -0.38292 0.21543 0.70266 0.15171 -0.2055 0.032537 1.6473 -0.79615 0.027375 -1.7936 -0.88065 -0.36207 -0.27441 -0.0057472 0.39564 0.32816 -0.78436 -1.8192 1.6014 -0.84307 -0.32904 0.75898 3.1631 -0.23136 0.8319 1.4064 1.0616 0.10935 0.32147 -0.098466 0.32055 -1.6167
1.0159 0.71768 -0.0089382 -1.608 -0.81937 -0.1136 -0.68646 0.13314 0.064741 0.64232 0.10274 -1.2494 0.0044641 1.289 -0.95766 0.19768 -0.16263 -1.2551 -0.32816 0.50823 0.17881 0.35821 0.37771 -0.77569 -1.1736 0.88349 -0.85307 -0.38952 -0.090765 3.689 -0.30583 0.31209 1.4714 0.82062 0.082456 0.16905 0.56882 1.2257 -1.7457
1.2522 0.4689 0.26414 -1.7961 -0.94816 0.17625 -1.1056 0.44516 0.39019 0.61521 -0.34424 -0.76817 -0.06494 0.73552 -1.0946 0.067328 1.5156 -1.2313 -0.05738 1.4048 0.85839 0.62104 0.34326 -0.073356 -0.78236 0.17423 -0.63699 -0.208 -0.76051 2.7058 -0.15911 -0.22335 1.0826 0.31788 -0.26419 -0.25076 0.84161 1.4356 -1.3034
1.3985 0.25569 0.54739 -1.3073 -0.69769 0.12896 -0.46041 0.5906 1.23 0.78169 -0.48207 -0.43957 -0.0086117 0.81968 -1.2118 -0.6845 2.2183 -1.3524 -0.45383 1.4411 0.72737 0.25946 0.1857 0.35186 0.20967 -0.058109 -0.46699 0.19427 -0.98744 1.1794 0.12271 -0.3893 0.41232 -0.13729 -0.63712 -0.3285 0.71236 0.68854 -0.53676
1.5918 -0.14629 -0.0076557 -0.64881 -1.7037 -0.28612 0.17746 0.39825 0.83241 1.0426 -0.80639 -0.70552 0.079686 0.75929 -1.0108 -0.84459 1.9754 -1.1317 -0.75031 1.4763 0.3522 -0.094849 -0.030771 0.36323 0.33874 0.013068 -0.35719 0.57075 -0.75954 -0.41413 0.35706 -0.39571 -0.2529 -0.58559 -0.98196 -0.087217 0.30448 -0.19833 0.058654
1.8531 -0.35672 -0.26596 0.17073 -1.8265 -1.1404 0.51993 0.6038 0.56022 1.1097 0.57613 -0.71993 0.042204 0.45542 -0.68514 -1.0567 1.7738 -1.0775 -0.76759 1.3144 0.14613 -0.59249 -0.035357 0.45535 -0.36098 0.11457 -0.52333 0.86289 0.0008263 -1.3373 0.82222 0.24197 -0.67609 -0.34545 -0.51745 0.21398 0.27523 -0.89219 0.28271
2.0528 -0.20972 -0.76979 0.60077 -1.8581 -0.67236 0.84666 0.77012 0.35463 0.60243 0.79478 -0.1544 -0.12152 0.2904 -0.42944 -1.0579 0.98816 -0.70299 -0.69932 0.94526 -0.040939 -0.97249 0.30422 0.49731 -0.87652 0.1779 -0.61658 0.70055 0.45623 -1.88 0.97298 0.81892 -1.063 -0.020767 0.10883 0.41687 0.17355 -0.74404 0.46606
1.7615 -0.1138 -0.64915 0.27396 -1.7018 -0.688 0.87741 0.62696 0.10325 0.48721 -0.17882 -0.87926 0.044407 0.13269 -0.097457 -0.55802 0.27302 -0.030981 0.0083886 0.3154 0.21833 -0.36364 0.43104 0.84794 -0.93343 0.30303 -0.64348 0.085096 0.71371 -2.1143 1.1365 1.0169 -0.93328 0.17554 0.49506 0.33792 -0.0041576 0.17682 0.77546
1.717 -0.2707 -0.6841 0.29899 -2.0023 -0.74916 0.62073 0.60739 -0.0671 0.89532 -0.039696 -1.3872 0.12833 -0.16591 -0.16443 -0.27684 -0.70622 0.16278 0.51345 -0.2092 0.26532 0.019847 0.52771 0.52393 -0.83298 0.6517 -0.91261 -0.57667 0.58799 -1.5545 1.2855 1.1405 -0.41447 0.0095921 0.27794 -0.38622 -0.0041769 1.0539 0.92985
1.8962 -0.37176 -0.8762 0.007599 -1.6907 -1.1716 1.1659 0.38674 -0.27095 1.6646 0.3945 -1.7025 0.20862 -0.45063 -0.68129 -0.17939 -1.2399 0.61321 0.67728 -0.027179 0.33815 -0.06335 0.49716 0.43875 -0.020866 1.0987 -1.1787 -0.99068 0.29488 -0.47893 1.5726 1.0148 0.23348 -0.70159 -0.60613 -1.4096 -0.29104 1.3111 0.83774
1.9297 -0.25502 -0.69042 0.099145 -1.7762 -0.24339 0.49757 1.0493 0.69248 1.3914 1.5279 -1.5251 0.3114 -1.0287 -1.0806 -0.19947 -1.0918 1.3772 1.2668 0.26214 -0.090398 -0.54491 -0.43671 0.69858 0.76244 1.2447 -1.1515 -0.88964 0.11596 0.85008 1.7526 0.8936 0.60608 -1.0116 -1.1652 -1.8481 -0.44736 0.93473 0.41759
1.5846 -0.47853 -0.77481 -0.84269 -1.5918 -0.23064 0.19463 1.0421 0.51846 1.1899 1.093 -1.2143 0.61392 -1.5178 -1.2577 -0.062081 -0.40243 2.3011 1.6786 0.5547 -1.0277 -1.326 -1.7055 0.17572 0.87239 1.3259 -0.75015 -0.51091 0.01435 1.5791 1.3612 0.42044 0.68765 -1.0607 -1.043 -1.2364 -0.51059 0.11548 -0.14885
1.2598 -0.97317 -1.032 -1.1012 -0.96275 0.22549 1.2757 1.0333 -0.31044 0.90967 0.427 0.073853 0.97998 -1.6662 -1.3297 -0.11412 0.43875 2.5946 1.8152 0.73928 -1.1009 -1.7461 -1.8084 -0.24637 0.5801 1.1945 0.0050921 -0.092286 0.0048817 1.6493 0.39899 -0.29564 0.43179 -0.46693 -0.31921 0.20383 -0.27273 -0.64729 -0.64943
0.24516 -1.201 -0.83694 -0.72358 -0.10987 0.93169 1.3246 -0.029231 -1.2546 -0.18369 0.87189 -0.47382 1.0886 -1.455 -1.3925 -0.17857 0.89252 2.5483 1.2508 1.141 -1.3049 -1.6082 -1.1122 -0.11876 0.31098 0.88643 0.63734 0.33496 -0.021288 1.0531 -0.72343 -0.90866 -0.17335 0.35037 0.61065 1.4169 0.2208 -0.88876 -1.0249
0.19807 -1.3312 -0.72367 0.36273 0.5311 1.122 1.4499 -1.1033 -2.1536 -0.92362 0.41226 -0.97484 1.1797 -1.0459 -1.1661 -0.11431 1.2869 1.9978 0.88371 0.85082 -0.90246 -1.0571 -0.33949 0.29804 -0.22359 0.43717 1.0555 0.73117 0.061397 0.14477 -1.4658 -1.1828 -0.72617 0.99201 1.1268 1.5901 0.20089 -0.41814 -0.99414
0.37569 -1.3726 -1.0586 0.66507 0.62497 1.2412 1.7488 0.042003 -1.8376 0.26012 0.65339 -1.1424 1.1481 -0.69413 -0.79559 -0.080883 1.1087 1.2444 0.31062 0.13923 -0.42917 -0.4069 0.21896 0.35628 -0.46971 0.08478 0.94279 1.0037 0.2065 -0.56304 -1.4795 -0.92468 -0.98139 1.4272 1.0172 0.6847 -0.20829 0.15835 -0.69699
0.36445 -1.5914 -0.95064 0.3942 0.51861 1.0269 1.8688 -0.10902 -0.85626 0.52915 1.5581 -0.59366 1.1331 -0.17226 -0.43802 -0.037103 0.6037 0.50306 -0.10141 -0.25372 0.45313 -0.019167 0.50831 -0.071476 0.15655 0.024141 0.58752 1.0196 0.29731 -0.82146 -0.8219 -0.75178 -0.80603 0.90667 0.42062 -1.0089 -0.69075 0.70468 -0.30175
0.1808 -1.7266 -0.98081 0.28128 0.52835 0.92758 1.494 0.032398 -1.3734 0.65928 1.0937 -0.99715 1.1061 -0.21711 -0.12189 0.16271 0.21198 0.52645 -0.12264 -0.32424 0.88691 -0.025371 -0.24435 -0.35113 0.4463 -0.0093777 0.46469 0.8696 0.34396 -0.60348 -0.2978 -0.45393 -0.62665 0.4777 -0.16581 -2.1187 -0.9659 0.66594 -0.058469
-0.049792 -1.7062 -1.0231 0.44266 0.71241 0.87754 1.3166 -0.15784 -1.599 0.27995 0.71183 -0.65257 1.1036 -0.23878 0.15759 0.30277 0.24026 0.81745 -0.41687 -0.57521 0.25923 -0.37603 -1.9784 -0.74351 0.72347 0.0055664 0.43008 0.69912 0.11129 -0.33567 -0.068901 -0.255 -0.50003 0.11727 0.10384 -2.0272 -0.77772 0.58848 -0.046134
0.1578 -1.475 -0.74345 0.55669 0.66186 0.96987 0.93998 0.25659 -1.8111 -0.15709 0.36535 -0.41951 1.188 0.16722 0.32253 0.36973 0.19427 0.52812 -0.44793 -0.98975 0.62233 -0.56551 -2.4805 -1.2608 0.57533 -0.00072967 0.44721 0.39294 -0.44296 -0.44275 -0.41196 -0.17754 -0.55709 0.27981 0.92173 -0.63475 -0.56395 0.77343 -0.13746
0.079668 -1.3998 -0.6136 0.83431 1.3413 1.0797 1.4619 0.53417 -1.9702 -1.0194 0.089086 -0.53391 1.1506 0.40238 0.47764 0.072596 0.0064423 0.37128 -0.4537 -0.95089 0.81304 0.46972 -2.1455 -1.1882 1.2675 -0.055517 0.22387 0.0051408 -0.89715 -0.7037 -0.69017 -0.037907 -0.42548 0.43473 1.7313 1.0682 -0.20416 0.93703 -0.27483
0.13078 -1.3466 -0.80268 0.75238 1.4166 0.31407 0.94941 0.070881 -1.8125 -2.1616 0.18415 0.088661 1.1178 0.25944 0.35656 -0.47932 -0.47317 -0.023044 -0.46288 -1.2834 1.1655 1.4566 -1.3327 -1.2669 1.7152 -0.19827 -0.14983 -0.31135 -1.0314 -0.70903 -0.61957 0.047852 -0.016173 0.041449 1.9436 1.9953 0.19906 0.99913 -0.30964
0.67424 -1.4657 -0.52014 0.32935 0.61899 0.42687 0.029327 0.87969 -1.7447 -1.8299 -0.49798 -0.19304 1.1094 0.11676 0.14653 -0.82497 -0.70558 -0.19989 -0.48634 -1.3054 0.85556 2.1867 -0.54444 -1.1492 2.0178 -0.33185 -0.33159 -0.46049 -0.62422 -0.38815 -0.26865 0.28952 0.43205 -0.2393 1.0782 2.0834 0.31186 0.33691 -0.19773
0.46809 -1.2195 -1.1701 0.29249 0.97972 0.49308 0.27923 1.0219 -0.1691 -1.3072 -0.74403 1.0901 1.0486 0.049965 -0.022174 -0.96874 -0.73904 -0.34717 -0.33553 -0.84975 0.67578 2.5875 0.45789 -0.87159 2.1872 -0.35368 -0.3518 -0.40132 0.079122 0.18184 0.48906 0.4979 0.97891 -0.54002 -0.22501 1.2801 0.52079 -0.35091 -0.0085221
0.037843 -1.3231 -1.6827 -0.17942 0.72445 0.44058 -0.5561 1.5277 0.63689 -1.1919 -1.237 1.6955 0.93292 -0.074793 -0.086519 -0.75714 -0.56277 0.02881 0.066273 -0.28536 0.56635 2.1316 0.8625 -0.74852 1.7098 -0.29235 -0.30008 -0.39083 0.79349 0.60045 0.83377 0.57025 1.0871 -0.65117 -1.6301 0.1811 0.78704 -1.2368 0.19323
0.29813 -1.3473 -1.4719 -0.049518 0.90703 0.31563 -0.3296 0.97996 1.0095 -1.3495 -1.0569 1.84 0.89147 -0.26249 -0.18393 -0.35635 -0.20369 0.77524 0.26489 0.21094 0.21201 1.0251 0.36724 -0.40631 1.1882 -0.23401 -0.31544 -0.37937 1.1274 0.97929 0.89884 0.56197 1.0356 -0.85 -2.4285 -0.6349 1.1596 -1.7655 0.30989
0.27975 -1.4748 -1.6143 0.035676 1.0886 0.36346 0.6592 1.062 1.3948 -0.90639 -0.8204 2.091 0.86497 -0.25314 -0.4125 0.27637 0.13363 0.79626 0.36349 0.39056 -0.23477 -0.3877 -0.14769 0.21891 0.085588 -0.089333 -0.2915 -0.34828 0.88625 0.98556 0.34067 0.3132 0.53407 -0.7373 -2.5223 -0.52451 1.3897 -1.7557 0.31823
0.31579 -1.4209 -1.4086 -0.085104 1.1974 0.53082 0.10547 1.0985 0.67982 -1.1334 -1.1994 1.7731 0.92381 -0.41419 -0.48039 0.50663 0.71289 0.94816 0.6492 0.93306 -0.64689 -1.1543 -0.20921 1.0008 -0.47733 0.031249 -0.10068 -0.080241 0.37192 0.76173 -0.51343 0.0040863 -0.033912 -0.73897 -1.9166 -0.045449 1.1206 -1.7891 0.29125
0.20821 -1.5477 -1.0653 0.086405 1.6667 0.95103 0.18907 1.4236 -0.16278 -1.3449 -1.2563 1.6227 0.88779 -0.50987 -0.50879 0.38131 0.79053 0.57745 0.50554 0.44528 -0.50013 -1.9736 0.18465 1.3705 -0.91462 0.074617 0.17125 0.28715 -0.1345 0.38402 -0.91234 -0.32118 -0.17964 -0.77541 -0.85643 0.53462 0.4785 -1.4583 0.1827
-0.12075 -1.6496 -1.0928 0.38459 1.604 0.80736 0.47583 0.61469 -0.41675 -1.552 -0.18202 1.3351 0.94338 -0.30716 -0.2691 0.26068 0.86987 -0.077713 0.20164 0.10996 -1.1546 -2.1281 0.1295 1.2948 -1.8349 0.14104 0.59697 0.57818 -0.3064 -0.11517 -1.204 -0.5601 -0.24514 -0.69804 0.066786 0.86354 -0.3524 -1.1519 0.099485
-0.4307 -1.8019 -1.1749 0.94014 1.6696 1.2305 1.0782 0.40476 -0.56952 -1.3015 0.60826 1.2245 0.93537 0.0018206 -0.052223 0.18224 0.76599 -0.39926 -0.061198 0.4295 -1.5537 -1.6615 0.6945 1.0471 -2.1051 0.14153 0.87814 0.69255 -0.13725 -0.40046 -0.90339 -0.37966 0.16872 -0.41092 0.84739 0.77534 -1.0404 -0.53326 0.00032156
-0.03394 -1.7995 -1.1625 0.77343 1.3686 0.66371 0.22467 0.62148 -1.9006 -0.59477 0.77713 0.71611 0.94351 0.39228 0.23194 0.088131 0.52255 -0.81746 -0.19791 0.43396 -1.5368 -1.1679 1.1616 0.45314 -2.1461 0.15223 0.82357 0.5144 0.25388 -0.67659 -0.25716 0.0091141 0.34339 0.36985 1.0577 0.40563 -1.3387 0.50548 -0.12322
0.15512 -1.5302 -1.2614 0.92126 0.86553 0.5753 0.51343 -0.52276 -1.6943 -1.0321 0.19372 -0.77933 1.0346 0.70062 0.36785 0.24567 0.23952 -0.7444 -0.06113 0.62538 -1.1467 -0.7021 1.1296 -0.31279 -1.8004 0.066987 0.26807 0.21435 0.50953 -0.7874 0.22626 0.45224 0.29657 0.96852 0.91395 -0.61714 -1.3064 1.2514 -0.22301
0.33141 -1.4549 -0.92187 0.7617 1.1659 0.68248 0.89578 -0.63186 -1.6626 -0.34795 -0.096957 -0.67302 1.0252 0.80701 0.35745 0.6918 -0.096851 -0.38819 0.21953 0.71249 -0.62107 -0.42273 0.68262 -0.73406 -0.97582 -0.018654 -0.21792 -0.05073 0.53264 -0.88127 0.31079 0.47667 0.091698 1.5101 0.6133 -1.1791 -0.73312 1.8951 -0.33235
0.45351 -1.4207 -0.99487 0.88322 0.88541 0.82495 1.0299 -0.42873 -1.6654 -0.043832 -0.13943 -0.70719 1.0145 0.27438 0.2322 0.79081 -0.35702 -0.19279 0.64203 0.89464 -0.067103 -0.14526 -0.20507 -1.0027 -0.20473 -0.12746 -0.25002 -0.017928 -0.016105 -0.84345 -0.62768 -0.011679 -0.23281 1.6096 0.5084 -1.0346 0.094146 1.9316 -0.42529
0.48871 -1.4705 -0.8409 0.89749 0.97479 0.92493 1.6319 -0.6387 -1.3885 -0.33933 -0.10209 -0.552 0.95818 0.22476 0.21458 0.76643 -0.78367 -0.51406 0.41173 0.48342 0.9601 -0.17725 -0.35936 -0.68304 0.81372 -0.2775 0.0089286 0.15271 -0.74374 -0.59805 -1.6501 -0.67545 -0.32001 1.6859 0.85054 -0.091331 0.90984 1.5812 -0.5385
0.64179 -1.5249 -0.18596 0.66266 1.2999 1.4035 1.5043 0.018268 -1.8928 -0.51054 -0.36438 0.07464 0.90697 0.55425 0.4076 0.19852 -0.95235 -1.8575 -0.18126 0.25822 1.3003 0.22797 -0.268 -0.1423 1.1345 -0.47719 0.47343 0.38276 -1.1582 -0.20422 -2.2443 -1.3462 -0.52246 1.4804 1.2224 0.88797 1.414 0.99099 -0.61727
0.10989 -1.45 -0.42784 0.16831 0.84286 1.3296 1.25 0.15502 -2.1855 -1.3282 -1.1311 -0.3062 0.873 0.68812 0.5164 -0.29576 -0.88542 -2.6442 -0.73203 0.37009 2.0866 1.1488 0.55684 0.68542 1.4918 -0.69604 0.50605 0.5616 -1.1262 0.35792 -1.7781 -1.5009 -0.77624 0.43923 1.6727 1.3225 1.3547 0.16237 -0.62801
0.66762 -1.1769 -0.42765 -0.20248 0.10719 0.77648 1.1589 0.71158 -1.6703 -0.89677 -0.59545 0.36142 0.78351 0.88627 0.70316 -0.68735 -0.67173 -3.3275 -1.5025 -0.12465 2.3466 1.7165 1.0081 1.1848 1.4271 -0.89472 0.40955 0.5947 -0.34101 0.80111 -0.21659 -0.95823 -1.1681 -0.45509 1.397 1.1665 0.59403 -0.31803 -0.58771
1.3609 -1.0174 -1.0743 -0.20453 -1.3469 0.18638 1.4886 0.91889 -0.85008 0.048772 0.22865 0.827 0.53902 0.96008 0.98037 -0.74384 -0.2609 -3.1068 -1.9563 -0.92179 1.3139 2.5315 1.4852 1.4049 1.0008 -1.0622 0.12642 0.61373 0.50168 1.04 1.4397 -0.086265 -1.311 -1.3676 0.36837 -0.14583 -0.59968 -0.924 -0.48822
1.1607 -1.0713 -1.326 0.1082 -1.5566 0.00064428 2.0346 2.4206 0.59005 0.87971 1.2818 1.2943 0.3595 1.1487 1.1432 -0.15608 0.20946 -2.0334 -1.5028 -1.4964 0.75987 2.4211 1.4592 0.70741 0.76399 -1.224 -0.35694 0.6158 1.1655 1.0277 2.7241 0.93038 -0.83886 -1.5202 -0.94148 -1.2092 -1.7016 -1.1977 -0.32427
1.3949 -0.87377 -1.17 0.024362 -1.9176 -0.86818 0.92025 2.1341 0.52213 0.17921 1.0498 1.143 0.18014 0.78598 1.295 0.33526 0.58519 -0.60061 -0.90635 -1.6378 0.11283 1.5606 0.072318 -0.28651 0.0097623 -1.3043 -0.73087 0.44712 1.3187 0.63225 2.5827 1.6125 -0.0072135 -1.0643 -2.1118 -1.6699 -2.1718 -1.1561 -0.081714
1.4284 -0.49148 -0.80268 0.1167 -1.4639 -0.91509 -0.57452 0.73148 1.4584 0.69607 0.76013 0.82156 0.020902 0.34651 1.5478 0.83191 0.7939 0.51233 -0.15085 -1.4918 -0.12773 0.26587 -0.5299 -1.4141 -0.43185 -1.2879 -0.95881 -0.0018115 0.98136 0.079769 1.5062 1.7501 1.1383 -0.67786 -2.2241 -1.1208 -1.4421 -0.97489 0.32307
1.7531 -0.26152 -0.45016 0.28964 -1.2884 -0.30136 -0.65746 1.2516 0.92391 0.3211 -0.69373 0.82709 -0.21523 0.072234 1.5049 1.0892 0.61196 0.44889 0.62045 -0.94296 -0.39771 -0.73957 -0.62501 -1.9322 -0.6735 -1.1617 -0.65721 -0.7937 0.49141 -0.52514 0.13791 1.5318 1.7154 -0.26182 -1.8933 -0.077166 -0.018756 -0.82801 0.87958
1.7979 0.043437 -0.39728 0.63354 -0.94256 -0.47715 -0.099826 1.2979 0.50542 -0.87705 -0.45666 0.53982 -0.42972 -0.18698 1.0328 1.2034 0.35018 0.25681 1.2641 0.4875 -0.36089 -1.009 -0.2716 -1.3882 -0.80852 -0.78804 -0.3549 -1.4243 0.044764 -1.1973 -0.72781 0.89851 1.5171 -0.44418 -1.319 0.31197 1.2876 -0.79042 1.4114
1.4729 0.32635 -0.37736 0.94609 -1.0901 -0.015019 0.19498 1.7345 -0.29573 0.17735 -1.2506 0.56352 -0.60894 -0.10578 0.25546 1.0282 -0.14576 -0.21698 1.4762 0.888 -0.30754 -1.7002 -0.18763 -0.33233 -1.4258 -0.16888 -0.10002 -1.5223 -0.25415 -1.584 -0.81201 0.27034 0.65785 -0.70435 -0.63461 0.21213 1.4567 -0.57342 1.699
1.1269 0.17786 0.05095 0.54372 -1.5119 0.54041 0.30721 1.7413 -0.25741 0.23072 -1.1791 0.4143 -0.59318 -0.18768 -0.15306 0.95916 -1.01 -0.51806 1.2336 0.70135 -1.0776 -1.9681 -0.15278 0.40145 -1.6053 0.44028 0.11125 -1.0194 -0.55748 -1.5908 -0.47881 -0.34244 -0.39786 -1.0385 0.16426 -0.39353 0.64558 -0.17267 1.5469
1.3442 0.014341 0.49207 0.21511 -1.5019 0.64376 1.0969 0.61531 -0.2655 0.029039 -0.63216 -0.13076 -0.38393 -0.099288 -0.38754 0.78476 -1.5984 -0.68449 1.1807 0.29575 -1.4688 -1.5635 -0.27504 0.1313 -1.3959 0.90249 0.16717 -0.13334 -0.93657 -1.0153 0.13898 -0.71077 -0.83896 -0.89437 1.1322 -0.60562 -0.53305 0.45095 0.96184
1.7319 -0.33803 0.34533 -0.10979 -1.472 1.1293 0.037105 0.42794 -1.4426 0.17151 0.20548 -1.3788 -0.048233 0.012001 -0.31075 0.3675 -1.8263 -0.40705 0.72056 -0.036706 -1.8836 -0.73401 -0.94941 -0.30606 -1.1523 1.1146 0.16293 0.53622 -1.3305 -0.1187 0.51348 -0.75748 -0.92424 0.040704 1.7001 -0.36818 -1.3125 0.80514 0.21395
1.4934 -0.12441 0.56053 -1.0204 -1.6404 0.92301 0.46282 0.11346 -2.3597 -0.61281 -0.42369 -0.906 0.073909 0.095636 0.11438 -0.29725 -1.5874 -0.014616 0.29826 -0.46828 -1.7172 0.021456 -0.90684 -1.0541 -0.74867 1.0091 0.11587 0.7989 -1.3103 0.62337 0.71746 -0.77665 -0.6358 0.8589 1.9439 0.31834 -1.3279 0.87891 -0.40527
1.4019 -0.051619 0.34655 -1.0739 -1.7087 1.1073 0.44452 -0.042735 -1.3532 -0.84535 -1.1674 -0.70305 0.20029 0.0085998 0.46815 -0.8107 -1.2246 0.10532 0.1461 -0.81692 -0.88016 0.74891 -0.51106 -1.6615 -0.32529 0.72203 0.16525 0.47407 -1.0087 1.1451 0.56144 -0.5016 -0.35656 1.5294 1.7722 1.3123 -0.61543 0.31344 -0.6501
1.2681 0.071481 0.084328 -1.2595 -1.5699 0.97427 0.22689 -0.58193 -0.56454 -0.67752 -2.0225 -0.76104 0.27398 0.11284 0.52364 -0.90165 -0.75049 0.39914 -0.099477 -0.62263 -0.24716 1.7071 0.11348 -1.878 -0.059957 0.45679 0.12359 -0.1554 -0.45301 1.1645 0.1844 -0.44217 0.054637 1.6116 1.2532 1.5881 0.64607 -0.37127 -0.57161
1.4729 0.21809 -0.24768 -1.3658 -1.3904 0.91962 -0.27217 -0.65024 -0.025381 -0.66523 -2.1938 -0.90286 0.30181 0.30126 0.25542 -1.0779 -0.14125 0.43409 -0.09303 -0.69512 0.45716 2.0813 1.0041 -1.1367 -0.86474 0.36246 -0.013187 -0.62618 0.077383 0.98464 -0.14974 -0.54335 0.2886 1.3462 0.54462 1.4555 1.6816 -0.55214 -0.35709
1.6139 0.27459 -0.49065 -1.35 -1.3826 1.0459 -0.39769 -0.13788 -0.051625 -0.35135 -2.2829 -1.1527 0.32975 0.17339 -0.035165 -0.93836 0.010013 0.16381 -0.47473 -0.42113 0.85567 1.9433 1.3142 -0.0015759 -1.2002 0.28439 -0.25749 -0.75132 0.32368 0.73498 -0.49289 -0.66359 0.39637 1.0013 -0.20827 1.3111 2.0203 -0.017586 -0.27456
1.8455 0.08431 -0.46385 -1.3187 -1.0629 0.88457 -0.50848 0.33656 0.56523 0.15483 -2.4893 -1.2677 0.389 -0.039791 -0.27623 -0.6385 0.2051 -0.059147 -0.76297 -0.32961 1.2747 1.7583 1.6197 0.81467 -0.83387 0.24224 -0.385 -0.6334 0.46889 0.49271 -0.76519 -0.7436 0.53865 0.20805 -0.57992 0.95548 1.8705 0.98099 -0.34861
1.6536 0.099377 -0.74742 -1.1241 -1.388 0.83551 -0.20896 0.63343 1.0514 0.50846 -2.0429 -2.1457 0.43882 -0.16734 -0.43842 -0.53631 0.4294 -0.27819 -1.1038 0.0037892 1.3547 1.4441 2.2671 1.2473 -0.097693 0.081125 -0.23652 -0.40209 0.33672 0.4146 -0.86379 -0.51176 0.44363 -0.56399 -0.86188 0.72208 1.5421 1.5696 -0.43853
1.3518 -0.072707 -0.80407 -1.1718 -1.6444 0.21474 -0.10746 0.52106 1.9122 0.57193 -1.056 -2.0831 0.46112 -0.20488 -0.5785 -0.43967 0.55879 -0.77814 -1.2792 0.1935 0.61836 1.1402 2.325 2.0362 0.53513 -0.088521 0.036289 -0.19136 0.27602 0.23069 -0.65396 -0.25345 0.22467 -1.112 -1.0676 0.19884 1.273 1.8475 -0.51017
1.2666 -0.079378 -0.67172 -1.0626 -1.4758 -0.074998 -0.66872 0.90544 1.8845 1.2684 -1.0017 -1.3275 0.47207 -0.15764 -0.5423 -0.42991 0.59998 -1.0943 -1.2496 0.22345 0.037455 0.48037 2.323 2.5191 1.2296 -0.24472 0.096577 0.016146 0.43254 0.032313 -0.19827 0.11565 0.048881 -1.1768 -1.1894 -0.5551 0.77928 1.7392 -0.50361
1.5606 -0.13627 -1.0337 -0.75239 -1.5767 -0.39975 -0.22525 1.2751 1.6114 2.3938 -0.6805 -0.71082 0.29752 0.024858 -0.53884 -0.19009 0.55008 -0.87628 -1.2019 0.01746 -0.31831 0.04405 1.9763 2.7647 2.166 -0.40237 -0.11891 0.46817 0.7651 -0.098033 0.55688 0.34385 0.17591 -0.79044 -1.0241 -1.1865 -0.085544 1.0884 -0.63241
1.554 -0.36834 -0.97417 -0.63303 -2.2866 -0.4449 -0.022073 0.383 1.642 2.2898 0.80683 -0.71389 0.2563 -0.10596 -0.43435 0.11452 0.50102 -0.60204 -0.90958 0.18805 -0.55931 -0.45504 1.4183 2.4681 2.5365 -0.55914 -0.76414 1.1317 1.3724 -0.012846 1.382 0.92071 0.058467 -0.56298 -0.70333 -1.8051 -1.1083 -0.20969 -0.92804
1.5521 -0.37879 -1.056 -0.5878 -2.2895 -0.64659 -0.1177 0.34931 1.4033 2.7433 1.2288 -0.19324 0.22274 -0.43604 0.12871 0.64594 0.43701 0.015178 -0.75594 0.56805 -0.68636 -0.49848 0.57525 1.8934 2.0452 -0.93173 -1.6687 1.7409 1.6424 0.22867 2.1925 1.5177 0.15332 -0.1585 -0.35993 -1.9746 -1.9998 -1.2256 -1.1554
1.4766 -0.39123 -0.84695 -0.55921 -2.1272 -0.95853 -0.38815 0.32098 1.5866 2.4499 2.1337 0.769 0.10603 -1.275 0.96733 1.573 0.64114 1.0426 0.38456 0.064059 -0.92288 -0.69348 -0.33368 0.71296 0.88805 -1.4469 -2.0015 1.7608 1.3944 0.49223 2.4339 1.6853 0.2546 0.26388 -0.035042 -1.9386 -2.2218 -1.842 -1.0197
1.0215 -0.42062 -0.47459 -0.56375 -1.9548 -1.0046 0.069012 0.14521 1.1326 2.3453 1.8441 1.4747 -0.053486 -2.3402 1.5974 1.9743 0.90658 2.4 1.2125 0.38998 -0.4651 -0.57395 -0.82149 -0.40686 0.5805 -1.7842 -1.6435 1.0484 0.54595 0.42558 1.8934 1.5741 0.35529 0.46168 -0.13338 -1.8622 -1.789 -1.6993 -0.39482
0.83915 0.31278 0.11895 -0.34352 -1.23 -1.0754 0.48033 0.35594 1.0734 2.3355 1.1903 0.85608 -0.5501 -2.6929 1.7008 1.91 1.1751 2.7557 1.5059 0.79539 -0.14662 -0.48478 -1.4898 -0.88101 -0.35888 -1.7445 -0.52329 0.08585 -0.50847 0.12176 0.84221 0.84021 0.10646 0.38696 -0.0045071 -1.5595 -0.57836 -0.87638 0.382
-0.1733 0.85716 0.99514 0.32774 -0.63262 0.90952 -0.49186 -0.42645 0.47766 1.8706 0.48622 -0.51733 -1.1018 -2.6322 1.4695 1.4516 0.95693 2.6979 1.8588 0.92726 -0.15225 -0.87303 -2.3106 -0.93141 -0.67709 -1.4085 0.77411 -0.87142 -1.2775 -0.20896 -0.3903 -0.022231 -0.5752 0.24211 0.044202 -1.0744 0.2885 -0.21825 0.99982
-1.4697 0.93717 1.0434 0.50129 0.33305 1.0283 0.77503 -0.00064198 1.1056 1.3647 0.69208 0.64763 -1.1441 -2.0504 1.1689 0.96256 0.8469 2.4668 1.7561 0.0097929 -0.30775 -0.54847 -2.4877 -0.19215 -0.20264 -1.0346 1.7263 -1.1754 -1.4433 -0.49322 -1.2524 -0.94922 -0.86536 0.40637 0.30655 -0.10239 0.44693 0.62204 1.2052
-1.1338 0.82654 0.77965 0.76623 0.24614 0.4656 1.0099 0.49016 0.82545 0.82007 0.63774 -0.17254 -1.0409 -1.2854 0.43959 0.22985 0.69644 1.8124 1.0421 -0.40139 0.094885 -0.44622 -2.3154 -0.16127 0.083525 -0.56405 2.0845 -0.93742 -0.9972 -0.31199 -1.7546 -1.2816 -1.0434 0.32237 0.32933 0.94206 -0.059006 0.34909 0.91588
-1.2514 0.74441 0.73158 0.19066 0.40462 1.1602 0.88834 -0.065282 -0.24064 -0.56205 0.98442 0.56925 -1.0128 -0.30421 0.29621 0.012476 0.41094 0.85397 -0.0012745 -0.31977 0.54052 -0.061492 -1.6653 -0.35487 0.50256 -0.26759 1.3955 -0.50512 -0.25232 -0.030111 -1.838 -1.0222 -0.59488 0.19242 0.13802 1.6587 -0.46626 0.070309 0.41277
-1.1073 1.0331 0.9908 0.63016 0.7973 1.242 -0.69066 -0.45987 0.62752 -0.059121 1.4958 1.1426 -1.2159 0.19109 0.3744 0.19926 0.61214 0.22056 0.1514 -1.0526 0.0649 -0.43285 -0.94948 -0.96454 -0.32734 -0.34932 0.54439 0.066213 0.27141 0.19611 -1.4736 -0.70971 -0.12009 0.10168 0.20658 2.1251 -0.14581 -0.20109 -0.0020798
-1.0178 0.91387 0.64818 0.95111 0.8364 0.78033 -0.30343 0.60963 0.39524 -0.097262 0.055144 -0.054434 -1.3083 -0.31232 0.37516 0.55449 0.84208 -0.1771 0.13874 -0.88912 0.086429 -0.26587 -0.060269 -0.73066 0.1542 -0.49316 -0.037627 0.16166 0.21565 0.060677 -1.0387 -0.62323 0.42748 0.16925 0.051844 1.6014 0.32455 -0.37396 -0.052667
-1.0486 1.2462 1.2014 0.89003 0.29359 0.7925 0.092406 0.56784 0.88649 0.0024989 -0.18095 0.5293 -1.3086 -0.31215 0.50567 0.45237 0.84785 -0.43036 -0.46022 -0.36715 0.5181 0.086598 0.86334 -0.26385 -0.12724 -0.45709 -0.16626 0.082591 -0.013994 -0.38427 -0.71099 -0.79455 0.70839 0.40048 0.16212 0.85448 0.93437 0.36123 0.11587
-1.24 1.1587 1.1549 1.3879 0.54684 1.2273 -0.50648 -0.12639 -0.14285 -0.031505 -0.64739 -0.27286 -1.3563 -0.11398 0.49182 0.28182 0.41225 -0.76536 -0.95332 0.21049 0.64638 -0.20958 0.43179 -0.042104 -0.32406 -0.29935 0.3147 -0.18354 -0.29821 -0.66333 -0.16044 -0.48638 0.55597 0.33342 -0.19365 -0.18211 0.61259 0.20584 0.26638
-1.7414 1.0382 1.4609 1.5679 0.045526 0.83502 -0.25717 0.38159 0.067078 0.33593 0.62245 0.90614 -1.472 -0.19725 0.44834 0.32946 0.13202 -0.81717 -0.90608 -0.15313 0.58375 -0.12202 0.41326 0.59061 0.63812 -0.26593 0.56381 -0.43067 -0.2166 -0.90737 0.16578 0.021758 0.36754 -0.27692 -0.14221 -0.51244 -0.0041559 0.10461 0.30858
-1.3348 1.4111 1.0907 1.118 0.30634 0.31562 -0.13726 0.65954 0.52659 0.78404 1.2024 0.54367 -1.4664 0.19273 0.10203 0.11223 -0.0056909 -0.28584 -0.62008 0.14049 0.71717 -0.556 -0.16198 0.089185 0.19077 -0.17096 0.60614 -0.46033 -0.075289 -0.56966 0.53421 0.65696 0.15477 -1.0149 -0.071939 -0.25174 -0.51842 -0.23362 0.26846
-0.87328 1.5022 1.1296 1.1124 -0.021209 -0.44293 -0.23689 0.86115 0.33738 0.05997 0.37001 -0.035601 -1.4751 0.5381 -0.0043172 0.17634 -0.59544 -0.36213 -0.58341 0.41787 -0.084696 -0.028582 0.21668 -0.33278 -0.16545 -0.036904 0.54109 -0.37356 -0.21425 0.012148 0.44929 0.88232 0.2099 -1.2062 -0.26123 0.12685 -0.7011 -0.63451 0.20651
-1.4676 1.3261 1.3274 1.147 -0.21452 0.024366 -0.54727 1.3214 0.26643 0.37542 0.41988 1.3409 -1.5328 0.5969 -0.035118 0.24495 -0.2583 0.0041995 0.21033 0.23848 -1.0753 -0.39983 0.073312 -0.62628 -0.3715 0.0072035 0.21849 -0.12912 -0.29957 0.40143 0.20618 0.70587 0.0079348 -1.0147 -0.24952 0.74073 -0.076111 -0.059286 0.088793
-0.81881 1.1355 1.3977 1.1789 0.36839 0.72487 0.4091 0.87393 -0.75917 -0.47845 -0.60226 0.15409 -1.4289 0.56403 -0.094819 -0.093615 0.28869 -0.12394 0.45837 0.22448 -0.96163 -0.73386 0.54577 -0.46789 -0.32223 -0.0317 0.082984 0.082103 -0.48985 0.73271 0.038607 0.19951 -0.19622 0.069222 -0.1172 0.66137 0.23822 0.1164 -0.022387
-0.79505 1.1207 1.4397 0.42444 -0.077004 0.17764 0.083629 -0.81783 0.44062 1.0598 -0.32553 -0.37052 -1.4138 0.5719 -0.065758 -0.25887 0.29496 -0.021379 0.28269 0.24941 -0.89969 -0.71298 1.0699 0.0075734 0.16445 -0.035996 -0.15462 0.26015 -0.55574 0.3476 -0.34801 -0.49856 -0.38276 1.2981 0.43034 0.38789 0.45697 0.55002 -0.082845
-0.99328 1.307 1.5896 1.475 0.19982 0.9492 -0.11105 -0.7245 -0.42901 0.47347 0.54094 0.70263 -1.5115 0.70279 0.14248 -0.41096 0.47684 -0.27921 -0.21753 0.005766 -0.041784 -0.10886 0.96661 -0.16162 -0.19093 -0.053167 -0.29472 0.25968 -0.088925 -0.081356 -0.37022 -0.26952 -0.37099 1.6695 0.38026 -0.48083 0.3915 0.83576 -0.083008
-0.41456 1.4745 0.55986 1.6874 -0.071904 0.25779 0.046892 0.56606 -0.71761 1.3129 0.27363 -0.028142 -1.5255 0.25897 0.26811 -0.55094 0.29182 -0.57114 -0.45805 -0.4415 1.0739 0.17955 0.60045 0.15215 0.66228 -0.11532 -0.33675 0.052913 0.22933 -0.50308 -0.16229 0.19147 -0.30963 0.94568 0.20352 -0.92215 -0.020457 0.644 0.003005
-0.43799 1.2539 1.0795 1.2363 -0.074149 -0.11311 0.072792 0.15544 -0.76505 1.1384 0.10654 1.0278 -1.5021 0.20386 0.15936 -0.084895 0.14951 -0.54356 0.28452 -0.19526 1.4098 -0.39148 -0.10405 0.25867 1.093 -0.12555 -0.50753 -0.23518 0.52718 -0.69168 0.46117 0.83811 -0.27829 -0.21464 -0.10458 -0.85568 0.08143 0.44823 0.042271
-0.52348 1.3446 1.0487 1.6375 -0.36515 0.088225 -0.30663 1.2807 0.41533 1.0392 -0.6178 0.25955 -1.5205 0.2303 0.0096704 -0.0020574 -0.45383 -0.19481 0.4175 -0.28938 0.27295 -0.14736 -0.10338 -0.23891 0.80766 0.0024009 -0.45634 -0.30394 0.47175 -0.32889 0.7279 0.95218 -0.19885 -1.2094 -0.079929 -0.32932 -0.021434 -0.71903 0.039114
-0.69315 1.4048 0.78075 1.0263 -0.2789 0.17608 -0.35749 1.3129 -0.19952 0.44939 0.086924 0.96543 -1.5218 -0.17634 -0.11434 0.25589 -0.40789 0.39309 1.0351 -0.6453 -0.083089 -0.15622 -0.26592 0.20413 0.63465 -0.047867 -0.3198 -0.2021 0.039561 -0.11084 0.63193 0.1591 -0.015688 -1.2954 0.18502 0.067925 0.0046777 -1.1239 0.011485
-0.57047 1.339 1.6458 1.0297 -0.54484 1.3135 -0.065863 0.37614 -0.98947 0.97468 0.86655 1.5687 -1.5839 -0.35376 -0.09322 0.12293 -0.023174 0.31988 1.0872 -0.62849 -0.62781 -0.098081 0.079769 0.1411 -0.51707 -0.094987 0.0033046 -0.073969 -0.14901 0.07628 0.38426 -0.29436 0.46773 -0.46825 0.28732 0.022182 -0.34986 -1.1465 -0.010308
-0.3663 1.3661 0.95101 1.0559 0.28013 0.9863 -0.52814 -0.42437 -0.76706 0.73743 -0.38935 1.2925 -1.4618 -0.065165 -0.12127 -0.059758 -0.26052 0.37894 0.27018 -0.061939 -0.76131 -0.029943 -0.055504 0.083287 -0.45328 -0.061277 0.3638 0.12066 -0.57165 -0.057479 -0.054347 -0.80549 0.87223 0.40066 0.32631 -0.17464 -0.75039 -0.86996 0.079347
-0.77191 1.2374 0.91792 1.1754 0.42884 1.2234 -1.04 1.1147 -0.59942 1.1041 0.57743 0.64296 -1.5976 0.18581 -0.10995 -0.086732 -0.3798 0.52889 0.20563 0.37451 -0.34123 0.38656 -0.15388 -0.88264 -0.90168 -0.0096968 0.32504 0.22782 -0.43575 -0.14193 -0.2976 -0.45593 0.76713 1.1057 0.17741 -0.36795 -0.30551 0.13682 0.063348
-1.0395 1.2053 1.331 1.4757 -0.23486 1.0741 -0.75225 -0.36328 -0.11536 1.1533 -0.20716 -0.38078 -1.6032 0.20332 0.08839 -0.6217 -0.32662 0.18487 -0.14964 0.63867 0.57281 0.2789 -0.4619 -0.80016 -0.87984 0.032153 0.22651 0.27876 -0.17664 0.087691 -0.37005 -0.018904 0.35226 0.91705 -0.021284 -0.26887 0.090833 0.9101 0.053378
-0.34198 1.3372 0.80159 0.75173 -0.06564 0.05408 0.13868 0.68149 0.17195 0.42593 -0.13274 0.55057 -1.5469 0.092804 0.1711 -0.3406 -0.24171 -0.14178 0.37682 0.59105 0.92634 0.11798 -0.39079 -0.031413 -0.020947 -0.044283 0.15523 0.16302 0.071493 0.25012 -0.1573 0.026671 -0.14437 0.53506 -0.2419 -0.011386 0.7194 1.6075 0.017115
-0.26659 1.3021 1.0432 0.29343 0.47675 1.3883 0.38446 0.44288 -0.27803 0.39023 -1.316 0.38057 -1.5122 0.38766 0.19045 -0.2237 -0.16097 0.020081 0.14598 0.54846 0.44557 0.065234 -0.42579 -0.15304 0.91737 0.037703 0.0050607 -0.094961 0.52354 0.45411 0.090195 0.038417 -0.56226 -0.22387 -0.10531 0.39694 0.61954 1.3216 -0.019945
-0.39291 1.4839 0.44218 1.0083 -0.18125 1.1068 0.30914 1.0902 -0.91041 0.56511 -0.09941 0.43023 -1.5213 0.37374 0.10248 -0.1422 0.0031904 0.31501 0.11117 0.11937 0.79265 -0.00051607 -0.17991 0.25741 1.3889 0.011996 -0.06644 -0.22153 0.45226 0.48157 0.09253 -0.50312 -0.60757 -0.48707 0.14963 0.43852 0.33215 0.53634 -0.011226
-0.69669 1.4272 0.71243 1.0617 0.23486 1.713 -0.53344 1.1649 -0.21816 0.61807 0.36274 1.1394 -1.6043 0.077046 -0.034625 0.21403 0.39003 0.1231 0.060233 -0.2831 0.17925 0.12582 0.18713 0.31657 1.0396 -0.029997 -0.21246 -0.22038 0.37267 0.3877 -0.11172 -0.54266 -0.47265 -0.36226 0.25789 0.37743 0.31453 -0.070203 -0.055257
-0.25016 1.3268 1.0185 1.029 0.20931 0.72572 -0.062013 0.85779 -0.0056309 0.61548 -0.15951 1.525 -1.5517 0.1357 -0.080135 0.25067 0.37214 -0.022296 -0.59582 -0.24376 0.068254 0.40091 0.13486 0.41231 0.99035 -0.030685 -0.12083 -0.12442 0.22437 0.19229 -0.2181 -0.51278 -0.16543 -0.38227 0.25914 0.14746 0.09748 -0.22041 -0.025659
