39 310
-1.2619 1.1869 0.97807 0.87533 -0.37233 0.5035 0.14094 0.58802 -1.0563 0.40434 0.97227 0.5773 -1.4272 0.16763 0.15273 -0.0028101 0.29005 0.15692 -0.11718 0.29588 0.023854 -0.0049127 0.19242 -0.26012 0.33559 -0.047901 -0.18488 -0.0096776 -0.30666 -0.088314 0.043931 -0.091053 -0.22395 0.11117 0.082951 -0.045998 -0.10702 -0.69994 0.0041194
-0.55643 1.3853 1.0011 0.70242 -0.70346 0.784 0.85979 -0.23776 -1.2628 1.3073 0.6731 1.3753 -1.3751 0.084093 0.25169 -0.38417 0.26 0.36083 -0.18521 0.22342 0.20687 -0.28397 0.25419 -0.47142 -0.36736 -0.034366 -0.18072 -0.15231 -0.20954 -0.16197 -0.14958 0.032819 -0.39674 0.17446 0.39519 -0.149 -0.14522 -1.0353 0.040533
-1.0667 1.1584 0.65165 1.139 -0.30522 0.10912 0.63132 0.40807 -0.84124 0.84965 0.78073 1.4351 -1.4649 -0.15538 0.0733 -0.44742 0.12224 0.12683 -0.24338 -0.14326 0.14253 0.29213 0.055449 -0.38447 -0.73931 -0.046739 -0.20919 -0.25279 -0.054403 -0.28617 -0.3158 0.0059113 -0.35032 0.41626 0.42366 -0.40911 -0.26678 -1.1292 0.03512
-1.2962 1.4032 1.1537 1.3446 -0.024953 0.43588 0.2046 1.0139 -1.1564 0.21094 0.65585 0.31094 -1.4996 -0.027653 -0.095628 -0.21869 0.05089 -0.12592 0.018478 -0.31728 0.30258 0.63751 -0.058602 -0.50561 -1.2252 0.022783 0.056906 -0.27611 0.10067 -0.28248 -0.53633 -0.025759 -0.29974 0.14611 0.29935 -0.39934 -0.22465 -0.32563 0.040345
-1.1391 1.4932 0.13249 1.0001 0.034501 0.30444 0.4105 0.8175 -1.709 0.91949 0.29059 -0.21056 -1.4242 -0.18792 -0.14351 -0.20885 -0.16492 -0.21518 -0.19703 -0.17051 0.80261 0.38306 -0.50963 -0.79784 -1.5218 -0.014625 0.23514 -0.1608 0.0098961 -0.088824 -0.52537 -0.19347 -0.11647 -0.2499 -0.18121 -0.031595 0.091022 1.08 0.028326
-1.408 1.0976 0.52045 0.82 -0.64391 0.25818 -0.12799 0.32258 -0.0199 0.5422 0.6458 0.11589 -1.4659 0.19953 -0.152 -0.312 -0.14891 -0.50501 -0.2459 -0.39507 0.15762 0.26708 -0.30147 -0.73388 -0.6526 0.020515 0.14212 -0.068006 0.074766 0.12836 -0.29933 0.029255 -0.005398 -0.49438 -0.38393 0.15997 0.32904 2.142 -0.046638
-0.7271 1.0849 0.98273 0.93825 -0.76929 0.82821 0.1938 0.75245 -0.18885 0.76663 0.13059 -0.24061 -1.344 0.17218 -0.20195 -0.39356 0.038343 -0.69953 -0.46386 -0.35744 -0.30434 0.098968 0.10064 -0.097687 1.1139 0.0044265 0.0059346 0.095133 0.13083 0.034279 0.072523 0.57836 0.020176 -0.76608 -0.67692 0.30986 0.36558 1.7888 -0.039692
-1.1211 1.2681 0.52336 0.66184 -0.59769 -0.035826 0.89652 1.5926 -1.2371 0.17727 -0.48407 -0.1766 -1.4923 0.054963 -0.20192 0.012543 0.17896 -0.46775 0.21776 -0.24716 -0.15725 -0.010073 -0.043053 -0.19913 1.7241 -0.0671 -0.33635 0.15199 -0.023488 -0.303 0.45051 0.56675 0.28447 -0.28861 -0.49957 0.051057 0.45256 0.70327 -0.079122
-0.92644 1.1012 0.10312 1.2985 -0.60416 -0.2502 -0.60312 0.38352 -0.71326 0.28672 0.12497 0.58298 -1.464 -0.11428 0.04116 -0.11845 -0.27828 -0.10731 0.66885 -0.21491 -0.60222 -0.86237 -0.0075943 -0.33435 0.84925 -0.039092 -0.23666 0.13273 0.026048 -0.6257 0.43849 0.60935 0.4726 0.080064 -0.14191 -0.1924 0.18057 -0.63493 -0.012438
-1.1936 1.2347 0.31523 1.2676 -0.92486 -0.039491 -0.22619 0.15232 -1.2084 0.96549 0.91628 1.8359 -1.4583 -0.31266 -0.010946 -0.5101 -0.58216 0.047598 0.26363 0.10985 -0.291 -0.27647 -0.15234 0.29216 0.86447 -0.094583 -0.1346 0.1062 0.19461 -0.79295 0.25777 0.30279 0.8706 0.66942 0.12843 -0.27722 0.11595 -1.2557 0.10384
-1.1085 1.0234 0.56053 0.94032 -0.71268 1.3075 0.2121 0.66625 -0.77889 0.70551 -0.31256 1.4106 -1.5011 -0.10814 -0.069687 -0.092242 -0.78704 -0.13145 0.66915 0.42933 -0.090123 -0.066477 -0.25413 0.011373 0.24753 -0.0027032 0.41334 -0.18902 0.22506 -0.48416 -0.018091 -0.27929 0.39646 1.3234 0.7761 -0.39963 0.022443 -1.0684 0.30211
-1.3587 1.2129 0.5935 0.034063 -0.78201 1.3038 -0.22659 -0.55548 -1.5734 0.30318 -0.21434 -0.17021 -1.4382 -0.21641 0.03324 0.38157 -1.091 0.024771 0.79748 1.2192 0.92481 -0.15824 -0.50496 -0.14866 -0.51489 0.096076 1.2695 -0.56461 -0.27222 -0.33827 -0.39427 -1.1894 -0.64197 1.0441 0.83608 -0.12795 -0.11945 -1.0579 0.85088
-1.1313 1.1173 -0.31896 0.26793 -0.5317 -0.045514 0.90372 1.3936 -0.57372 0.22104 0.63135 0.9919 -1.5248 0.62069 -0.33543 -0.12035 -0.96031 -0.14254 -0.11202 0.038239 1.4494 0.6422 -0.67009 -0.080722 -0.62571 0.39182 1.8124 -0.88752 -0.85528 -0.15219 -0.57679 -1.9423 -1.3939 0.53762 1.411 0.55808 -0.18707 -0.78527 1.3133
-1.1464 1.1289 0.48939 0.13003 -0.9479 0.74447 0.8073 0.92252 -1.3712 -0.094736 -0.4584 0.63424 -1.4643 1.7488 -0.91225 -1.0614 -1.1542 -0.71226 -1.57 -1.0345 1.0344 1.0546 -0.22024 0.082941 -0.84247 1.1889 1.9159 -0.85015 -0.98011 -0.087668 -0.63295 -1.7323 -1.7516 -0.67627 1.7361 1.0604 -0.34536 -1.238 1.4642
-1.3824 1.1895 1.0552 0.025157 -0.61303 1.3041 1.0793 1.7394 -1.0405 0.089897 0.40063 0.58162 -1.2952 2.3769 -1.2155 -1.1196 -1.0599 -0.87709 -1.786 -1.339 0.92688 2.1788 0.74907 -0.49718 -1.186 1.736 1.3691 -0.25307 -0.62751 0.042403 -0.39295 -0.79104 -0.843 -1.3858 1.2943 1.015 -0.24501 -1.3525 0.97291
0.14942 0.5395 -0.26166 -0.14097 -1.2109 -0.077283 -1.069 2.2677 0.31589 0.09541 0.32869 0.98116 -0.94291 2.5717 -1.0776 -1.121 -1.2228 -0.82941 -1.6099 -1.7271 -0.19476 2.5847 0.97181 -0.65501 -2.739 1.9716 0.13622 0.92775 0.42698 0.73388 0.040953 0.34203 0.32773 -1.6692 -0.2096 0.37717 -0.33449 -0.66991 -0.38886
1.4424 -0.19919 -1.5908 -1.248 -1.7336 -1.4176 -1.4959 1.0339 0.45384 0.4226 -0.47153 -0.7452 0.048751 2.8262 -0.72314 -1.3771 -0.85996 -0.84685 -1.5677 -1.3712 -0.75042 2.4921 0.82621 -0.2223 -2.4111 1.6935 -1.6847 1.9733 1.5227 1.4631 0.62394 1.1968 1.5689 -1.3576 -2.1458 -0.22041 0.23202 1.028 -1.8716
1.2142 0.095442 -0.69404 -1.0567 -1.5334 -1.1436 -0.86274 1.3525 2.0225 1.6829 -0.74823 -1.2642 0.19655 1.7755 0.50802 -0.078912 0.12832 -0.66121 -1.0255 -0.3528 -1.5139 0.46194 0.51192 -0.74697 -1.5962 0.53456 -3.2772 2.1457 2.2102 1.9622 1.3814 2.1893 2.365 -0.17156 -3.1623 -0.58068 0.84784 3.3175 -2.9127
1.461 0.32483 -1.0368 -1.0437 -1.3195 -1.1568 -0.81456 0.86769 2.4139 0.97191 -0.19973 -2.2004 0.16546 -0.46766 1.5502 1.437 1.0353 0.2189 0.1817 1.2065 -1.1711 -1.1236 0.51155 0.0081182 0.27778 -0.80011 -3.7306 1.4163 1.9096 1.727 1.5223 2.156 1.8078 0.72109 -3.0436 -0.77377 1.2049 3.8921 -2.7873
2.2166 0.54518 -0.8998 -0.63228 -1.9535 -0.4508 -0.92888 0.05078 1.2988 0.52814 -0.16915 -1.0792 -0.030382 -2.0796 1.6562 1.9451 1.5506 1.265 1.6404 1.8633 -0.3455 -2.0336 -0.084802 0.94114 2.5386 -1.8471 -2.7495 0.10866 0.6013 0.88119 1.1354 1.1959 0.80898 1.3677 -1.6049 -0.4842 1.5382 3.1507 -1.5905
0.75902 1.9119 1.1015 0.53903 -1.495 -0.62099 0.003698 -0.24875 -1.3337 0.69605 -0.85268 -0.42605 -1.0635 -2.4144 1.2533 1.4739 1.7022 1.0865 1.1617 1.2475 0.1079 -2.4454 -0.48947 1.3709 3.2946 -1.963 -0.9559 -0.98427 -0.77649 0.00052794 0.60262 0.040418 -0.20823 1.1484 0.24798 -0.18027 0.77375 0.92454 -0.059192
-0.66045 1.7531 1.0095 0.64788 -0.83296 -0.4676 0.52833 0.82706 -0.77083 1.375 0.36979 1.1753 -1.4447 -2.5368 0.84068 1.1102 1.4579 1.0624 0.74274 1.2877 0.59569 -2.1436 -0.0016195 1.6867 3.1833 -1.6497 0.77427 -1.8306 -1.4727 -0.79267 0.22421 -0.48923 -1.19 0.50613 1.8318 0.20947 0.026297 -1.4359 1.4138
-1.2081 1.1279 0.62798 0.27042 0.19954 1.2959 1.2815 0.93375 -0.9833 0.54011 0.8029 1.529 -1.4906 -2.0833 0.16436 0.26556 1.068 1.4596 0.7174 1.0514 0.66419 -0.57625 0.085654 1.1961 1.7835 -1.001 1.8107 -2.2143 -1.1975 -1.3834 0.22646 -0.4135 -1.7016 -0.47366 2.3071 0.16826 -0.52867 -2.7424 2.2898
-0.84689 1.3956 0.63475 1.135 -0.90986 -0.40549 -0.083375 1.2745 -0.48956 0.65603 1.0451 1.3354 -1.4619 -0.76957 -1.1245 -0.45279 0.34382 1.4948 0.95412 -0.51215 0.38455 0.73723 0.050874 1.0696 0.39347 0.13181 2.2493 -2.0267 -0.69929 -1.4308 -0.26381 -0.99549 -1.548 -1.1084 1.8586 -0.3022 -1.103 -2.7787 2.5427
-0.88365 1.5171 0.40733 0.85915 -0.61522 -0.3116 0.94422 1.0093 -1.3046 0.9342 1.697 1.1775 -1.4558 0.16628 -1.7836 -0.18795 -0.38927 1.291 0.28983 -1.384 -0.75798 0.78372 -0.17785 0.59216 -0.82867 1.1298 1.8499 -1.2496 -0.027844 -1.3955 -0.67421 -0.97207 -0.62097 -1.1902 0.64707 -0.71675 -1.5664 -1.8577 2.0389
-0.76768 1.2119 0.21867 1.1809 0.18884 0.78502 0.89175 0.57275 -0.11375 0.78852 0.20594 0.94661 -1.4128 0.6443 -1.8654 -0.095224 -0.55227 0.63058 -0.90326 -0.70828 -0.94712 0.93615 -0.50681 -0.26627 -1.1016 1.7083 0.79599 -0.17666 0.38204 -0.90474 -1.0812 -0.70728 0.29287 -0.92667 0.074512 -0.7846 -1.6949 -0.77074 0.96125
-0.80887 0.11469 0.72047 0.68555 0.86417 1.0247 -1.2216 0.75943 -0.035521 1.0619 1.0115 0.51807 -0.88055 0.74935 -1.7389 0.017383 -1.1555 0.59142 -0.16969 -0.14701 -1.0892 0.6262 -1.1314 -1.3332 -1.2147 1.758 -0.050176 0.58972 0.049535 -0.19805 -1.1371 -0.18876 0.57227 -0.37446 -0.086804 -0.43654 -0.76565 0.058241 -0.069605
-0.62472 -0.72124 0.66244 -0.45528 0.7475 -0.091709 -1.0854 -0.59824 0.20485 0.6072 1.631 0.47842 -0.0085005 0.45621 -1.479 0.20709 -1.0102 -0.23328 -0.13431 -0.53712 -1.3365 0.95639 -1.1088 -1.4261 -0.98173 1.4905 -0.18243 1.0571 -0.40907 0.64427 -0.73218 0.36592 0.34423 -0.31894 -0.27437 0.057388 -0.10576 0.35613 -0.67251
-0.10305 -0.3513 0.27625 0.2418 -0.23627 -1.1968 1.1572 0.053173 0.20339 -0.53894 0.084944 0.33394 0.16065 0.15402 -0.92211 -0.25145 -0.55203 -0.46195 -0.43847 -0.29821 -1.3343 0.58674 -0.79212 -0.39701 -0.79609 1.1184 0.20944 1.0165 -0.66135 1.4332 -0.18841 0.13536 -0.17008 0.051689 -0.20929 0.49158 0.12947 0.26105 -0.77339
0.071887 0.15475 0.58243 -0.29665 -0.25928 0.13292 0.11807 -0.23844 -0.2195 -0.68666 -0.99465 -0.13372 -0.11404 0.5819 -0.37328 -0.80396 0.35789 -0.25379 -0.07036 0.067101 -1.4834 0.38851 -0.56831 -0.9618 -0.62164 0.85912 0.53736 0.35717 -0.36963 1.2902 0.82752 0.144 -0.56725 0.2624 -0.34835 0.56906 0.18035 0.01464 -0.30568
-0.77427 -0.28727 0.72056 -0.097464 -0.39323 0.59171 -0.48166 -1.3264 0.80402 0.1136 -0.014632 0.18621 -0.21559 1.0784 -0.46465 -0.8323 0.87431 0.22961 0.063588 -0.81307 -0.92579 0.47481 -0.39386 -1.3145 -0.89596 0.72918 0.41939 -0.59199 0.21417 0.63327 0.90872 -0.44298 -0.66118 0.76516 -0.39247 0.28697 -0.21604 -0.19856 0.31979
-0.71902 -0.47734 -0.31256 0.50378 0.49404 0.10739 -0.64125 -1.2633 0.76163 0.1817 0.95412 -0.070581 0.019591 1.0151 -1.0738 -0.26559 0.71831 0.99003 -0.10385 -1.4651 -1.025 0.29491 -0.13963 -0.61308 -0.92661 1.1542 -0.09891 -0.79227 0.87994 -0.3603 0.72033 -0.97439 -0.30483 1.6371 -0.38185 0.0090849 0.083012 -0.31628 0.73276
0.63184 -0.74968 -0.49887 0.88631 0.60375 0.15411 -0.82983 -1.7886 0.24473 -0.070611 -0.41816 -0.19871 0.63961 0.73213 -1.6556 -0.098819 0.45873 0.64037 -1.2433 -0.91179 -0.031918 -0.17341 -0.42263 -1.023 -1.0655 1.5279 -0.7833 -0.10064 1.3805 -1.0168 0.19705 -0.86017 0.1934 2.0116 -0.073917 -0.091072 0.030975 -0.43365 0.56932
1.2896 -1.0893 -0.30338 0.63844 0.35325 -0.85267 -1.2457 -1.1919 0.8943 -0.82548 -1.2861 -0.80774 0.82714 0.5552 -1.224 0.60243 -0.13497 0.90511 -1.2371 -0.52618 1.3628 -0.072801 -0.54587 -0.95119 -1.1946 1.7351 -1.2534 0.94478 1.3257 -1.0473 -0.046021 -0.18285 0.25271 2.0298 0.58004 -0.031378 0.30218 -0.57388 -0.13863
0.63132 -1.3052 0.68564 0.75952 0.85345 -0.60377 -0.94804 -1.5495 0.29025 -0.68025 -0.81933 -0.76315 1.1475 -0.20472 -0.58412 1.5228 -0.64956 0.6365 -0.97531 -0.89469 1.9303 0.49795 -0.39021 -1.0949 -1.6549 1.4297 -1.3524 1.5831 0.77926 -0.6804 0.11148 0.72563 -0.18492 0.99922 0.86463 0.056024 0.89043 -0.56576 -0.72081
-0.082093 -1.944 0.36618 0.02179 0.13695 -1.2806 -1.3184 -0.21174 -0.3224 -0.71335 -1.7451 -1.1771 1.2229 -0.93149 0.087744 1.6014 -0.73623 0.89196 -0.57053 -0.96314 2.0806 1.1252 -0.23163 0.024825 -1.8058 0.96289 -0.81347 1.4621 -0.25124 -0.071037 -0.1176 0.72758 -0.33789 -0.10532 0.64904 -0.20921 0.87676 -0.32241 -1.0369
-0.097665 -1.3313 1.1133 -0.021481 1.4341 -0.74827 -1.1162 1.0165 1.3347 -0.23785 0.025158 -1.0397 1.6689 -1.1296 0.54099 0.97049 -0.55073 0.84787 -0.20206 -1.088 1.6137 0.97087 -0.47445 0.28693 -1.9175 0.66101 0.14215 1.0679 -0.94087 0.53228 -0.045671 0.61252 0.0039892 -0.88481 0.0795 -0.60196 0.77997 0.24811 -0.96295
-0.18435 -0.86349 1.5675 -0.03246 1.1858 -1.1332 -2.3385 0.97447 1.5362 -0.56752 -1.3625 -2.3576 1.5547 -0.55327 0.84685 0.35577 -0.33432 0.56265 -0.24556 -1.1406 1.2939 0.99665 -0.94801 0.12804 -1.7333 0.31671 0.67598 0.28978 -1.0915 0.64105 -0.45844 0.29012 0.24996 -1.2972 -0.7506 -0.76035 -0.13521 0.72628 -0.82267
0.0044741 -0.74473 1.4549 0.068509 1.5033 -0.77111 -2.1038 0.69352 1.9627 -0.87919 -0.63609 -2.3126 1.5651 -0.1311 0.95637 0.22306 0.1482 0.70182 0.024113 -0.80989 0.52148 0.71272 -1.2901 0.42686 -1.2182 0.078681 0.68851 -0.38507 -0.75335 0.40996 -0.32928 0.16906 0.73117 -1.1027 -0.86757 -0.38201 -0.038468 1.3207 -0.58943
-0.50508 -0.86302 0.79847 -0.02632 1.1366 -1.2002 -2.4603 0.62047 1.3098 -1.7423 -1.0113 -2.8195 1.5253 -0.1437 0.39201 -0.25312 0.12009 0.076972 -0.12755 -0.59736 -0.008792 -0.27923 -1.41 -0.33245 -0.72459 -0.17611 0.31528 -0.685 -0.34644 0.13949 -0.043069 0.31569 0.81743 -0.63162 -0.74438 0.32633 0.1225 1.5329 -0.29429
-0.22218 -0.7124 1.0043 0.06359 1.1999 -1.1483 -2.2951 0.96784 1.2003 -1.7793 -0.87391 -2.3543 1.5007 -0.023299 0.059116 -0.267 -0.012124 0.44947 0.067515 0.14052 0.022732 -0.16195 -1.0457 0.42655 0.19972 -0.11706 0.1953 -0.58145 -0.071624 -0.0032569 0.086874 0.55276 0.53091 -0.003235 -0.25252 0.86787 0.23837 1.3745 -0.058735
-0.15478 -0.65127 1.1365 0.25838 1.6041 -0.94086 -2.2232 1.1188 1.4172 -2.0137 -0.46504 -2.3403 1.4731 -0.012243 0.043417 -0.11524 -0.0032795 0.59445 0.33686 0.062702 0.25269 -0.086866 -0.4048 0.36483 0.60464 -0.096545 0.15708 -0.22945 0.17379 0.10645 0.20871 0.66656 0.1617 0.29087 0.13039 1.0243 0.38573 0.97227 0.10192
-0.32947 -0.79075 0.9895 0.023761 1.3895 -1.0089 -2.4067 0.78403 1.031 -1.9461 -1.179 -2.3526 1.4535 0.16789 0.066013 -0.0041316 0.18899 0.597 0.84152 -0.054045 0.36977 0.0935 -0.0052364 0.55045 0.84681 -0.062499 -0.012329 -0.23311 0.068327 0.0073642 -0.30838 0.14664 -0.091174 0.070055 -0.39561 0.71236 -0.34551 0.49998 0.081242
-0.12689 -0.80795 1.1745 -0.13223 1.9314 -0.92194 -1.9172 0.77602 1.7459 -1.9705 -0.38552 -2.161 1.4525 0.052084 -0.039102 -0.044693 0.20751 0.38991 0.7489 -0.17782 0.39095 -0.15321 0.18125 0.37743 0.87553 -0.025344 -0.11626 -0.43912 -0.11547 -0.16289 -0.66982 -0.32939 0.45807 -0.26452 -0.90871 0.52214 -0.69107 0.51623 0.080134
-0.23833 -0.68806 0.93808 0.1359 2.0053 -0.31534 -2.2965 1.2103 1.5202 -1.5255 -0.27495 -1.7019 1.4692 -0.089148 -0.33391 -0.17647 -0.11819 -0.049567 0.14793 0.060031 0.080725 -0.94211 0.12648 -0.29462 1.0418 -0.010582 -0.1744 -0.61556 -0.43436 -0.27797 -1.0658 -0.42221 1.0897 -0.58032 -1.2826 0.96535 -0.7902 0.76571 0.027649
-0.17213 -0.7192 0.79289 0.43501 1.5904 -0.046185 -2.6785 1.4028 1.1809 -1.938 -0.398 -1.8329 1.449 -0.11683 -0.56371 -0.27632 -0.1745 -0.37418 0.075574 0.9409 -0.15166 -1.4233 0.60045 -0.63008 1.5172 0.017641 0.17971 -0.47945 -0.60814 -0.2264 -1.0624 0.1864 1.5705 -0.95257 -0.99036 1.3795 -0.044747 0.62673 -0.066955
-0.13962 -0.78213 1.128 0.32592 1.7187 -0.44899 -2.4097 1.5151 0.83858 -1.5891 -0.51869 -1.3771 1.4685 -0.092314 -0.79807 -0.7828 -0.16391 -1.0695 0.39568 1.6281 -0.54586 -1.8841 1.7746 -0.56479 2.0358 -0.035137 0.58859 -0.073834 -0.9269 -0.0875 -0.82199 0.78099 1.5048 -0.75687 -0.19597 1.5115 0.7861 0.010876 -0.23122
-0.44552 -1.2964 0.77135 -0.3852 1.3962 -1.3031 -1.8409 0.58456 -0.38125 -1.9971 -1.5123 -1.2718 1.4455 0.38847 -0.68709 -0.98874 -0.21535 -1.1421 0.9862 2.2742 -1.2348 -1.7021 2.2047 0.40913 1.6099 -0.12876 0.97295 0.42195 -1.1532 -0.097392 -0.82107 0.7041 0.78037 -0.18147 0.67572 0.65232 1.3685 -0.98046 -0.44111
-0.38422 -1.4559 0.58474 -0.23992 1.1363 -0.55468 -0.41212 0.43528 -0.51154 -0.64287 -1.6129 -0.37939 1.4861 0.77755 -0.41827 -1.7144 -0.27904 -1.2483 1.1711 2.4934 -0.92135 -1.211 2.4455 0.7716 0.99306 -0.33879 1.308 1.1905 -0.78236 0.12684 -0.83323 -0.093412 -0.19838 0.65487 1.3073 -0.48536 1.4117 -1.601 -0.82491
-0.12404 -1.5463 -0.25944 0.044532 0.57738 0.46413 0.022738 0.28002 -0.59419 1.1994 -0.26096 0.36744 1.3832 1.3051 -0.0024673 -2.164 -0.31705 -1.8657 1.0219 2.1101 -0.34498 -0.39978 1.6058 1.4716 0.050214 -0.59702 0.45033 1.6988 0.51784 0.17011 -0.60529 -1.4124 -1.1202 0.82057 1.1531 -1.4834 0.37537 -1.3712 -1.1065
0.58091 -1.1556 -0.28956 0.13174 0.74182 1.3899 0.092036 -0.55819 -0.65591 0.71248 0.76157 -0.66213 1.2938 1.9491 1.0015 -1.796 0.11374 -2.3119 0.2132 1.2877 0.31795 0.1061 1.0576 1.7617 -0.41583 -1.2351 -0.4647 1.7952 1.8283 0.34214 0.036929 -2.3196 -1.4733 0.31328 0.43301 -2.2049 -0.98734 -0.77081 -1.139
0.78322 -1.1481 -1.5568 -0.16298 0.18425 0.52563 0.35577 0.73363 -0.4665 0.61464 -0.19757 -1.1145 1.027 0.65679 1.6648 0.090214 -0.10258 -1.7789 -1.178 0.54806 -0.21096 -0.032084 -0.18578 0.66486 -0.4568 -1.6045 -1.1468 1.2175 2.2734 0.63014 0.74922 -2.3056 -1.3402 -0.39903 -0.50741 -1.799 -2.3102 0.062413 -0.86168
1.3106 -0.99616 -1.6135 -0.60856 -0.81992 -0.23346 0.46234 0.92544 0.037629 -0.399 0.65151 -1.3241 0.82711 0.20001 1.9843 0.85638 0.25043 -1.2332 -2.0769 0.21515 -0.36981 -0.52721 -1.2381 -0.84481 -0.3218 -1.8154 -1.2311 0.21803 1.6998 0.91323 1.0985 -1.0852 -1.0801 -1.1655 -0.96036 -1.1774 -2.5259 0.28697 -0.1811
1.9928 0.050859 -1.1408 0.15415 -1.476 -1.1019 0.21352 0.81656 -0.56794 0.26288 0.36153 -0.91375 -0.031622 -0.030967 1.6969 1.1113 0.79963 -0.98557 -2.1548 -0.13777 -0.82176 -1.1232 -0.98455 -1.9345 0.10409 -1.8049 -0.43324 -0.64928 0.20574 1.1933 1.0203 0.51502 -0.68596 -1.0704 -0.89574 -0.14181 -1.796 0.056222 0.44683
-0.73577 0.40284 1.7752 -0.28714 -0.29095 -1.3672 0.50601 -0.92876 -0.84633 -0.040555 -0.72861 -0.14328 -0.058722 -0.079385 1.3676 1.1308 1.3866 -0.62174 -1.3268 -0.61546 -1.7459 -1.3073 -0.99348 -2.0866 -0.14551 -1.4491 -0.061204 -1.2747 -0.8098 0.70036 0.6216 1.5924 -0.35765 -0.53727 -0.29077 0.34545 -0.29268 -0.26577 1.0462
0.74587 0.56495 0.00023012 0.7239 -0.48299 -1.3838 0.25197 -0.37934 -1.6235 -0.79143 -1.1395 -0.64379 -0.35313 -0.044835 0.78576 0.35773 1.5866 -0.14717 -0.57441 -0.46755 -1.7 -1.4699 -0.6127 -2.3782 -0.45646 -1.0097 0.42915 -1.4152 -1.3704 -0.1391 0.17215 1.8601 -0.12035 0.60472 0.55361 0.60639 1.1921 -0.45085 1.3285
1.2243 0.27034 -0.14555 1.0698 -0.83167 -1.3463 -0.14922 -1.1209 -2.1089 -0.54542 -1.9641 -1.21 -0.46439 0.079483 0.12065 -0.42336 1.1757 -0.47677 0.13617 -0.37185 -1.0307 -0.95451 -0.71904 -1.2304 -0.59811 -0.39245 0.20833 -1.455 -0.93929 -1.4382 -0.067063 1.4463 0.57141 1.6355 1.5116 1.0143 1.701 -0.27711 1.5281
1.0966 0.27952 -0.56317 1.3731 -1.3046 -1.3392 -0.5654 -1.5611 -1.613 -1.0309 -2.0643 -1.5652 -0.39256 0.70302 -0.25311 -0.906 0.6256 -0.74119 0.6201 -0.52067 0.028 -0.18732 0.12389 0.048817 -0.59697 -0.021767 -0.17896 -1.2249 -0.29815 -2.2738 0.10538 1.0927 1.2838 1.9957 2.1045 0.78841 1.4014 -0.10199 1.5831
1.1635 0.29486 -0.63344 1.3831 -1.0375 -1.2505 0.19986 -1.3769 -2.1367 -0.66034 -1.9998 -1.3723 -0.46105 -0.063592 -0.75847 -0.15671 -0.88569 -0.46494 0.80466 0.58075 0.68021 1.1071 0.72902 0.14578 -0.65456 0.71555 -0.46913 -0.94902 0.11996 -2.3187 0.76619 0.88927 1.956 1.6836 1.9054 0.89126 0.36822 -0.022683 1.416
0.76551 0.42385 -0.26707 1.2349 -1.6007 -0.91558 -0.10573 -0.89612 -1.8539 -0.76037 -0.92148 -0.87742 -0.39783 -0.32672 -1.0038 -0.39362 -1.7265 0.036191 1.1556 1.6992 1.4623 1.7578 0.28608 -0.22946 -0.6567 1.1907 -0.65819 -0.79949 0.12541 -1.7919 1.1356 0.74784 1.8583 1.0541 1.3042 0.81819 -0.17695 0.071184 1.0942
0.66617 0.023942 0.1799 0.54597 -0.86497 -0.44667 -0.48551 -0.45873 -1.1157 0.23709 -0.80258 -1.0216 -0.067183 -0.31584 -1.2338 -0.44896 -2.0774 0.58644 1.5504 2.5516 1.6394 1.9276 1.0358 -0.35503 -0.63783 1.4651 -0.22504 -0.50337 -0.22527 -0.72724 1.0275 0.50629 0.58012 0.32489 0.19736 0.76227 0.0070498 0.27777 0.39909
1.0998 -0.69047 -0.67379 -0.71392 -1.2363 -0.48421 1.5615 0.50436 0.24842 0.13197 -2.0459 -2.1893 0.56088 -0.44382 -1.4747 -0.51822 -2.2048 0.89076 1.6634 2.3251 1.6638 2.0375 1.655 -0.072947 -0.48687 1.5074 -0.034533 0.0059522 -0.088405 0.24337 0.2928 0.15746 -0.94443 -0.57096 -0.62274 0.36251 0.75915 0.77564 -0.33861
0.7366 -0.8045 -1.2001 -0.82397 -0.87737 0.17106 2.2885 0.54961 0.21434 -1.018 -2.8593 -2.1053 0.72827 -0.44687 -1.4464 -0.56452 -2.0458 1.0589 1.513 1.4555 1.2215 1.3568 1.6132 0.069446 -0.20714 1.2521 0.098978 0.65768 0.13699 1.0037 -0.47218 -0.2529 -2.3784 -1.1599 -1.1483 -0.68269 1.4164 1.3512 -0.99306
0.64007 -0.84068 -1.0235 -0.79253 -0.45262 0.72861 2.9339 0.45031 0.40208 1.0917 -1.8456 -1.8001 0.9063 -0.33749 -0.8992 -0.52814 -1.2937 0.34734 1.4811 0.28178 0.50326 0.76907 0.73771 1.0893 0.6577 0.709 0.50413 1.1074 0.55836 1.1479 -1.0357 -0.86837 -2.9737 -1.2695 -1.3501 -1.6039 0.9319 1.4555 -1.2573
0.33972 -1.2427 -0.78868 -1.3574 -0.15281 0.83705 2.2125 1.2084 0.44412 2.0099 -0.87641 -1.2881 0.88549 -0.18911 -0.34384 -0.17881 -0.63685 -0.056123 1.1772 -1.3582 -0.13836 0.22145 0.06911 1.9311 1.4727 0.13775 0.85731 1.3362 1.1669 1.103 -1.1962 -1.2252 -2.8565 -1.0758 -1.2961 -2.19 -0.16674 1.0088 -1.1986
0.24635 -1.2876 -0.72182 -1.6915 -0.37823 0.90762 0.7447 0.80767 0.065682 1.1363 -0.83924 -1.2238 0.91258 0.38459 -0.034305 0.40936 -0.73857 -0.54279 0.21044 -2.4307 -0.23561 -0.14444 -0.90707 0.8785 1.5649 -0.12151 0.76889 1.4732 1.4848 1.0358 -0.73666 -1.505 -2.1316 -1.1239 -1.0773 -2.0575 -1.4226 0.18993 -1.0325
0.69475 -1.056 -1.0657 -1.2975 -1.0428 1.4216 0.68442 0.25754 0.62972 0.11179 -0.17647 -0.79292 0.8122 0.82706 0.52676 1.3224 -0.23819 -0.79361 -0.14317 -3.1084 -0.59709 -0.82656 -2.1128 -0.17655 1.336 -0.41673 0.093301 1.6184 1.3868 1.0288 0.081164 -1.3197 -0.85548 -1.0076 -0.82117 -1.3217 -1.4989 -0.32876 -0.94943
0.88112 -1.0014 -1.2689 -1.4194 -1.2651 1.0217 0.45844 0.23584 0.56282 -0.49147 -0.43458 -0.66119 0.72836 0.61975 1.319 1.7221 0.46434 -0.70353 -0.67597 -3.2639 -1.5526 -0.90324 -2.4451 -0.76165 1.0824 -0.80882 -1.1597 1.479 0.92429 1.0067 1.1811 -0.66908 0.26232 -0.83677 -0.41394 -0.20551 -0.86101 -0.65843 -0.92371
1.2196 -0.83175 -0.11064 -1.9563 -1.058 0.21102 -0.74454 0.44076 -0.2913 -1.2423 -2.3535 -0.27049 0.66993 -0.13768 1.8958 1.9668 0.70576 0.16726 -0.84853 -2.7231 -1.5301 -1.0758 -1.9111 -0.30877 1.0312 -1.1692 -2.1597 0.74901 0.23921 0.78818 1.4168 -0.46 1.5015 -0.2506 0.6058 1.0224 0.093914 -0.57284 -0.64889
1.4831 -0.27547 1.4629 -0.98412 -1.0387 0.81796 -1.6392 -0.25113 -1.1308 -0.65095 -1.3764 -0.31421 0.42384 -1.3683 1.9452 1.9503 0.69135 1.2215 -0.68329 -2.093 -1.4742 -0.87033 -1.4445 -0.81835 0.37409 -1.3512 -2.4776 -0.30808 -0.58399 0.35036 0.97548 -0.17561 2.2348 0.59731 1.4024 1.7895 1.2201 -0.3236 -0.23693
0.56957 0.36386 1.0342 -0.66325 -1.0252 -0.074797 -2.694 -1.7578 -0.47963 -1.5009 -1.3159 -0.16818 -0.074509 -2.333 1.5566 1.6809 1.1342 0.9389 -0.99303 -0.60056 -1.157 0.37518 -0.50558 0.030329 0.51843 -1.2735 -1.9673 -1.1434 -1.012 0.049923 0.23465 0.19806 2.7624 1.4123 1.7866 1.8695 1.4726 0.013141 0.15453
-0.14655 0.91489 1.0806 -0.81621 -0.16449 0.24655 -2.1209 -1.2455 -1.0433 -1.7638 -0.40451 0.053379 -0.32155 -3.0467 0.91858 0.6668 0.90247 0.76244 -0.92284 0.28477 -0.5467 1.2054 0.5491 1.5371 0.66637 -1.1681 -0.56788 -1.3306 -0.98446 -0.057082 -0.60125 0.57674 2.6583 2.1097 1.0764 1.7563 1.3118 0.27238 0.34045
-1.1243 0.74768 1.0646 -0.71711 0.4732 0.64363 -1.4177 -1.452 -0.1918 -1.9989 -2.1764 -0.66344 -0.46607 -3.0833 0.32749 0.54165 0.68056 0.83308 -0.34569 1.7892 0.84531 1.5 0.95494 1.495 0.88724 -0.99124 0.85142 -0.96969 -0.8059 -0.19175 -0.88429 0.71218 1.307 2.1386 0.16025 1.0545 0.39026 -0.0049622 0.27505
-1.6507 0.33136 1.5861 0.023808 -0.84191 -1.0971 -0.21646 -0.86814 1.2893 -0.68261 -0.85323 0.3751 -0.36425 -2.0928 0.13941 0.50892 0.79481 0.11354 0.087713 2.198 1.7729 0.7401 1.4534 1.1039 0.71121 -0.89933 1.9589 -0.25386 -0.46553 -0.086771 -0.8052 0.81107 -0.19453 1.283 -0.76685 0.22446 -0.37197 -0.12235 0.18388
-2.1824 0.27339 1.1727 -0.76209 -0.28131 -0.6297 -1.512 -0.53724 0.67245 0.10085 0.55051 0.59518 -0.59899 -1.1863 0.179 0.11126 0.80827 -0.43834 -0.14913 1.1339 1.9898 0.92219 1.2164 1.028 0.46193 -0.92865 2.2306 0.39468 -0.34067 -0.034895 -0.33485 0.86617 -1.4515 -0.013293 -1.3757 -0.43511 -0.73733 -0.35723 0.10495
-2.3095 0.55635 2.3142 0.1931 0.22983 0.93333 0.75722 0.73753 0.65337 -0.067874 0.41274 0.62282 -0.84594 -0.2466 0.52099 -0.075769 0.65872 -0.15244 0.51388 0.19789 1.4588 -0.072113 0.87268 1.0019 0.60978 -0.87876 1.765 0.47118 -0.17386 -0.18586 0.21585 0.30236 -1.1187 -0.88106 -1.0221 -0.90042 -0.92548 -0.2703 0.30816
-1.7963 1.0005 1.219 0.30541 -0.83542 0.072075 0.11111 0.68612 -0.26328 -0.26967 -0.64973 0.27257 -1.1629 0.26361 0.83849 0.12967 0.66748 0.3142 1.0798 -0.22506 0.96106 -0.89541 0.33297 0.034493 0.19814 -0.81822 1.2178 -0.15833 -0.19794 -0.82654 0.63667 -0.24268 -0.41963 -1.3682 -0.67491 -0.67385 -0.69482 0.075104 0.88614
-1.8382 0.98189 0.94093 0.099932 -0.47409 -0.35133 -1.0448 1.3659 1.2578 -0.5592 0.12745 0.1431 -1.227 0.559 0.64989 0.13396 0.49667 0.13762 0.052336 0.55157 0.49266 -0.43526 0.01868 -0.29341 0.27745 -0.41777 1.2692 -1.3608 -0.60902 -1.4302 0.2773 -0.70943 0.35841 -1.3147 0.032051 -0.12872 -0.50538 0.28871 1.742
-1.6201 0.99583 1.2914 0.22268 0.11938 0.9608 -0.98558 -0.0037317 -0.03429 -0.11962 -0.50921 0.65817 -1.1514 0.73761 -0.18441 -0.40824 -0.69902 0.62104 -0.3635 0.076992 -0.30606 -0.27617 0.23639 0.25058 0.75441 0.38294 1.7173 -2.1893 -1.2298 -1.5134 -0.16688 -0.030746 0.78972 -1.1245 0.33678 0.093261 -0.25091 0.36137 2.3586
-1.661 1.2018 2.2094 0.76274 -0.30029 0.47162 -0.44904 0.76233 -0.45204 0.3288 -0.020124 0.81988 -1.2177 1.9417 -1.4425 -1.0558 -1.3956 0.21191 -0.086711 0.77596 -0.57832 -0.32748 0.64348 -0.14603 0.8859 1.5513 1.6327 -2.2337 -1.6122 -0.91849 -0.064909 1.2731 0.4339 -0.86592 0.31437 -0.23219 -0.20041 -0.17111 2.2648
-1.5648 1.0002 1.4721 -0.10153 -0.00029756 -0.50991 0.834 0.78974 0.34804 -0.17527 0.18341 0.80327 -1.0443 2.8574 -2.0896 -1.7843 -1.2823 -0.05388 1.1024 1.2839 -0.78993 -0.27686 0.20303 -0.56174 0.59373 2.3005 0.70943 -1.5998 -1.4817 0.38318 0.33231 1.8547 0.022701 -0.88625 0.48789 -1.1175 -0.57607 -0.96329 1.5131
-1.0593 0.14176 0.83459 -1.2054 0.75965 0.30827 0.23946 0.13814 0.18546 0.070313 0.36003 1.3602 -0.29882 2.6219 -2.452 -2.463 -0.97506 0.33898 1.7226 0.83334 -1.0294 0.19206 -0.45651 -0.30713 -0.0091608 2.5636 -0.94908 -0.38048 -0.07251 1.7166 0.86435 1.0645 -1.2558 -0.84698 0.53802 -1.7263 -0.46691 -1.4406 0.30296
1.5219 -1.0398 -1.0219 -1.5993 -1.234 -0.052397 0.30389 -0.12031 -0.42051 0.6842 -1.3567 0.96358 0.73596 1.7487 -2.5872 -2.7249 -0.19447 1.1804 2.2279 0.083078 -1.8856 0.44306 -1.5398 -0.85251 -0.75202 2.5093 -2.2024 0.79271 1.9104 2.4814 1.0263 -0.77177 -1.8494 -0.34107 0.3 -1.6233 -0.24685 -1.4565 -0.86256
1.5419 -1.0678 -0.84414 -0.67905 -0.035214 2.6255 0.60632 -0.1976 0.67096 -0.5821 -0.56715 0.79023 0.99551 0.66486 -1.8947 -0.74558 1.314 1.2342 1.3619 -1.2331 -1.7562 0.39326 -2.0727 -0.96235 -1.3514 1.9746 -2.7317 1.6507 3.5155 2.319 1.031 -2.3287 -1.5323 0.37241 -0.32591 -1.1469 -0.058789 -0.97465 -1.6776
0.42331 -1.2215 -1.0563 -0.33398 0.9741 2.8825 0.26554 -1.4628 -0.11312 -0.7619 -0.26679 0.58245 1.0001 -0.40001 -0.94622 1.2216 2.2828 1.4474 -0.15661 -1.52 -1.1301 0.22037 -2.3632 -0.74842 -1.6772 1.0954 -2.0697 1.8172 3.5349 1.1735 0.19058 -3.459 -0.57204 1.171 -0.95476 0.082858 0.10034 -0.20537 -1.8019
-0.38097 -1.5667 -1.3115 0.33216 1.4993 1.9768 -0.016618 -2.0043 0.66684 -2.3086 -1.1116 -0.20696 1.1189 -1.5554 -0.29778 2.6862 2.1868 2.1634 -1.4502 -1.5464 -0.66914 -0.36851 -2.4319 -0.49111 -1.5233 0.35334 -0.63954 1.3759 1.8291 -0.44544 -0.92468 -2.9161 0.70884 1.4078 -1.045 1.3336 0.047514 0.52467 -1.2797
-0.33189 -1.2107 1.316 1.1471 1.0549 0.17482 -1.6177 -1.4159 0.7869 -2.4761 -1.114 -0.45562 1.173 -1.1226 -0.10953 2.7211 1.5886 1.0679 -2.8552 -0.95559 -0.077597 -1.1237 -1.1993 -0.89653 -1.1016 0.18662 0.66588 0.74456 -0.17723 -1.5764 -2.1314 -1.4321 1.458 1.0423 -0.9212 2.4386 0.057941 1.0159 -0.61659
0.020616 -1.2865 1.9756 1.3165 1.4027 0.055683 -1.5197 -1.0309 -0.14135 -2.2284 -1.1177 -0.37168 1.1713 -0.211 0.1643 2.2043 0.79834 -0.35487 -2.7578 -0.061474 0.54758 -1.0654 0.097837 -0.8041 -0.61221 0.20383 1.3257 0.20058 -1.728 -1.7657 -2.5287 0.28208 2.0503 0.51209 -0.2191 2.8257 0.28854 1.2203 -0.19248
-0.3047 -1.4426 1.9352 1.0688 1.792 -0.3886 -0.95521 -1.1506 -1.0152 -2.7728 -1.7022 -0.65247 1.1417 0.19548 0.15769 1.09 -0.038975 -1.378 -2.183 0.74089 0.3531 -1.3107 1.4138 -0.48653 -0.12167 0.098434 0.84847 -0.022253 -1.9965 -1.2162 -1.6553 1.285 1.8903 0.0021687 0.60686 2.1367 0.74723 0.98489 -0.1269
-0.33932 -1.221 1.767 1.3184 1.4268 -0.36699 -0.12124 -0.93392 -0.97824 -1.7965 -1.3949 -0.31781 1.1896 0.31937 -0.080857 -0.018481 -0.37575 -1.4573 -1.2453 1.8336 0.13574 -0.73024 2.1055 -0.12187 0.40727 0.063391 0.24727 -0.15362 -1.5452 -0.3276 -0.49642 1.3052 1.148 -0.12525 0.90153 1.0906 0.78984 0.54138 -0.13362
-0.034898 -1.0906 1.298 0.6684 0.10714 -0.9823 -0.018496 -1.0244 -0.80577 -0.79922 -1.4881 -0.39329 1.2977 0.23022 -0.039667 -0.23271 -0.15457 -1.5559 -1.1859 1.9943 0.11828 -0.070953 2.2133 0.26916 0.33759 0.036879 -0.042522 -0.094128 -0.65842 0.35517 0.5756 1.0465 0.024127 0.20271 0.90855 -0.29528 0.56868 -0.00055572 -0.089315
-0.072677 -1.3964 1.0368 0.56068 -0.44831 -1.5554 0.031672 -1.5064 -0.92937 -0.59209 -1.7558 -0.50876 1.1905 0.23607 -0.027469 -0.28361 0.21774 -1.2265 -0.79273 1.6741 0.39749 0.1328 1.9471 0.41149 0.2186 0.0029619 -0.13967 0.012845 -0.016651 0.57396 1.3398 0.92652 -1.1452 0.49624 0.21701 -1.2826 0.085026 -0.44888 -0.10379
0.27283 -1.4105 2.087 1.0012 0.13171 -1.0879 0.95007 -0.85188 -0.40025 0.21115 -1.0338 0.2484 1.2113 0.14551 -0.051788 -0.12673 0.32579 -0.40562 -0.43181 0.85839 0.61736 0.090124 0.87042 0.39058 -0.052596 -0.025939 0.090896 0.095151 -0.07528 0.28984 1.6167 1.0766 -1.6381 0.46561 -0.13997 -1.468 -0.21614 -0.50621 -0.09722
0.0020426 -1.3312 1.5995 1.2862 0.23244 -1.4956 1.4164 -0.7905 -0.74034 0.04396 -0.95318 -0.33359 1.1841 0.08369 -0.063995 -0.11814 0.46212 0.51554 0.12962 0.020738 0.8744 -0.3813 0.10863 -0.022128 -0.32106 -0.08497 0.48543 0.20956 -0.6548 -0.4178 0.77331 0.72425 -1.7723 0.03059 -0.087545 -1.0501 -0.28899 -0.37422 -0.15008
-0.16789 -1.3224 1.1583 1.4179 0.29017 -1.2139 1.2703 -0.41002 -1.0274 -0.23437 -1.3803 -0.49257 1.1778 0.47079 0.13834 -0.48111 0.26036 0.65008 0.38689 -0.57922 0.80616 -0.10861 0.080157 0.034116 -0.43086 -0.087492 0.89129 0.46919 -0.84715 -1.1984 -0.69154 0.51878 -1.4325 -0.054185 0.25666 0.012174 0.21599 0.22023 -0.36194
0.011456 -1.1917 1.3773 1.2379 0.31392 -1.1104 0.38947 -0.18051 -0.70711 -0.55188 -1.0073 -0.42936 1.2277 0.99484 0.24426 -1.4483 -0.55968 -0.28885 0.16978 -1.2849 0.35047 0.043802 0.15566 -0.010238 -0.36611 -0.22655 0.92588 0.69065 -0.41612 -1.7176 -1.738 0.4074 -0.4458 0.11132 0.60372 0.72993 0.72901 0.65581 -0.61047
0.2201 -1.3818 1.1034 1.0196 0.49455 -0.97139 -0.32118 -0.060209 -1.6096 -0.44962 -1.9506 -0.79634 1.1428 1.3901 0.63071 -1.194 -1.4596 -1.3368 0.53387 -1.4637 0.75541 0.38749 0.86135 0.81136 0.38699 -0.58393 0.4136 0.61751 0.11299 -1.3962 -1.6427 0.6855 0.69904 0.49025 0.7447 0.90655 0.87165 0.49976 -0.66591
0.89268 -1.2244 0.72514 1.0907 0.48111 -0.97192 -0.017197 -0.39978 -0.39095 0.21494 -1.0958 -0.57285 1.0762 1.3906 0.92722 -0.6192 -1.9628 -1.824 0.83258 -0.47124 1.1103 0.58462 1.2197 1.059 0.55971 -0.89782 -0.25751 0.2622 0.56667 -0.44762 -0.79254 0.80637 1.6545 0.4271 1.0804 0.68884 0.73618 0.10659 -0.27949
1.5244 -1.0343 -0.38983 0.10228 -0.64909 -1.1705 -0.30939 -0.44385 -0.35603 0.49591 -0.80443 -0.16814 0.92048 1.0565 0.9019 -0.67922 -1.711 -1.7332 1.3545 0.44757 1.4024 1.121 1.4157 1.2593 0.083295 -0.90935 -0.99858 -0.47003 0.47445 0.75099 0.32501 0.7237 1.4966 -0.47134 1.0452 -0.27306 -0.20358 -0.4334 0.41099
1.3401 -0.39134 0.30657 -0.80233 -1.6921 -0.48175 -0.52237 1.0257 -0.44394 1.1156 0.24107 0.16088 0.4432 0.65749 0.5707 -0.56842 -1.3009 -1.6171 1.2856 1.1692 0.8755 1.8581 1.295 1.2501 -0.024877 -0.5492 -1.4813 -1.078 0.4435 1.8635 1.5323 0.59889 0.52991 -1.6116 0.81143 -1.3408 -0.90875 -0.61145 1.0107
1.2725 -0.31872 1.0377 -0.96667 -1.3918 0.13074 0.86625 1.454 -0.33183 0.90799 -0.5623 -0.12517 0.29507 -0.16945 -0.054064 -0.26923 -0.37546 -0.83135 1.6782 0.79932 -0.093966 1.8602 0.24715 0.28948 -0.21312 -0.042611 -1.441 -1.2505 0.3026 2.2598 2.2716 0.28133 -0.4762 -2.4776 0.17592 -2.0038 -1.2193 -0.46478 1.2518
1.2579 -0.57046 0.10204 -0.33906 -0.9358 0.75197 0.72039 1.5499 0.9434 1.2252 0.044919 -0.99892 0.505 -0.84879 -0.55804 0.063108 0.90262 0.64082 1.8071 0.43669 -1.4123 1.8503 -0.9849 -0.31612 -0.54118 0.42756 -1.0423 -0.80806 -0.20291 1.5505 2.1487 -0.086598 -1.1954 -2.3065 -0.68297 -1.8082 -0.91616 -0.21417 0.94239
1.3649 -1.0429 -0.18235 -0.35875 -1.3292 0.065716 1.2906 0.0053441 1.621 1.4674 -0.38617 -0.59665 0.82634 -0.96539 -0.80909 -0.39367 1.4749 1.4662 1.6334 -0.18323 -2.4741 1.471 -1.6069 -0.44911 -0.61383 0.78041 -0.16471 0.098569 -0.47276 0.020106 1.3283 -0.91754 -0.81055 -0.961 -1.2118 -0.99909 -0.17715 0.5265 0.25493
0.6876 -1.2666 0.059727 0.46096 -0.8729 1.2124 0.20726 -1.1155 1.9616 0.050554 -0.77972 -0.30559 1.0469 -0.95457 -0.52653 -0.93092 0.71115 1.3277 1.1562 -0.82414 -2.609 0.65648 -1.5354 -0.25563 -0.27773 0.67921 0.65059 0.92504 -0.51647 -1.5905 -0.13051 -1.5514 -0.5473 1.0051 -1.7362 -0.14761 0.26576 0.94184 -0.55469
0.23995 -1.2213 0.28592 0.90593 -0.034795 1.4039 -0.0063434 -1.8204 1.5003 -1.057 -0.8358 -0.68884 1.0437 -0.44263 0.096111 -0.74464 -0.25614 1.3511 0.2903 -0.25887 -1.4517 -0.011848 -1.5585 -0.11335 0.68578 0.27575 0.89291 1.3369 0.42971 -2.3808 -1.479 -1.8417 -0.3081 2.3543 -1.9381 0.43249 0.37074 0.88367 -1.2357
0.29828 -1.02 -0.035424 0.70933 0.097847 1.8444 -0.16259 -1.6427 1.2603 -0.57011 -0.21463 -0.81256 1.0473 0.12816 0.6509 -0.82256 -1.2746 0.43692 -0.42581 -0.66962 0.092803 -0.94127 -1.3257 0.043904 0.67171 -0.28416 0.59837 1.5449 1.403 -1.5102 -1.8046 -1.2567 -0.17289 2.6888 -1.65 0.82059 0.14116 0.68472 -1.7666
0.38838 -0.91498 -1.0153 -0.63284 -0.054259 1.3129 0.12549 -1.8604 0.94625 -0.29023 -0.77446 -0.73867 0.97824 0.19653 1.009 0.41147 -2.0796 -0.92641 -1.0256 -0.9099 0.91722 -1.6726 -0.8264 0.14247 0.65762 -0.8864 -0.41832 1.4197 1.7644 0.23451 -1.3605 -0.27067 0.055789 2.0255 -1.0809 1.1282 -0.11318 0.13662 -2.0354
1.157 -0.57614 -0.90727 -0.77616 0.3923 0.30276 1.0659 -0.40841 1.586 -0.68143 -0.14178 0.45942 0.85636 -0.13603 1.8004 1.3258 -1.2669 -0.99379 -0.53649 -0.86839 1.6247 -1.8713 -0.21194 -0.10895 1.084 -1.8116 -1.3021 1.0937 1.4389 1.9752 -0.29174 0.52051 0.47667 0.9375 -0.32246 1.327 0.050855 0.23298 -1.8485
1.255 -0.44803 -0.86434 -1.6549 -1.3639 -0.16316 -0.7575 -0.26283 -0.057122 -1.095 -0.78201 0.079584 0.50592 -1.1232 2.0781 1.7494 0.1718 -0.54506 -0.1521 -0.056272 1.8605 -1.7503 0.21148 -0.27943 0.72921 -2.5 -1.5264 0.52646 0.15825 2.7633 0.89845 1.0568 0.55327 -0.21269 0.19432 1.353 0.20533 0.096168 -1.1456
0.11304 -0.13024 1.9552 -1.6277 -1.817 0.68381 -1.6463 -0.47102 -0.85255 -1.6296 -0.59748 -0.097329 0.0080511 -1.7205 2.0832 1.416 1.3455 -0.32326 0.12647 -0.12274 1.5009 -1.5673 0.89411 0.34584 1.0785 -2.6918 -0.94609 -0.33266 -0.9515 2.1309 1.2072 0.35141 0.98825 -0.9334 0.78776 1.1613 0.80876 -0.083927 0.038866
-0.19782 1.2498 1.6719 0.18663 -0.17895 1.5786 -0.57907 0.59448 -0.94339 -0.53013 -0.82665 0.46487 -1.0906 -1.95 1.8079 0.67471 1.8604 0.44295 0.6398 -0.15061 0.53493 -1.4411 1.4132 0.32012 0.82886 -2.4381 0.5177 -1.2927 -1.832 0.88697 0.82047 -0.58722 1.0561 -0.99997 1.2553 0.84966 0.88729 -0.026893 1.2761
-1.1969 1.1065 0.87425 0.7908 -0.10574 1.2321 1.0893 1.0147 -0.58416 0.35051 -0.60948 -0.15738 -1.4088 -1.548 1.3211 -0.080907 1.9309 0.80682 -0.26121 1.2105 0.38709 -0.43853 1.5826 1.2232 0.84187 -1.7742 1.8104 -2.7134 -1.5861 -0.67551 -0.58161 -1.7097 0.72536 -1.1724 1.0856 0.38181 0.49654 -0.18099 2.5787
-0.97885 1.1246 -0.095164 0.46887 -0.72808 0.37199 -0.21343 0.34776 -0.8206 0.71671 0.19178 1.4377 -1.4135 -0.22616 0.10739 -1.2335 1.5531 0.44551 -1.0509 1.4492 0.38256 0.22101 1.6169 1.0734 0.76952 -0.73849 2.6235 -3.2565 -0.58555 -1.3497 -1.6685 -2.0234 0.17921 -1.0357 0.17996 -0.35591 -0.13 -0.45929 3.238
-0.79382 1.1965 0.33256 0.82206 0.21142 1.068 -0.53204 -0.099516 -1.2222 0.42782 -0.19764 1.0233 -1.4081 0.88136 -1.9894 -0.86206 0.19837 -1.4479 -2.2301 0.56542 -0.80606 -0.20676 1.5726 0.96629 0.72145 0.94436 2.3515 -2.6219 0.2775 -0.98069 -1.1865 -0.88161 -0.29586 -0.46447 -0.52956 -1.1777 -1.009 -1.2229 2.8621
-0.95811 1.0691 0.60769 0.58334 -1.0433 -0.54745 0.96132 0.44145 -0.84395 0.4519 0.96491 0.48065 -1.3654 1.8593 -2.4425 -0.13607 0.1424 -1.6299 -2.1671 0.53043 -0.9756 -1.2027 0.67 0.17184 -0.055217 1.8354 1.1051 -0.91092 0.47307 -0.60133 0.040027 0.33337 -0.63564 0.13885 -0.31468 -1.7772 -1.4122 -1.3739 1.5245
0.03406 0.14229 0.21961 1.2849 -0.52824 0.017193 0.96034 0.86165 -0.22797 1.0964 0.13139 0.84227 -1.0265 1.9112 -2.1611 -0.079238 0.75447 -0.43457 -1.3489 1.0458 0.1133 -0.81173 -0.39496 -0.38978 -1.2199 1.9178 -0.26491 1.121 -0.06589 -0.1888 2.0631 1.8232 -1.535 0.46083 0.35124 -1.8717 -1.4453 -0.62337 -0.25393
0.72378 -1.6692 0.030468 0.21769 -2.4936 -1.8455 0.32116 -1.2212 -1.6486 2.3738 0.27298 1.3756 0.19226 1.3693 -1.4677 -0.67758 0.11545 0.0032455 -0.85413 -0.11788 0.189 -0.12564 -1.0924 -1.1321 -1.0363 1.4273 -1.6271 2.3074 -0.257 -0.31043 2.5623 2.0784 -2.1205 0.17495 0.98184 -1.2756 -0.55265 0.44841 -1.6234
1.0843 -1.0728 0.51324 1.0874 -1.7218 -1.3515 1.3666 -0.53783 -3.0596 0.43381 -0.47352 -0.17965 0.41458 0.60803 -0.46058 -0.73792 -0.16229 1.6655 0.55036 -2.2973 -0.4717 -0.04352 -1.4351 -1.3326 -0.060989 0.7075 -1.5237 2.3828 -0.34641 -0.49322 2.1469 1.6666 -1.9998 -0.11275 0.99867 -0.39727 -0.13267 0.96937 -1.9662
1.0039 -0.33812 -0.21844 1.9574 0.22641 -0.32804 0.96598 1.4314 -1.1518 -0.76126 -0.19069 -0.25527 0.0090236 -0.6212 0.87047 -0.34124 -0.0049161 2.2039 0.79981 -2.196 -0.34405 0.39424 -1.4636 -0.49274 0.23953 -0.38237 -0.48612 1.2599 -0.19848 -0.54028 0.83778 0.46351 -0.90227 -0.030083 0.73782 0.58152 0.085177 0.45247 -1.0958
0.26672 -0.10449 -0.66968 0.19982 -0.24113 -0.36006 -0.92398 0.11911 -0.36774 -0.84564 -1.4723 -0.015398 -0.45555 -0.027278 0.96947 -0.96339 -0.13907 2.5551 0.96686 -2.0634 0.13759 0.94353 -1.0433 -0.9916 0.060089 -0.5966 0.71077 -0.38105 0.064495 -0.74126 -1.6108 -0.75173 0.8572 -0.014923 -0.023193 1.0615 -0.14311 -0.83286 0.40566
-0.00055891 -0.047197 -0.29865 0.38302 0.9446 0.32079 -2.9051 -1.0619 -1.028 -0.23373 -0.44977 1.4618 -0.52113 0.74415 0.08487 -0.98057 -0.93947 1.1471 -0.18048 -2.1131 -0.19085 0.86685 -0.09421 -1.1419 -0.21451 0.17411 1.3796 -1.5618 0.4037 -0.67547 -2.6762 -0.75618 1.9155 -0.082273 -0.4716 0.88233 -0.38518 -1.6493 1.7417
-0.44694 0.28945 0.086418 1.4507 0.77288 -0.12686 -0.81667 -0.28281 -0.6746 0.17583 -0.051953 1.1306 -0.89183 1.2791 -0.76978 -0.30022 -1.121 -0.89596 -0.36122 -0.57796 -0.59288 -0.33764 0.068744 -1.3115 -1.5266 1.1356 0.59938 -1.4614 0.78363 -0.4966 -2.631 -0.28881 2.3999 -0.09484 -0.0080901 0.21307 0.15659 -1.706 1.8446
2.0231 -0.94546 -1.7152 0.2042 0.3436 -0.90734 -1.3411 -0.26677 -1.1908 0.17042 -1.894 0.010933 0.25613 1.3628 -1.0986 0.13369 -0.81466 -1.1961 0.053754 1.0109 -0.15947 0.067356 -0.20222 -1.1283 -2.2954 1.7817 -0.51554 -0.54784 0.64859 -0.18507 -0.78404 0.82275 1.5577 0.27272 0.91318 -0.33082 0.94237 -0.62724 0.93492
2.1192 -0.6576 -0.83407 -0.10464 -0.015543 -1.409 -1.6456 0.26291 -1.0132 -0.72735 -2.0772 -1.1466 0.68069 0.80345 -1.0959 0.057129 -1.1616 -1.3124 0.31792 1.3261 -0.084147 1.3161 -0.55855 -0.6924 -2.3414 1.8087 -1.8152 0.5548 0.26603 0.057871 1.272 0.7831 0.060634 0.59975 1.5552 -0.2368 2.1204 0.89304 -0.43151
1.6339 -1.0618 -0.29722 -0.097527 -1.3991 0.046526 -0.31022 -0.32355 -1.4346 -0.83099 -1.903 -1.7601 0.86124 -0.017256 -0.75593 0.14431 -1.2862 -0.15485 1.0369 0.14435 0.091375 1.8818 -0.4768 0.45216 -1.0879 1.4645 -2.0993 1.1259 -0.20847 0.25631 2.4041 0.087184 -0.72742 0.55039 0.95387 0.24604 2.6461 1.5455 -1.2433
1.0275 -1.0942 -0.11068 -0.64825 -0.64926 0.36127 -0.22045 -0.94788 0.15178 -0.57358 -2.0678 -1.2192 1.0314 -1.5239 0.050441 0.22155 -0.78972 1.0017 0.62965 -0.03146 0.47904 1.8993 -0.29539 2.1969 -0.36549 0.54442 -1.4088 1.2959 -0.55927 0.54124 2.7216 -1.0962 -0.83719 0.55011 -0.25355 0.429 2.1752 0.93244 -1.3371
0.74056 -1.0629 -0.54799 -0.51829 0.024146 0.32658 -0.81592 -0.81843 1.4221 -0.5784 -0.49092 -0.57397 0.97223 -1.5116 0.35329 -0.38451 -0.52734 2.2284 0.07261 0.17299 0.65656 1.7001 0.16521 2.7945 -0.21136 0.25206 -0.31962 1.0256 -0.73068 0.62561 1.5681 -1.8363 -0.21815 0.35902 -1.2968 0.36585 0.80554 -0.36112 -0.95599
0.7356 -0.85373 -0.65735 -0.54401 0.89931 0.57399 -1.3353 0.67515 1.3761 -0.38201 -0.1433 -0.41699 0.92423 -1.1627 0.68214 -0.82647 -0.52529 2.6841 -1.249 -0.43192 0.7303 0.8818 -0.0014568 2.5466 -0.93578 0.089917 0.66616 0.44775 -0.49765 0.34901 0.12486 -1.5837 0.086169 -0.16966 -1.8319 0.13811 -0.9294 -1.049 -0.33505
0.21314 -0.73447 -1.3113 -0.99816 1.1113 -1.0386 -1.4483 0.70547 0.48416 -0.76752 0.60047 -1.547 0.95201 -0.82119 0.77181 -0.8276 -0.24201 1.988 -1.4635 -0.11878 0.67671 -0.25109 0.1235 1.9027 -1.5503 0.0297 0.68937 0.016755 0.19375 0.33086 -1.1474 -0.65484 0.34914 -0.6729 -1.4486 -0.11008 -1.6103 -0.70075 -0.092531
0.15804 -0.33272 -0.81384 -0.63434 1.927 -0.60693 -0.14752 0.52808 1.0755 -0.48639 1.0338 -1.9579 1.0697 -0.60094 0.63901 -0.57985 -0.2826 1.3484 -1.5675 0.28046 0.11175 -0.85213 0.00085545 0.74077 -1.8218 0.0736 0.6051 -0.41576 0.82511 0.47011 -1.6135 0.87103 0.52605 -0.69633 -0.30841 -0.29468 -1.4563 0.39852 0.023156
0.076944 -0.46564 -1.3427 -1.038 1.5004 -1.3953 -1.0721 -0.15295 0.21378 -0.83016 0.60292 -2.6343 0.98925 -0.47973 0.39274 -0.12746 -0.033461 0.69183 -0.98782 0.52672 -0.40815 -0.3825 -0.074808 0.41102 -1.1964 0.10003 0.50703 -0.69518 1.0446 0.41113 -1.5375 1.4583 -0.12207 -0.37693 0.60376 -0.68995 -0.78363 1.232 0.04227
0.028632 -0.29183 -1.2997 -0.77963 1.7095 -1.0764 -0.70091 0.19623 0.48316 -0.11172 0.4905 -2.1167 1.0192 -0.18239 0.10686 0.4853 0.25078 0.23713 0.16078 0.32117 -0.1486 0.31108 -0.52366 0.31919 -0.3385 0.09579 0.38858 -0.70376 1.0597 0.34799 -1.2571 1.606 -0.41607 0.044638 0.93209 -0.74615 -0.12644 1.5748 0.046449
0.061093 -0.39117 -1.3586 -0.93946 1.8508 -1.6452 -0.76695 0.020646 0.19307 -0.73693 0.49656 -2.3462 1.0164 -0.067606 -0.23259 0.74709 0.25936 -0.40617 0.42369 -0.40378 0.030899 0.38137 -1.0546 0.50782 0.15201 0.092892 0.27014 -0.58732 0.77367 0.053289 -1.0107 1.1397 -0.47955 -0.10379 0.67622 -0.74421 -0.16058 1.2672 0.038967
-0.075228 -0.40216 -0.7606 -0.61334 1.7549 -0.87545 -0.48187 0.27498 0.90017 -0.68596 0.87394 -1.9861 1.0616 -0.071424 -0.33432 1.1208 0.21883 -0.51663 0.75549 -0.127 -0.03201 0.64607 -1.0661 0.42289 0.63481 0.15873 0.15663 -0.3512 0.2449 0.0088482 -1.0063 0.74266 -0.058201 -0.55651 0.47992 -0.067989 -0.6192 1.1173 -0.0047334
0.0094135 -0.53188 -0.34797 -0.53846 1.5401 -0.44718 -0.64293 0.44857 1.287 -1.7701 1.33 -2.2524 1.1048 -0.026906 -0.46196 1.1122 0.069282 -0.87447 0.86737 -0.25319 -0.69057 0.81105 -1.3564 0.020273 0.83157 0.13711 0.26823 -0.16687 -0.39528 -0.075845 -1.1837 0.25457 0.46658 -0.81849 0.17349 0.75408 -1.1905 0.84267 -0.12691
0.10124 -0.67976 -0.11196 -0.49858 1.1205 -0.44141 -1.3707 0.1477 1.0568 -1.8917 1.3772 -2.0113 1.1302 0.087774 -0.42644 0.78695 0.34798 -1.4636 1.3454 0.11332 -0.9267 1.0591 -0.52441 -0.70837 1.536 0.066214 0.58239 0.087401 -0.83256 -0.22956 -1.2883 -0.45408 0.59403 -0.52128 -0.57018 1.6322 -1.38 0.63847 -0.40617
-0.098264 -0.77063 -0.13973 -0.91827 1.0264 -0.67756 -0.93988 -0.36168 0.89267 -1.5467 0.52402 -1.6319 1.1459 0.35744 -0.50095 0.098858 0.035697 -2.2065 0.618 0.42888 -1.1899 0.51605 0.22626 -1.3595 1.3655 -0.080836 0.76219 0.64752 -0.53486 -0.46523 -0.79292 -0.48603 0.60699 0.12536 -1.6703 2.0464 -1.2261 0.15118 -0.82254
0.020475 -0.78587 -0.01504 -0.69912 0.83514 -0.0979 -0.83175 -1.1262 1.7583 -2.0293 0.30821 -1.1304 1.1345 0.84386 -0.1691 -0.075222 -0.21612 -2.3243 0.037775 0.74839 -0.84999 -0.37389 1.5138 -1.7053 1.6228 -0.43801 0.80707 1.2122 0.047477 -0.63215 0.086648 -0.010313 0.024769 0.56166 -2.5485 1.4038 -0.73251 -0.51386 -1.1866
0.20548 -0.83158 -0.29643 -0.049024 -0.095289 0.65511 -0.19438 -0.94035 2.0991 -1.022 -0.27684 -0.41588 1.0618 1.0475 0.56871 0.44481 -0.5491 -1.9712 0.61875 0.67252 -0.49006 -1.8718 1.8539 -1.9864 1.0669 -1.0407 0.55708 1.5852 0.43846 -0.24927 1.017 0.62369 -0.70669 0.8177 -2.8471 0.38815 -0.20739 -0.65771 -1.2978
0.5291 -1.0765 -0.64749 -0.80903 -1.1713 -0.46447 -0.0463 -1.1477 1.2609 -0.66306 -0.38933 -1.0999 0.95436 1.2813 1.22 0.69746 -0.57784 -1.4277 1.3365 0.030559 -0.15624 -2.9279 1.5597 -1.8966 0.63167 -1.517 0.090521 1.4789 0.26665 0.29529 1.5321 0.44853 -1.3498 0.37716 -2.2639 -0.91177 0.44819 -0.60838 -1.0286
1.2975 -0.56113 -0.12549 -1.0759 -0.88869 -0.79746 -0.17776 -0.48296 -0.099465 0.42488 -0.59147 -0.40313 0.52744 1.1976 1.6607 0.58959 -0.27271 -0.72374 1.1515 -0.68598 0.10092 -3.9934 0.99679 -1.6979 0.51925 -1.7979 -0.45597 1.0812 -0.20731 0.8862 1.746 -0.39517 -1.3261 0.013599 -0.41131 -1.4544 0.9846 -0.27366 -0.44573
1.0804 0.28729 0.99759 -1.497 -0.60817 1.0226 -0.70601 -0.92083 -2.3039 0.24424 -1.5618 -0.96772 -0.11262 0.93247 1.9488 0.38072 0.1932 -0.032785 0.62513 -1.3762 -0.39788 -3.9166 0.042358 -0.95071 0.65367 -1.8477 -1.4927 0.31864 -0.44205 0.85836 1.8542 -1.2658 -0.32761 -0.22867 1.8844 -1.5047 1.3612 -0.26904 0.31265
1.3749 0.60227 0.56841 -1.2434 -0.41085 1.7834 -0.96566 -1.0365 -2.2089 -0.25896 -1.8642 -0.6462 -0.34398 0.33699 2.1485 0.16952 0.73791 0.65534 0.24277 -1.379 -0.35619 -2.2226 -0.41175 -0.46994 0.48349 -1.6498 -2.1162 -0.46721 -0.62474 0.27929 1.3774 -2.3559 1.0932 -0.28822 4.0134 -0.96493 1.9133 0.0071993 1.1401
1.4346 0.77283 0.073108 -0.24473 -0.49748 1.0012 -1.5643 -0.92908 -3.0997 -0.7409 -1.5944 -0.12262 -0.53465 -1.1627 1.5403 -0.0026013 0.53636 1.4134 -0.57685 -0.31268 -0.40412 -0.0013392 -0.86468 0.24448 0.08641 -1.0464 -2.3242 -0.97273 -0.63725 -0.28518 0.70478 -2.6155 2.0955 -0.27397 4.4492 -0.29188 2.2379 0.097382 1.6348
1.4267 1.0339 -0.23485 0.018602 -0.77465 0.092561 -1.8605 -1.8452 -3.0376 -0.65389 -0.94169 0.15115 -0.69915 -1.8254 1.007 -0.49965 0.072738 1.1728 -2.6637 1.0311 -0.49271 2.18 -0.55979 1.5821 0.79316 -0.21474 -1.7431 -0.96003 -0.47513 -0.64436 -0.3019 -1.9323 2.4968 -0.14146 3.3307 -0.10671 1.9764 -0.14336 1.656
0.9924 1.5429 0.062144 -0.44674 -0.07594 -0.5546 -1.5851 -1.0841 -1.4851 -0.48422 -1.0986 -0.91645 -0.80547 -2.4559 0.74679 -0.59099 -0.031847 1.043 -2.8257 1.7405 -0.89759 2.8973 -0.49917 2.5608 0.66979 0.27902 -0.42603 -0.57894 -0.073898 -0.26425 -0.99012 -0.34859 1.971 0.42682 1.4891 0.054329 0.87879 -0.47414 1.212
-0.97337 1.2111 0.73203 -1.1023 1.4952 -0.35565 0.037127 -1.0626 -0.38663 -0.78102 -0.76618 -0.57507 -0.61673 -2.3711 0.79553 -0.51352 -0.21946 0.25162 -2.253 2.7461 -0.40969 3.0742 -0.82638 2.3777 -0.11955 0.56855 0.50604 -0.52393 0.23802 0.1866 -0.97867 1.6521 0.69901 0.85354 -0.6229 -0.050297 -0.47075 -0.61373 0.51645
-0.8359 1.421 -0.18829 -1.3837 0.15079 -2.4564 0.83269 -2.0144 0.78906 -0.67396 0.59482 0.63522 -0.19545 -1.7173 0.58589 -0.15853 0.16468 -0.029885 -1.4264 2.8942 0.40232 2.5616 -0.62959 1.6209 -0.43126 0.67092 1.4291 -0.56213 0.1473 0.36064 -0.8292 2.1474 -0.82434 0.96782 -1.7536 0.17434 -1.5452 -0.46251 -0.098375
-1.1934 1.4404 -0.85241 -0.1857 0.32931 -1.5157 0.5191 -2.6717 0.76013 -1.3142 1.583 0.25685 -0.13941 -1.2338 0.12688 -0.24565 0.31506 -0.17276 -0.248 1.8878 0.56747 1.0734 -0.60957 1.0826 0.090004 0.48836 1.5436 -0.70433 -0.082772 0.19689 -0.12503 1.9963 -2.0241 0.68533 -2.0985 0.6729 -1.7489 -0.28992 -0.47787
-0.9227 1.9592 -0.54137 -0.25775 -0.85125 -1.8798 1.9063 -1.0388 0.4501 -1.9799 0.76564 -0.94881 -0.17618 -0.29247 0.051408 -0.43882 0.37282 -0.34119 0.21796 0.45254 0.55484 0.32948 -0.25711 0.054409 -0.38572 0.14877 1.21 -0.5199 -0.29405 -0.40884 0.43043 0.90632 -2.4786 0.12233 -1.4765 0.95085 -1.2826 -0.18725 -0.47054
-0.63762 1.7205 0.33344 -0.083639 0.065349 -1.5408 1.8304 -0.43409 0.98683 -0.8068 0.16218 -0.89781 -0.17423 -0.13166 -0.22426 -0.55425 0.036622 0.1563 0.68712 -0.23161 0.8843 -0.077651 0.37086 -0.40722 -0.74728 -0.0007917 0.77409 -0.32899 -0.015161 -0.46525 0.57469 -0.25592 -1.78 -0.56938 -0.46748 0.96278 -0.2596 0.04447 -0.17624
-1.6561 1.2409 -0.10007 -0.8623 0.88021 -0.46015 0.89137 -0.54189 0.090993 -1.3173 0.3039 -0.038866 -0.30398 0.043304 -0.19181 -0.61393 -0.48916 0.61594 -0.17995 -1.1847 0.47664 0.13115 0.83959 -0.25428 -0.41188 0.097828 0.30577 -0.21671 0.34545 -0.25942 0.2022 -0.85947 -0.73082 -0.95379 -0.11691 0.15784 0.61944 0.59168 0.11143
-1.1951 1.3194 -0.67444 -0.72614 0.45272 -1.2325 0.52566 -1.5329 0.7232 -1.0641 -0.028183 -0.45297 -0.2891 0.073632 -0.35931 -0.20174 -0.15442 0.43467 -0.51907 -0.98729 -0.55827 0.21348 0.82617 0.69667 0.16803 0.20804 0.34328 0.091859 0.73251 0.13416 -0.55044 -0.88508 0.44377 -0.88437 0.058551 -0.066526 0.97483 0.92982 0.060859
-0.85403 1.3281 -1.6495 -0.75628 -0.22803 -1.7173 0.67033 -0.92099 0.74568 -0.28105 0.99179 -0.55049 -0.055673 0.18158 -0.28568 0.0732 -0.040247 -0.1061 -0.78312 -0.69332 -0.6654 -0.064026 -0.1685 0.74945 0.31783 0.23892 0.29474 -0.12008 0.98743 0.24995 -0.49771 0.30642 1.0993 0.022759 -0.087457 -0.15125 0.2825 0.94995 -0.10774
-0.96943 1.6401 -1.0988 -0.65596 0.91973 -2.0917 -0.75365 -1.3074 0.92879 -0.59272 0.96332 -0.91572 -0.02167 0.44786 -0.023532 0.57607 0.0529 -0.54648 -0.66361 0.42837 -0.34594 0.12795 0.72628 1.0605 0.72649 0.035281 0.55676 -0.57889 0.68463 -0.2551 -0.19113 0.99192 0.87659 0.80149 -0.12923 -0.15856 -1.1524 0.28008 -0.0069002
-0.82466 1.3284 0.47675 -0.23919 -0.25337 -2.1491 1.5926 -1.6443 0.73197 -0.72809 1.327 -0.49305 -0.01936 0.41171 -0.58944 0.98847 -0.13165 0.14346 0.47902 0.36904 0.40204 -0.014273 0.56537 0.12578 1.1878 -0.0024238 0.92656 -1.143 -0.23429 -0.62345 -0.054873 1.3213 0.74653 1.2384 0.041369 -0.062957 -1.8807 -0.13857 0.38503
-0.90845 1.032 0.2161 -0.61504 0.45822 -1.7219 0.30705 -1.3359 0.33366 -1.7128 0.57743 0.099084 -0.060981 1.0168 -1.2675 0.71734 -0.60909 -0.067382 0.72471 0.28236 0.51296 -0.08433 0.11992 -1.347 0.26999 0.31748 1.0837 -1.3376 -1.2529 -0.8087 0.080166 1.2496 0.020471 1.4725 0.090775 -0.53506 -1.5095 -0.49441 0.79185
-0.9692 1.3795 -0.21789 -1.0096 -0.1408 -1.3399 1.6428 -1.2558 0.62597 0.79371 1.8236 0.84107 -0.41137 1.6649 -1.7446 -0.48585 -0.91091 -0.46258 1.0165 0.91151 1.3928 0.11528 -0.0065422 -1.8829 0.24432 0.7683 0.87801 -0.91791 -1.6421 -0.53941 -0.28723 0.95875 0.22002 1.3912 0.070756 -0.42731 0.086959 -0.54527 0.86501
-0.32267 0.41951 -0.014158 -0.85169 0.80513 -0.63008 0.31021 -0.39604 0.955 -0.21684 -0.2443 0.36919 -0.044163 1.8906 -1.8789 -1.2427 -1.1118 -0.10236 1.4267 0.1873 2.1193 0.23657 -0.10718 -1.0167 0.18363 1.028 0.10739 -0.40842 -1.0447 0.15025 -0.00023238 1.3179 0.092195 1.0239 -0.33859 -0.53882 1.2885 0.37461 0.61287
0.78131 -0.16008 -0.65894 -1.6327 -0.32435 -1.4837 0.54566 -0.49763 0.56095 -0.78721 -1.035 -1.3971 0.6115 1.6495 -1.9573 -1.3774 -0.92194 -0.39994 1.9406 0.85945 2.3953 -0.041943 -0.21723 0.12503 0.11451 1.1476 -0.71267 0.20047 0.11288 0.72019 0.47817 1.4257 -0.21465 -0.29996 -0.69131 -0.35648 1.7887 1.1832 0.089561
1.0707 -0.30452 -1.3163 -1.5331 -0.018398 -0.82725 1.8882 0.80773 1.0781 -1.0668 -0.90118 0.0059725 0.81606 1.2206 -1.9127 -0.97028 -0.3322 -0.11121 2.75 0.48689 2.066 -0.70338 -0.90193 0.25631 1.0612 1.1946 -1.2825 0.57345 0.92118 1.2829 0.91787 1.3095 -0.46594 -1.6612 -0.52981 0.35755 1.2187 1.7082 -0.43078
1.0268 -0.64934 -0.9997 -1.7181 -0.074665 0.20979 1.3025 1.5451 0.7702 -0.85872 1.2442 0.6161 0.74656 0.62244 -1.3774 -0.40583 0.055735 0.44343 3.0449 0.30559 0.79898 -0.82795 -0.35857 1.1047 2.1517 0.84155 -1.4414 0.78958 1.0633 1.5993 1.2351 0.53075 -1.1316 -2.937 -0.12195 0.98153 0.05755 0.6537 -0.68638
0.5719 -0.89666 -1.7573 -1.8233 -0.064752 1.2648 1.8417 1.9044 0.08838 -0.78671 1.391 0.54817 0.76893 -0.066798 -1.1435 0.12833 0.82713 1.2177 3.3462 -0.51162 -0.4533 -0.456 0.69355 0.95889 2.5631 0.43252 -1.2069 0.83311 0.7592 1.7322 0.97725 -0.7247 -0.73903 -3.3991 0.33918 1.3467 -1.1505 -1.3711 -0.64438
0.77574 -1.0226 -1.0136 -1.027 0.13922 2.435 1.4077 1.2777 -0.44884 -0.70424 0.4384 1.9135 0.96744 -0.48261 -0.92542 0.21869 1.5286 1.2835 2.6507 -0.99398 -2.2935 -0.42379 1.008 -0.12166 0.64902 0.33558 -0.62059 0.69023 0.46703 1.5641 0.35242 -1.9595 -0.18631 -2.6355 0.30929 0.96918 -1.7067 -3.0709 -0.37903
1.082 -1.2903 -0.51362 -1.0537 1.3259 2.2634 0.40197 -0.12397 0.097552 -1.1222 0.13097 1.7848 1.1188 -0.55281 -0.64348 0.24554 2.2147 1.3239 1.5962 -0.40401 -3.2699 -0.22814 1.1943 -1.482 -0.9583 0.32752 -0.16221 0.68338 0.0065626 0.82555 -0.38495 -2.9294 0.67892 -1.0331 -0.13139 0.31032 -0.82395 -3.7286 -0.21012
0.72267 -1.441 -0.94762 -0.48954 0.96173 2.531 0.40712 -0.85899 0.58977 0.65872 0.38229 1.5201 1.047 -0.33537 -0.3908 0.47062 2.3252 1.0516 0.24849 -0.14572 -3.1321 -0.3252 1.3884 -1.1573 -2.2639 0.23556 0.12778 0.66185 -0.19771 -0.025753 -0.77253 -2.9113 1.1299 1.0598 -0.49618 -0.10091 0.5975 -2.4025 -0.20295
0.14243 -1.3167 -1.3335 0.52846 1.203 2.6928 0.84061 -2.2359 0.23593 0.15655 -0.17998 0.12031 1.0504 -0.46169 -0.18659 0.0028072 1.9859 0.58601 -0.94665 0.45625 -2.1357 -0.7826 1.1355 -0.21092 -3.4744 0.11782 0.41035 0.56489 -0.19184 -0.9197 -0.67167 -2.363 0.80678 2.5002 -0.54604 -0.73899 1.5952 -0.56609 -0.17071
0.23028 -1.3951 -0.8156 1.0845 1.2571 2.4783 1.4389 -2.5606 -0.19759 0.57387 -0.61981 -0.6987 1.0704 -0.29301 0.031413 -0.07411 1.5792 0.16428 -1.5377 0.90067 -0.73378 -1.1639 0.8175 0.44519 -2.9301 0.08818 0.64433 0.39948 -0.28059 -1.4487 -0.55443 -1.5011 0.10057 2.9662 -0.00075679 -1.2516 1.6398 1.67 -0.10503
0.58024 -1.3514 -0.65345 1.0188 1.1758 1.6005 1.3617 -2.0924 -0.86488 0.85985 -0.095812 -1.2101 1.1097 0.20336 0.15523 0.11564 0.82196 0.47216 -1.9404 0.72924 0.56796 -0.92727 -0.062192 0.94758 -1.7834 0.10504 0.67097 0.22669 -0.28327 -1.5312 -0.30517 -0.59567 -0.82773 2.7084 0.83581 -1.5134 1.2868 3.1247 -0.081746
0.35489 -1.3426 -0.98691 1.1451 1.2202 0.96806 1.3966 -1.8008 -1.3042 0.39464 0.47588 -1.559 1.1584 0.55842 0.14876 -0.16818 0.13431 0.037092 -2.0646 -0.086401 1.4949 -0.26517 -0.61686 1.5849 0.21223 0.060017 0.26693 0.053781 -0.32468 -1.1359 0.018325 0.25426 -1.1247 1.9844 1.2942 -1.2718 0.39851 2.9521 -0.16358
0.59692 -1.2986 -0.89855 0.93449 1.4581 0.53926 1.4904 -1.2634 -0.88244 0.54118 0.8741 -0.95912 1.1687 0.39003 0.15251 -0.53798 -0.22164 0.05443 -1.7917 -0.77436 2.2077 0.45283 -1.2937 1.823 1.1902 -0.0095231 -0.15592 -0.018131 -0.38787 -0.41419 -0.025434 0.91104 -0.68276 0.89759 1.1246 -0.4825 -0.77498 1.8215 -0.29824
0.78009 -1.2027 -0.96538 0.90199 1.6717 0.51978 1.5437 -0.47303 -0.37778 0.32996 1.1291 -0.673 1.1105 0.11582 0.11765 -0.41918 -0.076205 0.39608 -1.1233 -0.68596 2.4413 0.76087 -1.2126 0.80529 1.4731 -0.1383 -0.39608 -0.04381 -0.23555 0.087494 0.059566 1.0827 -0.0996 -0.19753 0.47526 0.17061 -1.7469 0.12732 -0.34811
0.87778 -1.2063 -1.5345 0.945 0.89149 0.14894 0.54167 -0.47527 -0.24387 -0.87556 1.3902 0.37145 1.1016 0.11546 0.12553 -0.55899 0.12395 0.23199 -0.68812 -0.39529 1.8939 0.83041 -0.77484 -0.25063 1.2111 -0.31379 -0.21418 -0.11038 0.26633 0.083397 -0.14859 0.69221 -0.18248 -0.97182 -0.10211 0.88717 -1.8382 -0.95128 -0.26045
0.66305 -1.2754 -1.3966 0.74873 1.3874 -0.052138 0.28122 0.99394 0.074645 -0.97495 1.6962 0.043987 1.0748 -0.074322 0.07053 -0.64865 0.1134 0.050052 -0.57091 -0.49411 1.2382 0.49942 -0.53358 -0.94236 0.43271 -0.39258 0.096898 -0.071858 0.81824 -0.090615 -0.30774 0.083521 -0.49677 -1.0346 -0.46318 1.2014 -0.99534 -1.3058 -0.12973
0.50919 -1.2264 -1.0794 1.113 1.9795 0.12439 0.95495 1.3966 -0.31511 -0.3112 0.45544 -0.12658 0.95876 0.064098 -0.036122 0.10444 -0.17235 -0.068539 -0.75626 -1.2599 0.83123 0.36565 0.1942 -1.0528 -0.21949 -0.33464 0.39621 0.070138 1.0725 -0.14022 -0.71606 -0.32401 -0.55506 -0.84793 -0.616 0.99074 -0.071951 -0.73562 -0.01991
0.67971 -1.1518 -1.928 1.3227 1.3886 0.035388 1.3285 0.28729 0.0036639 -0.23601 0.040648 -0.22352 0.79224 0.3174 0.055996 0.897 -0.11526 -0.053721 -0.92144 -1.2933 0.86787 0.042861 0.78148 -0.8297 -0.45178 -0.35275 0.6257 0.30133 0.91188 -0.26936 -1.5325 -0.40883 -0.21601 -0.64054 -0.46759 0.64748 0.84079 0.3315 -0.028785
0.63692 -1.2098 -1.8027 0.82175 1.3672 -0.29078 0.43922 0.44156 -0.014054 -0.39508 0.035113 -0.34848 0.78067 0.66983 0.24728 0.83207 -0.043376 -1.0964 -1.1108 -1.1559 0.35143 -0.20173 0.60967 -0.46566 0.1555 -0.36757 0.31889 0.56611 0.47141 -0.57459 -2.1696 -0.12678 0.45216 -0.40726 -0.20439 0.54283 1.5436 1.2619 -0.22818
1.0604 -1.317 -0.41791 0.42828 1.2168 -0.75491 -1.4293 1.047 0.29334 0.17155 0.49244 -0.52024 0.86624 0.81337 0.4617 0.82551 -0.47862 -2.3762 -1.151 -1.005 0.1695 -0.17623 0.58949 0.4611 0.8852 -0.42541 -0.12509 0.83504 -0.0030809 -1.0139 -2.0333 0.47396 0.88632 -0.65016 0.20855 0.58651 1.3066 1.2018 -0.46121
1.1989 -1.0943 -0.085469 1.0087 1.0995 -1.1193 -0.90967 1.788 -0.40903 0.03389 0.67664 -0.0081647 0.71775 0.41797 0.77305 1.0841 -1.0993 -3.0648 -0.86885 -0.48099 0.34315 0.049782 1.4042 1.4277 1.616 -0.69444 -0.56656 0.96758 -0.27231 -1.1016 -0.82683 1.2933 1.2129 -0.8946 0.55822 0.512 0.18298 0.41906 -0.57278
1.4052 -0.87541 -0.83893 1.0173 -0.016658 -1.2204 -0.026571 1.2671 -0.42364 -0.057102 0.45287 0.31493 0.60419 0.19327 1.2918 0.75184 -1.5324 -2.9666 -0.1409 0.19022 -0.45604 0.32943 1.5887 0.86764 1.2014 -0.99077 -0.62454 0.76903 -0.29406 -0.79101 0.66172 1.7724 0.89266 -1.0491 0.69056 0.051005 -1.1602 -0.64981 -0.39211
1.4522 -0.63143 -0.66803 0.25914 -1.4215 -1.1048 0.15995 0.66161 -0.30608 0.66777 0.83143 0.95057 0.40324 -0.11726 1.5708 0.30333 -1.6285 -2.3931 0.82524 0.7429 -1.1577 0.66711 1.1602 -0.30932 0.8128 -1.0804 -0.28521 0.2962 -0.19315 -0.13246 1.9879 1.6173 0.0433 -0.62448 0.45553 -0.73258 -2.0064 -1.3077 -0.0052747
0.8496 -0.30812 -0.28972 -0.7715 -2.0481 -1.0347 0.018254 0.83542 0.53377 2.0897 2.2753 1.4822 -0.013679 -0.12741 1.4421 0.60618 -1.7347 -1.4598 1.3435 0.21708 -1.2141 0.90526 0.80641 -1.0416 -0.039142 -0.91368 -0.0037015 -0.30967 0.0080291 0.63558 2.7175 0.78057 -0.6133 0.37627 0.013426 -1.0993 -1.9135 -1.2274 0.42604
1.0749 0.27062 -0.13923 -1.2929 -1.1404 -0.39439 -0.47783 -0.11988 0.51127 1.4618 0.45356 0.10925 -0.16076 0.021026 1.2215 0.75206 -1.265 -0.03194 1.4391 -0.41704 -0.55397 0.67523 0.26663 -1.7094 -0.4076 -0.74139 0.17902 -0.82004 -0.24086 1.0708 2.5651 -0.4382 -0.49567 1.0523 -0.1839 -1.1462 -0.92224 -1.2038 0.91068
1.0931 0.39187 0.045182 -0.80329 -1.0712 0.38237 -0.14732 -0.23607 0.83349 0.94784 -0.6062 0.4331 -0.12262 0.107 0.8936 0.5309 -0.5187 1.033 1.0299 -0.51044 -0.012106 0.34184 -0.253 -2.3351 -0.67148 -0.41847 0.038249 -1.1282 -0.95317 0.90999 1.5027 -1.5045 0.26651 1.1353 -0.15216 -0.77971 0.72768 -0.45636 1.1701
1.2774 0.3371 0.39686 -0.84119 -1.0147 0.31337 -0.15466 0.22142 0.48421 0.7976 -0.56137 0.098079 -0.11565 0.099001 0.34858 -0.16077 -0.21253 1.2496 0.16951 0.069318 0.35293 0.56498 -0.69574 -1.55 -1.3069 0.25675 -0.3564 -1.2333 -1.4979 0.05149 0.413 -1.9577 0.82899 0.80403 0.10171 -0.0060063 2.2883 0.15054 1.1471
1.4802 0.42672 -0.10531 -0.85253 -0.68277 0.29436 -0.65395 0.6135 0.4405 0.79781 -1.0323 0.48182 -0.23579 -0.10304 -0.17558 -0.88492 -0.54314 0.75869 -0.83799 0.51295 0.61174 0.64094 -0.33873 0.34572 -0.5279 0.62319 -0.63269 -1.0299 -1.4214 -0.67319 -0.11991 -1.4579 0.93603 0.42437 0.26878 0.71731 2.7782 0.79684 0.81955
1.1748 0.44932 0.11983 -0.915 -0.46329 -0.12756 -0.59141 0.64334 0.51272 1.2162 -1.2213 0.40046 -0.15415 -0.56784 -0.48813 -1.5932 -1.1695 0.88227 -1.2949 0.77364 0.74418 0.72124 0.28627 1.5901 -0.20195 0.73381 -0.65158 -0.66259 -0.65037 -0.77166 -0.16132 -0.45465 0.63332 0.17692 -0.1132 1.0926 1.9422 1.2309 0.32264
0.84855 0.17597 -0.77916 -1.4543 -0.31619 -0.83638 0.4092 0.83421 1.9089 0.8362 0.47105 -1.0797 0.44115 -0.7836 -0.56422 -1.6508 -1.3366 0.97545 -0.96664 1.0612 0.63527 0.79822 0.73147 1.7309 0.34825 0.76926 -0.25073 -0.32969 0.13812 -0.33517 -0.080149 0.50062 0.051142 0.070643 -0.74673 0.6853 0.52549 0.94141 -0.10222
1.0653 0.051468 -1.389 -1.9622 -0.42717 -1.14 0.3905 0.41462 1.1993 0.68183 0.59471 0.051818 0.50119 -0.82099 -0.6686 -1.1108 -1.2996 0.82087 -0.60964 1.0929 0.68421 0.24593 1.0222 1.6937 0.69675 0.74566 0.25951 -0.11483 0.94715 0.35873 -0.31549 1.0943 -0.5231 0.081234 -1.332 0.14749 -0.60264 0.86347 -0.4627
0.3147 -0.22063 -1.9228 -2.2726 0.045007 -0.9075 0.78536 1.2562 1.4608 1.6145 1.1914 0.59931 0.44762 -0.46758 -0.6944 -0.85869 -1.1308 0.62418 -0.22899 0.44692 0.77004 -0.64704 0.70246 1.3499 0.88461 0.44023 0.60005 -0.0097036 1.2607 0.90361 -0.49461 1.0934 -0.7463 -0.010756 -1.2442 -0.49499 -1.0466 0.19022 -0.56502
0.53185 -0.12175 -1.3929 -2.3067 0.29134 -0.51506 0.82303 1.3122 1.3403 1.9717 0.69533 0.72996 0.47579 -0.23792 -0.64329 -0.079734 -0.60404 0.44303 0.40358 -0.013307 0.8265 -1.2691 0.5956 0.54292 1.2356 0.094275 0.83924 0.13775 0.98693 1.3487 -0.59876 0.82744 -0.49131 -0.38764 -0.58964 -1.0346 -1.4047 -0.22415 -0.43142
0.45342 -0.2707 -1.0829 -2.3372 0.20971 -0.66364 0.61001 1.583 0.57191 2.1878 0.72157 0.91665 0.56873 0.066221 -0.60688 0.3797 0.021287 0.20725 0.59234 0.058559 0.52796 -0.97901 -0.091626 0.16598 0.43579 0.11294 0.68186 0.14471 0.45266 1.436 -0.62595 0.51913 0.0092417 -0.74379 0.41466 -1.3412 -1.2826 -0.28154 -0.14594
0.68486 -0.45179 -1.5129 -2.5494 0.096937 -0.9158 0.083299 1.5993 -0.10014 1.3645 1.1785 0.39199 0.49291 0.51241 -0.47553 0.26032 0.67736 -0.12679 0.54548 0.25875 0.0076018 -0.79503 -0.73526 -0.58277 0.44796 0.15968 0.51143 0.12293 -0.13206 1.1771 -0.52507 0.39739 0.33989 -0.9879 1.3214 -1.4956 -0.88301 -0.23079 0.03809
0.58108 -0.63675 -1.1728 -2.2946 0.093102 -0.24353 0.64236 1.8202 0.22732 1.4441 1.2629 0.76077 0.56024 0.45557 -0.52886 -0.12284 0.94766 -0.29899 0.68649 0.31783 -0.33773 -0.053641 -1.4218 -0.70737 0.69025 0.15445 0.17906 0.13565 -0.24436 0.69949 -0.31984 0.39108 0.35438 -0.89387 1.5214 -1.0126 -0.6935 0.19196 0.032265
0.96618 -0.66069 -1.0778 -1.8326 -0.019123 -0.24102 0.8558 1.138 0.3044 0.80371 0.67429 0.80661 0.60507 0.5387 -0.47228 -0.10938 1.1592 -0.31918 1.1142 0.54786 -0.7511 0.93811 -1.849 -0.82809 0.62183 0.14053 -0.11326 0.23072 -0.12478 0.14945 -0.23403 0.20165 0.065872 -0.51496 1.2165 -0.45706 -0.28493 0.038992 -0.0058628
0.99863 -0.60322 -1.583 -1.2182 0.04521 -0.11761 1.3036 1.2863 0.4791 1.0906 -0.14895 1.3716 0.6259 0.38663 -0.37547 0.055697 1.0974 -0.31976 1.0538 0.63477 -0.91314 1.2301 -1.6435 -1.1337 0.70928 0.17939 -0.19188 0.40254 0.13072 -0.34895 -0.40285 -0.32554 -0.20675 -0.018889 0.43639 0.25122 0.077173 -0.22428 -0.069632
0.9777 -0.79002 -1.4915 -1.3505 -0.12605 0.29582 0.78019 0.85911 1.1331 -0.10711 0.026484 1.4911 0.65332 0.31953 -0.14714 -0.095086 0.87234 -0.57566 0.75164 0.22434 -0.75957 1.0201 -1.5822 -0.9613 0.49242 0.13777 -0.18158 0.52234 0.32806 -0.70774 -0.78565 -1.0897 -0.54946 0.22068 -0.41325 0.9731 0.68965 -0.40795 -0.23558
1.1873 -0.91445 -1.2191 -1.1185 -0.22893 0.75752 1.0933 0.49485 1.7428 -0.61084 0.30717 1.0612 0.67002 0.18695 0.02459 0.12247 0.41207 -0.95256 0.26689 0.039801 -0.38609 0.77987 -1.0455 -0.49627 0.2815 0.035478 -0.20125 0.99613 0.62058 -0.56832 -1.0594 -1.3501 -0.95591 0.12645 -1.0629 1.5684 1.0517 -0.48831 -0.65935
1.043 -0.9079 -1.2552 -1.2447 -0.25706 0.38579 1.1618 0.44197 1.3414 -0.42646 -0.21834 1.2001 0.69775 0.28009 0.2605 0.51022 0.13976 -1.516 -0.52914 -0.30326 -0.58318 0.31413 -0.14257 0.24292 -0.0057026 -0.19651 -0.56679 1.5333 1.1884 0.014974 -0.70221 -0.96019 -1.1355 -0.25071 -1.3354 1.9563 0.75053 -0.31448 -1.1756
1.0998 -0.64285 -1.4045 -0.93367 -0.73692 0.57942 0.98589 0.76894 1.3746 -0.50389 -0.2072 1.4525 0.70931 0.010155 1.2109 0.99975 0.36699 -1.8859 -0.83205 -1.0907 -0.76027 -0.58382 0.87567 0.38994 -0.04408 -0.79956 -1.0484 1.4914 1.3773 0.55288 0.03538 -0.14062 -1.095 -0.46027 -0.95479 1.8999 0.6707 -0.088631 -1.3957
1.2463 -0.56148 -1.0461 -1.219 -1.2347 -0.19047 1.0238 0.70557 1.3622 -0.23103 -0.21029 1.3249 0.59177 -0.68966 2.0219 1.8655 0.9087 -1.4628 -0.49232 -1.5712 -1.0935 -1.0178 1.4998 0.10912 0.0010323 -1.4887 -1.1887 0.53786 0.90285 0.4198 0.89137 0.62332 -0.47416 -0.1075 -0.078772 1.3468 0.62361 -0.0010208 -0.86384
1.4031 -0.38933 -0.7722 -1.0895 -1.8744 -0.81013 0.52777 -0.074363 1.135 0.83607 0.61892 1.316 0.32893 -1.3498 1.8304 2.2274 1.0655 -0.92366 -0.0048716 -1.6032 -1.0753 -0.50187 2.0591 0.92184 0.076426 -1.7453 -0.71054 -1.1441 -0.43213 -0.41158 1.2269 0.76413 0.52257 0.53434 0.97001 0.28264 0.74328 -0.0028951 0.3709
0.78408 0.90657 0.21759 -0.63261 -2.2189 -0.16003 -1.1276 -0.63 0.21522 0.70744 0.54165 1.1753 -0.40195 -1.3308 0.91165 1.716 0.57504 -0.30607 0.23947 -1.0398 -0.65727 0.10259 2.0456 1.2324 -0.092145 -1.2254 0.21571 -2.3243 -1.9391 -1.2567 1.1611 0.49919 1.3496 1.2219 1.4757 -1.171 0.65606 0.021908 1.6701
-0.11369 1.4088 1.4879 0.38638 -1.2709 0.58348 -0.58471 -1.0598 0.28962 1.3462 -0.29759 1.0992 -0.92289 -1.0427 -0.3169 0.18451 -0.26447 -0.13212 0.24886 -0.28769 0.086833 0.81305 1.1776 1.3271 -0.027436 -0.28531 1.1562 -2.5391 -2.8147 -1.5206 0.85344 0.059902 1.6933 1.3814 1.2813 -2.3346 0.14287 0.088067 2.3927
-0.67812 0.50871 1.0569 -0.1363 -1.2999 0.36465 -0.49958 -0.40221 1.3135 2.3656 1.3557 1.5957 -0.7583 -0.43936 -1.1231 -1.0616 -0.83351 0.3479 0.32976 0.55028 0.77988 1.3077 -0.49653 1.228 0.07271 0.68697 1.5534 -1.7306 -2.599 -1.1378 0.28044 -0.20418 1.1944 0.94198 0.6763 -2.715 -0.040693 0.086089 2.089
0.24194 -0.33049 0.025085 -0.97333 -1.4735 0.23417 0.14995 0.29313 1.903 1.9047 1.4253 1.1545 0.007367 0.41298 -1.7595 -2.1096 -1.1399 0.36796 0.07344 1.0917 0.98278 1.4842 -1.5178 1.2021 0.14629 1.461 1.2577 -0.25489 -1.2083 -0.259 0.04673 -0.16262 0.36088 0.077391 -0.2722 -2.0718 -0.45683 -0.15939 0.96783
0.43395 -1.0473 -1.4973 -2.0161 -2.0638 -0.55308 0.45022 0.56074 2.2822 0.98449 1.5366 1.2179 0.45377 0.91204 -1.5112 -2.4249 -1.1682 -0.032343 -0.045618 0.72869 0.78357 1.1282 -2.243 1.1998 -0.030681 1.5357 0.33369 1.008 0.44743 0.5198 0.048809 -0.041638 -0.49288 -0.51692 -1.0911 -0.51086 -0.52605 -0.37499 -0.40779
0.64289 -0.53286 -1.4051 -1.4396 -1.2735 0.2416 0.40448 0.45787 2.1202 -0.58219 1.7436 1.3729 0.57833 0.6848 -0.59654 -1.5992 -0.60492 0.13522 0.14185 0.35733 0.22693 0.3398 -2.2526 0.39994 -0.31919 0.97449 -0.62575 1.677 1.5946 0.82026 0.26276 0.010918 -0.90446 -0.62508 -1.4774 1.038 -0.52868 -0.63152 -1.3931
0.72747 -0.44807 -1.4728 -1.1452 -1.2885 0.52501 0.2261 0.28299 1.9664 -0.74615 1.4324 1.3534 0.59786 0.054978 0.10703 -0.42158 -0.12607 0.54546 0.22819 -0.1141 0.098951 -0.34429 -1.1984 0.54712 -0.46994 0.22169 -0.89476 1.5288 1.8131 0.55937 0.20473 -0.56274 -0.75437 -0.56617 -1.5031 2.0553 -0.56981 -0.82045 -1.6814
0.62569 -0.60827 -1.4832 -1.2003 -1.4153 0.38282 0.40116 0.21407 2.2829 -0.47818 1.8524 1.1076 0.51033 -0.36921 0.45371 0.11246 -0.11401 0.56905 -0.03206 -0.3697 0.047704 -0.78754 0.099775 0.44117 -0.9234 -0.30431 -0.66099 1.2236 1.8841 0.29709 -0.15977 -0.84726 -0.80604 -0.21983 -1.3852 1.594 -0.58135 -1.062 -1.5442
0.32678 -0.58689 -1.3413 -1.5304 -1.3557 0.19674 0.16909 0.2428 1.9086 -0.21689 1.851 0.98799 0.46183 -0.28785 0.7177 0.3864 -0.36338 0.12986 -1.0053 -0.4802 -0.28517 -1.3682 0.82868 0.0082196 -1.3964 -0.74878 -0.33827 1.2592 1.7022 0.83686 -0.36415 -0.5752 -0.75272 0.062126 -1.153 0.3813 -1.4447 -0.96102 -1.4159
0.42625 -0.43091 -0.96892 -1.6462 -0.89427 0.15362 0.093113 0.79045 1.3157 0.14446 2.2121 0.53414 0.38842 -0.42211 1.3 1.8082 0.064668 0.025667 -0.82266 -1.1389 -0.039597 -1.9691 0.025829 -0.52498 -2.0077 -1.2255 -0.40321 1.1416 1.2612 1.7241 0.12518 0.090823 -0.36486 0.50345 -0.49834 -0.42324 -1.6479 -0.0051989 -1.283
-0.023772 -0.26555 -1.6235 -1.9944 -1.2464 -0.44867 -0.11441 0.43813 1.0674 0.53287 1.9105 0.2298 0.12328 -0.57768 1.9501 2.1727 1.3632 0.10929 -0.44651 -1.2985 0.2537 -2.1034 -0.38216 -1.9196 -1.8772 -1.7797 -0.72805 0.61264 0.50647 2.2156 0.70666 0.92482 0.66045 0.79485 0.30575 -0.3535 -1.3938 1.1742 -0.91117
0.63614 0.56351 -0.69086 -1.4827 -1.2438 -1.0787 -0.29303 -0.52091 -0.023014 0.10285 1.2852 -0.19766 -0.29903 -1.008 1.891 1.7664 2.2906 0.80643 -0.12987 -0.72735 0.78105 -1.4417 -0.18253 -1.9577 -0.71755 -2.0196 -0.7126 -0.25761 -0.41464 1.8288 0.93465 1.0685 1.4665 0.66864 0.94586 0.49169 -0.65551 1.8651 -0.22155
-0.0034861 0.98572 1.872 -0.67884 -1.4015 0.040571 -1.6505 0.59191 -0.62071 -1.33 0.72963 -1.1224 -0.76912 -1.4019 1.5185 1.4224 2.7272 1.0776 0.39712 0.66782 0.89606 -1.0224 0.18962 -2.1216 0.28674 -1.9358 -0.55173 -1.1949 -1.1482 0.54626 0.51523 1.0225 1.6553 0.13424 1.0691 1.0771 0.63499 1.9798 0.58591
-0.37404 1.5003 0.82832 0.97414 -1.0751 -0.010084 -1.0318 0.98001 -0.28892 -0.52859 -0.8757 -0.60796 -1.372 -1.3874 1.0372 1.3289 2.8498 1.3153 0.77425 0.89894 0.97575 -0.60154 0.74795 -1.7691 0.62259 -1.532 0.19033 -1.4691 -1.5051 -0.7583 -0.25483 0.61296 1.2677 -0.59964 0.7114 1.0651 1.4787 1.2315 1.1624
-1.1514 1.091 -0.013751 0.99007 0.30561 -0.12009 -0.12394 1.8449 0.31218 0.4671 0.44405 0.89742 -1.3943 -1.4567 0.20219 0.04801 2.1089 0.82726 1.0337 1.2997 0.41316 -0.3654 1.3737 -0.73525 1.3948 -1.0036 0.88071 -1.2363 -1.1601 -1.86 -0.91417 0.12942 0.33528 -1.1562 0.38531 0.40448 2.0811 0.43462 1.4005
-1.2729 1.0665 0.41826 1.1498 0.0080622 0.38883 1.7702 1.3977 -0.38622 0.79735 -0.26903 0.71036 -1.4314 -0.62543 -0.1219 -0.61417 1.1413 0.43263 0.71459 1.5664 -0.20348 -0.33773 1.4216 0.34307 1.1715 -0.46313 1.1165 -1.0785 -0.79464 -2.1762 -0.87364 -0.6086 -0.39493 -1.6273 0.41614 -0.67546 1.6964 -0.44236 1.6092
-1.1272 1.2146 1.0355 1.5513 -0.21497 0.20511 -0.080683 0.9709 -0.35719 1.046 -0.44897 0.033375 -1.4376 -0.10299 -0.15161 0.026496 0.025582 -0.23985 0.68103 1.0153 -0.86488 -0.38339 0.68009 1.0411 0.85883 -0.03351 1.0329 -0.98948 -0.28106 -1.9196 0.086614 -1.3149 -0.93356 -1.3421 0.67666 -1.6014 0.95821 -1.16 1.8999
-1.2116 0.90773 0.076256 1.3038 -0.868 0.78557 0.50039 0.017113 -0.99552 0.97058 0.39702 1.0488 -1.4876 0.068071 -0.7501 -0.28612 -0.26641 0.16747 -0.18219 0.21213 -1.6876 0.2409 -0.3156 0.77939 -0.019792 0.78267 0.63919 -0.92867 -0.3092 -1.4948 0.83236 -1.7812 -0.62323 -0.82159 0.81466 -1.9426 -0.030156 -1.3508 1.9319
-0.69801 1.1102 0.70208 1.2542 -0.57172 0.8588 0.65723 1.0306 -0.69408 0.47233 0.81298 0.12019 -1.4415 0.16849 -1.2868 -0.69935 -0.85666 1.1133 -0.97794 0.033856 -1.5708 0.70723 -1.0866 0.98236 -0.35755 1.6789 0.33459 -0.28715 -0.40391 -1.0372 1.1654 -1.9437 -0.33464 -0.05425 0.83071 -1.28 -0.65536 -1.1554 1.3885
-0.90351 1.2577 0.49251 0.78969 -0.65395 0.59378 1.0373 -0.039324 -0.28434 0.84234 0.6537 1.3 -1.3782 0.45527 -1.2473 -0.89171 -1.2783 1.3344 -1.7921 0.75601 -1.5249 0.75887 -1.731 0.29873 -0.95066 2.0416 0.066629 0.58932 -0.22746 -0.89051 0.55595 -1.1792 -0.34454 0.21303 0.30224 -0.10758 -0.60783 -0.27426 0.28958
-1.4076 -0.35833 -0.58298 0.77103 1.1672 -0.84407 0.57003 -1.1399 0.8791 -0.037762 0.89449 0.4144 -0.14085 0.33538 -0.43508 -0.5034 -1.4578 1.3914 -2.1556 0.039092 -1.0703 1.0321 -1.2751 -0.063409 -1.0147 1.7529 -0.074644 1.0847 0.078536 -0.40643 -0.36856 -0.1082 -0.63458 0.20324 -0.2364 0.81505 -1.1331 0.18698 -0.78362
-0.856 -0.32114 -0.14251 0.068085 1.0747 -0.83798 1.2281 -0.82936 0.11479 -0.72831 0.6324 -0.28945 0.43107 0.10245 -0.12193 -0.85864 -1.6759 1.0786 -1.7985 -0.51525 -1.5219 0.68085 -0.45504 0.054049 -0.26482 1.2501 0.15225 1.2055 0.2746 0.031373 -0.92192 0.87954 -0.55743 0.45812 -0.64236 1.0385 -1.2438 0.55086 -1.3516
-0.22521 0.27455 -0.29635 -0.10509 0.3808 -1.7934 1.0761 -1.2884 0.055599 -1.3001 -0.085503 -0.89011 0.21052 0.19165 0.10108 -0.56936 -1.4463 0.52489 -1.1672 -0.65516 -1.1761 0.2559 -0.046587 -1.2116 -0.35002 0.71241 0.54516 0.50584 0.06515 0.54873 -0.88885 1.1358 0.0077965 0.49036 -0.74933 0.29778 -1.267 0.16184 -1.0845
-0.87839 1.1998 -0.13482 -0.56044 0.49724 -1.3579 0.23936 -0.67037 0.65823 -0.01232 0.84345 0.42068 -0.30677 0.80925 0.6536 -0.31426 -1.239 -0.005943 -0.62266 -0.061941 -0.56083 -0.16692 -0.20429 -1.6684 -0.20355 0.21164 0.84573 -0.30869 0.010838 0.86237 -0.42955 0.83831 0.35112 0.90632 -0.53509 -0.47928 -0.90323 -0.52153 -0.25115
-0.90745 0.70846 -0.8116 -1.0137 0.91801 -1.185 -0.081524 -2.0393 0.45549 0.50295 1.0829 0.64422 -0.21558 1.018 0.080108 -0.65623 -0.64627 0.22324 -0.59835 -0.18361 -0.57448 -0.074903 -0.79426 -1.7906 -0.74521 0.38647 0.86358 -0.95425 -0.3359 0.8741 0.10114 0.43788 0.30771 1.002 -0.20585 -0.74426 -0.067312 -0.81795 0.54763
-0.85079 0.2103 -0.58489 -0.79822 0.67046 -1.3813 0.40045 -2.234 0.37291 0.144 -1.9441 0.26145 0.08945 1.302 -0.6825 -0.80608 -0.44881 0.3966 -0.49669 -0.036994 -0.0059683 -0.25003 -1.085 -1.5052 -1.1362 0.97701 0.45327 -0.97447 -0.36128 0.74168 0.47037 0.39788 -0.029378 1.3707 0.23025 -0.035811 0.71558 -0.70359 0.7162
0.42219 0.3049 -0.80641 -0.90897 1.2367 -1.9512 1.3737 -1.2732 0.18698 -1.6519 -1.0714 -0.85229 0.57615 1.5923 -0.97017 -1.0181 -0.19189 0.5048 -0.39646 -0.043386 0.55664 -0.13091 -1.1591 -1.4424 -1.5465 1.283 -0.24259 -0.26982 -0.061528 0.3178 0.6509 0.54547 -0.091488 1.4088 0.50165 1.143 1.7298 -0.076694 0.1404
0.72383 0.12157 -1.0626 -0.65694 0.85141 -1.942 0.58218 -1.6698 -0.059257 -2.2207 -1.3139 -1.6135 0.69036 1.3818 -0.59714 -0.8795 -0.068794 0.73994 0.034971 -0.20499 1.6286 0.31742 -0.10685 -0.40007 -1.2366 1.0099 -1.2391 0.26315 0.30826 0.15851 0.6668 0.64072 -0.35811 0.74315 0.72444 1.9291 1.8472 0.68589 -0.58394
0.84844 -0.10739 -1.4052 -1.0094 0.76576 -2.1585 0.28182 -0.91573 0.051394 -1.3972 -0.90457 -1.0828 0.88946 0.50259 -0.46329 -0.75728 -0.24591 1.2832 0.17173 -0.30101 1.4402 0.64828 1.0742 1.1613 -0.8728 0.61501 -1.7672 0.31956 0.69196 0.092761 0.55868 0.58643 -0.4636 0.20285 0.60623 1.6231 1.5055 1.197 -0.8454
0.58785 0.021832 -1.752 -1.0152 1.4668 -1.3278 -0.15778 -0.34615 0.76525 -0.40096 -0.89446 -0.58089 0.86776 -0.54068 -0.47217 -0.3237 -0.1347 1.2694 0.43411 -0.66102 1.0394 0.81926 1.7846 0.93621 -0.12309 0.29609 -1.5453 0.0518 0.89676 0.31001 -0.028893 0.34999 -0.59012 -0.40971 0.23071 0.13244 0.53275 1.107 -0.65558
0.73491 -0.11057 -1.7142 -0.98695 1.9096 -1.0787 0.21513 0.32056 0.93227 0.55517 -0.48966 -0.94377 0.82283 -0.84733 -0.4668 0.09559 0.0029752 1.2955 0.51684 -0.78638 1.2467 0.83724 1.2475 0.93796 0.27059 0.17021 -0.65889 -0.099676 1.1476 0.64592 -0.83954 0.20967 -0.55851 -0.43528 -0.063348 -1.5574 -0.15696 1.0259 -0.31229
-0.017417 -0.32141 -1.3728 -1.1428 2.392 -1.8163 0.77496 -0.43546 1.032 0.32871 -0.23971 -1.6008 0.87734 -0.91838 -0.51409 0.50135 0.38229 0.66651 0.53098 -1.195 0.88311 0.68022 0.070158 0.78233 0.38523 0.092739 0.11815 -0.16107 1.1909 0.76539 -1.2776 0.31928 -0.48482 -0.63497 -0.25531 -2.6147 -0.49071 1.0174 -0.041445
-0.12224 -0.25658 -1.2066 -0.87958 2.1781 -1.5092 -0.14595 -0.13175 0.97786 -0.24247 -0.13333 -1.152 0.96 -0.58286 -0.63515 1.1466 0.71065 -0.031563 0.52818 -1.2013 0.62439 0.57853 -1.3062 0.90669 0.90426 0.17427 0.5069 -0.24054 1.2358 1.0532 -1.2364 0.89163 -0.23916 -1.1615 -0.51823 -2.2877 -1.1358 1.1253 0.053613
-0.11302 -0.51278 -1.1485 -0.70454 1.9997 -1.1578 -1.1246 0.69274 1.0863 -0.6059 -0.25036 -0.77169 0.91913 -0.45624 -0.69191 1.5551 0.95398 -0.52033 1.0393 -1.4684 0.053149 0.41991 -2.3669 -0.058236 1.5741 0.22274 0.60956 -0.31278 1.029 1.0941 -0.63914 1.2374 0.7052 -1.6031 -0.82274 -0.81525 -1.3164 0.46994 0.080643
-0.22552 -0.6354 -0.94946 -0.47499 1.5501 -1.0453 -1.507 0.55795 1.3242 -0.84783 0.039235 -0.22644 0.9609 -0.11579 -0.82562 2.0642 1.7076 -0.48553 1.9491 -1.1565 -0.69959 -0.094689 -2.2848 -0.96344 1.9064 0.19922 0.68707 -0.08992 0.2515 0.73082 -0.45746 0.7587 1.6204 -1.8754 -1.2068 1.0477 -1.1757 -0.81736 -0.047034
0.099748 -0.71481 0.049349 -0.049337 1.7687 -0.49217 -0.94378 0.53739 1.7612 -1.9077 0.49134 0.248 1.0474 0.0076767 -0.99732 2.1182 1.952 -0.3398 2.1566 0.22893 -1.7084 -0.66299 -1.1405 -0.97151 0.80146 0.22129 0.8687 0.68205 -0.65911 0.2871 -0.73516 -0.22203 2.0433 -0.98984 -1.4894 2.4782 -0.38427 -1.68 -0.69276
-0.21744 -0.9742 0.498 0.10342 1.5573 0.0023644 -1.323 -0.45962 1.2524 -2.741 -1.1841 0.2908 1.0746 0.49351 -0.65762 1.3626 1.5883 -1.008 1.4061 1.2891 -2.2985 -1.339 0.24058 -1.0395 -0.37103 0.093943 0.46083 1.8989 -1.4724 -0.56375 -1.3225 -1.0962 1.5278 0.70476 -1.2795 3.0644 0.63938 -1.6305 -1.6966
-0.25706 -1.2677 1.4095 1.4892 1.9704 0.92556 -0.97205 -1.8056 0.39837 -2.3874 -1.7038 0.46445 1.0849 0.89594 0.44591 0.5552 1.5456 -1.6759 0.90444 1.5226 -1.1618 -1.9902 1.4945 -0.8139 -0.67687 -0.92882 -0.1715 2.683 -1.5237 -1.2001 -1.5733 -1.3818 0.5513 2.5359 -0.52367 2.6224 1.814 -0.47898 -2.4266
-0.015773 -1.4405 1.0373 1.474 1.5536 1.1468 0.17825 -2.0978 -0.032355 -0.82821 -0.68971 -0.74794 1.1747 0.31429 1.8767 -0.15578 0.82289 -2.3565 0.52618 1.3445 0.43663 -2.0376 2.7363 0.24529 -0.64511 -2.176 -0.97744 2.5078 -1.1247 -1.5837 -0.94918 -1.0887 -0.40572 3.2957 0.41145 1.35 2.3327 0.76579 -2.3604
0.84456 -0.98234 -0.085635 0.74336 0.046428 -0.22622 0.51261 -2.0898 -0.55515 0.046897 -1.0986 -1.1822 0.91752 -0.24182 2.5784 -0.22803 0.035185 -2.6838 0.01093 1.3293 2.0335 -1.3868 3.0343 2.0618 -0.04522 -2.8638 -1.5798 1.3065 -0.38814 -1.4066 0.30465 -0.52114 -1.0436 2.2236 1.1996 -0.36732 1.5514 1.4994 -1.2921
0.98883 0.48788 0.10142 1.7118 -0.42566 0.23967 0.27175 0.1473 -1.1553 0.35987 -0.69095 -0.15703 -0.5167 -0.82315 2.802 -0.54148 -0.68633 -2.3297 -0.18203 0.53445 2.7484 -0.81683 2.2571 2.2529 0.82315 -3.0435 -1.5399 -0.42073 0.36982 -0.65455 1.6004 0.2762 -1.2055 0.46981 1.5167 -1.7715 0.50051 1.5763 0.25219
-0.44925 1.5722 0.45572 0.8114 -0.65844 0.80688 0.36766 1.2116 -0.87343 0.97892 0.40401 -0.07835 -1.4205 -1.5767 2.3352 -0.052628 -0.39242 -1.1192 0.29012 -0.24296 2.1606 -0.17786 0.96224 1.3241 1.5687 -2.7418 -1.0735 -1.9273 0.51722 -0.18788 2.3473 0.40147 -0.97172 -1.5144 1.3537 -2.2345 -0.77093 0.59606 1.8522
-0.90677 1.1055 0.9373 0.53876 -1.0293 0.40775 0.58984 1.4533 -0.63203 1.012 1.4019 0.34946 -1.4086 -1.983 1.2245 0.49427 -0.22418 -0.092974 0.9165 -0.37477 1.3079 0.42406 0.090991 1.6194 1.6816 -1.7976 -0.18857 -2.5821 0.38812 0.25078 2.3646 -0.014081 -0.43249 -2.4026 0.97032 -1.4935 -1.3351 -0.60776 2.7186
-0.86948 1.2005 0.1272 0.66738 -0.41332 0.70477 -0.05844 1.0507 -0.9315 0.83056 0.76479 0.80402 -1.4268 -1.7317 -0.13311 0.29101 -0.56828 0.67081 0.22697 -0.23801 -0.32059 0.72818 -0.52318 0.79876 0.69552 -0.26436 0.51294 -2.0733 -0.11928 0.068278 1.4041 -0.53032 -0.29537 -2.0864 0.48843 -0.39914 -1.3512 -1.4804 2.5273
-1.3762 1.0779 0.47757 1.0981 -0.029208 1.0626 -0.067616 0.33965 -0.36699 0.45868 -0.079582 0.52492 -1.4815 -1.1175 -0.64902 0.061581 -0.13564 1.2812 -0.16602 -0.37471 -0.87991 0.68784 -0.10545 -0.21142 0.018016 0.44716 0.78389 -0.93315 -0.057501 -0.1445 0.2612 -0.89468 0.12283 -1.0896 -0.057206 0.13641 -1.2567 -1.4787 1.5409
-1.381 0.93483 0.78547 0.72925 -0.48235 1.1275 0.078856 0.83233 -0.13042 0.2212 1.5002 1.0359 -1.3987 -1.0352 -0.49245 -0.091256 -0.32139 0.86446 -0.15428 -0.86607 -0.97555 0.67034 0.22266 -0.52006 -0.5895 0.5326 0.72981 0.2874 0.32197 -0.33469 -0.74182 -0.32532 0.50075 -0.01579 -0.48029 0.35543 -0.75981 -0.76964 0.32642
-1.6764 0.67255 0.61922 0.40046 0.3606 0.27156 0.17346 0.0063202 -0.13 -0.054073 0.59613 0.25364 -0.94361 -0.83714 -0.29692 0.55582 -0.63742 0.2972 -0.56322 0.18112 -0.58057 0.32616 -0.010055 -0.28868 -0.6623 0.48483 0.64115 0.89737 0.51911 -0.54647 -1.1761 0.20785 0.95858 0.42276 -0.71592 -0.2313 -0.47745 0.10869 -0.31132
-1.9882 0.77424 0.54964 0.59399 0.80966 0.42026 -0.20243 0.19199 0.043874 1.6696 0.2473 -0.085462 -1.0048 -0.48151 0.19848 0.68451 -0.96928 -0.26666 -0.17486 0.50758 -0.5166 -0.076096 0.1548 -0.71981 -0.53035 0.28534 0.77032 0.91957 0.4539 -0.060734 -1.1962 0.42101 0.98967 0.6118 -0.55051 -0.67577 -0.053862 1.065 -0.60155
-2.12 0.63055 0.38792 0.14885 -0.37754 0.54854 -1.2458 -0.14109 0.11875 1.0918 0.47014 -0.041956 -0.99347 -0.17417 0.617 0.71445 -0.8668 -0.4125 0.24574 0.90887 -0.26965 -0.40207 -0.56155 -1.0947 0.18204 0.030063 0.72379 0.58529 0.014996 0.44814 -0.80143 0.34795 0.49657 0.59714 -0.21932 -0.79906 0.6548 1.7295 -0.59296
-1.8367 1.0088 1.4075 0.023289 -0.069248 0.13774 1.2059 0.21905 -0.60079 -0.096528 0.21636 0.35135 -1.0863 0.10134 0.70225 0.73784 -0.33702 -1.0783 0.24327 0.80476 0.090691 -0.093096 -0.91257 -0.23899 1.0977 -0.28557 0.60787 0.042313 -0.25229 1.0533 0.13996 -0.023092 0.10496 0.60489 0.22928 -0.44701 1.3312 1.344 -0.39497
-1.8834 1.3881 1.5529 -0.35262 -0.5642 1.2756 0.73643 -0.42021 -0.32055 0.61372 -0.62323 0.11027 -1.2046 0.25022 0.49792 0.54672 -0.11504 -0.84038 -0.10755 1.0474 0.30787 -0.12102 -1.1428 0.78979 1.9644 -0.26032 0.27853 -0.51981 -0.43725 1.212 0.87958 -0.036441 -0.63478 0.22238 0.47019 0.36428 1.748 0.13678 -0.10685
-1.6417 1.4761 1.353 -0.37268 -0.34958 1.0544 1.1734 0.46028 -0.69952 -0.81969 0.14982 1.2841 -1.1493 0.46264 0.32215 0.24343 0.64556 0.20262 -0.030721 0.64325 0.40237 0.23776 -0.49155 1.032 1.2469 -0.25571 0.012836 -0.79507 -0.3815 1.0277 1.4598 -0.13796 -0.68995 -0.21313 0.25653 0.54476 1.2105 -0.61763 0.20274
-1.787 1.2016 1.2205 0.5085 -0.81868 0.10354 0.31247 0.10551 0.28989 -0.15933 0.52302 1.2176 -1.2485 0.16959 -0.14605 0.061288 0.93468 0.61561 0.32514 -0.33544 0.0093984 0.3756 -0.028036 1.8114 0.35735 -0.16996 0.16569 -0.78162 -0.35327 0.3983 1.0458 0.16802 -0.80686 -0.41424 0.18751 0.7852 0.017584 -1.3733 0.41754
-1.7801 1.1206 1.1355 0.23963 -0.3749 0.19395 1.0047 0.63388 -0.32171 0.33543 1.7408 2.2341 -1.2438 0.15626 -0.42699 0.19336 1.08 0.97101 -0.22144 0.057013 -0.20513 0.16823 -0.352 1.6989 0.63976 0.022651 1.1585 -1.0167 -1.188 -0.72949 -0.29698 0.21336 -0.28178 -0.19969 -0.35289 0.48287 -1.0747 -1.2597 0.92353
-1.2727 1.1856 1.1642 1.0369 0.27776 0.84082 0.40171 0.31212 0.24474 0.024645 1.0514 0.52692 -1.2962 0.7113 -0.5544 -0.15815 0.41138 0.76164 0.31444 -0.34046 -0.23976 0.28336 0.40358 0.47968 -0.50737 0.32751 2.1433 -1.3155 -2.015 -1.5251 -1.0966 0.0078575 0.16936 0.14432 -0.67783 0.34479 -1.983 -1.0846 1.486
-1.8629 0.98959 1.8398 0.80735 0.51229 1.3783 0.76724 -0.32981 -0.28072 -0.14895 2.0713 0.3671 -1.2749 2.4047 -1.3259 -2.071 -0.49634 -0.44991 0.38646 0.050791 0.10907 -0.44278 0.28238 -0.49957 -0.8685 1.1027 2.0952 -1.6143 -2.2916 -1.6856 -1.1723 0.036286 0.21234 0.238 -0.8773 0.72986 -1.7104 -0.56084 1.7682
-1.5991 0.94094 1.6259 0.89814 0.29079 0.36455 1.0975 -0.46068 -0.22418 -0.63756 1.2017 2.0646 -1.0689 3.1478 -2.0896 -2.9092 -1.1955 -0.78123 0.046843 0.0057702 0.12948 -0.70475 0.3584 -1.1335 -1.0855 1.8754 1.1252 -1.4821 -1.3309 -0.564 -0.38678 -0.12375 0.065899 0.0042564 -0.7077 0.77469 -0.9533 0.15156 1.5382
-0.32823 0.68811 0.48664 0.015485 0.020896 1.1277 0.00040661 0.58063 0.24675 0.51005 0.48817 0.4131 -0.72062 2.9483 -2.5931 -3.0952 -1.3404 -0.50961 -0.008571 0.31088 0.076699 -1.1282 1.1721 -0.98436 -0.21887 2.325 -0.64104 -0.64859 0.8958 0.95024 0.99192 0.30744 -0.58182 -0.59374 -0.094882 0.93325 0.037958 0.17383 0.68948
2.1298 -0.81831 -2.8899 -0.32739 -1.9332 0.42856 0.85682 0.62607 -0.93455 0.53903 0.29655 0.34769 0.14151 2.5886 -2.6153 -2.3602 -0.25509 0.04039 0.2903 -0.34639 -0.2294 -0.82037 1.5531 -1.2285 -0.55269 2.3925 -2.0275 0.4484 2.7775 2.1684 1.7616 0.50682 -0.84143 -1.0944 0.52311 0.52613 0.77709 0.57251 -0.33363
1.6925 -1.2031 -1.8648 -1.0579 -0.19932 0.64937 0.96752 0.39571 -1.2972 0.52709 0.5223 0.38064 0.70006 1.4443 -2.2493 -0.54019 0.82789 1.0225 0.85336 -0.98865 -0.92554 -0.58821 1.6079 -0.38728 -0.81082 2.0442 -2.7675 1.5656 3.9007 2.4105 1.8891 0.44514 -1.1746 -1.158 1.3644 -0.14317 1.0965 0.55048 -1.2222
0.97028 -1.4297 -1.4064 -0.080291 0.53623 1.2896 1.0107 -0.38112 -1.3708 1.6507 0.42753 0.67493 0.81115 -0.00051169 -1.4626 1.4379 1.8341 1.8066 0.57917 -1.0969 -1.5949 0.0757 1.2198 0.13552 0.33324 1.4363 -2.3952 1.9851 3.1952 1.6453 0.91609 0.059549 -0.92158 -0.76392 1.5796 -0.58878 1.209 0.81157 -1.6282
0.89195 -1.5029 -0.35303 1.2825 0.48721 1.5139 -0.23864 -0.87562 -0.84528 1.5917 0.14095 0.29502 0.93681 -1.0774 -0.34871 2.9102 2.1897 2.2047 0.69437 -1.7554 -1.5946 1.1809 1.0313 0.55049 0.41683 0.67807 -1.1156 1.7667 1.4609 0.26209 -0.19888 -0.31413 -0.45412 0.1231 1.2462 -0.7785 0.80667 0.66404 -1.4863
0.84164 -1.4411 0.52535 1.6657 1.0475 1.5597 -0.90743 -1.3166 -0.67678 1.6582 0.59732 0.56553 0.96785 -0.75664 0.014256 2.3869 2.1817 1.1876 0.49258 -1.8812 -1.4528 1.4887 0.61069 0.74832 0.43521 0.2443 0.2478 1.1454 -0.58149 -1.1501 -0.83447 -0.25009 0.36795 0.78556 0.38577 -0.75482 0.50562 0.14284 -1.0702
0.79429 -1.4318 0.70509 1.6727 1.1532 1.2666 -0.76564 -1.4093 0.078476 1.9786 0.6436 0.8637 1.0136 -0.3282 0.197 1.9375 1.1384 0.9399 0.31724 -1.5479 -0.76232 1.2227 0.28869 0.93397 0.44437 0.05568 0.89693 0.50408 -2.021 -1.9319 -0.9904 -0.28268 1.1448 1.0441 -0.47538 -0.89212 0.31916 0.016292 -0.60724
0.6287 -1.2984 0.85227 1.7684 1.083 1.3429 -1.0989 -1.5668 0.53527 1.7411 1.1983 0.77817 0.99559 0.090357 0.32491 0.73108 0.15532 0.83245 0.30866 -0.45186 -0.43828 0.82664 0.016374 0.95936 0.58148 -0.11311 0.67053 0.29839 -2.1818 -2.1354 -0.49834 -0.097675 1.297 1.1704 -0.84914 -0.85626 0.27212 -0.032943 -0.36414
0.44724 -1.2994 1.2742 2.0613 1.4119 1.7012 -1.4696 -2.0164 0.42885 1.6237 1.2665 0.87102 0.9525 0.21013 0.39572 -0.37675 -0.48997 0.47781 0.26602 -0.1146 -0.0067035 0.53677 -0.5308 1.0814 0.35219 -0.19867 0.38271 0.14483 -1.9159 -1.7991 -0.41985 -0.14178 1.1562 1.1022 -0.96418 -0.77058 0.083752 -0.12537 -0.22508
0.68349 -1.2701 1.451 1.7001 1.6452 1.8848 -1.4122 -1.3227 0.087193 2.2091 1.265 0.9851 0.88183 0.25078 0.44244 -0.8973 -1.0844 0.4544 0.34553 0.072377 0.51974 0.098291 -0.76452 1.2154 0.39116 -0.26114 0.097457 0.070821 -1.3528 -1.5361 -0.57074 -0.26228 0.91926 1.1869 -0.9057 -0.63171 -0.15266 -0.47577 -0.10755
1.2905 -1.0887 0.35112 1.44 1.54 1.7826 -0.63411 -1.7061 0.35712 1.3763 1.3259 1.0219 0.82695 0.31591 0.38789 -1.1499 -1.6818 0.31463 0.04326 0.56904 0.97123 -0.37992 -0.92829 0.9638 0.26423 -0.26104 0.11171 0.081401 -0.96667 -1.074 -0.86108 -0.47395 1.0305 0.805 -0.97558 -0.41032 -0.58807 -0.75707 -0.12687
0.90799 -0.97988 -0.25994 0.8251 1.4805 1.5785 -1.1371 -1.2401 0.46902 0.78421 2.1964 0.99207 0.80172 0.21444 0.44454 -1.6409 -2.188 -0.18856 -0.061941 1.0954 1.4564 -0.56314 -1.1046 0.6954 -0.35182 -0.26823 0.16664 0.088978 -0.60384 -0.46697 -1.3749 -0.75689 0.83576 0.39922 -1.0005 -0.13318 -1.1276 -0.83976 -0.23542
0.82319 -0.93113 -0.1635 0.26649 1.6802 1.7878 -0.86581 -0.55437 0.35113 1.0869 2.2962 1.3411 0.75333 0.43262 0.52953 -1.9799 -1.9977 -0.85806 -0.40998 1.4931 1.137 -1.1224 -1.2217 0.13342 -0.81715 -0.41504 0.18243 0.035566 -0.19107 0.077843 -1.7059 -0.83987 0.2976 0.036326 -0.71803 0.11549 -1.5112 -0.56194 -0.36642
0.92882 -0.95534 -0.068599 -0.21546 1.5339 1.477 -0.37962 -0.34992 -0.40182 0.6167 2.0477 0.90689 0.72389 0.50215 0.52019 -1.7208 -1.8302 -1.5984 -0.83927 1.3267 1.2291 -1.571 -0.90452 -0.67432 -0.77464 -0.59286 0.036487 0.085088 0.30649 0.47686 -1.5783 -0.92396 -0.33729 -0.16596 -0.063451 0.18557 -1.5322 -0.079553 -0.43685
0.86343 -0.77476 -1.0246 -0.78466 1.0789 1.8468 0.25687 0.29109 -0.51329 0.45307 1.7434 0.1649 0.63932 0.51207 0.40198 -1.5106 -1.7272 -2.2521 -1.1354 1.0567 1.1439 -1.3434 -0.79979 -1.4361 -0.67428 -0.7353 -0.37767 0.13776 0.70547 0.4911 -0.98893 -0.92618 -0.8563 -0.085406 1.0866 0.24076 -1.0271 0.19567 -0.31989
1.8188 -0.54801 -1.8928 -0.59222 0.32984 1.0425 0.9283 -0.34889 -1.5593 0.30475 1.2609 0.10488 0.34807 0.2347 0.64985 -1.2663 -1.43 -2.5193 -1.4246 0.60384 1.1033 -0.59213 -0.94179 -1.6473 -0.60677 -0.86717 -0.76846 0.59383 1.3524 0.95134 0.035892 -0.41217 -0.82768 -0.087746 1.8986 0.3721 -0.44593 0.36571 -0.43069
1.6655 -0.50596 -1.925 -1.0422 -0.47352 0.41258 0.44641 0.23258 -1.5198 4.1641e-05 0.7811 0.60115 0.18977 -0.16835 0.70155 -0.78812 -1.2774 -2.2992 -1.8469 0.071343 1.0129 0.58176 -0.71501 -1.4807 -0.53323 -0.83352 -1.3975 1.0545 2.2183 1.7385 1.3916 0.42287 -0.53978 -0.25868 1.7137 0.54145 0.096539 0.59952 -0.64673
1.0651 -0.68844 -1.6868 -1.7424 -0.87859 0.32925 -0.19288 0.85291 -0.90764 -0.073662 0.62825 0.52703 0.090527 -0.64219 1.4326 0.65008 -0.25852 -1.5183 -1.2472 0.095389 1.1028 1.3073 -0.1867 -1.5711 -0.13666 -1.2921 -1.4945 1.1681 2.5149 2.5028 2.306 1.3503 -0.085049 -0.8134 0.44014 0.7249 0.51093 0.89593 -0.77891
0.92919 -0.04324 -1.4793 -1.5835 -0.887 0.13113 0.23439 1.1873 -0.31094 -0.28751 0.31039 0.34339 -0.10391 -1.7411 1.9065 2.0208 0.98227 -0.10572 -0.4186 0.18237 0.60703 1.1727 -0.066235 -1.2904 0.26759 -1.647 -1.2991 0.83835 2.0302 2.8134 2.3388 1.6332 0.12266 -1.2378 -0.88892 0.739 0.67828 1.2387 -0.67625
0.79957 -0.14802 -1.522 -1.9391 -1.0366 -0.90141 0.15977 0.96734 0.52857 -0.27123 0.28649 -0.32752 -0.068703 -1.8567 2.1488 2.4208 2.1903 0.778 0.40961 0.36025 -0.35169 -0.0054699 0.22503 -0.71612 0.76356 -1.8145 -0.72247 -0.17331 0.78802 1.9633 1.4348 1.4764 -0.0058014 -1.3863 -1.3702 0.52054 0.97126 0.9766 -0.11349
0.5102 1.3643 -0.079936 -0.24825 -0.70455 0.69801 1.0419 1.6185 0.59191 0.53844 -0.55407 0.27013 -1.114 -2.0639 1.8481 2.4344 2.8398 1.0093 0.40457 0.18043 -0.77524 -0.57596 0.59956 -0.54155 1.4742 -1.7478 0.11293 -0.92092 -0.44149 0.57531 0.10548 0.89534 -0.27261 -0.46868 -0.78251 0.34589 1.0481 0.26621 0.48935
-0.78408 1.4353 1.0489 0.95651 0.33008 0.41148 0.80153 0.066809 -0.84575 -0.12893 -0.29091 1.0609 -1.4431 -1.8771 1.1357 2.0298 2.536 0.65364 1.1266 0.072184 -1.0213 -0.60889 0.54818 0.016774 1.1924 -1.4383 0.61862 -1.5252 -1.2891 -1.0102 -0.64829 -0.34855 -0.50077 0.60724 0.36418 0.12741 0.97916 -0.86098 1.1203
-0.65333 1.4541 0.85366 1.2129 0.096145 1.0047 0.28196 -0.22398 -1.8888 0.23477 0.24767 1.6028 -1.4405 -1.5242 0.73403 1.3073 1.8901 0.14593 0.91629 -0.2496 -0.01954 -0.12379 0.47809 0.46174 0.56235 -0.98313 1.2242 -1.3478 -1.7961 -1.8641 -0.75565 -0.8465 -0.32743 0.97555 1.0063 0.048928 0.50526 -1.8531 1.3336
-1.4549 1.0912 0.99854 1.2647 -0.12338 0.13488 -0.054872 0.27861 -0.69637 0.79317 -0.2309 1.8223 -1.4398 -0.94955 -0.066646 0.35509 0.72721 -0.041102 -0.49034 -0.47263 0.48294 0.49648 0.53899 0.76059 -0.52954 -0.24746 1.2179 -0.99432 -1.6229 -1.9876 -0.25125 -1.2383 -0.01798 0.97728 1.0096 -0.16807 0.24158 -1.8572 1.1965
-0.91186 1.1279 0.77478 1.0046 -0.55765 1.6342 0.78329 -0.12317 -0.039558 0.25828 0.38499 0.56215 -1.4509 -0.18867 -0.0021885 -0.38664 0.18054 -0.099239 -0.36679 -0.23654 0.42926 0.90199 0.69476 0.1014 -1.4015 -0.022887 1.0247 -0.62192 -1.0076 -1.7973 0.20608 -0.80991 0.22541 0.35931 0.30156 -0.62995 0.24283 -1.1506 0.92446
-1.0594 1.4307 0.64927 1.0042 -0.72209 0.43454 0.082934 1.9882 0.60919 0.61465 0.50635 0.19897 -1.4655 -0.21798 -0.30802 -0.43009 -0.40803 0.28408 -0.54795 0.016292 0.71441 0.9156 0.08082 0.6757 -1.5705 0.16342 0.50744 -0.18845 -0.16172 -1.1793 0.23381 -0.27201 0.087039 -0.17583 -0.5424 -0.85265 0.20151 0.22188 0.47667
-1.1089 1.3458 0.93206 1.2767 0.12848 -0.52427 0.34287 1.395 0.097926 1.1697 0.31819 0.22347 -1.5044 0.066092 -0.28318 -0.35818 -0.97881 0.36502 -0.56596 -0.040022 0.57627 0.26764 -0.60886 0.98548 -1.2464 0.42016 0.062409 -0.20075 0.21083 -0.7535 -0.14312 -0.17818 0.10627 -0.76526 -0.85434 -0.75261 -0.25142 1.0259 0.20161
-0.98919 1.3797 0.27051 1.3628 0.31367 0.58547 0.20815 -0.6153 -0.6089 0.77036 -0.42148 0.0016413 -1.4309 -0.11329 -0.27961 -0.00024773 -0.95295 0.16144 -0.89102 -0.40304 0.039742 -0.29745 -0.58667 0.71585 -0.18673 0.36088 0.084307 0.054735 0.22331 -0.038652 -0.71159 0.14844 -0.089607 -1.0693 -0.63074 -0.035453 -0.99856 1.1651 -0.14045
-1.3334 0.62576 0.35259 0.20713 0.094199 0.30938 0.28654 1.4917 0.033939 0.11546 1.6807 0.1089 -1.1608 -0.1313 -0.39211 -0.18653 -0.99626 -0.32344 -0.5192 0.18074 -0.79402 -0.23543 -0.54167 -0.44226 -0.062275 0.22982 -0.087061 0.2307 0.27981 0.7958 -0.84573 0.22451 -0.15562 -0.73887 -0.0025301 0.78813 -1.0296 0.93621 -0.47078
-1.0681 0.92416 0.62368 -0.34793 -0.23461 -0.18331 0.14741 1.3766 0.24283 -0.44761 1.1033 -0.053567 -0.95421 0.032455 -0.16694 -0.075549 -0.48759 -0.74341 -0.2815 -0.29159 -0.77531 -0.12319 -0.03701 -0.65304 0.14755 0.015063 0.081041 0.51381 0.058794 1.4214 -0.22787 0.45325 -0.50043 -0.61654 0.036383 0.97612 -0.94443 0.53293 -0.56462
-1.0585 1.1932 0.95609 0.29103 -0.58106 -0.04492 -0.10334 0.31968 -0.45175 0.080538 0.89501 0.41064 -1.3134 -0.18386 0.06552 0.23452 0.28892 -0.81058 -0.43794 -0.42978 -0.52349 0.16462 0.73853 -0.43581 0.4379 -0.22501 0.023096 0.4136 -0.10122 1.2508 0.42013 0.63464 -0.6734 -0.10926 -0.051789 0.99952 -0.084913 0.56168 -0.41984
-1.3298 0.97006 0.094386 0.17088 -0.67749 -0.68461 0.78496 0.18245 0.15226 0.60424 -1.286 -0.043988 -1.3747 0.058468 0.40894 -0.10431 1.096 -0.042463 -0.069027 -1.145 -1.3557 -0.43443 0.78496 -1.2199 0.60671 -0.39301 -0.043609 -0.022225 -0.34349 0.32988 0.77007 0.75985 -0.060676 0.31206 -0.080589 0.18914 0.48676 0.22106 -0.043611
-0.91112 1.1195 0.66085 1.0298 -0.3775 -0.13116 -0.53612 -0.56159 -0.53684 1.2131 -0.15474 0.39012 -1.4676 -0.11001 0.055969 -0.39046 0.57858 0.11676 0.57803 -0.79751 -0.73904 -0.19563 1.1076 -0.34386 0.80926 -0.29563 0.21117 -0.21593 -0.20324 -0.40014 0.58578 0.88134 0.41897 0.738 -0.33969 -0.79171 0.95073 0.10622 0.25882
-1.5509 1.1422 0.70687 1.2264 -0.74095 0.15593 -0.37545 -0.082162 0.15428 1.2433 0.71165 0.56449 -1.4581 -0.098172 -0.21483 -0.4731 -0.019056 0.25223 0.64927 -0.2454 -0.051455 -0.11732 0.1596 0.27822 0.38059 -0.024721 0.20484 -0.28669 0.16744 -0.66851 0.0039975 0.28734 1.1943 1.2475 -0.041814 -1.0154 0.52401 -0.061667 0.31406
-0.94656 1.2281 0.14752 1.1578 0.27503 -0.026991 -1.6675 -0.39813 -0.86182 0.26382 -0.12654 0.75765 -1.422 0.28963 -0.025798 -0.00648 0.069915 0.14926 0.86998 -0.02522 0.30108 -0.69382 -0.59998 0.73565 0.73961 0.041785 0.33119 0.055861 0.35522 -0.15526 0.00038564 -0.17505 1.27 0.56399 -0.21533 -0.8802 -0.70201 -0.14709 0.12552
-1.2897 0.93332 0.10801 -0.096238 -0.57708 0.70348 -0.12784 0.21161 0.064794 1.5502 0.41108 0.92667 -1.3421 0.24166 -0.08143 0.030662 0.062846 -0.063149 0.33584 0.92687 0.63046 -0.28092 -0.4759 -0.70674 0.49385 -0.014685 0.10037 0.25518 0.40114 0.3794 -0.25288 -0.46217 0.86754 0.03923 0.061228 0.073649 -0.55396 -0.22077 -0.08274
-1.2705 0.78541 0.093555 0.37748 -0.40658 0.319 0.35658 0.1024 -0.56125 0.10164 0.26176 0.29258 -1.3923 0.34553 0.077916 0.065766 0.22734 0.26311 0.41668 1.231 0.04509 -0.56142 -0.40922 -1.2911 0.43381 -0.081557 -0.11376 0.23462 0.2294 0.52217 -0.13693 -0.76038 -0.25651 -0.21564 0.29073 0.4851 -0.17257 -0.51072 -0.13757
-0.60385 1.2055 0.63017 1.1809 -0.44521 0.60633 0.05175 0.31287 -1.3631 -0.022475 -0.062604 1.1908 -1.396 0.056444 0.18266 0.29209 0.60986 -0.29995 0.01833 0.90863 0.14138 -0.07007 0.20604 0.15289 0.067057 -0.1062 -0.083154 0.26043 0.21285 0.25077 0.018359 -0.69539 -1.3169 0.021885 0.30206 0.54387 0.77794 -0.35625 -0.015998
-0.95645 1.0681 0.76614 1.4399 -0.47479 0.13891 0.48212 0.4401 -0.26634 1.1071 -1.184 0.98073 -1.5443 0.15392 0.2543 0.31555 0.77586 -0.0060575 -0.38925 -0.5588 0.095507 -0.22021 0.053396 -0.057437 -0.094296 -0.15098 -0.19581 0.036569 0.02654 -0.32658 -0.22758 -0.4244 -1.2375 0.56227 0.54564 0.38609 0.73465 -0.60701 0.084532
-1.0885 1.2873 0.23049 1.0709 0.19413 0.92802 0.75873 -0.59506 -1.033 0.34198 -0.98265 1.074 -1.4941 0.16788 0.28921 0.32492 0.25132 0.094443 -0.55704 -0.91411 0.63504 0.15048 0.4089 0.2457 0.020064 -0.0070375 -0.035909 -0.057757 -0.136 -0.68211 0.077791 0.2338 -0.28207 0.49672 0.12386 -0.27171 0.25565 -0.23671 0.15532
-1.0754 1.2151 0.42832 1.2713 -0.78388 -0.077689 -0.36163 0.32919 -0.39903 1.1673 1.5473 0.52363 -1.4461 -0.095938 0.078373 0.090343 -0.22985 -0.38099 -0.082252 -0.42932 0.91989 0.42447 0.27855 0.14376 -0.78291 0.016656 0.059756 -0.15829 0.011727 -0.41073 -0.1074 0.38163 1.0871 0.38578 0.042542 -0.41782 0.16735 0.063254 0.14814
-0.95456 1.0653 0.6541 0.93202 -0.55987 0.069546 -1.0797 0.5592 -0.65892 0.82973 -0.28726 0.618 -1.5234 0.10244 0.15366 0.11578 -0.20064 0.024082 0.31506 0.24832 0.71836 -0.15189 -0.4803 0.55966 -0.086994 0.080911 0.068156 -0.13585 0.066362 0.016402 0.17555 0.49936 1.6557 -0.28345 -0.29078 -0.5519 -0.4351 0.40498 0.0032392
-0.66561 1.3382 0.84599 1.1072 -0.061498 -0.38385 -0.56169 1.4176 -0.66556 0.37409 -0.054922 0.83674 -1.3529 0.29127 0.023189 0.43105 0.20517 -0.18817 -0.097273 1.0963 0.81888 0.0065159 -0.37851 0.11341 0.061811 0.063481 0.068387 -0.024836 0.13514 0.26582 0.6345 0.19583 1.3414 -0.76466 -0.26003 -0.096265 -0.41958 0.69881 -0.059464
-1.0351 1.2294 0.59758 0.96604 -1.1876 1.0751 0.44191 1.3769 -0.28988 0.88958 -0.80223 0.019732 -1.4877 0.095029 0.058522 0.27639 0.050355 0.32138 0.39972 1.7353 0.098423 -0.2412 -0.41687 -0.63615 0.38489 -0.024052 -0.16887 -0.095848 -0.059729 0.085506 0.20035 -0.11816 0.40433 -1.017 -0.05721 0.61452 0.083722 0.32672 -0.13016
-0.92717 1.3307 0.59761 1.1418 0.24036 0.78624 1.2887 0.39759 -1.0262 -0.0067541 0.28689 1.3986 -1.4478 0.028962 0.068557 0.27145 0.13605 0.67064 0.2543 1.5894 -0.32953 -0.069154 0.036606 -0.1238 0.35698 -0.033529 -0.13958 -0.034002 -0.3264 -0.19195 0.0001883 -0.45112 -0.9866 -0.92665 -0.22221 0.60401 0.86434 0.013311 -0.045642
-0.58379 1.1864 1.0157 1.5586 -0.6392 -0.17961 1.4909 0.9539 -0.73801 0.30608 0.21492 0.77433 -1.4017 -0.10046 -0.054916 0.061475 -0.017977 -0.03458 -0.071871 0.82583 -0.77671 -0.24088 0.57465 0.83607 0.39581 -0.096221 -0.14522 -0.21358 -0.53271 -0.3862 -0.70675 -0.4865 -1.8284 -0.46689 -0.22162 0.48011 0.59595 -0.79916 0.024853
-1.0486 1.2312 0.82363 0.93603 -0.24415 0.51415 1.0121 0.60893 -0.77846 0.76385 -0.17962 0.89131 -1.5366 0.11117 0.0059336 -0.13686 -0.14081 -0.021905 -0.6983 -0.50168 -0.63024 -0.45519 0.36646 1.1222 0.058876 0.020941 -0.28354 -0.35129 -0.77257 -0.6134 -0.74281 0.13695 -1.6764 -0.33941 -0.41802 -0.083941 -0.39431 -1.1116 0.041478
-0.79422 1.2634 1.0728 1.119 0.6158 0.40868 0.91414 0.45361 -0.60303 0.8405 -0.82079 0.93961 -1.4862 -0.23475 -0.30912 -0.61357 -0.56118 -0.69482 -0.027294 -1.0128 -0.70898 -0.50853 0.40221 -0.059933 -1.0912 -0.0072953 -0.29004 -0.41432 -0.69641 -0.46309 -0.41139 0.56095 -0.8188 -0.18536 -0.35846 -0.56976 -1.1825 -1.1673 0.070724
-0.98745 1.2396 0.55488 1.0271 -1.1765 0.0063733 0.97764 0.144 -1.091 1.3599 1.7099 1.0712 -1.4841 -0.45798 -0.4525 -0.97198 -0.77488 -0.43062 0.50025 -0.97064 -1.0636 -0.79411 -0.061873 -0.4899 -1.1507 -0.0050828 -0.34805 -0.4059 -0.43208 -0.26088 -0.24298 0.78755 0.1291 -0.13882 -0.19334 -0.59679 -1.2854 -0.72729 -0.0030117
-0.70602 1.2646 0.29047 0.8894 -0.71201 -0.021712 -0.23156 0.23237 -1.3211 0.57157 0.75009 0.26193 -1.4022 -0.38243 -0.58791 -0.94734 -0.5973 -0.62835 0.39386 -0.64535 -0.94899 -0.80937 -0.4025 -0.7745 -1.362 0.040569 -0.13837 -0.19599 -0.087362 0.0063735 0.065416 0.34014 0.41797 0.023497 -0.071611 -0.52039 -0.68963 -0.11963 -0.0012221
-1.3346 0.71055 -0.14966 0.39249 -0.70186 0.79628 0.28375 -0.62866 -1.6816 0.46413 -0.85261 -0.28742 -1.4783 -0.49285 -0.60165 -0.85984 -0.63412 -0.53147 0.58192 -0.43058 -0.80515 -0.70775 -0.4785 -1.1463 -1.2869 -0.007466 -0.041723 -0.079343 0.083149 0.071981 -0.021116 0.087711 0.31893 0.17064 0.072922 -0.21421 -0.40816 -0.037197 -0.015617
