39 248
-1.1851 1.309 1.2902 1.4328 0.7478 -0.1189 -0.60133 1.1084 0.21831 0.54992 -1.069 -1.1344 -1.4263 0.63175 -0.076489 -0.22938 -0.0059366 -0.71169 0.36573 0.45153 -0.3155 -0.3997 0.44596 0.21847 1.0574 0.099154 0.034249 -0.058417 0.10717 -0.10109 0.024372 0.30849 -0.14463 0.34389 -0.12268 -0.44053 0.3938 -0.1775 -0.0010148
-1.2385 1.3515 0.80069 1.2686 -0.24045 0.8594 0.064775 0.84695 -0.52287 1.0662 -1.4179 0.41022 -1.402 0.79204 -0.11378 -0.24508 -0.15912 -0.90989 0.57937 0.51363 -0.059797 -0.45394 0.32794 0.68023 1.0643 0.11964 -0.12414 -0.091507 0.20287 -0.054456 0.10887 0.58813 -0.012026 0.39023 -0.18796 -0.78618 0.1735 -0.57721 -0.056889
-0.7773 1.2969 0.97607 1.7199 0.31604 0.26899 -0.35109 0.76087 -0.17906 0.87648 -0.081575 -0.98746 -1.3499 0.61398 -0.16153 -0.01302 -0.12781 -0.53433 0.86992 0.081445 0.19489 -0.61427 -0.39262 0.71725 0.67035 0.08771 -0.4235 -0.056897 0.22339 0.20769 0.41315 0.34915 -0.15912 0.12641 -0.061023 -0.99061 -0.24112 -1.0433 -0.11657
-0.26115 1.1739 1.249 1.2728 -0.058566 0.066064 -0.050132 0.80685 -0.18658 1.1369 -1.1921 0.12259 -1.312 0.38428 -0.19761 0.056634 -0.048946 -0.55357 1.2817 0.57911 0.15459 -0.66422 -0.74362 0.28702 0.074897 0.002406 -0.74428 0.0055955 0.14228 0.36579 0.68138 0.071388 -0.56511 -0.35713 0.22607 -0.50046 -0.63038 -0.57344 -0.14706
-0.46414 1.212 0.98095 1.1308 -0.38991 0.83212 0.015851 1.2846 -0.41646 0.76806 -0.017368 -0.13939 -1.3198 -0.023146 -0.13551 0.053776 0.36642 -0.036122 0.70656 0.048984 -0.19293 -0.41336 -1.0478 -0.041884 -0.54794 -0.052867 -0.86114 0.13335 -0.19194 0.23026 0.58718 -0.28156 -0.6881 -0.56903 0.75263 0.2955 -0.2737 -0.34965 -0.12743
-0.84618 1.1623 1.3139 1.379 0.37603 1.3053 -0.79723 1.3414 -0.8633 -0.47877 -0.47608 -0.51123 -1.3734 -0.3937 -0.1145 -0.0018507 0.34169 0.22977 0.79972 -0.70203 -0.54433 -0.10094 -0.36539 -0.12464 0.5049 -0.075975 -0.72603 0.12685 -0.19452 0.073586 0.35862 -0.99483 -0.47618 -0.18056 0.939 1.0368 0.0757 -0.24396 -0.057367
-0.8282 1.1328 1.036 1.4509 -0.53588 2.0264 1.0541 0.86567 -0.97906 -0.012343 -1.1687 -0.65704 -1.4465 -0.73649 0.040683 -0.35562 0.15008 0.27485 0.54647 -0.77103 -0.5321 0.60712 0.035282 0.40524 -0.26954 -0.10342 -0.32352 0.075399 -0.11686 -0.32265 -0.34597 -1.0432 0.60576 0.65031 0.70932 1.3649 0.3426 -0.063382 0.00022959
-1.0361 1.2376 0.82365 2.0932 0.1074 0.73665 -0.51262 0.20839 -0.71112 -0.097267 -1.0089 -0.54598 -1.4022 -0.72661 -0.053723 -0.11551 0.21484 0.035917 -0.62361 -0.053934 -0.022645 0.70006 0.85728 0.19861 -0.57963 -0.075654 0.20895 0.02806 0.18124 -0.59134 -0.43497 -0.78897 1.0991 0.86802 0.17535 0.65039 0.27505 -0.13112 0.089561
-0.84747 1.0886 1.2279 1.7001 0.70952 1.0751 -1.8265 0.24973 0.10381 1.1594 -0.054727 0.5311 -1.3719 -0.51426 -0.027139 -0.11556 -0.21777 -0.59963 -0.66343 0.9793 0.76 0.60285 1.1586 0.43047 -0.16301 -0.051972 0.47357 -0.17524 0.47281 -0.71153 0.041537 0.19624 1.3134 0.73694 -0.4715 -0.49004 -0.58736 0.50103 0.23375
-1.281 1.2973 0.61186 0.92674 -0.15652 1.2305 -0.49665 0.84764 0.73162 0.82628 -0.2148 -0.7715 -1.4387 -0.090879 -0.027602 0.23034 -0.66666 -0.17094 -0.17061 0.72468 0.43231 0.25355 0.42029 0.37047 0.16001 0.061267 0.29483 -0.55345 -0.053527 -0.75739 0.86058 0.76285 1.0095 -0.052918 -0.35523 -1.8547 -0.87835 1.114 0.61522
-1.4884 1.0457 1.1716 1.7432 -0.38146 -0.040831 0.67386 1.7481 -0.31882 1.385 -0.18185 -1.3647 -1.425 -0.10791 -0.28774 0.38941 -0.84509 0.49079 0.70736 1.5966 0.61691 -0.10662 -0.74569 -0.78473 0.32227 0.25243 0.703 -1.1748 -0.77421 -0.84161 1.0514 0.31258 -0.23703 -0.83796 0.11339 -2.111 -0.71826 1.3383 1.1861
-1.2544 1.1537 1.0806 1.149 -0.8389 1.198 1.4788 1.9373 -0.47806 0.8192 -0.57591 -0.23599 -1.4592 -0.34302 -0.92403 -0.47127 -1.0004 1.2369 0.20715 1.7491 -0.058165 0.34956 -1.9984 -0.84167 1.3547 0.88785 1.2833 -1.447 -1.6167 -1.1657 0.13037 -0.53768 -1.0992 -1.2698 0.50511 -1.4526 -0.14666 1.0758 1.746
-0.62023 1.1555 1.2787 0.79339 0.11432 1.771 0.39609 -0.0039271 -0.46183 0.22203 -0.70656 0.063329 -1.282 1.02 -1.7053 -1.2663 -1.7505 0.82316 -0.23315 -0.06811 -0.57633 0.7837 -1.9673 -0.31215 1.8611 1.6852 1.7082 -1.3445 -1.9047 -1.0651 -0.78382 -1.5029 -1.5453 -1.3558 0.5155 -0.11043 0.64597 0.42783 1.8988
-1.379 0.76012 1.3087 1.0136 1.7081 1.7471 0.64747 1.1431 -0.19777 -1.1029 -1.9465 0.16717 -1.0216 1.9211 -1.9384 -2.078 -2.5704 -0.047431 -0.77504 -0.80887 -1.3637 0.81806 -1.9492 -0.14623 1.4917 2.5101 1.6229 -0.83627 -1.3947 -0.35657 -1.4735 -1.3367 -0.36433 -0.58175 -0.074477 1.3844 0.52344 -0.71068 1.3302
-1.6865 -0.13023 -0.1117 0.055258 1.7668 0.57422 1.1179 0.4991 1.5157 -1.5431 -0.32638 1.8207 -0.18401 2.191 -2.2145 -2.5023 -2.2128 -0.40083 -1.7991 -0.43765 -1.2846 0.6895 -0.98858 0.068484 1.0703 2.8835 0.91073 -0.10169 -0.59251 0.71808 -1.2036 -0.74857 1.5412 -0.38573 -0.92372 2.5736 0.30447 -1.7203 0.2625
0.78475 -0.62886 -0.84708 -1.2246 -0.79785 0.19058 -0.64655 0.83525 1.1225 -0.88903 -0.2537 0.25064 0.45684 2.3307 -2.1824 -2.5589 -1.4856 -1.0606 -1.6763 1.1283 -0.80439 0.25104 0.37 -0.060043 0.30947 2.7003 -0.022098 0.60631 0.50143 1.7664 -0.25657 0.30688 2.2331 -0.20142 -1.9185 2.9358 -0.34766 -2.5762 -0.97481
1.0574 -0.56686 -0.74646 -1.3003 -1.0575 -0.51784 0.19233 -0.27186 -0.26152 -1.1563 -0.79938 0.3569 1.2025 2.6413 -1.7653 -2.175 -0.83086 -1.0414 -1.2773 2.2041 -1.5882 -0.77118 2.1781 0.20746 -0.99009 2.0665 -1.2256 1.2058 1.3716 2.1217 0.89467 1.4286 1.837 -0.37627 -1.8501 1.9282 -0.61476 -2.4145 -1.7384
0.95217 -0.92434 -1.264 -0.90498 -0.025571 -0.385 1.1533 -0.21992 0.44677 -0.49799 -0.94521 1.4329 1.2969 1.6449 -1.0623 -1.2682 0.32582 -0.20924 -0.42813 2.5801 -1.5979 -2.2728 2.5178 -0.87178 -2.6172 1.1524 -1.8888 1.4138 1.6755 1.8316 1.174 1.8007 0.165 0.038475 -0.95075 0.35239 -0.34484 -1.7251 -1.8622
1.2143 -1.2119 -1.3075 -0.29663 0.091523 0.17812 2.7024 -0.37591 0.22706 0.50026 -1.3282 0.26484 1.3041 0.060907 -0.58768 -0.48573 1.1889 0.98769 0.41921 2.7052 -1.6022 -1.7335 1.9144 -0.6809 -2.2848 0.50715 -1.8787 1.359 1.9035 0.8939 0.40093 1.2021 -2.0223 0.73905 -0.22873 -1.6587 -0.034895 -0.71036 -1.4987
1.5059 -1.3616 -1.5924 -0.44138 0.4858 -0.36483 3.5436 -0.92992 -0.85407 2.1746 -0.65023 -0.91271 1.2231 -0.18645 -0.20752 -0.15193 1.2238 0.29629 1.059 1.1961 -0.73278 -1.1601 1.2359 -0.26666 -2.495 0.10535 -1.1286 1.1771 1.8019 -0.11426 -0.33957 0.26733 -3.2808 1.0193 0.81818 -2.5503 0.81655 0.91965 -1.0051
0.82222 -1.1973 -1.6694 -0.19763 0.10727 -0.1304 2.8153 -1.3158 -2.3999 1.3764 -1.5442 -1.9513 1.2346 -0.23012 0.27168 0.9607 0.53865 -0.46482 0.37033 -1.43 -0.6403 -1.7806 -0.58531 -0.16663 -2.4912 -0.12571 -0.36051 0.85112 1.3015 -0.53343 -0.80378 -0.50085 -2.9087 0.58204 1.6658 -2.8284 0.73289 2.0225 -0.4678
0.88498 -1.043 -0.98709 0.12137 0.22343 0.80387 2.3934 -1.2665 -0.8928 0.72428 -1.1502 -1.4237 1.3267 -0.48726 0.6429 1.5053 0.42576 -0.13065 0.12532 -2.3507 -0.172 -0.61553 -1.4714 0.39082 -0.72246 -0.35219 -0.22776 0.27402 0.43956 -0.54049 -0.066205 -0.80679 -1.1554 -0.1984 2.5937 -2.1358 0.75045 2.7007 -0.01073
0.90589 -0.83974 -1.0878 0.28405 -0.64047 0.97042 1.8028 -0.66412 -1.0959 0.44355 -1.0962 -1.3637 1.3896 -0.52071 0.53136 1.2115 0.51302 -0.37244 -0.11523 -1.7297 -0.79705 1.3175 -2.5434 0.35373 0.80693 -0.11132 -0.22679 -0.33738 -0.73526 -0.43728 0.81199 -0.35932 0.57174 -0.47576 2.7722 -0.85414 0.70787 2.049 0.29007
0.95744 -0.82776 0.068218 -0.47344 -0.381 -0.52375 -0.80181 -1.1454 -2.6374 -1.2584 -1.2481 -1.6683 0.9965 -0.50603 0.16127 0.57608 0.14739 0.1477 -0.30897 -1.1393 -1.0347 2.4637 -2.1711 0.86936 1.1785 0.079347 -0.28719 -0.74669 -1.3248 -0.5526 1.375 0.29025 1.2895 -0.27445 1.9396 0.13291 0.87302 0.45615 0.43879
0.67173 -0.6179 0.030267 0.35699 0.65473 0.19844 1.1009 -0.80072 -0.41418 -0.12217 -0.3317 -0.68074 0.80968 -0.68366 -0.096628 -0.0007137 -0.20216 1.0453 -0.1319 -0.85361 -1.1102 2.2083 -1.9841 0.91071 0.58883 0.1849 -0.36852 -0.68578 -1.3081 -0.51642 1.633 0.99928 1.3033 0.80443 0.8164 0.99826 1.3211 -0.68502 0.39565
0.64024 -0.93627 -0.95555 0.34493 -0.4242 -0.34883 2.1958 -2.8375 1.2947 -1.7353 -0.74931 -0.24796 1.432 -0.99026 -0.39383 -0.45853 -0.33041 1.9328 0.70833 -0.082518 -0.53857 2.8081 -1.4685 1.7376 0.25926 0.29564 -0.25214 -0.3986 -0.72832 -0.46887 1.0554 1.0285 0.56316 1.5029 -0.50964 0.78257 1.2469 -1.2864 0.23715
0.14859 -1.0754 -1.0596 -0.10448 0.39895 0.29454 0.84208 -2.1926 1.3473 -1.5499 -0.40722 -0.88054 1.4972 -1.0267 -0.43146 -0.80861 -0.28848 2.0218 1.3633 0.47739 0.45812 2.7755 -0.83155 2.3823 -0.1232 0.49828 -0.011363 -0.024439 -0.022154 -0.33278 0.34221 0.56238 -0.056213 2.0274 -1.4085 0.78736 1.1145 -1.1819 -0.10522
0.254 -1.0122 -0.67605 -0.28679 1.628 0.95498 0.28465 -1.7949 1.0342 -2.1329 -0.037969 -1.1717 1.4287 -0.84843 -0.39136 -0.43252 -0.75347 1.7943 0.98882 -0.64091 0.9962 1.1671 -1.1281 2.4576 -1.0475 0.35311 0.38613 0.2961 0.30821 -0.13716 -0.63902 -0.46182 -0.14832 1.2962 -2.0053 0.69514 0.13952 -0.63969 -0.33803
-0.25632 -1.2217 -1.0453 -0.32342 1.96 1.4182 1.0041 -0.8061 2.0656 -1.7135 1.4356 -1.1589 1.3794 -0.78398 -0.13999 -0.056129 -0.65879 1.8268 0.84465 -0.7257 1.9227 0.22404 -0.52517 2.6272 -1.1327 -0.033899 0.62058 0.37449 0.2251 0.12205 -1.4293 -1.2264 0.15996 0.097197 -1.7342 0.7482 -1.2403 0.17737 -0.39031
-0.16775 -1.12 -0.74085 -0.36684 2.0971 1.0245 0.89314 -0.65842 1.9203 -1.8859 1.8782 -1.2435 1.4693 -0.34114 -0.00093143 -0.2362 -0.41685 0.78538 0.044084 0.17216 1.1561 0.089423 -0.18231 1.8696 -0.53589 -0.050297 0.83473 0.38351 -0.14672 0.43148 -1.8806 -1.3229 0.56287 -0.87728 -1.0769 0.88173 -2.7374 0.71625 -0.2113
-0.1993 -1.0999 -0.8888 -0.53223 2.0316 0.9437 0.60367 -0.87527 1.4869 -2.4376 1.9875 -1.748 1.4289 -0.038084 0.053987 -0.46945 -0.20294 -0.29493 -0.61099 0.3786 0.55307 -0.13954 0.24416 0.35203 -0.059017 -0.0067992 1.1271 0.42108 -0.22576 0.44755 -1.9319 -1.0763 0.16987 -1.4012 -0.68608 0.59909 -3.553 0.70297 -0.087232
-0.41336 -1.1186 -1.1567 -0.60093 1.974 0.93773 0.66545 -0.51607 1.3726 -2.3758 2.0238 -1.619 1.4111 0.45184 0.20865 -0.50996 -0.10028 -0.86634 -0.92222 -0.029767 0.025566 -0.79486 0.3106 -1.5271 -0.19597 -0.042776 1.0365 0.7254 0.61607 0.37554 -1.625 -0.21147 -0.62157 -1.1371 -0.819 0.44769 -3.3016 0.40113 -0.33699
-0.037028 -1.0481 -1.2171 -0.62573 1.7089 0.5805 1.0859 -0.88179 1.4824 -1.5457 1.599 -1.312 1.4117 1.0811 0.52029 -0.35671 0.096609 -1.1711 -0.81988 -0.29594 -0.15151 -0.69854 0.47014 -2.321 0.059339 -0.19513 0.51106 1.2314 1.7668 0.22381 -1.0646 0.32408 -1.0945 -0.66971 -1.0505 -0.12828 -2.1128 0.29273 -0.77278
0.13562 -1.04 -1.2591 -0.40308 1.2447 0.32798 1.0957 -0.78279 1.2657 -1.5466 0.47788 -1.0337 1.4198 1.1785 1.0824 0.90333 0.20109 -1.9881 -0.2763 -0.84234 -0.63516 -1.2607 0.63491 -2.9706 0.16852 -0.56627 -0.64003 1.4439 2.4488 0.26338 -0.1673 0.48844 -1.1248 -0.30477 -0.84318 -0.57363 -0.28188 0.36482 -1.1244
0.33449 -0.94633 -1.4979 -0.46986 0.90354 0.157 0.65631 -0.7016 0.71039 -1.5567 -0.40838 -1.7737 1.3502 0.62046 1.8504 2.2525 0.1065 -1.8279 -0.29189 -1.5711 -0.38212 -1.9976 -0.17303 -2.8811 0.30741 -1.145 -1.9291 1.2238 2.3174 0.33243 0.53516 0.25616 -0.83814 0.10738 -0.092749 -0.51577 1.1584 0.091007 -1.3482
1.2981 -0.3837 -0.93844 -0.30389 0.75157 0.11353 0.114 -0.99808 0.89405 -1.7199 -0.42893 -1.303 1.192 -0.61232 2.1618 2.9374 0.43511 -0.84201 -0.21673 -1.8125 -0.43923 -1.8232 -0.5393 -1.7802 0.37159 -1.6051 -2.4671 0.57985 1.1947 0.60581 1.1554 -0.081596 0.39585 0.76964 0.88036 0.10684 2.0975 -0.19419 -1.2367
0.71976 0.17709 0.63873 -0.4142 -0.85619 1.0998 -0.61233 -1.8341 -0.76303 -1.4806 -1.3656 -1.4948 0.63783 -1.9121 2.2001 3.1233 0.65992 -0.64707 -0.34291 -1.6225 -0.055467 -0.59936 0.0048254 -0.75752 0.10655 -2.1186 -2.1867 -0.29762 -0.44445 0.86615 1.1723 -0.093353 1.9747 1.1706 1.51 0.89089 2.104 -0.40385 -0.79314
-0.14806 0.92574 1.4526 -0.58582 0.19692 0.09681 -1.104 -0.55484 -1.4669 -2.7401 -1.1844 -0.85372 0.061666 -2.5264 1.9603 2.7866 1.1589 -0.24432 -0.41689 -0.007972 0.63942 -0.20223 0.77479 -0.11876 -0.14772 -2.3203 -0.61226 -0.98612 -2.0697 0.57351 1.0851 -0.11458 2.656 1.5543 1.7183 1.1457 1.8739 -0.3659 -0.0045848
-1.0867 0.86547 1.4215 0.28802 1.3103 0.0068507 -0.75116 -1.5088 -0.2782 -1.9562 -0.36301 -0.85866 -0.16854 -2.8295 1.4141 1.4661 1.5069 0.24128 -0.38133 1.6879 1.2695 0.20451 1.0122 0.21403 -0.26526 -2.2243 1.1931 -1.5688 -2.6495 0.11212 0.46487 0.33748 1.8737 1.1421 0.95269 1.0648 0.85979 0.065947 0.83535
-1.9361 0.97787 1.4834 0.42118 -0.13618 -0.23615 -0.89488 -0.52501 1.3521 -0.92945 -0.74127 -1.5923 -0.78679 -1.3922 0.77028 -0.24926 1.1807 0.90788 -0.42933 2.1402 1.81 1.2028 1.3236 1.2299 -0.19959 -1.5599 2.3173 -1.669 -2.1607 -0.70628 -0.52405 0.49159 -0.15779 0.78307 0.11591 0.27073 -0.51882 0.83542 1.3841
-1.5384 1.1794 1.5199 0.99156 0.28245 -0.065614 1.3681 0.045607 -0.23557 -0.22819 -0.75798 -2.0378 -1.0005 -0.084836 -0.045245 -0.49885 0.88274 -0.26627 0.33207 1.2502 1.4967 0.59992 1.9305 0.16869 0.23155 -0.98411 2.4644 -1.2584 -0.90968 -1.0084 -0.4808 0.79765 -1.9669 0.076131 -0.60836 -0.14135 -0.86762 1.242 1.468
-1.7892 1.2841 1.0336 1.2601 0.58195 0.25364 2.2125 0.091858 0.025734 -0.94164 -0.57126 -1.146 -1.2086 0.75803 -0.3319 -0.42275 0.045648 -1.0062 0.20219 -0.15608 1.9889 -0.16607 0.8817 -1.072 1.2285 -0.43121 1.2284 -0.58791 0.18367 -0.90835 -0.38672 0.42736 -2.9157 -0.52042 -0.50497 -0.22953 -0.74168 1.1557 1.0197
-0.58056 1.1147 0.43659 0.34077 1.0386 0.17411 0.89086 0.58371 0.86446 -0.35692 0.70338 -1.2428 -0.88435 1.0481 -0.31273 -0.21161 0.036673 0.26893 0.88839 -1.3723 1.3153 -0.32083 0.95118 -0.26282 1.4513 -0.12723 0.71967 -0.28203 0.27918 -0.74404 -0.21815 0.039393 -2.5231 -1.0488 -0.1909 -0.36007 0.091371 0.19409 0.83948
-0.6745 0.5806 1.3713 0.75619 -0.39598 0.52334 -0.64818 0.62396 -0.48675 0.42552 -1.6279 -0.32575 -0.98834 0.50675 -0.15901 -0.035937 -0.2312 -0.10144 0.14033 -2.7717 0.91554 0.65949 1.3498 0.053203 1.45 -0.13946 0.55546 -0.46861 0.11825 -0.47517 -0.47537 -0.15411 -0.93204 -2.0772 -0.26354 -0.59273 0.35861 -1.2991 1.0434
-0.83668 0.59762 1.1034 0.35575 -0.77999 -0.14192 -1.0689 1.2486 0.18225 -0.8856 -2.299 0.20196 -0.801 1.4825 -0.64053 -0.14999 -0.48065 -1.1241 0.43794 -2.8314 0.055762 -0.19053 0.96438 -0.22948 0.47387 0.39219 0.90717 -0.67282 -0.45012 -0.77332 -0.68373 -0.92214 0.56625 -2.5556 -0.35412 -1.7257 0.1119 -2.3515 1.4686
-0.83152 1.0779 1.266 1.0702 1.4317 1.5562 -1.1359 0.93474 0.50241 1.1363 0.14014 -0.79785 -1.2047 1.6521 -1.0149 -0.22354 -0.65248 -1.2282 0.11687 -1.4376 -1.2905 -0.75368 -0.3357 -0.42481 -0.88996 1.2008 1.0768 -0.63878 -0.76679 -0.7812 0.38006 -1.2505 1.7481 -2.3665 -0.66135 -2.249 0.21463 -2.687 1.6348
-1.1433 1.2229 1.0693 0.66388 0.11655 -0.51682 -1.4501 0.95113 1.106 1.519 -0.12748 -0.19273 -1.2631 2.2945 -1.1017 -0.99057 -1.3139 -0.50184 -0.94046 -0.86895 -2.3893 -0.31726 -1.7484 0.17899 -2.0723 1.865 0.31572 -0.16632 -0.89552 -0.59866 1.1452 -1.7608 1.8423 -1.1022 -0.10255 -2.1088 0.012379 -1.9175 1.1716
1.3813 -0.021964 0.37277 0.019091 -1.6593 1.2863 -1.8909 -0.18062 -0.91802 -0.31709 -1.0413 -0.84287 -0.21267 2.2612 -1.0837 -1.1028 -1.3917 0.37514 -1.6652 -0.072916 -2.3145 -0.59256 -1.9128 0.24377 -2.6357 2.0878 -0.45154 0.51727 -0.6817 -0.059985 1.6195 -1.0775 1.2929 0.45887 0.39624 -0.93645 0.054231 -0.83258 0.1551
1.2061 -0.38358 0.71015 -0.51633 -0.87247 0.054575 -1.1074 -1.2303 -0.85776 -1.3984 -1.2183 -2.3139 0.79812 1.8067 -0.90533 -1.4473 -1.3181 0.38806 -2.1823 0.36639 -1.5101 -0.47267 -2.5777 -0.54696 -2.4864 2.0728 -1.6583 1.3151 0.089258 0.65825 1.3857 -0.31015 1.1045 1.6639 0.87278 0.79695 0.29578 0.34113 -1.0707
1.4626 -0.23481 0.17802 -0.80832 -0.30874 -1.4013 -2.1525 -1.8627 -0.053992 -2.5769 -1.6109 -2.2556 0.78933 0.98074 -0.17371 -1.3173 -0.7655 1.5868 -1.4123 0.65819 -0.87583 0.11667 -1.8392 0.033196 -2.3652 1.3786 -1.8765 1.6981 0.68056 0.92631 0.39327 0.64748 0.38973 1.908 1.2979 2.0334 0.64494 1.3064 -1.9277
1.0261 0.20209 -0.002276 -0.64201 1.4556 -1.7165 -0.64625 -0.52995 -0.13679 -1.6265 -0.30093 -2.7299 0.73565 -0.40888 0.82817 -0.70959 -0.28621 1.686 -1.6883 1.0789 0.0089052 1.0707 -0.13629 0.83075 -1.5629 0.27959 -1.5025 1.4582 1.3795 0.94507 -0.78413 1.4694 0.13856 1.2703 0.72409 2.6925 1.0089 1.9882 -2.058
1.0345 0.32018 -0.51148 -0.28773 0.86022 -1.1543 -0.81998 -0.37886 -0.035781 -1.6583 -0.5939 -2.9843 0.65638 -0.41363 1.1284 -0.15065 -0.02353 0.54025 -0.62583 0.3665 0.50192 1.2257 1.0599 0.75392 -0.53917 -0.50889 -0.68379 0.77068 1.5333 0.76982 -2.1836 1.4259 -0.41259 0.5168 -0.30413 1.7738 0.22742 2.3965 -1.6378
0.96786 0.50874 -0.43175 -0.54917 0.82474 -1.1414 -0.95165 -0.82182 0.50566 -1.5383 -0.66569 -2.7625 0.52613 -0.52608 1.0878 0.64645 0.2331 -0.62308 0.34815 0.77453 0.17928 0.41895 1.5224 0.97186 0.51066 -0.71273 -0.1275 0.20625 1.3423 0.82536 -1.9379 1.4539 -0.87359 0.19711 -1.0558 0.42146 -0.24804 2.4647 -1.1289
0.94666 0.57576 0.10514 -0.68583 0.18159 -1.4015 -0.20578 -0.95939 0.51063 -0.82833 -0.16326 -3.0292 0.49288 -0.34321 1.0949 0.98026 0.5418 -1.5845 0.40663 -0.097658 0.0019778 -0.16085 0.99057 0.38135 1.3176 -1.093 -0.47058 0.0040931 0.85647 1.1131 -0.56153 1.1337 -0.59597 0.39716 -1.1238 -0.26333 -0.66983 2.4327 -0.90396
0.82461 0.85139 0.62669 -0.68559 0.086099 -1.3815 -1.5386 -0.82212 1.2392 -0.27225 -0.62271 -2.7191 0.20545 -0.70721 1.2207 1.3299 1.1107 -1.0873 0.68826 -0.576 0.62142 -0.33774 0.7746 0.54716 2.3635 -1.4738 -1.1023 -0.44858 0.24809 0.84686 0.62716 0.78073 -0.44714 1.2105 -0.46284 -0.82449 -0.74064 2.1116 -0.54734
0.67452 1.0572 0.68057 -0.21801 -0.41628 -0.80828 -0.15653 -1.1667 -0.25496 -0.42225 0.31442 -1.3375 -0.0092759 -1.2766 1.0715 1.17 1.8005 -0.31805 1.4591 -0.25565 1.0192 -0.63309 0.90086 -0.29191 3.3258 -1.7661 -1.5038 -1.1018 -0.2262 0.0047093 1.1247 0.35888 0.4288 1.3886 0.20639 -1.1497 0.16594 1.2324 0.28836
0.69852 1.4184 0.565 0.36917 -0.61285 -1.0144 -1.0848 -0.029485 -0.62241 -0.70313 -0.19158 -1.5159 -0.56647 -2.2842 0.28895 1.0335 1.3269 0.024312 1.3737 -0.12785 1.9367 -0.26466 -0.12046 -0.082026 3.6612 -1.3675 -1.1446 -1.4555 -0.43654 -1.3248 0.98428 -0.27187 0.55418 0.49668 0.9784 -1.1684 1.0355 -0.33093 1.1125
0.019928 1.5846 0.96217 1.0319 -0.15536 -0.011876 -1.9255 0.29928 0.192 -0.654 -0.024048 -0.21758 -0.94789 -2.5875 -0.43326 0.69012 0.44967 0.13269 0.7753 0.55688 1.9448 0.21684 -0.91886 0.99975 3.0804 -0.62281 0.064661 -1.3773 -0.358 -2.5625 0.27354 -1.131 0.079008 -0.89602 1.1816 -0.22497 1.9058 -1.9786 1.7979
-0.70452 1.43 1.0661 1.346 0.64442 0.8004 -0.474 -0.04171 -0.0958 0.46204 -1.4558 0.81228 -1.2529 -2.3616 -0.66185 0.72336 -0.89303 0.68029 0.48498 0.16256 1.0838 1.1904 -0.71103 1.8303 1.7984 -0.028415 1.8697 -0.6914 -0.46187 -2.7229 -0.37441 -1.775 -0.26999 -2.0084 0.31566 1.2032 1.29 -3.157 1.8196
-2.0014 0.49385 1.5268 0.039702 -0.23221 -0.30437 -0.57999 1.6365 0.63423 -1.5043 0.35127 0.6821 -0.54146 -1.1143 -0.94635 0.63103 -2.2776 -0.070777 -0.35327 -0.26501 -0.24504 0.99757 0.74214 2.3075 0.30281 0.82358 2.8612 0.31395 -0.2122 -1.7146 -0.69851 -1.6111 -1.0429 -1.6394 -1.0742 1.6517 -0.22634 -3.4011 1.1402
-1.6673 0.50002 1.0997 -0.34501 -0.19399 -0.72075 -0.30266 0.93314 0.92122 -1.9514 1.6816 0.57815 -0.26471 0.73513 -0.70505 0.16749 -2.8227 -0.5911 -1.6017 -0.32212 -0.74832 -0.022993 1.534 1.6687 -1.2405 1.2078 2.5934 1.1218 -0.28831 0.51411 -0.29426 -0.4215 -0.8699 -0.58493 -2.3455 1.5625 -1.7878 -2.1608 -0.18297
-1.4026 0.92929 1.3986 -1.1118 0.68478 0.10538 -0.782 -0.24934 1.1777 -0.86362 2.4304 0.13671 -0.38949 1.6154 0.15932 0.55691 -2.0549 -0.59523 -1.3944 -1.4473 -0.22611 -1.3147 1.3664 0.65122 -2.1747 0.82625 1.0049 1.3552 -0.53161 2.6059 0.57159 1.1652 0.095768 0.93677 -2.3369 0.46678 -2.7262 -0.34562 -1.5015
-0.065871 0.58779 1.3631 -1.9564 -1.0379 -1.2763 -2.4411 -0.47696 0.56309 1.8665 1.5254 -1.1284 0.1363 1.4858 0.81999 0.2016 0.044221 0.38523 0.16232 -1.1254 -0.031957 -2.326 2.201 -0.68914 -1.2784 -0.36074 -0.8383 0.80618 -0.58993 3.6009 0.89703 2.4102 1.363 1.5974 -1.2359 -0.71435 -2.4799 1.2565 -2.0104
0.76281 0.82528 1.0915 -1.7316 -0.52243 -1.9908 -1.2013 -0.21441 -0.50991 1.5557 0.47744 -0.90452 0.1328 0.5261 0.74862 -0.41691 1.5779 0.61083 1.0824 0.30805 1.1486 -2.5063 1.3781 -1.6149 -0.39514 -1.1129 -1.9496 -0.31939 -0.89554 2.5118 1.0509 1.6356 2.678 0.89994 0.64137 -1.6203 -1.0777 2.1214 -1.064
-0.093678 1.4436 2.2384 -0.83322 -0.071985 -0.69587 -2.3207 1.2095 -2.1597 0.14186 -0.24441 -1.3629 -0.42711 -0.41371 0.46311 -0.48965 2.6669 0.62477 1.9577 1.6625 1.5571 -1.8879 0.06709 -1.8393 0.32906 -1.4657 -1.7156 -1.1839 -0.94382 0.03965 0.51635 -0.53742 2.1954 -0.66232 2.2703 -2.1851 0.39303 1.2942 0.84555
-1.0233 1.2635 1.2147 0.64323 0.85461 0.73424 -1.4051 1.3521 -1.9378 1.1141 0.97584 0.094281 -1.2156 -1.3646 -0.23877 -0.83446 1.7319 1.4108 0.96263 2.8135 0.66202 -0.25252 -0.89191 -0.79418 1.1957 -0.54909 -0.52416 -1.3391 -0.97954 -2.0341 0.22398 -2.7596 1.3486 -2.3135 2.9331 -1.6443 1.1441 0.42016 2.2943
-0.92721 1.2371 0.18684 1.0817 0.58686 0.89198 0.71693 1.4297 -1.6825 0.32315 0.16696 0.0055326 -1.4129 -1.0279 -0.82922 -1.4203 0.054008 1.0448 -0.85196 2.2517 -1.0403 1.0754 -1.1516 -0.3713 0.46043 0.89051 0.65477 -0.7901 -0.63492 -2.8874 -0.16488 -3.8423 -0.014418 -2.6229 2.1171 -0.95403 0.66213 -0.6553 2.6527
-0.97801 1.12 1.27 1.1014 0.38648 1.755 0.61674 0.85 -1.0663 0.45956 -0.33197 -0.36046 -1.3935 -0.22815 -1.0293 -1.8516 -1.2325 0.87722 -3.0137 2.8453 -1.9058 1.8613 -1.3872 -0.21708 0.34047 1.8679 1.1027 0.15149 0.064485 -1.7959 -0.38479 -2.588 -1.2474 -1.4155 0.51146 -0.13907 -0.041217 -1.2049 1.4163
-1.1217 0.060957 0.44951 -1.221 0.94936 -2.3206 1.1428 -0.046505 0.18448 0.58376 0.41736 0.16519 0.55393 0.32912 -0.57098 -1.2124 -1.6975 0.59235 -3.712 1.5841 -2.0932 1.2781 -1.6395 -0.89674 -0.57419 2.1344 0.52998 0.99467 0.49277 0.047488 -0.053854 0.11645 -1.512 0.094621 -0.88458 0.42878 0.13411 -0.84709 -0.54903
-0.44164 0.41241 -0.24363 -1.5358 1.0349 -2.9517 0.46626 -1.19 -0.0090312 -1.0425 -0.23264 -0.94945 1.0562 0.16933 -0.09125 -0.8127 -1.0263 0.89921 -2.7665 0.46663 -1.4778 0.66844 -0.92516 -0.61481 -0.70753 1.3965 -0.2048 1.47 1.0264 1.4941 -0.18959 2.751 -1.7195 1.2034 -1.4773 0.81986 0.33089 -0.47989 -2.2887
-0.82029 0.68728 -0.14516 -0.95539 1.4347 -3.2628 2.1638 -0.20765 0.029126 -1.5451 0.066782 -0.10858 0.58205 -0.16665 0.50606 -0.98305 0.053623 0.95604 -0.74715 0.19851 -1.0843 -0.088582 -0.49132 0.07189 -0.72665 0.13175 -0.31641 0.49983 0.99976 1.3521 -0.5034 3.3823 -0.9844 1.8407 -0.97025 1.4413 0.71638 0.31535 -2.3144
-0.65195 0.9135 -0.20294 -0.34129 1.2524 -2.4405 0.955 -0.83197 -0.62761 -0.73011 -0.69645 -0.62658 0.2701 -0.39895 1.0976 0.025872 0.92714 0.34687 0.98072 -0.14505 -0.15769 -0.39717 -0.26525 -0.089321 -0.56639 -1.2782 0.39992 -0.87132 0.85304 -0.040082 -0.96586 2.2315 -0.72465 1.6196 -0.32953 1.3387 0.17192 0.14865 -0.77858
-0.91759 1.0125 -0.073152 0.0022803 1.6394 -1.5898 1.1223 -0.19638 -0.47146 -0.20004 -0.64199 -0.95303 -0.15309 -0.030021 -0.25765 0.30865 0.073131 -0.10592 1.1488 -0.23228 0.6963 -0.12024 1.0055 0.17305 -0.051244 -0.72224 1.1306 -2.0057 0.54134 -1.3433 -0.93683 0.42287 -0.48911 1.4159 0.30533 0.88104 -0.11465 -0.11627 1.047
-1.3345 1.1598 -0.13505 -0.02312 1.759 -0.39355 0.88607 -1.2321 -0.64978 -0.19786 0.66847 -0.98339 -0.43144 0.89925 -1.2859 0.19714 -1.1109 -0.4667 0.72741 -0.88863 0.6662 0.03026 1.0902 -0.3504 -0.7822 0.41301 1.4852 -2.317 -0.19022 -1.6831 -0.50256 -0.5013 -0.14135 1.0443 0.44901 0.35855 0.070599 -0.086786 2.1379
-1.2119 1.2806 0.38853 -0.80796 1.0876 -2.5648 0.92052 -0.34656 -0.13276 -1.0084 -0.11468 -0.51028 -0.37692 1.4529 -1.934 -0.017768 -1.644 -0.47615 0.21838 -0.5002 1.1556 0.30914 0.6529 -0.018155 -0.88093 1.1844 1.2157 -1.3164 -0.46873 -0.64797 -0.13165 -0.033326 0.15687 1.07 0.18623 -0.24129 0.34515 0.14961 1.6066
0.0077166 -0.49581 -0.089052 -1.6141 0.88292 -1.739 0.84873 0.31372 -0.19088 0.62441 -0.23429 -0.63833 0.70665 1.8418 -2.26 -0.17943 -1.6196 -0.44078 0.44372 -0.34315 1.5664 0.28597 0.65781 0.1319 -0.35529 1.6439 0.39015 -0.29138 -0.46921 0.63131 0.078021 1.2449 0.27737 0.9023 -0.16237 -0.38032 1.1347 0.72582 0.47014
0.50817 -0.60549 -0.038195 -1.9493 0.93031 -1.9011 0.47969 0.29989 -0.33835 0.20907 -1.0821 -1.6066 1.0723 1.9386 -2.1536 -0.41196 -0.97959 -0.35181 1.2207 -0.20384 2.2482 0.12595 0.73409 0.57063 0.00022437 1.5749 -0.50255 0.80553 -0.2488 1.3615 -0.12953 1.7283 -0.17483 0.24234 -0.35858 -0.8731 1.2276 0.92668 -0.65332
0.6386 -0.67818 -0.28295 -1.6304 1.0636 -1.3141 0.37421 0.46131 -0.21432 0.15304 -0.13409 -1.8374 1.0915 1.435 -1.7019 -0.51558 -0.15694 -0.34359 2.7027 -0.47975 1.8069 -0.19896 0.27595 1.4696 0.18452 1.0705 -0.89908 1.2518 -0.034472 1.4129 -0.43139 1.1958 -0.41852 -0.51139 -0.31542 -1.3414 0.92541 1.012 -1.2417
0.59748 -0.8986 -0.15815 -1.6201 1.2725 -0.26925 0.91253 1.3692 -0.089615 0.60092 0.46946 -0.62739 1.1471 0.63838 -0.75143 -0.33186 0.39099 -0.75346 2.5285 -0.83507 1.4828 -0.1603 -0.94392 1.601 0.65469 0.28765 -0.84075 1.1616 0.069717 0.86039 -0.63612 -0.10515 -0.51249 -1.1314 -0.14524 -1.5948 0.12243 1.0028 -1.1789
0.83086 -0.91455 -0.44097 -1.3405 0.87015 0.44083 0.63881 1.764 -0.42196 0.49416 1.3355 -0.49093 1.1056 0.67604 -0.69093 -0.28579 0.56575 -1.0708 2.1684 -0.94816 0.98089 -0.19678 -1.2546 1.3399 1.2922 0.037726 -0.39076 0.77628 0.050321 0.20098 -0.39677 -1.4647 -0.35433 -1.0347 0.040936 -1.0772 -0.74289 0.78158 -0.75721
0.8652 -1.1783 -0.25422 -1.409 0.29311 0.95483 -0.063292 1.6915 -0.53334 -0.44773 1.1243 -0.59686 1.1563 0.6196 -0.55239 -0.39101 0.40962 -1.2274 1.2748 -1.0898 0.52856 -0.1618 -1.7736 0.85796 1.4029 -0.044798 -0.12948 0.33636 0.13198 -0.24927 0.22516 -1.6403 -0.090499 -0.74393 -0.033855 0.094083 -1.2483 0.57978 -0.26958
0.89589 -1.288 -0.48642 -1.3439 -0.13476 0.93489 -0.58934 1.705 -0.37768 -1.1184 0.85791 -0.5972 1.1396 0.65148 -0.3928 -0.38779 0.2476 -0.86839 0.40806 -1.1367 0.33303 -0.11377 -1.517 0.4464 1.3283 -0.13503 -0.33808 0.39669 0.36013 -0.33578 0.84449 -1.3505 0.088398 -0.30232 -0.31681 1.03 -0.97276 0.34729 -0.12171
1.507 -1.2578 -0.38352 -1.1532 -0.084595 0.62306 -0.49763 1.175 -0.54844 -1.3411 0.59387 -0.16169 1.1061 0.38357 -0.28891 -0.02421 0.051211 -0.37589 0.13733 -0.96488 0.40179 -0.26645 -0.61017 -0.29152 1.7544 -0.11394 -0.68615 0.38266 0.66907 -0.29955 1.0985 -0.6807 0.34956 -0.11393 -0.53883 1.6217 -0.5005 0.014969 -0.046646
1.1663 -1.2356 -0.8157 -1.1783 -0.14954 0.54266 -0.51317 1.5735 -0.31253 -1.8987 1.5795 0.36356 1.0362 0.10719 -0.10178 0.23014 0.07074 0.21758 0.04324 -0.85482 0.46878 -0.77312 0.29232 0.090341 1.7733 -0.14766 -1.1059 0.2785 0.65601 -0.28298 0.80766 -0.17654 0.64047 -0.0692 -0.39465 1.6648 0.16123 -0.66087 -0.0024727
1.3743 -1.3137 -0.55772 -1.3575 0.34183 0.6291 -0.50829 2.2646 -0.44035 -0.8281 1.3368 1.003 0.98538 -0.49558 -0.0024273 0.59877 -0.10273 0.45037 0.097636 -0.52037 0.23902 -0.90332 0.66788 0.094292 1.1784 -0.12239 -1.005 0.22746 0.4276 -0.2449 0.35964 -0.40533 0.75367 -0.56866 -0.21449 1.1029 0.32293 -1.5553 0.0015427
1.1229 -1.3244 -0.18159 -1.3453 0.089211 1.0944 -1.0693 2.151 -1.1271 -0.3283 0.40051 1.2152 1.0651 -1.141 -0.029285 0.57413 -0.24262 0.35912 0.072676 -0.030891 0.27676 -0.57915 1.2789 0.54849 0.27443 -0.13465 -0.81058 0.17843 -0.059943 -0.28613 -0.092027 -0.91491 0.9326 -1.0418 0.29829 0.41893 0.11537 -1.6227 -0.0031678
0.97127 -1.3065 -0.0045245 -1.2183 0.43279 0.96104 -1.4923 1.8819 -1.8147 -0.50517 1.3564 0.93269 0.99995 -1.0212 0.089114 0.63402 -0.28211 0.30033 -0.6884 0.19159 -0.57797 -0.78815 1.1751 0.07661 -0.61121 -0.11701 -0.38716 0.26975 -0.62896 -0.22544 -0.24484 -1.4074 1.1139 -1.0911 0.78019 0.039991 0.10936 -0.95875 -0.035689
0.3719 -1.2316 0.093049 -1.4512 0.3365 0.75073 -0.80403 1.4611 -1.2956 -0.7364 0.92484 0.47138 0.9974 -1.2677 0.17788 0.09678 -0.41315 0.13869 -1.3899 0.73758 -1.0871 -0.23331 0.90973 0.30848 -0.58076 -0.15545 -0.025421 0.4163 -0.9454 -0.091905 -0.34917 -1.3229 1.1273 -0.88669 1.1679 -0.2165 -0.26253 -0.094838 -0.030796
0.088056 -1.3132 -0.1736 -1.4886 0.2747 0.54808 -0.03 1.8682 -0.7497 0.57729 2.0714 0.28573 0.90295 -1.2179 0.38488 -0.38234 -0.46802 0.10187 -1.9784 1.4288 -1.1361 0.48172 0.94369 0.41235 -0.32651 -0.17604 0.15946 0.34395 -1.0827 0.063137 -0.45703 -0.62996 0.94596 -0.19932 1.5943 -0.21304 0.11017 0.49012 -0.055635
0.41163 -1.12 -0.057777 -1.6012 0.40909 -0.66035 -0.51617 0.95495 -1.8284 -0.12594 1.0635 0.031442 0.91956 -1.1004 0.57926 -0.75144 -0.32953 -0.20846 -1.9213 1.7123 -1.1173 1.1166 0.95803 -0.11635 -0.087623 -0.16031 0.53075 0.22972 -0.81408 0.28313 -0.59898 0.20095 0.31511 -0.014186 1.3839 -0.69006 0.28277 0.1443 -0.056706
-0.17305 -1.153 -0.42371 -1.8902 0.45495 -0.85997 0.16517 0.99849 -0.87571 0.66859 1.2468 1.003 0.85526 -0.79053 0.51376 -1.0419 -0.1895 -0.40805 -1.6812 1.681 -0.94496 1.7177 0.72151 0.4886 0.082233 -0.21477 0.70298 0.14866 -0.48203 0.54615 -0.62912 1.0486 -0.24139 0.092144 0.97435 -1.0428 0.69777 -0.40487 -0.059574
-0.3517 -0.82452 -0.53474 -1.7444 0.25043 -1.2131 0.68418 0.74872 -0.53778 0.75249 1.2156 0.75628 0.89303 -0.41986 0.53182 -1.1524 0.027966 -0.77144 -1.1417 1.2487 -1.217 1.9101 -0.39026 0.79251 -0.53072 -0.23822 0.81 0.084218 0.00054367 0.58389 -0.44742 1.3611 -0.8201 0.17438 0.40949 -1.2546 0.91022 -0.67279 -0.085043
-0.46742 -0.66818 -0.835 -1.5241 0.01088 -1.1364 0.98923 0.52211 0.16767 0.56997 1.2183 0.3642 0.8177 -0.15004 0.68009 -1.1166 0.46679 -0.84186 -0.28276 1.1161 -0.92083 2.03 -0.5191 1.2557 -0.93931 -0.24442 0.76671 0.099763 0.58487 0.48547 -0.20314 1.3725 -1.303 0.21688 -0.25989 -0.94646 0.10078 -0.35784 -0.10213
-0.4415 -0.90614 -1.1506 -1.7502 -0.25231 -1.3303 1.5906 0.62591 1.4411 0.55589 2.3764 0.33606 0.70279 0.20283 0.65083 -0.7125 0.53238 -0.85434 0.087444 0.22136 -0.80946 1.7796 -0.99454 1.1949 -0.94237 -0.29899 0.45534 -0.10749 0.93078 0.19865 0.090833 0.88725 -1.3653 0.32347 -0.71183 -0.28096 -0.69343 0.46419 0.027686
-0.0013865 -0.73336 -1.3458 -1.4705 -0.67922 -1.2055 0.87396 -0.065418 0.92802 -0.69891 2.7183 -0.62138 0.65986 0.43446 0.63716 -0.12651 0.54885 -0.74213 0.43479 -0.60417 -0.74906 1.2678 -0.91505 0.46943 -0.45305 -0.36885 0.11941 -0.43445 0.95099 -0.10324 0.23433 0.33611 -1.2113 0.060955 -1.0502 -0.097001 -1.7058 0.90858 0.25366
0.06713 -0.2416 -1.2126 -1.0087 -0.35065 -0.93852 1.0191 -0.050924 0.78054 -0.28542 2.0907 -0.37951 0.70257 0.19765 0.36068 0.15913 0.39606 -0.61047 0.26349 -0.82215 -0.70302 0.87517 -0.76151 -0.11664 0.11474 -0.12518 -0.081054 -0.72175 0.77943 -0.13004 0.24091 0.18344 -0.61152 -0.26644 -1.0108 0.343 -2.303 1.0127 0.42418
-0.21853 -0.43765 -1.0654 -1.4042 -0.62264 -0.8156 0.44597 0.18027 1.9076 -0.39438 2.4428 0.44942 0.53144 0.086312 0.040165 0.29336 0.33211 -0.46674 0.29526 -0.96605 -0.86724 0.39161 -0.82629 -1.2829 0.30176 0.12907 0.10247 -0.93271 0.48197 0.022905 0.045379 0.054707 -0.17445 -0.84305 -1.2584 0.27697 -2.3354 0.32915 0.3532
0.12801 -0.14021 -0.5932 -1.046 -0.77882 -0.64765 0.00092932 -0.23161 1.3032 -0.32794 1.3916 0.15729 0.4618 0.20725 -0.35621 0.59044 0.38358 -0.48186 0.51911 -0.92813 -1.2585 0.20558 -0.32414 -2.2393 0.65626 0.22151 0.63542 -0.60645 0.21085 0.42834 0.038495 0.21778 0.29269 -1.1537 -1.8475 0.41179 -2.1854 -0.43357 -0.021237
-0.39515 -0.67828 -1.0302 -1.279 -0.87857 -1.1595 0.50644 -0.33558 1.8432 -0.60986 1.7471 0.34209 0.81314 0.62934 -0.69216 0.59356 0.60796 -0.68627 0.41241 -0.95353 -2.0625 -0.90293 -0.55484 -2.8402 -0.10293 0.098599 0.45241 0.33775 0.20346 0.83804 0.64146 0.58504 0.75934 -0.19101 -2.3474 0.46979 -0.86825 -0.66225 -0.87693
-0.024522 -0.91131 -1.0614 -1.2497 -0.91139 -0.83145 0.19315 -0.7893 1.4946 -1.2987 0.8151 0.058626 0.90495 1.1983 -0.3698 0.41872 1.1329 -0.39427 0.63522 -0.23881 -2.2801 -2.1573 -0.040907 -3.4286 -0.57416 -0.1478 -0.32286 1.5706 0.48827 1.1505 1.2455 0.77651 0.70061 1.4642 -2.0557 0.62364 0.35109 -0.8511 -1.7213
0.51582 -0.8014 -0.42952 -0.63853 -1.185 -0.081067 -0.49924 -1.7908 0.89878 -0.66127 -0.46345 0.28819 0.81223 0.49467 0.66107 0.77457 1.6627 0.79859 1.3991 0.26978 -0.72289 -3.1031 0.0077957 -2.3173 -0.42766 -1.275 -1.2777 2.3494 0.9194 1.0239 1.5384 0.56909 0.83357 3.0512 -0.8244 0.90448 1.5079 -0.51345 -2.0104
0.80205 -0.89624 -0.4461 -0.31392 -1.3045 -0.50246 -0.37086 -2.4488 -0.64349 -0.99884 -1.1885 -0.40545 0.53996 -0.38167 1.8151 1.4479 2.1948 1.2897 1.5691 -0.08401 0.81425 -2.789 0.68684 -1.8509 -0.90041 -2.2108 -1.8542 1.8298 0.59462 0.51893 1.4756 0.20203 0.48648 3.5024 0.85394 0.53797 2.167 -0.049502 -1.4991
1.2487 -0.50995 -0.63697 0.023967 -0.96014 0.045192 0.5462 -2.1626 -1.2941 -0.019419 -1.6303 -0.15065 0.23318 -1.1584 2.4743 1.8634 2.159 1.5699 1.0756 0.70718 2.1135 -2.2275 0.9515 -0.81718 -0.98942 -2.513 -0.88869 -0.15741 -0.67467 -0.37013 0.51128 -0.1796 -0.010589 2.0391 2.4299 0.32528 1.8382 0.51296 0.24346
-0.31747 0.84187 0.29243 0.9049 0.99739 1.3084 0.72787 0.15486 -2.8042 -0.80431 -0.10151 -0.095656 -1.1921 -1.7129 2.0411 1.0286 1.9431 2.193 1.1959 0.54356 2.8725 -0.89011 0.60323 -0.13501 -0.42309 -2.2453 0.86982 -2.4968 -2.096 -1.3647 -0.55296 -0.37112 -0.50889 -0.21173 2.92 -0.069471 0.98056 0.98591 2.1391
-1.1302 1.0769 0.67406 1.2012 0.34491 0.58594 -0.36229 0.65797 -0.77512 0.35089 -0.77686 -0.97447 -1.3484 -0.63461 0.26501 -0.32423 1.0447 1.3964 1.2244 -0.098413 2.0703 0.79383 0.72792 0.25386 0.31898 -0.81591 2.7206 -3.9589 -3.0429 -2.0266 -1.733 -0.41305 -0.99677 -2.4125 2.7217 0.0025043 -0.3735 0.91565 3.4905
-0.66885 1.3759 1.2256 1.1874 0.43175 0.33192 1.2026 0.64689 -1.6393 0.045583 -0.89267 -0.92477 -1.3435 1.1003 -1.6019 -1.5246 -0.0080064 0.30313 0.75184 -0.79373 0.43051 1.5236 0.66462 -0.56017 0.36834 0.81828 3.4345 -3.5357 -2.6391 -2.042 -1.9521 -0.66946 -0.26207 -3.293 1.3282 0.12811 -0.8247 0.44854 3.5292
-0.84549 0.55235 -0.18118 1.6297 1.5964 1.6384 -0.11563 0.56568 -0.61473 -0.15979 -1.1998 0.18087 -1.2162 2.9033 -2.8749 -2.7634 -0.96721 -0.91212 0.47125 -0.77267 -1.2044 1.9935 0.93491 -1.309 0.39851 2.2823 2.0748 -1.7567 -1.5565 -1.3931 -0.98516 -0.73578 0.55829 -2.2815 0.13951 0.17511 -0.62367 -0.11833 2.2241
1.1639 -1.3427 -1.6417 0.48448 -0.036283 1.2748 -0.28135 -0.57627 0.24509 0.40571 -0.72548 0.22393 0.17468 3.4231 -2.7928 -2.8719 -1.184 -0.51692 0.23529 0.29228 -1.6829 1.1604 0.77232 -0.90121 0.39471 2.6028 0.019313 0.49439 0.11451 -0.45183 0.46153 -0.71997 1.4526 -0.46669 -0.57522 0.017082 0.024501 -0.29085 0.47348
2.2061 -1.548 -1.7553 0.13413 -0.086309 1.2707 -0.48985 -0.86532 -0.032358 0.79976 -2.138 -0.088178 0.67331 2.3727 -2.3203 -2.67 -1.1849 -0.12894 0.013373 0.51214 -1.166 1.2564 1.0434 -0.74753 0.039518 2.3235 -2.3429 2.1944 1.6131 0.29674 1.5517 -0.86699 1.3119 1.3563 -1.036 -0.39358 0.60262 -0.51607 -1.058
2.2039 -1.2912 -2.005 0.009784 -0.38279 1.5216 -0.27566 -0.7099 0.46262 0.82396 -1.7412 -0.35582 0.83753 1.3979 -0.98138 -1.3485 -0.80865 0.86176 -0.45706 1.6165 -0.47292 0.74843 0.65449 -0.80142 -0.060463 1.6564 -3.1884 2.3429 1.8968 0.67477 1.3261 -0.99607 0.54965 1.9858 -0.74511 -0.85137 0.98592 -0.23098 -1.598
2.2501 -1.0974 -1.7111 0.23421 0.41398 0.4201 1.3598 -1.1462 0.17209 1.2036 -1.6129 -0.55716 0.99604 -0.80548 0.19738 -0.39467 -0.5469 1.5232 -0.9133 1.319 0.73049 0.13732 0.19285 -0.23895 -0.42872 0.83846 -2.4674 1.5745 1.3917 0.79801 0.38695 -1.0214 -0.29686 1.709 -0.75094 -1.2588 1.3051 0.47236 -1.5173
1.3012 -1.4069 -2.3416 0.023625 1.0751 1.1158 1.2821 -0.38328 0.51916 1.2823 -1.7004 -0.15585 0.91449 -1.4105 0.19543 -0.32864 -0.12866 1.3318 -1.2893 1.0241 1.0911 0.23752 -0.54546 0.68077 0.13921 0.44961 -1.1625 0.45122 0.29264 0.59297 -0.87639 -0.94679 -1.2547 1.2938 -0.42008 -1.347 1.6511 1.0892 -1.1165
1.6357 -1.1909 -2.1123 0.36254 2.4056 1.1263 1.5667 -0.38513 0.76354 0.55464 -2.2492 0.49859 1.003 -1.195 -0.053724 -0.47909 0.099241 0.4375 -1.6088 0.14606 1.2543 0.017827 -0.93807 0.94416 0.84448 0.17746 0.5263 -0.08536 -0.23535 0.41154 -1.7444 -1.0942 -0.88725 0.51704 -0.23016 -1.1298 1.6296 1.1993 -0.66793
0.3794 -1.215 -1.996 -0.71858 0.8535 -0.32211 0.55648 0.33662 -0.030372 0.83883 -1.1176 -0.9719 1.359 -0.7532 -0.03615 -0.73796 0.076741 -0.31382 -1.999 -0.49315 1.6875 -0.026332 -1.5431 1.6865 1.4308 -0.035958 1.1465 0.017813 -0.10312 0.097315 -2.1165 -0.8928 -0.12239 0.11622 -0.22026 -0.37232 1.2537 0.62854 -0.5589
1.0486 -1.2437 -2.2159 0.32152 1.0807 -0.32764 1.0066 0.20177 0.59534 -0.18823 -1.0419 0.2292 1.0922 -0.081587 0.16067 -0.64607 0.19108 -1.1037 -2.7417 0.1617 1.3957 -0.18668 -1.6243 2.2975 1.2715 -0.12873 1.3145 0.22169 0.43646 -0.064127 -1.7685 -0.078423 0.58751 -0.47315 -4.4747e-05 0.21155 0.44849 -0.056517 -0.57373
1.13 -1.3486 -2.6368 0.37445 0.11668 -0.74184 0.51212 0.47615 0.37264 -0.15452 -0.51454 0.88811 0.93157 0.33343 0.12266 -0.44466 0.029137 -2.0895 -2.5049 0.72446 1.231 -0.096429 -0.95958 2.3408 1.1401 -0.40964 0.82806 0.31157 1.13 -0.39268 -1.256 0.9506 0.4875 -0.73643 0.041246 0.89845 -0.4663 -0.98541 -0.43594
1.1904 -1.1804 -2.7885 0.14692 0.86506 -1.8906 1.0527 1.2225 0.23692 -0.96997 0.41006 1.3616 0.89852 0.90033 0.27069 0.22168 -0.00051008 -2.1725 -1.5156 0.75287 0.58622 0.055624 -0.78554 1.4489 0.84607 -0.67493 0.15876 0.28186 1.514 -0.51057 -0.559 2.058 -0.33509 -0.77568 0.097802 1.2 -1.0847 -1.5346 -0.21036
1.2138 -1.1033 -2.8242 0.15212 0.14167 -2.2755 1.9822 1.0884 0.29141 -0.92718 0.70579 0.89435 0.91256 0.41565 0.4755 1.0212 -0.61703 -2.255 -0.72185 0.21452 0.70141 -0.062432 -0.10462 1.233 -0.34182 -0.55234 -0.38746 0.20509 1.5283 -0.30401 -0.026915 2.5811 -0.96576 -0.79343 0.12829 1.5322 -1.1026 -1.8075 0.055028
1.6615 -1.0837 -2.1619 -0.11681 -1.2216 -2.112 2.1035 1.0544 0.42413 -0.10873 0.51381 0.8919 0.67371 0.19025 0.49709 1.5591 -0.51439 -2.1063 0.46308 -0.32679 0.19596 -0.0058957 0.42658 0.8179 -1.0617 -0.438 -0.81279 0.066659 0.8799 -0.15609 0.43308 2.1932 -1.1574 -0.82779 0.2558 1.5552 -0.94215 -1.3154 0.26807
1.615 -0.95418 -1.5896 -0.36539 -1.9593 -1.6733 0.8964 0.63535 0.20366 -0.67677 0.20164 0.08317 0.50198 -0.097782 0.3832 1.8526 -0.32375 -2.1466 1.6441 -0.81835 -0.071754 0.19289 1.5964 0.58935 -1.5212 -0.42773 -0.71001 -0.063306 0.013524 0.001846 1.1609 1.3692 -0.68637 -0.97648 0.63403 0.80604 -0.85816 -0.21885 0.36561
1.3488 -0.74853 -1.336 -0.27611 -1.3438 -1.0725 0.85175 1.439 0.47661 -0.35612 0.79793 0.33688 0.51958 -0.48511 0.43976 1.5138 -0.45712 -1.3332 1.6671 -1.2203 -0.58968 0.44068 1.5733 0.0035781 -1.2037 -0.25073 -0.47193 0.055659 -0.55805 -0.30776 1.8042 0.0089087 -0.13766 -0.88469 0.64887 -0.15008 -0.63138 0.51862 0.44202
1.2566 -0.85997 -1.2833 -0.15573 -1.9175 -0.52062 0.34388 0.82194 0.19849 0.28712 0.95592 -0.0070462 0.58139 -0.682 0.39161 1.0707 -0.63548 -0.29638 1.4001 -0.82811 -0.74752 0.98091 0.98965 0.030015 -0.73635 0.017315 -0.14636 0.19482 -0.65478 -0.67175 1.9727 -1.2349 0.057879 -0.85308 0.18123 -1.0835 -0.69496 0.69911 0.42905
1.1022 -0.81777 -0.8412 -0.21901 -2.009 -0.040733 0.88482 1.1088 0.67859 1.7991 1.2741 -0.50744 0.44846 -0.47388 0.59588 0.86786 -0.97595 0.59686 0.59924 -0.64614 -1.1355 0.89632 0.43004 -0.088743 -0.45756 0.14125 0.17563 0.30791 -0.29555 -0.66382 1.7501 -1.6907 -0.04646 -0.15696 -0.41228 -1.078 -0.47805 0.69356 0.24178
0.82972 -0.58126 -1.1531 -0.72607 -2.0114 -0.6273 0.47301 -0.1449 1.0702 0.92527 -0.04307 -0.24064 0.61486 -0.40447 0.66027 0.90571 -1.4196 0.85281 -0.28558 -1.0144 -1.4088 0.32915 -0.052642 -0.66962 -0.53989 0.15455 0.38903 0.21126 0.015645 -0.23443 0.79576 -1.4743 -0.53555 0.35269 -0.9628 -0.55378 -0.27701 0.85388 0.012972
1.0287 -0.65864 -0.74388 -1.109 -1.5598 -0.28235 0.6772 0.2537 1.9238 0.27228 0.57803 0.11139 0.65632 -0.27698 0.86547 1.0234 -1.4043 1.6126 -0.86161 -1.2577 -0.56152 -0.052388 -0.11494 -0.54635 0.041382 0.11952 0.64857 -0.1416 0.32664 0.66765 -0.41896 -0.56253 -0.57917 1.0545 -1.1013 0.38917 0.37493 0.76574 -0.17893
1.115 -0.11624 -0.51075 -1.4774 -0.59588 -0.92044 -0.35271 -0.41096 0.90539 -0.3665 0.51477 -0.47723 0.64446 -0.0041168 0.64174 1.0238 -0.8901 0.81266 -0.80998 -1.6915 -0.37974 -0.46102 0.1315 -0.26521 0.67536 0.052333 0.9183 -0.43286 0.21284 1.582 -1.6082 0.28341 -0.074667 1.0792 -0.92322 1.1394 0.75889 0.47283 -0.27115
0.73972 -0.19939 -0.29991 -1.7945 -0.67567 -1.2787 -0.69622 -0.12557 0.28965 0.47342 0.050837 -0.48902 0.67564 0.62455 0.35074 1.4431 0.11915 -0.18907 -0.26275 -1.5694 0.32284 -0.90096 1.1478 0.40344 0.42126 -0.1313 0.84768 -0.73897 -0.30749 1.9632 -2.4373 0.63676 0.55393 0.71603 -0.48818 1.1523 0.94091 0.23791 -0.30319
0.90969 0.012491 -0.067581 -1.5221 -0.062781 -1.321 -0.90981 0.65155 0.36602 1.3499 0.54714 0.14645 0.62792 0.98616 0.13552 1.1094 1.0321 -1.4244 -0.023966 -1.0491 0.16826 -1.084 1.6696 0.26746 0.17589 -0.21086 0.63194 -0.57105 -0.90626 1.6627 -1.7583 0.50774 0.81114 0.40607 -0.048786 0.1621 0.75622 0.17775 -0.28425
1.1537 -0.29955 0.078563 -1.1549 -1.9839 -0.86469 -1.2125 -0.036703 0.63989 1.7371 0.55369 0.63404 0.52698 0.92717 -0.21815 0.3846 1.6207 -2.1007 0.01037 -0.43456 0.5017 -0.71116 1.4963 0.93946 0.73111 -0.29778 0.097857 -0.36618 -1.4447 0.69094 -0.42247 0.047186 0.5476 0.05275 0.29319 -0.92119 -0.17409 0.46434 -0.17443
1.9797 -0.28103 0.68013 -0.46749 -2.2868 -0.61252 -1.3069 0.27165 0.077478 1.8903 0.73369 -0.043455 0.48818 1.1097 -0.10631 -0.2047 1.736 -1.709 0.061412 -0.56838 0.28586 -0.65033 0.29975 0.87377 0.84116 -0.37898 -0.52113 -0.19907 -1.5243 -0.28705 1.1391 -0.17178 0.10581 0.41581 0.51593 -1.3338 -0.5738 0.58898 -0.026771
2.1443 -0.29126 0.27804 -0.056373 -2.8425 -0.64757 -0.66753 0.056119 -0.075228 2.0029 0.77668 -0.22919 0.45642 0.75315 -0.18966 -0.70241 1.1743 -0.85977 -0.21498 -0.67885 0.35545 -0.53052 -0.054036 -0.23139 0.97754 -0.36275 -0.89015 -0.18795 -1.2186 -0.99033 1.7503 -0.11932 -0.067384 0.42141 0.6658 -1.1176 -1.1381 0.48888 0.21454
1.5435 -0.32198 -0.47864 0.064444 -2.6059 -1.5296 -1.1258 0.50721 -0.36272 1.7107 1.7613 0.71009 0.33583 0.017936 -0.23726 -1.3041 0.67985 0.257 -0.25705 -0.73416 1.0147 -0.14305 -0.29102 -0.22582 1.1887 -0.22625 -0.92331 -0.50498 -0.6959 -1.2222 1.2268 0.060249 0.38123 0.38434 0.86101 -0.5801 -0.95727 0.40683 0.4587
2.0442 -0.15775 -0.46267 0.051568 -2.1083 -1.0606 -1.896 0.44745 -0.4588 0.80089 0.83452 0.9133 0.25453 -0.32477 -0.49107 -1.4296 0.1477 0.43712 -0.071656 -0.52668 0.92112 0.36516 -0.49922 -0.64398 1.4949 0.015342 -0.3401 -0.67916 -0.049252 -0.98584 0.33331 0.44282 1.3367 -0.13218 0.63466 -0.39492 -0.33167 -0.2479 0.62751
1.8628 -0.38577 -0.5666 -0.29573 -1.5927 -1.2947 -1.9043 0.88855 0.038242 1.9157 -0.42087 1.4387 0.24856 -0.21589 -0.86839 -1.1908 -0.22196 0.11922 0.10623 0.13313 0.71723 0.6209 -0.66246 -0.7153 1.3574 0.264 0.10539 -0.68778 0.5265 -0.75117 -0.17625 0.67009 2.1575 -0.77888 -0.18634 -0.17974 0.26088 -1.2149 0.68339
1.3139 -0.67088 -1.1482 -0.032157 -2.1816 -0.76764 -1.9086 1.2967 0.44617 1.4836 0.87647 1.3652 0.37423 0.17913 -1.1025 -0.85405 -0.36681 -0.09639 0.482 1.694 0.24825 0.35539 -0.67204 -0.61284 0.37004 0.53011 0.13729 -0.33275 0.95933 -0.55771 0.2424 1.0389 1.7865 -0.97828 -0.78476 -0.12423 0.98367 -1.8301 0.53679
1.8454 -0.826 -0.86544 -0.096485 -2.1958 -0.72956 -1.2962 1.017 0.37546 1.0751 0.17018 1.2882 0.60287 -0.028484 -1.1755 -0.56971 -0.57918 0.20186 0.7975 2.705 -0.11946 -0.50675 -0.56555 0.23985 -0.68914 0.75562 -0.17297 0.17069 1.2403 -0.43194 1.0129 1.0686 0.37846 -1.0673 -0.92309 0.23171 0.7091 -1.5314 0.2346
1.8053 -1.2319 -1.341 -0.353 -2.8566 -1.036 -0.26598 0.7502 0.47734 0.74848 0.46319 1.6309 0.6919 -0.14875 -0.93821 0.1218 -0.79779 0.90895 1.6487 1.949 -0.50567 -0.63242 -0.79437 0.71051 -1.1419 0.74309 -0.76414 0.53735 1.0607 -0.174 1.2744 0.83327 -1.5271 -0.85338 -0.42619 0.61633 0.29152 -0.56149 -0.13563
2.0541 -1.2966 -1.3064 -0.43795 -2.1014 -0.72846 1.0858 0.69974 -0.34165 0.55422 0.6468 0.94549 0.83182 -0.40656 -0.6391 0.72847 -0.87562 1.6665 1.6481 0.77732 -0.91814 -0.72232 -0.11553 -0.058054 -0.95449 0.58335 -0.9014 0.71677 0.77811 0.23126 1.1222 0.42517 -2.7075 -0.48868 0.4592 0.88038 -0.39362 0.57819 -0.39153
1.7165 -1.3227 -0.91779 -0.85388 -1.1443 0.29813 1.1479 0.50283 -1.3702 0.71522 0.72011 -0.041394 1.0487 -1.1761 -0.39496 0.55555 -0.56487 1.743 1.7132 -0.61669 -0.96294 -0.3835 0.38018 0.07463 -0.64215 0.37105 -0.71756 0.72544 0.22842 0.6845 0.63717 -0.37935 -2.3604 -0.22324 1.1113 0.80813 -0.57417 1.3986 -0.42465
1.2672 -1.3583 -0.36899 -1.1546 -0.50461 1.3702 -0.70927 0.54632 0.055237 0.86209 0.88088 0.5013 0.99022 -1.3353 -0.14636 0.72371 -0.2204 2.0529 1.6087 -1.7934 -0.81635 0.28694 0.66779 -0.18417 0.17561 0.23264 -0.22709 0.64792 -0.30253 0.92575 0.22017 -0.96978 -1.1527 -0.069095 1.5266 0.083044 -0.22164 1.7945 -0.32742
0.99716 -1.3516 -0.34848 -0.82744 -0.55669 0.76225 -1.1596 -0.058094 -0.35681 1.3838 0.20904 0.78667 0.9932 -1.1349 0.13195 0.56796 0.2686 2.0163 0.90911 -1.8097 -0.98353 1.0809 0.48591 -0.30581 1.0341 0.14943 0.51392 0.50481 -0.41847 0.80001 0.1056 -1.3951 0.38372 -0.12768 1.0081 -0.70128 -0.18366 1.3173 -0.14559
0.49909 -1.3849 -0.87213 -0.62144 -0.78571 0.87874 -1.3639 -0.22808 -0.081693 1.3816 0.4064 0.88656 0.98454 -0.89068 0.27353 0.13585 0.5907 1.9987 0.11459 -1.1057 -1.0453 1.5911 0.011445 -0.28839 1.7333 0.10135 0.79695 0.31391 -0.45959 0.44982 -0.086593 -1.1311 1.2266 -0.01053 0.386 -1.2438 0.4006 0.32086 -0.028491
0.64155 -1.4087 -0.55693 -0.66836 0.16471 1.0324 -1.5508 -0.0043687 0.57203 1.4366 0.44552 1.7167 1.0087 -0.37075 0.31187 0.038113 0.65774 2.0104 -0.32256 -0.17766 -1.096 0.97659 -0.72582 -0.22283 1.1589 0.17346 0.79509 0.098926 -0.24362 0.039511 -0.48338 -0.51888 1.0508 0.15383 -0.17171 -1.3054 0.71188 -0.74824 -0.00065684
0.9551 -1.0123 -0.38996 -0.24369 1.1409 0.81927 -0.61769 -0.57771 0.77568 0.96439 0.40797 1.474 1.1191 -0.12016 0.33458 0.09748 0.50331 1.9128 -0.032205 -0.03665 -0.78759 1.1114 -1.2769 0.5167 0.71766 0.16962 0.57474 -0.062197 -0.079519 -0.16828 -1.1446 -0.059538 0.67463 0.145 -0.41751 -0.82282 0.84136 -1.4508 -0.040895
0.42073 -1.0804 -0.60539 -0.40956 1.5043 0.8349 -1.0524 -0.75531 1.3378 0.65463 0.4097 2.056 1.1346 0.073285 0.28281 0.11503 0.39883 1.1247 -0.054728 -0.14495 -0.83112 0.9814 -1.5472 0.61577 0.02686 0.11475 0.18238 -0.22872 -0.021801 -0.32275 -1.5169 0.0014153 0.38232 0.21035 -0.18637 -0.00088464 0.76708 -1.1677 -0.13624
0.8335 -1.1455 -0.30149 -0.32774 1.4887 0.71316 -1.3862 -0.95697 0.77481 -0.10209 0.32464 1.5072 1.1506 0.037334 0.17752 -0.056321 0.38547 0.18815 -0.14148 0.27859 -0.91303 0.75936 -1.2622 0.85841 -0.60864 0.057231 -0.076913 -0.21474 -0.047041 -0.37105 -1.3992 -0.25498 0.50907 0.1192 -0.42428 0.67396 0.14785 -0.87929 -0.14086
0.64278 -1.065 -0.55134 -0.17007 1.2953 0.89981 -1.3769 -0.82797 1.2509 -0.16262 1.2626 1.5334 1.1335 -0.08902 -0.021851 0.073289 0.068846 -0.12329 -0.26865 0.44463 -0.64582 0.78394 -0.72607 1.0336 -0.52466 -0.016636 -0.38188 -0.062727 -0.092986 -0.52019 -0.56835 -0.42176 0.6281 0.24563 -0.49129 1.0758 -0.30873 -0.21106 -0.089981
0.68961 -1.1002 -0.71305 -0.18373 0.58639 0.91809 -1.513 -1.1404 1.6118 -0.58484 1.0653 1.0591 1.0906 -0.20033 0.099997 0.027656 -0.077416 -0.22444 -0.43675 0.71761 -0.66402 0.36723 -0.29162 0.57778 -0.78149 -0.019353 -0.44151 0.15739 0.039788 -0.64986 0.26156 -0.47544 0.43214 0.28029 -0.69104 0.88856 -0.71177 0.1147 -0.036468
0.8292 -1.0611 -0.46877 -0.07153 0.97643 0.68426 -0.26216 -1.3465 1.697 -0.022094 1.3612 1.1137 1.1301 -0.58291 0.21007 -0.1068 -0.41779 0.22703 -0.75086 0.93734 -0.50195 0.20103 0.19041 0.17278 -0.33683 -0.0094113 -0.48702 0.31564 0.0073551 -0.56987 0.50757 -0.26591 0.35528 0.56683 -0.7953 0.53784 -0.2673 0.2 -0.024997
0.583 -1.0781 -0.225 -0.39905 1.5443 0.33244 -0.17642 -1.3626 1.9651 -0.013456 1.4987 1.3452 1.1186 -0.61074 0.34888 0.1115 -0.68211 0.56437 -0.85108 0.91792 -0.46619 -0.32378 0.11705 -0.047729 -0.50685 -0.011839 -0.36811 0.25692 0.027093 -0.5077 0.054686 -0.05214 0.21604 0.96486 -0.79265 -0.032567 0.40845 0.14229 -0.10219
0.17309 -0.9616 -0.64535 -0.5534 1.1224 0.30016 -0.742 -1.5863 1.1794 -0.089792 0.69759 0.94685 1.129 -0.87041 0.42775 0.046215 -0.77757 0.52437 -0.59476 1.067 0.31224 -0.45297 0.18531 0.84049 -0.29715 -0.06506 -0.12968 0.20734 -0.14159 -0.38858 -0.85477 -0.018861 0.38792 1.3944 -0.71074 -0.29237 0.88154 -0.14838 -0.27221
0.12593 -0.8735 -0.59953 -0.80249 1.7346 -0.19031 -0.31362 -1.3476 1.12 0.076027 0.88865 1.2261 1.133 -0.80389 0.4588 0.0042925 -0.92026 -0.23438 -0.62221 1.0796 0.73346 -0.8829 -0.34714 1.001 -0.5509 -0.17611 0.11625 0.21442 -0.21102 -0.31172 -1.5308 -0.25408 0.44408 1.7054 -0.11997 0.10977 0.50868 -0.066528 -0.46195
0.12983 -0.66985 -0.38207 -0.89876 1.6044 0.064741 -0.11515 -1.5131 1.0028 -0.32415 1.5132 0.60259 1.0902 -0.75383 0.53292 -0.32733 -1.08 -1.0489 -0.90641 1.6483 1.5096 -0.93328 -0.17019 1.2896 -0.64065 -0.42001 0.46229 0.52731 -0.081576 -0.12383 -1.8386 -0.63444 -0.48467 1.4548 0.20845 0.73839 -1.147 -0.2444 -0.72009
-0.27688 -0.71847 -0.57479 -0.98006 1.1477 0.32398 0.64336 -0.47711 1.3213 -0.0073235 2.7713 0.9324 1.0065 -0.44163 0.68693 -0.11059 -1.1564 -1.6727 -1.205 1.5383 2.1306 -0.31992 0.52965 0.67206 -0.49868 -0.671 0.50764 0.993 0.23374 0.65594 -1.4812 -0.28819 -1.3224 0.93065 0.27374 1.0914 -2.4878 -0.068454 -1.1543
-0.045863 -0.63563 -0.32589 -1.3212 0.60917 -0.46878 1.2171 -0.61378 0.19667 -0.70815 2.1507 0.55127 0.92317 -0.12779 1.2712 -0.05405 -0.90409 -2.3941 -1.5708 -0.22346 2.3385 -0.31612 1.2753 -1.1449 -0.83949 -1.1221 0.40326 1.1984 0.72898 1.7538 -0.51917 0.59018 -1.8977 -0.047936 -0.13047 0.68335 -3.3647 0.078167 -1.4439
-0.50741 -0.4612 -1.0323 -1.882 -0.014555 -1.1408 1.6053 0.50249 0.45306 0.053994 2.3623 0.59693 0.58888 -0.1019 1.891 0.32173 0.32792 -2.4866 -0.86767 -0.82451 2.0593 -0.643 1.185 -2.4376 -0.61888 -1.9166 -0.17535 0.96077 1.2547 2.5584 0.82501 1.5245 -1.5808 -0.78964 -0.52264 0.16561 -2.5522 -0.021722 -1.3036
-0.14249 -0.10547 -0.58026 -1.8914 -0.72156 -1.3092 0.71475 0.84912 1.1527 1.2129 0.78583 0.52266 0.41176 -0.11873 2.1044 0.87149 1.7395 -1.6479 0.097135 -1.2319 1.4475 -1.029 0.9173 -3.4502 -0.45726 -2.4137 -0.72208 0.15265 1.6876 2.5998 1.9325 1.7926 -0.45296 -1.5744 -0.43703 -0.56136 -0.8192 -0.16779 -0.60603
0.16526 0.77993 -0.42012 -1.5616 -1.1089 -1.9502 -1.6388 1.1098 0.57788 1.824 -0.6689 -0.067568 -0.17782 -0.80557 2.0133 1.8617 2.7144 -0.37064 0.99453 -1.3461 1.0853 -1.0024 1.0584 -2.9514 -0.76453 -2.3873 -0.93005 -0.7038 1.3323 1.6395 2.2318 1.2369 0.62525 -1.5996 -0.52978 -1.2206 1.0895 -0.3171 0.35731
-0.30416 1.3019 0.15562 0.28681 -1.4138 0.12523 -0.11638 0.77624 -0.27668 0.40985 -0.38013 0.20708 -1.2023 -1.2356 1.4888 2.4509 3.1793 0.43223 1.0656 -0.95638 -0.13927 -1.0047 0.1924 -2.4254 -1.131 -1.9845 -0.46724 -1.4402 0.2072 -0.014602 1.6575 0.39681 1.6184 -1.2907 -0.085574 -1.3432 2.4635 0.098504 1.2342
-0.53131 1.0789 0.42353 1.1177 -0.43097 0.42183 0.083838 1.0809 -0.71704 0.66635 -1.1022 0.59527 -1.4183 -1.4216 0.9257 2.1176 2.9379 0.95472 1.1087 0.33348 -0.15936 -1.7083 -0.95549 -0.92021 -0.94235 -1.4829 0.87751 -2.1249 -1.7686 -1.9607 0.26335 -0.72674 1.4091 -0.46859 0.76766 -1.1298 2.5079 0.92756 2.0658
-1.4419 1.2196 1.724 1.0728 0.37461 0.058268 -0.2568 1.0324 -0.80024 1.4693 -0.77182 -0.66971 -1.2532 -0.75751 0.040836 1.1461 1.6046 1.0252 0.82703 1.3329 -0.36207 -0.84376 -0.83085 0.1319 -0.20474 -0.62824 2.1654 -2.3264 -3.1435 -3.003 -1.0702 -1.242 0.56377 0.078986 1.2868 -0.82642 1.9975 1.343 2.4837
-1.6658 1.0335 1.4529 1.2475 -0.11177 -0.65188 -0.28306 0.10011 -0.071791 0.69044 -1.0734 -0.79943 -1.2557 0.71471 -1.1105 -0.91684 -0.46639 -0.11217 -0.33753 0.46938 0.30886 0.4501 -0.74601 0.45074 0.5796 0.67939 2.658 -2.2401 -3.6144 -2.8526 -1.7962 -1.2323 -0.26247 -0.094134 1.6362 -0.58486 1.1028 1.5935 2.3085
-1.1416 1.2929 1.3643 1.5163 -0.080043 0.12637 0.5545 1.1094 -2.0584 -0.47688 -0.56466 -0.33646 -1.3682 2.0472 -1.7061 -2.1305 -1.1996 -1.1393 -0.68916 0.14088 -0.2327 0.48383 -1.604 0.61591 0.73885 1.4366 2.0071 -1.6613 -2.5266 -1.6959 -1.098 -0.7741 -0.6572 -0.3749 1.0229 -0.21219 0.70915 1.2191 1.6135
-0.27573 0.86752 0.43765 0.59709 -0.061459 0.11368 0.79303 0.50684 -0.351 0.5877 -0.30156 0.41473 -1.1844 2.5183 -2.2574 -3.2564 -1.4363 -1.5161 -0.59168 0.34024 -0.40852 0.89213 -1.7635 0.89256 1.7135 1.6695 0.41918 -0.78344 -0.46041 -0.19698 0.37195 -0.28062 -0.42882 -0.98363 0.49231 0.5339 0.54205 0.47712 0.66155
0.75604 -0.43249 -1.3573 -0.40786 -1.7355 -0.3509 0.11727 1.6842 0.86625 -0.52258 -0.12151 1.2477 -0.16055 2.3732 -2.3936 -2.5858 -1.3419 -0.43323 -0.59156 -0.029952 -0.71521 0.9769 -0.7498 1.23 1.6136 1.8018 -1.1223 0.12365 1.4722 0.78893 1.5183 -0.18593 -0.58474 -0.6353 -0.26617 1.2747 0.33758 -0.28099 -0.13194
1.3218 -0.60695 -0.9429 0.041468 -1.318 -0.93372 -0.22448 0.045681 -0.69258 -1.4841 -0.61686 0.22306 0.27582 1.3887 -2.1841 -1.5819 -0.78809 0.30639 -0.94891 -0.38768 -1.3051 1.1877 -0.065508 1.1504 1.0565 1.6965 -1.9235 1.2142 2.8803 1.3951 1.9252 0.062466 -0.49739 -0.4448 -1.0489 1.6951 -0.1818 -1.0478 -0.81841
0.58221 -0.87241 -1.5119 -0.20949 -1.2986 -0.76987 0.56058 0.082089 0.58655 -0.92765 0.47937 1.1416 0.16528 0.34692 -1.5165 -0.11081 0.082013 1.0076 -0.88449 -0.76873 -0.98537 -0.19167 0.17907 1.1116 0.47859 1.1846 -1.8965 1.5416 2.6131 1.1481 0.85967 0.23029 -0.097032 0.17413 -1.1904 1.5304 -0.82439 -0.87733 -1.1278
1.034 -1.019 -0.72974 0.033949 0.25163 -0.88013 -0.00029213 -0.43166 0.41457 0.039661 0.68193 1.125 0.30212 -0.34578 -0.49381 1.0951 0.68616 1.6332 -0.32432 -0.37845 -1.1166 -0.61143 1.2693 0.60568 0.17194 0.49535 -1.0493 1.3521 1.7417 0.44934 -0.41764 0.63415 0.084126 0.62943 -1.0517 1.1561 -1.3643 -0.57884 -0.9333
0.61364 -0.94135 -0.59963 0.32336 0.17399 -0.9722 0.14591 -0.20786 0.12777 -0.11981 0.77393 1.0936 0.42014 -0.58251 -0.44346 1.1464 0.25466 0.64774 -0.44863 -0.27253 -0.49007 -0.49343 1.7411 -0.044646 0.28486 0.35889 -0.34586 0.84216 0.37937 -0.52571 -1.6248 1.0166 0.23019 0.50723 -0.084838 0.59797 -1.6518 -0.067493 -0.49842
0.56927 -1.1829 -0.34363 0.255 0.15019 -1.2599 -0.8759 0.050161 -0.68329 0.20358 0.78909 1.071 0.43771 -0.26476 -0.26865 1.1694 0.042884 -0.31708 0.092938 -0.48906 -0.37815 -0.75491 1.5415 -0.82761 -0.025945 0.41842 0.22136 0.49772 -0.48301 -1.1075 -1.8818 1.1212 0.26425 0.46828 0.59783 -0.39346 -1.0633 0.24352 -0.21517
0.62718 -0.84942 -0.14411 0.5573 0.051434 -0.69805 -0.080894 -0.34545 -0.37339 0.86283 -0.00035109 1.0145 0.49317 -0.39613 -0.10112 0.58867 -0.65559 -1.2285 0.92847 -0.25654 -0.40954 -0.2862 1.2824 -1.2651 0.41204 0.32034 0.43305 1.1211 -0.76916 -0.97829 -1.1865 1.0536 0.50477 0.43592 1.0844 -1.0961 0.089991 -0.025821 -0.4729
0.3912 -1.3077 0.02373 -0.074092 -0.89449 -1.7396 -0.057301 -0.77786 -0.81139 1.0806 -0.41522 0.83994 0.62671 -4.7069e-05 0.23896 0.43735 -1.0973 -1.1526 1.2172 0.14276 -0.28495 0.47945 0.69786 -0.77769 0.55945 0.12527 0.19205 1.9278 -0.54321 -0.55887 -0.36897 -0.18272 0.58422 0.87694 1.0626 -1.1618 1.0711 -0.50586 -1.0548
0.53523 -1.1595 -0.11834 -0.14652 -1.1297 -0.072757 -0.32448 -0.37924 -0.13364 1.4268 -0.10536 1.3267 0.6404 0.15004 1.3362 0.020663 -1.1519 -1.2715 1.0846 0.45148 0.27442 1.0538 -0.083795 0.092257 -0.090714 -0.35101 -0.35582 2.2975 0.15115 0.69289 0.67325 -0.90323 0.38528 0.93482 0.23846 -0.87525 1.465 -0.92221 -1.6133
0.43297 -1.0019 -0.14731 -0.79477 -0.98605 0.59289 -0.47896 -0.83827 -0.033643 1.5248 -0.73828 1.7839 0.64145 -0.1579 2.5077 0.40004 -0.8354 -1.0019 -0.35265 0.36555 0.91931 0.69588 -0.15711 0.48914 -0.80914 -1.1571 -1.0427 1.8963 0.76649 1.5544 1.3607 -1.0196 -0.30681 0.53723 -1.1908 -0.60502 0.77091 -1.1646 -1.7813
0.75106 -0.56226 0.020372 -0.82891 -0.97842 0.083361 0.26612 -0.16745 0.64742 0.33981 0.34805 1.5102 0.45287 -1.0398 2.9293 0.90116 0.62449 0.068727 -0.089537 0.41827 0.73649 0.083731 -0.08228 0.83302 -0.76366 -1.962 -1.1859 0.51351 0.95116 1.9007 1.6955 -0.31391 -0.78066 0.13542 -1.8766 -0.45585 -0.38324 -0.50061 -1.3315
0.76474 0.74726 -0.37002 -0.77072 -1.6737 -0.3285 -0.026708 0.43791 0.68329 0.22084 0.84292 0.28096 -0.13217 -1.51 2.8803 1.4849 1.172 0.92099 -0.23053 -0.52404 0.48539 -1.4062 -0.53897 0.28638 -1.4447 -2.2971 -0.76946 -1.2162 0.52511 1.781 1.5798 0.98575 -0.691 -0.35094 -1.6241 -0.43799 -1.3794 0.0094617 -0.25756
0.031743 1.756 0.76597 -0.34245 -1.4823 -2.3804 0.46471 0.46957 -0.11758 1.4544 -0.055646 -0.079586 -0.90016 -1.5669 2.0824 1.3243 1.7037 1.1786 0.3946 -0.7933 0.73806 -1.633 -0.82198 -0.52892 -0.79712 -2.1937 0.060336 -2.7248 -0.26652 0.78356 0.66188 0.86546 -0.1285 -0.54204 -0.51847 -0.27991 -1.6034 0.53448 1.0101
-1.2804 1.0421 1.084 1.2171 -0.29616 -0.049139 0.13734 -0.41598 -0.90592 1.3168 0.61438 0.9527 -1.4181 -1.4493 0.72981 1.2079 2.2418 1.6239 1.3655 -0.52786 0.25169 -1.6802 -0.67963 -1.4141 -0.80533 -1.5074 0.90831 -3.0026 -1.268 -0.17824 -0.13622 0.77036 0.80627 -0.40945 0.64007 -0.18253 -0.91628 0.71392 1.7109
-0.84435 1.5 1.4149 0.55379 0.41344 0.73498 -1.8723 0.0089555 -2.4459 0.013742 -0.3243 -0.10995 -1.4348 -0.95526 -0.93022 0.5231 1.6844 1.0671 0.83303 0.11539 -0.17243 -0.8099 -0.57901 -1.3196 -0.05536 -0.52542 1.4487 -1.7988 -1.484 -0.92149 -0.74203 -0.37837 0.91481 -0.11222 1.2375 0.071857 -0.10895 0.054482 1.677
-0.68803 0.99122 0.7585 0.82975 -0.023802 0.89367 -0.73378 0.68484 -1.0934 -0.42315 -1.219 1.2556 -1.395 0.0054544 -1.0514 -0.57424 0.82675 0.73471 1.0814 0.70173 0.16391 -0.53905 -1.0271 -1.037 -0.43182 -0.029691 1.1984 -0.23829 -1.1114 -1.0731 -0.90296 -1.1262 0.78205 0.39543 1.67 0.5454 0.81307 -0.18942 0.97167
-0.63834 0.57425 1.167 2.0317 0.52786 1.0306 0.43787 0.2651 -1.1484 -0.23886 -0.87953 -0.52828 -1.0842 0.61453 -0.28387 -0.66342 0.54966 0.17282 -0.22065 0.50251 0.56349 0.2659 -0.49142 -0.92741 -0.90755 0.10764 0.18823 1.1062 -0.16995 -0.66833 -0.35105 -0.68917 0.17429 0.46279 0.90503 0.71762 1.0654 -0.75243 0.14561
-0.72716 0.0014729 0.38148 0.94814 -0.97782 -1.1979 0.52879 -0.14476 -0.39353 0.66184 -0.50843 0.39627 -0.90543 0.17087 -0.022951 -0.35462 0.64023 0.29966 -0.35474 0.90727 0.61877 1.1136 0.40786 -0.097 -0.78646 -0.062166 -0.79332 1.2169 0.49244 -0.26821 0.16128 -0.022211 -0.36997 0.010893 0.035245 0.44841 0.74515 -0.031448 -0.32038
-0.37972 1.0059 0.29641 0.89514 0.39725 0.51023 0.88948 0.48233 -2.1176 -0.27394 -1.0953 -0.31263 -1.4045 -0.66573 0.56186 0.084112 0.42933 0.61408 0.17461 0.35079 0.4617 0.17059 0.18917 0.19519 -1.4014 -0.24463 -1.006 0.70317 0.68414 0.084363 0.61209 1.0203 -0.71076 -0.73324 -0.93685 -0.29384 0.46337 0.56126 -0.32793
-0.43069 1.2272 0.77791 1.9771 0.37444 0.37642 -1.0796 0.57356 -0.79899 0.070912 -0.8729 -0.20395 -1.4138 -0.95739 0.73261 0.0080287 0.34965 0.86543 0.83594 -0.039917 0.22759 -0.4183 -0.43573 -0.21201 -0.2789 -0.4336 -0.59447 0.026696 0.41144 0.023343 -0.019219 0.40896 -0.68275 -1.0841 -1.0684 -0.42805 0.28413 0.85681 0.053428
-0.7718 1.159 1.0581 1.366 0.78645 0.55944 0.087122 1.143 0.1198 0.58941 -0.66533 -0.57454 -1.4164 -0.85235 0.61454 0.48325 0.8724 1.1405 1.213 -0.56506 -0.6258 -0.83273 -0.66534 -0.010219 -0.080275 -0.30037 0.0089739 -0.62378 -0.20469 -0.39609 -0.46278 -0.59834 -0.08056 -0.84809 -0.26094 -0.21483 0.45164 0.74451 0.37171
-1.9065 1.1269 0.83688 1.7301 0.57557 1.0645 0.76858 0.69774 -1.4559 -0.36394 -0.86581 -0.95837 -1.4151 -0.93865 0.0012314 0.24469 0.47245 0.027775 -0.062753 -0.11649 -0.88143 -0.51147 -0.036798 0.5304 0.21994 0.063176 0.55341 -0.61161 -0.15357 -0.5902 -0.65682 -1.2305 -0.17367 -0.48776 0.53616 0.26415 0.56763 -0.034471 0.51002
-1.4665 0.99139 0.61355 2.0023 1.0867 1.2308 0.47257 -0.11838 -2.144 -0.79688 -1.1859 -0.012985 -1.4726 -0.66359 -0.20049 -0.43079 -0.42856 0.13947 -0.57157 0.18609 -0.58438 -0.30011 -0.44344 0.66175 -0.20651 0.18132 1.3378 -0.77846 -0.71918 -1.1822 -1.1313 -1.2062 0.088078 0.10815 1.661 0.58721 0.38937 0.21123 0.70181
-1.0626 1.0664 0.99063 1.9296 0.76869 0.58302 -0.96462 -0.98828 -2.034 -0.30152 -0.46721 0.32142 -1.3654 0.055332 0.034139 0.16766 -0.18984 0.085479 -0.72676 -0.81618 -0.71694 0.38694 0.0058425 0.50653 -0.3158 0.2506 1.824 -1.0822 -1.0281 -1.5095 -1.4399 -0.45293 0.38648 0.43928 2.162 0.43456 0.03162 0.6712 1.0833
-1.4375 1.1695 0.72323 1.5958 0.08663 0.047996 0.45366 0.26186 -1.7043 0.356 -0.179 -0.44982 -1.306 1.3362 -0.8102 -0.87305 -1.1865 -1.1153 -0.86158 -0.060101 -0.5126 2.0317 0.53067 0.72309 0.5747 0.87856 1.6527 -1.5259 -1.1413 -1.5263 -1.6577 -0.075927 0.72398 0.089304 1.8455 0.062304 -0.21213 1.124 1.495
-1.4728 0.90495 0.18176 0.93498 1.0519 -0.25641 -0.35323 0.59811 -0.086235 -0.76527 -0.066514 -1.0618 -1.1911 1.7254 -1.6526 -1.5283 -2.2022 -2.1872 -0.8236 0.79536 -0.099912 2.6349 0.37933 0.5525 1.1283 1.6786 1.1007 -1.592 -1.1089 -1.3196 -1.1857 0.35589 0.7952 -0.51794 0.68678 -0.55997 -0.076667 1.3089 1.4771
-0.95279 1.303 1.7432 1.6605 0.96977 0.38478 -0.83163 -0.29087 -0.11235 0.48561 -0.56609 -0.89986 -1.1907 1.8207 -2.1196 -1.7966 -2.51 -2.001 -0.67795 0.88571 -0.73284 2.2574 -0.49303 0.23599 1.2681 2.1775 0.073517 -0.698 -0.13274 -0.3516 -0.010267 0.59423 0.050345 -0.81548 -0.89072 -0.69322 0.33217 0.80971 0.78902
0.36167 -0.37775 -1.193 0.034068 -1.6699 0.18491 1.3198 -0.70628 1.0151 0.097932 -0.032253 1.1167 -0.1633 2.0215 -2.1934 -1.5215 -2.1967 -1.807 -0.11314 0.36755 -1.5873 1.6458 -0.62568 0.60048 1.9007 2.279 -0.81998 0.27125 0.52296 0.47451 1.2629 0.48412 -0.64442 -0.4212 -1.432 -0.5748 1.0146 0.01935 -0.17462
0.61229 -0.84388 -0.9701 -0.93134 -1.9505 -0.26228 1.0268 -0.33813 1.1049 -0.27552 -0.29154 1.6011 0.54516 1.3296 -1.8023 -1.1335 -1.8955 -1.2962 -0.036563 0.22879 -1.3083 0.75356 -0.38442 1.3136 1.7621 2.0091 -1.523 1.3547 1.4982 1.2255 2.2753 0.37459 -1.1507 0.30907 -1.4675 -0.062232 1.0255 -1.3816 -1.1545
0.32456 -0.69508 -0.5937 -0.84305 -0.96285 -0.70761 -0.06941 -1.5569 0.70138 -1.2478 0.048666 0.46754 0.76346 0.3144 -1.3176 -0.84464 -1.5411 0.0091541 -0.1834 -0.27648 -0.611 0.53518 -0.84886 1.9035 0.88802 1.447 -1.624 1.731 1.5789 1.4965 2.4034 0.26822 -0.91878 0.77404 -0.98413 0.3656 0.44586 -1.9009 -1.6962
0.57695 -0.70231 -0.54269 -0.52036 -1.2066 0.36141 0.41193 -1.2921 0.98402 -0.43866 0.79943 1.0466 0.6904 -0.39699 -0.10083 0.77239 -0.34707 1.659 0.099879 -1.2677 -0.64815 -0.10945 -0.50056 1.4946 -0.99637 0.50169 -0.97884 1.3192 1.1587 1.3362 1.4461 0.30928 -0.57631 0.74586 -0.4282 0.7439 -0.75666 -1.0483 -1.5878
-0.018577 -0.65535 -0.49867 -0.91469 -0.32312 0.0091572 -0.23825 -0.93376 0.92795 -0.54222 1.5016 0.96344 0.66516 -0.38983 0.094409 0.58974 0.069174 1.539 0.34943 -0.86711 -0.47118 0.11855 0.19369 1.3369 -0.52032 -0.040992 -0.33526 0.65264 0.55916 0.8634 0.15602 0.16493 -0.013718 0.4037 -0.1447 0.9124 -1.6927 0.003191 -1.0167
-0.09319 -0.75493 -0.35851 -0.76981 -0.16096 -0.051747 -0.14848 -0.99603 1.1423 -0.89208 1.6772 0.95975 0.67257 -0.2946 -0.1161 0.39815 0.01439 0.85294 0.3096 -0.73157 0.015071 0.1112 0.63406 0.17645 0.35639 -0.12423 0.12778 -0.093097 -0.299 0.31905 -1.014 0.15569 0.5499 0.2583 0.30279 0.74742 -1.8083 1.0072 -0.30513
0.23213 -0.61974 -0.28335 -0.7181 0.23184 0.035272 -0.44395 -1.7199 0.64143 -0.82229 1.0214 -0.35511 0.6419 -0.41799 -0.12537 0.42798 0.034855 0.75303 0.036749 -0.60558 -0.19203 0.13927 0.47034 -0.6071 0.18629 -0.082085 0.1582 -0.070379 -0.25371 0.25174 -1.0039 0.23111 0.45631 0.14433 0.34326 0.34026 -1.1814 0.60356 0.0087048
0.19621 -0.72089 -0.21078 -0.81288 -0.026863 0.11674 -0.31455 -1.2407 1.3245 0.016242 1.3172 1.2797 0.56721 -0.13232 -0.15746 0.2737 0.32329 0.059191 0.56282 -0.26268 -0.31026 0.48657 0.90812 -0.9192 0.6155 -0.030164 0.091335 0.02949 -0.26287 0.35977 -0.86863 0.18713 0.56989 -0.046329 0.3251 -0.0141 -0.28058 0.28718 0.04016
-0.031096 -0.88944 -0.19626 -0.69853 -0.23506 0.10245 -1.015 -1.3294 0.78595 -0.069022 0.20236 1.3913 0.64694 -0.15916 -0.010271 0.16028 0.43147 -0.036739 0.67968 -0.16452 -0.045102 0.6179 0.76578 -0.32962 0.51504 -0.071608 0.04222 0.098268 -0.35026 0.2809 -0.75941 -0.30423 0.4392 -0.087942 -0.2649 -0.35513 -0.012609 -0.22466 0.0022567
-0.26404 -0.76793 -0.050556 -0.59638 0.18983 0.34446 -0.25368 -1.3356 1.2963 -0.026746 0.63146 0.99587 0.60289 -0.24676 -0.11807 0.022549 0.55182 -0.45512 0.35738 0.2261 -0.15308 0.52273 0.46626 -0.49298 0.7297 -0.056039 0.033915 0.19539 -0.2582 0.15773 -0.46418 -0.81664 0.30705 -0.13619 -0.67675 -0.56997 -0.04597 -0.54045 -0.0575
-0.044336 -0.82055 -0.2615 -0.43776 -0.28634 0.89265 -0.50979 -1.4482 1.8256 0.6187 0.72296 1.4516 0.6634 -0.28235 0.035123 -0.12547 0.49645 -0.47491 -0.47015 0.050718 -0.44347 -0.40399 -0.03058 -0.85009 -0.34788 -0.064417 0.16714 0.11626 -0.15502 0.052551 -0.50606 -0.81341 0.14729 -0.1731 -0.68081 -0.35282 -0.2426 -0.37216 -0.10968
-0.03224 -0.62402 -0.15456 -0.22528 0.035799 0.70816 -0.4546 -1.2587 1.702 -0.16123 1.4793 0.76798 0.52937 -0.0090208 0.17601 -0.08383 0.61698 -0.61794 -0.49268 0.24977 -0.37456 -0.3486 0.14234 -0.7512 -0.056184 -0.13734 0.16982 0.079793 0.11812 -0.088222 -0.25083 -0.37262 0.096042 0.24746 -0.39303 0.056048 0.058966 -0.019694 -0.19797
-0.049077 -0.90544 -0.26951 -0.16561 -0.70436 0.13029 -0.043574 -1.9841 1.1719 0.088026 -0.1969 1.2607 0.57113 0.051771 0.055486 -0.08674 0.51186 -0.93507 -0.51927 0.10449 -0.26716 -0.30064 0.21064 -0.66024 0.13846 -0.22911 0.1065 -0.06851 0.28441 -0.30016 -0.055971 0.43404 0.068364 0.36802 0.15499 0.46159 0.17776 0.61994 -0.18288
-0.37244 -0.70124 -0.35816 -0.3654 -0.61367 -0.9513 -0.7813 -1.6904 0.0055949 -0.11046 -0.3163 0.84661 0.53751 -0.07862 0.018474 0.23293 0.37172 -0.69569 -0.36393 0.37124 0.21588 -0.30952 0.46994 -0.48403 0.4158 -0.33186 -0.039771 -0.091723 0.28306 -0.5415 0.30612 0.89235 -0.098465 0.33567 0.28682 0.27612 0.48766 0.3516 -0.1263
0.042154 -0.61404 -0.14614 0.2111 -0.79655 0.24639 -0.29449 -1.6455 1.0608 0.47554 -0.28785 1.4701 0.4926 -0.039768 -0.0080857 0.26855 0.017067 -0.51802 0.32661 0.10323 -0.055127 -0.11176 0.76443 -0.65777 0.61351 -0.29798 0.050317 -0.049183 0.070656 -0.53682 0.60457 1.2007 -0.010934 -0.178 0.26444 0.027433 0.37245 0.070768 -0.0047727
-0.097075 -0.78901 -0.22234 -0.026659 -1.123 0.3004 -0.063564 -1.5899 1.6744 0.5132 0.64852 1.2146 0.32938 -0.049826 0.043761 0.28832 -0.22688 -0.18621 0.85852 0.0093939 0.14222 0.13151 0.44259 0.15264 0.37169 -0.33119 0.024714 0.036153 -0.37499 -0.4081 0.80462 0.94929 -0.029038 -0.39771 -0.10684 -0.57713 -0.15219 -0.59422 0.024495
-0.16015 -0.77848 0.14233 -0.0051086 -0.87476 0.41329 0.087732 -0.96375 1.1641 1.0692 0.38753 1.828 0.26362 0.13209 -0.044117 0.023236 -0.2706 0.045733 1.258 0.23027 -0.57234 0.0087875 0.28971 -0.28881 0.26914 -0.23746 -0.038105 0.29421 -0.49646 0.010572 1.1947 0.54032 0.20911 -0.081249 -0.50441 -1.1951 -0.58172 -0.81526 -0.073585
-0.10714 -0.69442 -0.011961 -0.42509 -0.71789 0.79245 -0.55922 -2.1044 0.87252 0.651 -0.48258 1.358 0.30205 -0.12136 0.10414 -0.37141 -0.30527 0.657 1.058 0.21414 -0.28018 -0.57993 -0.47139 -0.95927 -0.62178 -0.31708 -0.22637 0.91789 -0.18166 0.52558 1.2657 0.044155 0.4229 0.77322 -0.95458 -0.83628 -0.48387 -0.96287 -0.54989
-0.23417 -0.78385 -0.099249 -0.49487 -0.98362 0.68282 -0.29029 -1.6971 0.82058 0.35191 -0.017735 1.467 0.24629 -0.087224 0.49693 -0.36427 0.084136 1.4729 1.2997 0.41297 -0.0042061 -0.75863 -1.2289 -1.1953 -0.53774 -0.43776 -0.58648 1.4581 0.61789 1.086 1.0695 -0.64276 0.36863 1.8813 -0.98507 -0.15204 0.24638 -0.58049 -1.1127
0.074095 -0.69458 -0.42877 -0.28573 -0.53585 1.1758 -0.13487 -2.5868 0.42197 0.56062 -0.667 1.2875 0.31198 -0.40224 1.4384 0.13018 0.6676 1.6544 0.92205 0.78413 1.3028 -1.3847 -0.51006 -0.30474 -1.1655 -1.2271 -0.6612 1.5516 1.3937 1.4119 0.44964 -1.4541 -0.13096 2.0314 -0.78352 0.7303 0.76974 0.04558 -1.2287
-0.25452 -0.50331 -0.59165 -0.042272 0.1565 1.7488 0.32981 -1.2906 0.69368 -0.34917 -1.1008 0.46509 -0.024184 -0.91422 1.9328 0.97188 1.4509 1.71 0.041905 0.69612 2.162 -1.5495 0.0051068 -0.16194 -0.64152 -1.7985 -0.63801 1.0547 1.4673 1.0257 -0.43871 -1.9573 -1.0398 1.7141 -0.091854 1.3564 0.93867 0.16666 -0.90819
-0.23902 -0.14641 -0.24517 0.098571 1.0655 1.9492 0.4942 -1.2476 0.42541 -1.2023 -0.57262 1.2174 -0.22132 -1.045 2.1997 1.6652 1.8798 1.465 -1.2135 -0.23743 2.4445 -1.7434 0.42337 -0.043703 -0.5112 -1.8629 -0.14593 0.11062 0.95179 0.21024 -1.4727 -1.7852 -1.4479 0.42883 0.65203 1.2049 0.48617 0.2459 0.0051961
-0.78936 1.1566 0.6809 0.74496 0.85514 1.1865 0.80438 0.74513 -1.5966 1.4215 0.23057 0.22483 -1.378 -1.0563 2.0294 1.7157 1.5637 0.72221 -1.5353 -1.3161 2.6367 -0.75951 1.1046 0.42213 -0.56615 -1.7652 0.47994 -0.77546 -0.16476 -0.65178 -2.1217 -1.0489 -1.1555 -0.8135 0.82762 0.49648 0.044557 -0.22687 0.80327
-1.2983 1.0463 1.1068 1.3513 0.93245 0.31072 -0.05446 -0.15138 -0.98375 0.53688 -0.9855 1.0981 -1.4893 -0.6314 1.5927 1.6056 1.0438 -0.75963 -1.8493 -1.3162 1.8632 -0.47716 1.4286 0.30552 -0.74735 -1.2337 0.86164 -1.6316 -1.2747 -1.2457 -1.8323 0.17362 -0.14116 -1.6932 1.0279 -0.90835 -0.31059 0.025475 1.3637
-1.0471 1.1638 1.373 1.6933 0.72548 -0.99128 -0.98208 0.55819 -1.3754 0.70481 -0.32986 0.79063 -1.263 -0.16174 0.83342 0.68263 0.55411 -1.3801 -1.7334 -1.2501 0.91704 -0.53013 0.53312 -0.25959 -1.0049 -0.65665 0.81869 -1.8549 -1.7583 -1.4341 -0.64073 1.1542 1.4167 -1.6474 0.75609 -1.9809 0.013956 0.22574 1.603
-0.97143 1.1745 0.81977 1.0839 0.56752 0.45679 -1.7807 0.73326 0.55633 1.6974 -0.23644 0.13104 -1.4348 0.23512 -0.15628 -0.2909 -0.13407 -1.109 -0.77211 -0.60208 0.11639 0.19357 -1.1512 -0.28962 -0.273 0.0551 0.11832 -1.5833 -1.6396 -1.5183 0.77222 1.8881 2.1306 -1.0918 1.3069 -2.3565 0.28741 0.39565 1.4231
-0.82577 1.2644 1.2828 0.94612 -0.98758 -0.26006 -0.26166 0.91808 -0.55598 1.0853 -0.55342 -0.2964 -1.3454 0.15138 -0.45465 -0.74703 -0.74801 -0.35146 0.22194 1.3033 0.40814 0.41505 -1.6729 0.73947 -0.38747 0.49635 -0.56615 -0.88621 -0.62754 -1.1634 1.4972 1.7428 1.7946 -0.97657 1.2426 -1.6073 0.43266 0.4984 1.1041
-0.60523 1.1253 0.64031 1.0891 -0.34207 -0.62941 -0.78702 0.034093 -1.9878 -0.19729 -0.79163 0.13817 -1.3725 -0.55641 -0.62974 -0.86033 -1.3764 0.296 0.93082 1.8994 0.059417 1.6581 -2.3086 0.33682 -0.30335 0.76974 -0.8774 -0.22312 0.41049 -0.59579 1.283 1.1719 0.3341 -0.75096 1.1102 -0.18213 0.31694 0.15598 0.56725
-0.87672 0.80856 0.49995 0.90319 0.059186 0.027917 -0.17899 0.69131 -0.80168 -0.73673 -0.37336 0.76236 -1.33 -0.91181 -0.53336 -0.24968 -1.1766 0.93341 0.88348 1.278 -0.89639 1.2174 -2.1867 0.22947 -0.033307 0.98777 -0.59664 0.18777 1.2149 -0.0068542 0.17412 0.61935 -1.0878 -0.59737 0.69219 1.1661 -0.072158 -0.12348 0.0084113
-1.2396 0.54088 0.42401 0.44992 0.97521 0.4709 1.7746 0.73006 0.37164 -1.5339 0.64012 0.44892 -0.61709 -1.0055 -0.51904 0.25746 -1.1211 0.83729 1.2282 0.088062 -0.64952 2.0082 -1.2601 0.55139 -0.17253 0.83816 0.26446 0.54607 1.309 0.69803 -0.89458 0.1902 -1.7345 -0.29997 -0.7386 2.0421 -0.29575 -0.60565 -0.55174
-1.8589 0.68793 0.37377 -0.48416 0.69242 0.82086 0.54453 0.71883 2.476 -1.5893 -0.32988 -0.29223 -0.50037 -0.83129 -0.16764 1.0518 -0.88311 -0.24516 1.3036 -0.13293 -0.36709 1.6226 0.21145 0.491 -0.72936 0.47803 0.78973 0.68726 0.85822 1.2067 -1.5112 -0.57819 -1.427 0.26011 -1.7037 1.9737 -0.60649 -0.64712 -1.1176
-1.7325 0.86386 1.0484 0.013784 0.86832 1.1908 -0.52837 -1.0761 0.41753 -0.86254 -0.42289 -0.019474 -0.56652 -0.07103 0.17894 1.0293 -0.10167 -0.86942 1.0961 -1.1101 -0.77633 -0.013894 0.70348 -0.35299 -1.1877 0.025241 1.0076 0.63759 0.050963 1.5845 -1.0792 -1.2646 -0.48007 0.57344 -2.5734 1.4823 -0.69915 -0.31284 -1.1807
-1.5804 0.61304 1.4957 -0.0063437 -0.33754 0.7837 -0.48437 0.40196 1.1707 -0.94652 0.23945 -0.12822 -0.73006 0.20366 0.36501 1.0301 0.76631 -1.198 -0.20589 -1.1849 -0.35211 -1.1646 0.902 -0.45814 -0.84034 -0.63069 0.80596 0.37669 -0.74982 1.3361 0.036082 -1.2273 0.33903 1.1506 -1.8228 0.50643 -0.55192 -0.074679 -0.82891
-1.4849 0.86728 1.6091 0.15898 -0.53441 1.3014 -0.080376 0.11183 0.24954 0.18198 0.092307 -0.37754 -0.97216 0.4982 0.37199 0.36776 1.2727 -0.8093 -0.53997 -0.43726 0.41238 -1.7249 1.4539 -0.28701 -0.76893 -0.74688 0.27566 0.21655 -1.0807 0.69366 0.8019 -0.56955 0.83813 0.93964 -0.67772 -0.061061 -0.09603 0.30934 -0.33579
-0.92063 0.91238 1.137 0.73348 -0.32951 1.7399 -0.87813 -0.27591 -0.34651 -0.55421 -0.86789 -0.81121 -0.96914 0.49943 0.42048 -0.071678 1.1446 -0.1736 -0.32684 0.21863 1.192 -1.1525 0.88733 -0.5798 -1.1185 -0.63764 0.0086952 -0.020308 -1.0562 0.07249 0.99637 0.44063 0.64451 0.12271 0.13168 -0.51858 0.33299 0.62716 0.18043
-1.557 0.99641 1.5309 1.0264 -0.2701 -0.57019 0.14081 0.30811 -0.3038 -0.59669 -0.043244 -0.54603 -1.2365 0.32928 0.5457 -0.51606 1.1218 0.24755 0.018436 -0.064083 0.20883 -1.368 0.5941 -0.47796 -0.46705 -0.57925 -0.21883 -0.23278 -0.54988 -0.38897 0.53878 0.59344 0.19315 -0.62984 0.6435 -0.3357 0.56907 0.99245 0.32118
-1.2634 1.1177 0.80872 0.98814 -0.16975 0.606 -0.66223 0.76707 -0.393 1.2868 -0.75809 -1.0485 -1.2386 0.29908 0.24351 -0.57672 0.99514 0.29065 0.38916 -0.034817 -0.027524 -1.0778 0.27367 0.25334 0.22041 -0.38685 0.039969 -0.29433 -0.15494 -0.6669 0.17839 0.33382 -0.45716 -0.8822 0.69809 0.066621 0.49035 1.3143 0.39674
-0.9851 1.1831 1.3962 1.2135 0.31874 1.296 -0.023506 0.82268 -0.94188 -0.14847 -0.81476 -1.2982 -1.2183 0.15146 0.04087 -0.44605 0.56533 0.062899 0.2807 0.067681 -0.16855 -0.47679 1.0788 0.35364 0.49753 -0.28951 0.11523 -0.19902 0.47791 -0.67039 0.20039 -0.3679 -0.42235 -0.41604 0.87165 0.13508 0.4768 1.4115 0.37373
-1.1777 1.2413 0.82882 1.3145 -0.4686 1.2295 -0.71696 -0.056367 -1.0836 -0.03868 -0.10047 -0.24062 -1.4559 0.66222 0.14177 -0.40673 0.07735 0.30421 0.20351 -0.84992 -0.28402 -0.2038 0.791 -0.0855 0.97314 -0.062794 -0.083774 0.039326 0.66216 -0.53155 0.34485 -0.9726 -0.37142 -0.12048 0.63877 0.32972 -0.038748 1.2931 0.28013
-0.93808 0.98976 0.83449 1.5786 -0.060973 1.8369 -0.19543 -0.28625 -1.4669 0.28837 0.3232 -0.10614 -1.3065 0.37305 0.23813 0.32678 0.22813 0.67013 -0.6252 -0.58528 -0.45202 -0.064707 0.62235 0.57625 1.9234 -0.063275 -0.21528 0.20821 0.87799 -0.38418 0.21917 -1.2006 -0.079516 0.56958 0.48405 0.12493 -0.28965 0.39096 0.21668
-1.0672 0.94213 0.79957 1.3133 -0.2469 0.52429 -0.48684 0.050037 -0.42875 1.6603 -0.65497 -0.48643 -1.3374 0.013158 0.21828 0.32221 0.092669 0.70455 -1.099 -0.52893 -0.11975 -0.0077353 1.1894 0.0633 2.0395 0.0084027 -0.43753 0.19517 0.53068 -0.29516 -0.26916 -0.8626 0.97155 1.3535 0.30382 -0.27595 -0.3076 -0.92786 0.034031
-0.46932 1.4124 0.99843 0.82205 0.51195 -0.25589 -1.6613 0.59437 -0.58743 0.74104 -0.6516 0.40384 -1.2433 0.036238 0.382 0.89358 -0.21467 0.32954 -1.4634 -0.29357 0.81146 0.39286 1.1457 -0.26841 0.70778 0.06826 -0.28208 0.0421 -0.090232 -0.068612 -0.45253 -0.1541 1.419 1.1141 -0.1826 -0.93773 -0.23907 -1.8427 -0.016963
-0.94187 1.4595 1.6486 1.6687 0.96194 0.63243 -0.84409 0.0072406 -1.0216 1.4905 0.41852 1.2881 -1.3643 -0.056371 0.4256 0.34011 -0.29314 -0.032703 -1.0994 1.0353 1.6187 0.17584 -0.029588 -0.24437 -0.29029 -0.066241 -0.11422 -0.24943 -0.48204 0.32166 -0.33505 0.39316 1.5299 0.37219 -0.27226 -1.3653 0.05661 -1.7961 -0.071702
-1.2583 1.2586 1.352 1.3926 0.57716 0.186 -0.53099 0.23353 -1.3241 1.286 -0.7126 1.1058 -1.2814 -0.16636 0.2129 0.14334 0.28839 0.16578 -0.93556 1.6139 0.76366 -0.51763 -0.68892 0.27695 -0.59666 -0.056058 0.23551 -0.43728 -1.0016 0.31294 -0.37536 0.70024 0.72361 -0.64146 -0.028114 -1.3878 -0.40784 -0.95901 -0.017455
-0.92327 1.5242 1.7631 0.90196 -0.64236 -0.65177 -0.9699 1.1052 -0.14057 1.862 -0.27656 -0.38377 -1.3429 -0.12193 -0.14695 -0.23738 0.49964 0.14779 -0.58324 1.734 0.59555 -0.092339 -0.69398 -0.1099 -0.9008 -0.058757 0.54316 -0.38944 -0.90192 0.09684 -0.064609 0.87954 -0.50589 -1.3592 0.437 -0.744 -0.53332 0.067233 0.12052
-0.85872 1.3602 0.66264 1.0962 0.11252 0.26727 1.8932 2.1388 -1.054 -0.092361 -0.37172 -0.90364 -1.398 0.53642 -0.12186 -0.76038 0.029755 -0.47975 -0.33004 0.86172 0.11053 0.47375 -1.3691 -1.1042 -0.91994 0.033521 0.35239 -0.29871 -0.52383 -0.23175 0.091976 1.0255 -1.0672 -1.2005 0.36955 -0.44939 -0.78537 0.97687 0.13094
-1.1038 1.3084 1.2274 1.9191 0.8819 -1.2701 0.52139 0.058531 -1.5897 0.58355 -0.079556 -0.090193 -1.3319 0.67872 -0.11046 -0.95742 0.038926 0.19084 0.34651 0.30529 -0.61525 0.55404 -1.2116 -0.55684 -0.027038 0.10804 -0.012477 -0.13769 0.21057 -0.27191 -0.013527 0.8451 -1.4061 -0.86449 0.02354 -0.036108 -0.12721 1.1932 0.099915
-0.70285 1.2331 1.0812 1.6863 1.012 -0.17264 0.20379 1.0138 -0.53398 0.28547 -0.63995 0.4261 -1.3211 0.1359 -0.3444 -0.51243 0.055387 0.35736 0.63895 0.030125 -0.89349 -0.10137 -1.3459 -0.97368 0.87148 0.098511 -0.39606 -0.019264 0.53887 -0.24244 -0.19574 0.8696 -0.36881 0.16407 -0.25539 0.34917 0.68389 0.50528 -0.013233
-0.2493 1.344 0.65957 1.1779 -0.79674 0.43396 -0.045492 0.014743 -0.045237 -0.41455 -1.7968 0.043359 -1.2798 0.046674 -0.28299 0.047788 -0.057929 -0.2681 0.61229 -0.86785 -0.53384 0.24498 -0.77093 -0.41921 0.53735 0.09048 -0.51813 0.098252 0.56048 -0.28778 -0.47581 0.4914 0.39564 0.62695 -0.40642 0.65551 0.76766 -0.46688 -0.11798
-0.49514 1.2356 0.2533 1.0734 0.75801 0.33944 0.054535 0.15269 -0.36288 0.024612 -0.66806 0.34461 -1.1608 0.048879 -0.068347 -0.21686 -0.40684 -0.61106 1.2659 0.63322 0.37032 0.12206 -0.86198 0.098817 -0.23207 0.018957 -0.45322 0.18812 0.51811 -0.15038 -0.11423 -0.073184 0.65832 1.0198 -0.18005 0.91804 0.89471 -0.98833 -0.16936
-1.1845 1.0203 1.3135 1.2568 0.19699 0.056764 0.51634 0.73907 -1.3715 -0.83076 -1.3592 0.28309 -1.3463 -0.32697 -0.068319 -0.017156 -0.30688 -0.24436 1.0084 0.81194 -0.077266 -0.36494 -0.095689 0.33528 -0.43256 -0.065385 -0.27432 0.27882 0.38226 -0.093564 -0.028226 -0.50469 0.53661 0.55851 -0.051859 0.79502 0.25631 -0.53962 -0.18221
-0.77231 1.0786 0.9552 1.6204 0.11556 0.48252 0.16692 0.94212 -0.74384 -0.7507 -0.30541 -0.16811 -1.2834 -0.59587 -0.10873 0.52589 -0.11853 0.14729 0.29153 0.5562 0.78603 -0.15246 0.21454 0.31489 -0.63467 -0.12988 0.10607 0.26672 0.15036 0.0028539 0.22638 -0.74112 -0.67768 -0.28945 0.28735 1.052 -0.19766 -0.071759 -0.039444
-0.63987 1.4039 0.70169 1.1554 -0.074476 1.017 1.6733 0.53107 -0.7676 -0.4745 -0.25756 -0.16689 -1.298 -0.18951 0.24453 0.41867 -0.38531 -0.67392 0.090505 0.27818 0.29965 0.28171 0.33577 -0.054548 -0.36285 -0.1647 0.40561 0.19706 -0.16623 -0.01996 0.32834 -0.46873 -1.1196 -0.58307 0.2852 0.83381 -0.56751 0.090487 0.088745
-0.93553 1.1302 0.77885 0.92661 0.25382 1.4661 0.70344 0.23294 -0.76521 0.37446 -1.1455 -0.0075639 -1.3745 0.18707 0.26063 -0.14245 -0.3554 0.084909 0.24488 -0.57082 -0.36946 0.37433 1.096 -0.08199 -0.44087 -0.0022357 0.46682 -0.00295 -0.40252 0.18074 0.55548 -0.11456 -1.2911 -0.95651 -0.10025 0.60993 -0.45805 0.082547 0.17933
-1.2173 1.1038 1.4284 1.0733 -0.079276 -0.018319 0.29209 1.4767 -0.34693 -0.29656 -1.2431 -0.67125 -1.3694 0.091254 0.10619 -0.0049345 -0.22247 0.47141 0.094438 -1.0339 -0.60233 -0.057008 1.1884 -0.53322 -0.38174 0.032277 0.28618 -0.19826 -0.3163 0.47031 0.84188 0.048055 -0.82422 -0.56186 -0.42843 0.22006 0.011509 -0.075147 0.19764
-0.75146 1.5684 0.96205 0.68637 -0.45213 0.27222 0.60796 0.43096 -0.44462 0.028894 -0.56671 0.30491 -1.3902 0.19662 -0.04276 -0.04273 0.17287 0.71225 0.057803 -1.5612 -0.56721 -0.18009 1.0523 -0.30813 -0.49325 0.097299 0.16719 -0.14192 -0.11449 0.45669 0.36682 0.063144 -0.18526 -0.16952 -0.39483 -0.22841 0.24907 -0.056779 0.11147
-0.64583 1.2263 0.80588 1.2228 0.74339 1.0663 -0.48447 0.042955 -0.91163 0.99047 -1.01 -0.62346 -1.2503 0.37506 0.039167 -0.24433 0.31038 0.7213 0.27623 -1.0087 -0.66446 -0.29223 0.81939 0.073714 -0.51733 0.14439 0.18862 -0.015572 -0.17563 0.2936 0.11268 0.14786 0.15699 -0.054881 -0.14756 -0.24025 0.43029 -0.058483 0.074491
