39 166
-1.4185 0.73026 -0.2141 0.75224 0.5931 1.4716 -0.31326 0.20901 -0.021755 0.081779 0.93012 1.2777 -1.3195 0.53952 0.25035 0.55524 -0.010712 -0.053641 -1.3615 0.36926 0.20057 -0.59812 0.2939 -0.5552 -1.3386 -0.091155 -0.056684 0.050016 0.3289 0.3022 0.056046 0.50168 -0.11813 0.39862 -0.053496 0.31935 -0.046465 0.26899 0.019801
-1.1474 0.95957 0.11423 0.99587 -0.055669 -0.16935 -1.0214 -0.28509 -1.2911 0.23514 0.7175 -1.2463 -1.3466 0.6525 0.35654 0.97979 0.21825 -0.045727 -1.2228 0.43604 0.62625 -0.83839 0.67638 -0.76474 -1.2168 -0.049688 -0.18008 -0.019124 0.28314 0.53185 0.2272 1.1723 0.067794 0.67212 0.096482 0.070716 0.14579 0.584 0.02478
-0.84157 1.0245 0.022366 0.48824 0.066361 -0.12541 0.54117 0.25585 0.19176 0.24244 -0.43913 -0.38906 -1.3783 0.3624 0.2873 0.93138 0.49892 0.063144 -0.3682 0.039777 0.75062 -0.58455 0.77373 -0.51141 -0.76353 -0.072338 -0.40314 -0.10631 0.25185 0.5488 0.45669 1.703 0.2771 0.78067 0.38289 -0.43694 0.16755 1.0875 0.013881
-0.86246 0.9301 0.52917 0.83582 1.0189 0.076875 0.15225 0.81977 -1.2154 0.60365 0.81964 0.21716 -1.4488 0.29155 0.19476 0.87106 0.8408 0.34218 0.60409 0.64095 1.2099 -0.39315 0.21502 -0.24507 -0.31996 -0.051518 -0.5632 -0.18676 -0.2173 0.27611 0.32148 1.4589 0.078785 0.22216 0.54089 -0.92216 0.26249 0.69074 0.023701
-0.73828 1.1598 0.97156 1.3111 0.36119 0.22943 0.042928 1.1672 -1.3442 1.1797 -0.051694 -0.20047 -1.3114 -0.0067972 0.13377 1.0557 0.81994 0.65378 1.2947 0.82748 1.4001 -0.0010919 -0.35579 -0.43852 0.59031 -0.061979 -0.54729 -0.18121 -0.65986 -0.12684 0.11867 0.47889 0.023224 -0.34785 0.63908 -1.0091 -0.10668 0.11243 0.072903
-1.2686 0.99172 0.53167 1.6189 0.51349 1.3742 -0.89414 0.84693 -0.60749 0.93492 0.54372 0.048404 -1.4321 -0.16973 0.087876 0.49713 0.62707 0.29689 1.0061 0.17296 0.72793 0.024878 -0.63461 -0.23061 -0.36052 -0.0078792 -0.54723 -0.39974 -1.0683 -0.62936 -0.15499 -0.36415 -0.26019 -1.0942 0.88586 -0.20653 -0.12063 0.10506 0.1076
-0.8068 1.0375 0.75921 2.0515 0.87395 1.598 1.1865 1.7707 -0.95155 -0.18601 0.44086 -0.38315 -1.386 -0.38595 0.0055117 -0.11963 0.32899 0.32855 0.44587 0.2841 0.33117 0.56982 -0.85549 -0.7027 -0.44041 0.046655 -0.2112 -0.51353 -0.93 -1.0609 -0.39134 -0.73647 -0.30734 -1.4066 0.68744 0.83781 0.14121 0.26615 0.22873
-1.0302 1.1959 1.5162 1.6326 1.0416 1.0267 0.74102 1.7198 -0.78329 -0.30116 -0.63879 0.10702 -1.4684 -0.49777 -0.47826 -0.5337 -0.24572 0.21435 0.28427 0.30859 -0.33915 1.2086 0.057164 -0.32557 0.48255 0.10114 0.098218 -0.56715 -0.13538 -1.1346 -0.62384 -0.24913 -0.57993 -1.1865 0.68571 1.5546 0.297 0.85036 0.30143
-1.0079 1.0722 0.34289 1.1972 0.53583 0.93436 0.11892 1.0515 -0.21705 -0.0078596 -0.078181 -1.0803 -1.3575 -0.23374 -0.52959 -0.16587 -0.98171 -0.055917 0.1344 0.053392 -0.74564 0.8731 1.033 -0.068391 0.79866 0.32147 0.97652 -0.81939 0.2435 -1.1099 -0.94292 0.32648 -0.98487 -0.87249 0.053414 1.3067 0.67999 0.50971 0.65942
-1.4693 0.95841 0.43884 1.694 1.454 0.65192 0.16142 1.3605 -0.59947 0.025509 -0.15676 -0.22006 -1.318 -0.095435 -0.68963 0.25107 -1.1105 -0.71485 0.65769 -1.0089 -0.99327 1.3356 1.6262 0.093363 0.8928 0.43133 1.832 -1.0891 0.21349 -0.82937 -0.90562 0.11595 -0.98463 -0.48686 -0.81721 0.033572 0.14549 -0.17532 1.0873
-1.4545 0.34995 0.25982 0.98265 0.31476 1.5094 0.35582 0.39603 1.2366 1.8996 -0.048136 1.2708 -1.204 1.1 -1.3978 -0.081352 -1.5797 -1.0325 0.95618 -1.2322 -1.0026 0.62665 1.0565 0.51184 0.50254 1.1408 2.285 -1.1893 -0.42711 -0.37304 -0.63136 -0.32664 -0.55668 -0.20062 -1.2542 -1.1365 -0.32019 -0.64664 1.1974
-1.1116 0.61764 0.9608 0.019021 0.60201 1.8091 -0.068288 0.35164 -0.095999 1.6988 0.58526 0.82171 -0.98622 2.0193 -2.0492 -0.20073 -1.6987 -1.0503 0.13105 -1.2231 -1.1362 -0.39571 0.13027 -0.28428 0.32123 1.7667 1.9338 -0.92927 -1.1146 0.025825 -0.097684 -1.0883 0.055238 0.082148 -1.8077 -1.9311 -0.5964 -1.2216 1.0385
-0.7651 0.46816 1.6304 0.6043 -0.40471 2.2752 -0.69617 0.84407 1.2394 1.3788 -0.18653 0.33416 -0.9296 2.6854 -2.0392 -0.74803 -1.4814 -1.1068 -0.26823 -1.0863 -1.0539 -0.91622 -0.53454 -0.50009 -0.22772 1.939 0.66755 -0.37724 -1.2545 0.62779 0.32497 -1.078 0.75863 0.63965 -1.0143 -1.3176 -0.32206 -1.2128 0.40813
0.77245 -0.7401 0.37015 -1.1105 -0.41523 1.7875 -1.4915 0.11744 -0.47786 0.53014 0.21897 -0.078536 0.33147 2.4739 -2.08 -1.4935 -1.1159 -0.8565 -0.98545 -1.0021 -0.80816 -1.7227 -1.5239 -0.5858 -1.2775 2.0145 -0.6851 0.33759 -1.0999 0.86955 0.65964 -0.49592 1.4621 1.1809 -0.12954 -0.34959 0.59434 -0.75785 -0.25658
1.0781 -1.4431 -0.39266 -0.78313 -0.38663 0.16568 -1.2603 -0.62975 -1.2912 0.15894 -0.83666 -0.16324 0.85272 2.0192 -2.0781 -1.7713 -0.56332 -0.48472 -0.7196 0.26184 0.055876 -0.85567 -0.80351 0.038269 -1.2148 1.797 -1.7755 1.0326 -0.26291 0.98735 0.64394 -0.09333 1.8783 1.687 0.81991 0.60816 0.85725 0.43504 -0.9138
1.2756 -0.98421 -0.22012 -0.21798 -0.27616 0.92913 -0.80656 -0.063511 -1.0195 0.48111 -0.49331 0.50754 0.60473 1.1322 -1.4107 -1.7399 -0.34226 -0.064583 -0.66249 1.2322 0.56342 -0.69395 -0.43643 0.69549 -0.73402 1.3502 -1.7978 1.4996 0.51444 0.7839 0.30066 0.24542 1.7545 1.8074 1.5043 1.1709 0.96531 1.5581 -1.2774
1.0038 -1.608 -0.88563 -1.004 -1.0734 0.61163 -1.2918 -0.50013 -1.4586 -0.095465 -0.26758 -1.2304 1.0199 0.22832 -0.47666 -1.1295 0.19462 -0.23655 -0.60877 1.8282 1.4798 0.31661 0.1853 0.64563 0.48973 0.53032 -1.2958 1.4114 0.62209 0.43622 -0.13358 -0.27272 0.82711 1.156 1.1813 0.71436 0.45891 1.6435 -1.1792
1.3516 -1.5765 -0.26264 -0.51552 -0.1206 1.5956 0.65463 1.4782 -0.20499 1.0275 0.96555 -1.0667 1.0828 0.20234 -0.1245 -0.88322 0.14076 -0.38322 -0.51299 1.9781 1.929 0.89093 0.39978 1.1178 1.2488 0.21376 -0.40625 0.9647 0.55889 0.34924 -0.55072 -0.44426 -0.29301 0.4464 0.81242 0.26188 -0.15284 1.2473 -0.92607
1.0179 -1.3946 -0.82562 -0.50871 -0.53874 0.77016 0.65038 1.1413 -0.58954 0.24775 0.52499 -0.31224 1.1128 0.19556 -0.12728 -1.0696 0.1007 -0.57413 -1.3478 1.6419 1.5801 0.86609 0.25978 0.7992 1.3541 0.11834 0.19305 0.46851 0.36128 0.1728 -0.7056 -0.40482 -1.4055 -0.75175 0.058363 -0.31318 -0.66019 0.2948 -0.55426
1.2339 -1.3927 -1.2915 -0.72315 -0.92331 -0.20497 0.87333 1.6159 -0.51174 0.7363 0.12447 1.6216 1.0184 0.41639 0.18691 -0.75665 0.42758 -0.9573 -1.2044 0.65016 1.3673 0.7626 0.079516 0.34026 1.5512 -0.20801 0.25953 0.21998 0.71258 0.19225 -0.51946 0.17686 -1.7544 -1.2771 -0.16319 -0.38353 -0.82038 -0.44968 -0.3874
1.499 -1.4347 -1.2279 -0.26685 -1.0246 -0.28989 1.4398 1.8501 0.15464 0.78132 0.72805 1.5617 0.95582 0.43762 0.22737 -0.5446 0.4036 -1.3128 -1.0922 -0.59478 0.33007 0.51163 -0.28105 -0.28114 1.0294 -0.31395 0.0061085 0.13882 1.0497 0.14901 -0.053234 0.99969 -1.3863 -1.4553 -0.19538 -0.42657 -0.43209 -1.0167 -0.1484
1.3698 -1.3587 -1.5077 -0.38968 -1.3665 -0.84627 1.0004 1.7297 0.022059 0.60069 0.729 0.75926 0.89493 0.51395 0.10081 0.15141 0.38256 -1.0145 -0.256 -0.74681 0.1217 0.72878 -0.10061 0.014967 0.51806 -0.30706 -0.3568 -0.03677 0.95511 -0.1563 0.78084 1.0437 -0.32426 -1.3412 -0.41224 -0.28295 0.040908 -1.19 0.22466
1.6311 -1.38 -1.2276 -0.15017 -2.2776 -0.071479 -0.34586 2.0501 -0.089815 0.23211 0.51328 0.37764 0.79481 0.13602 0.16913 0.39624 0.42566 -0.63772 0.27995 -0.70483 -0.5693 0.47531 -0.50926 0.1126 -0.22884 -0.11335 -0.58908 -0.12265 0.67278 -0.33241 1.5216 0.96985 0.9158 -0.82029 -0.66042 -0.040822 0.28912 -0.96048 0.46315
1.7372 -1.1659 -0.85427 0.096275 -1.8189 -0.049584 -0.12264 1.5866 0.45403 0.5317 0.22398 1.0438 0.72921 -0.078529 0.14646 0.51805 0.077896 0.23811 0.30341 -0.037764 -0.73762 -0.087211 -0.37086 0.26102 -0.28787 0.12189 -0.71003 -0.19284 0.0090667 -0.43244 1.9608 0.63438 1.5258 -0.7771 -0.82097 -0.0003303 -0.1477 -0.70221 0.55421
1.6214 -1.3569 -0.81992 -0.18134 -1.8509 -0.0054266 0.16382 1.404 0.53568 0.4023 0.57263 1.607 0.76582 -0.31825 -0.022977 0.4957 -0.15251 1.0372 0.66778 0.99593 -0.80155 -0.47509 -0.2137 0.22084 -0.54757 0.35657 -0.57283 -0.3075 -0.47486 -0.35831 1.9582 0.7329 1.2185 -0.60221 -0.71925 -0.08172 -0.88771 -0.6445 0.4313
1.3031 -1.1805 -1.0517 0.071659 -1.6916 -0.092305 0.44829 0.80387 0.17381 -0.028251 0.63343 0.96548 0.98003 -0.52264 -0.15976 0.099318 -0.24686 1.98 0.88966 1.6704 -1.2411 -0.5315 -0.2331 -0.30707 -0.75298 0.51663 -0.5325 -0.19721 -0.6789 -0.12475 1.5875 0.84956 0.12846 -0.67535 -0.32855 -0.25692 -1.6318 -0.45557 0.20224
1.417 -1.2731 -0.7231 -0.36708 -0.4282 -0.1956 1.5089 1.1682 -0.41196 0.40009 1.3049 0.35138 1.1416 -0.66561 -0.24526 -0.29064 -0.1748 2.3183 1.532 1.0425 -1.463 -0.82213 -0.72981 -1.384 -1.3039 0.51355 -0.39221 -0.026912 -0.51273 -0.031603 1.033 0.53754 -0.96503 -0.63381 0.19974 -0.15709 -1.7044 0.13319 -0.073189
1.0773 -1.4377 -0.87294 -0.58112 -0.30264 0.6631 1.8015 0.92831 -0.85103 0.26821 0.51757 -0.44102 1.265 -0.85798 -0.10705 -0.36192 -0.18336 2.7022 1.6599 0.17742 -1.6918 -0.60404 -0.62388 -2.2383 -0.81536 0.43085 -0.31465 0.14356 -0.26616 0.037888 0.12829 -0.087771 -1.5772 -0.68291 0.59438 -0.13856 -1.1373 0.60847 -0.26249
1.1754 -1.4821 -1.0421 -0.20253 0.72077 1.4123 1.6889 -0.015783 -0.21959 -0.040204 -0.5261 0.082768 1.3056 -0.85826 -0.10077 -0.23988 -0.26107 2.7003 1.4201 -0.38957 -1.7819 -0.007907 -0.32459 -2.2637 -0.16938 0.26168 -0.061999 0.29247 0.07193 0.060006 -0.45111 -0.87327 -1.1553 -0.39275 0.99686 0.10695 0.26972 0.89269 -0.28233
0.87747 -1.4038 -1.249 -0.068612 1.2565 2.0477 0.74364 -0.56275 -0.70912 -0.78477 -1.7512 -0.40661 1.2617 -0.99828 0.030079 -0.43681 -0.13461 2.0505 0.77813 -1.0727 -2.381 0.32991 -0.70399 -2.1581 0.037973 0.1438 0.18493 0.22879 0.27902 0.028206 -1.0756 -1.2671 -0.43233 0.20975 0.85138 -0.073797 1.4802 0.4335 -0.16058
0.39204 -1.3002 -1.1912 -0.5594 1.9265 1.6048 0.26857 -0.8304 -0.42839 -0.23235 -1.6765 0.76851 1.3514 -0.72538 0.22215 -0.13944 -0.083615 1.7767 0.16619 -0.87703 -1.8645 0.83366 -0.45438 -0.83869 0.23235 0.12047 0.4261 0.16782 0.39089 0.068013 -1.251 -1.1261 0.30957 0.82474 0.46753 -0.31097 1.883 0.11336 0.0026606
0.45884 -1.3244 -1.0079 -0.57022 2.3404 1.2966 0.69664 -1.0981 0.069496 0.099684 -1.1226 0.27785 1.3435 -0.6223 0.15033 0.084136 -0.22331 1.0798 -0.34162 -0.55607 -1.2478 0.78916 -0.69441 0.10901 -0.030291 0.19703 0.54973 0.01462 0.36413 0.10348 -1.0677 -0.42456 0.90749 1.5265 0.095987 -0.67562 1.4524 -0.16924 0.041848
0.2333 -1.3277 -1.3247 -0.55762 2.0517 0.97063 0.23008 -2.2125 -0.21897 -0.88086 -1.5077 -0.29077 1.3492 -0.32217 0.1458 0.20256 -0.084357 0.75975 -0.35428 -0.016842 -0.77311 0.76174 -0.95134 0.48585 0.16956 0.24194 0.33625 -0.068255 -0.079459 0.02797 -1.0868 0.029449 0.91547 1.6404 -0.26768 -1.0613 0.28559 0.035142 -0.0073344
0.50029 -1.1447 -0.98109 -0.35963 2.4699 1.5281 0.74705 -1.3355 0.82654 -0.38884 -0.69689 0.080252 1.4389 -0.2595 0.093195 0.045679 0.072606 0.49019 0.16808 0.42441 -0.013125 0.57658 -1.8255 0.18251 -0.22708 0.16467 0.3679 -0.047234 -0.23318 -0.17675 -1.3773 -0.082916 0.67297 1.7459 -0.31932 -0.47146 -0.4615 0.52966 -0.15459
0.32881 -1.3507 -0.99762 -0.51966 2.3061 1.1845 0.38862 -1.6374 0.51832 -1.5248 -1.0554 0.024294 1.5658 -0.33992 0.12323 -0.28609 -0.18329 -0.034469 -0.011495 0.57726 0.64893 0.3788 -2.0499 -0.25764 0.46913 0.12446 0.48716 0.21583 -0.0042035 -0.26023 -2.1376 -0.61171 -0.038979 1.3365 -0.56383 0.50052 -0.73178 0.4624 -0.49319
0.31853 -1.1432 -0.99931 -0.34948 2.6685 1.4375 0.5655 -1.5354 0.17354 -1.7475 -1.3261 0.51538 1.5511 0.0088278 0.072796 -0.12137 -0.55542 -1.1952 -0.67034 0.56572 1.373 0.30989 -1.0963 -0.42862 1.0105 -0.037238 0.60375 1.1093 0.8461 0.20042 -2.4245 -0.96347 -0.73006 0.69072 -0.72393 1.8174 -0.083049 0.10791 -1.1203
-0.015837 -1.2198 -1.1953 -0.53471 2.7182 1.7638 1.228 -0.70694 0.58138 -2.6459 -1.3152 -0.02197 1.4561 0.37458 0.55101 0.25921 -0.32723 -2.5511 -1.1959 -0.21201 1.0851 -0.29462 -0.2732 -0.67047 0.59821 -0.59581 0.57942 1.3272 1.553 0.67999 -1.8143 -0.6335 -0.82131 0.24406 -0.45168 2.6159 0.67237 -0.66628 -1.3745
0.064882 -1.15 -1.5633 -1.0054 1.7319 0.73123 1.3652 -0.60602 0.60716 -2.6111 -1.5422 0.98358 1.4726 0.41814 1.9176 1.3168 0.55498 -2.9639 -1.2346 -0.80359 1.0887 -0.61622 1.0304 0.25316 0.0015955 -1.6097 0.35539 0.62136 1.3549 0.74713 -0.29821 -0.038969 -0.36227 -0.083349 -0.10037 2.5672 0.6566 -0.9291 -0.84197
0.67282 -1.2104 -1.055 -1.4127 -0.33145 -0.19266 0.78519 -0.042628 0.59561 -1.3234 -1.6994 1.3631 1.2896 0.44775 1.64 1.8443 0.67891 -2.6736 -1.0357 -0.55852 1.2593 -0.10982 2.269 0.8099 -0.38039 -1.7087 0.041291 -0.69668 0.45997 0.29501 1.5069 0.59803 0.51868 -0.12659 0.40249 1.6094 0.24078 -0.71789 0.33123
1.0768 -0.22994 -0.26715 -0.30026 -1.2809 0.035688 -0.31023 -0.35343 -0.12072 -0.76986 -1.5195 0.35031 0.49952 0.5726 0.66918 1.5698 0.4999 -1.7034 -0.81609 -0.086376 1.1298 0.011452 2.9149 0.20739 -0.41337 -1.0846 -0.38219 -2.0047 -0.9652 -0.52356 2.7792 0.80187 1.0461 -0.48274 0.71242 -0.28121 -0.39912 -0.20685 1.5928
0.39687 1.4685 0.82255 1.0577 -0.80464 0.040947 -0.75517 -0.28417 -0.80784 -0.3597 -0.28123 -0.34302 -0.78047 0.34814 -0.10809 0.96324 0.30933 -0.23376 -0.1415 0.51375 0.82593 0.25278 2.102 -0.12138 -0.65807 -0.22495 -0.69661 -2.2173 -1.7398 -1.1009 2.908 0.59696 0.92647 -0.75299 0.69763 -2.0115 -0.56861 0.37329 2.1299
0.56482 -0.30357 0.50979 -0.03754 -0.078887 0.52097 1.1297 0.82346 1.0315 1.0255 -0.39601 0.070525 0.073065 -0.22219 -0.89733 -0.044684 -0.37006 1.2427 0.0073789 0.88799 0.3877 0.72153 0.55302 -0.063054 -0.23604 0.68759 -0.58942 -1.6346 -1.6474 -1.2495 1.7879 0.21709 0.28624 -0.90621 0.54878 -2.6568 -0.21958 0.80489 1.7847
0.83608 -1.4613 -0.4015 -0.8153 0.18945 0.0072899 1.6586 0.87059 0.74448 0.90279 -2.1261 0.21168 0.98792 -0.39511 -1.6569 -0.58136 -1.2082 1.5309 -0.18591 0.92267 0.19741 1.0228 -0.66044 -0.18321 0.38878 1.4687 -0.44934 -0.21169 -0.89986 -0.88003 0.086392 -0.31191 -0.47559 -0.94649 0.12621 -2.2274 0.048484 0.98263 0.68254
0.79836 -1.1218 -0.52721 -0.75076 0.43263 0.086317 1.4315 0.19777 0.67712 -0.14069 -1.8616 0.35341 1.3807 -0.10849 -1.5647 -0.71995 -1.3755 0.90946 -0.32513 0.28965 -0.28103 0.79816 -1.138 -0.17656 0.83931 1.4737 -0.21771 1.3839 0.28038 -0.012466 -1.2281 -0.083491 -0.56572 -0.3579 -0.15842 -0.87907 0.022417 0.51023 -0.78366
0.31252 -1.2035 -0.52259 -1.3433 1.0014 -0.24086 0.80128 0.07954 1.2166 -0.92852 -0.96951 0.62895 1.4353 -0.51634 -0.1657 -0.38043 -1.0463 0.11273 -0.61046 -0.25809 -0.64161 0.48932 -1.6059 0.068483 0.95852 0.68539 -0.11325 1.9652 1.0771 0.81297 -1.691 -0.013789 -0.42168 0.10247 -0.58148 0.88039 0.062856 -0.21688 -1.7548
0.3309 -1.088 -0.021267 -1.2857 0.80644 -0.078125 0.61245 0.08322 1.036 -1.366 -0.92478 0.45828 1.4137 -0.56394 0.90038 0.35364 -0.48761 -0.42963 0.061123 0.21198 0.1276 0.65902 -0.76161 -0.10907 0.62827 -0.41337 0.02285 1.7714 1.1958 1.3187 -1.6986 -0.15428 -0.2047 0.36067 -1.0631 2.2033 -0.01918 -0.72149 -1.9868
0.54137 -0.843 -0.024306 -1.1511 0.38318 -0.22665 0.49297 -0.072134 0.88469 -0.54199 -0.65364 1.1172 1.0135 -0.38698 0.72307 0.85224 0.044522 -1.0829 -0.39211 0.0073799 0.19129 -0.13479 0.97334 -0.054459 0.096481 -0.9324 0.047337 1.1092 0.97736 1.7011 -1.104 0.074624 -0.20181 0.48045 -1.5737 2.5045 0.38473 -0.98173 -1.778
-0.034856 -0.99296 -0.55207 -2.079 -0.095921 -0.63929 1.5484 0.1795 1.9353 -0.99211 -1.5409 1.5563 1.3634 -0.15464 1.247 0.85346 0.83767 -1.7907 -0.74056 -0.32684 -0.0069457 -1.1391 2.1081 -0.12029 -0.2011 -1.5044 -0.38929 0.70239 0.37325 1.7368 -0.40482 0.14961 -0.63182 0.15627 -1.9348 1.2547 0.99409 -1.0128 -1.344
0.2739 -0.041407 0.10338 -1.1252 -0.24886 0.57765 2.1239 1.2557 1.5376 -0.2392 -2.6501 0.63284 0.34186 -0.65961 1.6991 1.1559 1.8527 -1.3463 -0.038179 -0.46617 0.34459 -1.9446 2.113 0.89454 -0.65191 -2.1579 -0.73413 0.6388 -0.051381 1.4686 0.60027 0.56243 -0.82718 0.015828 -1.4488 -0.30422 1.3419 -0.90962 -0.94614
0.23701 -0.61685 0.76719 -0.51315 -0.91545 -1.1679 0.2117 -0.16086 -0.20702 1.4106 -0.63187 0.18133 0.32839 -1.1302 1.7023 0.87216 2.2448 -1.0751 0.21209 -0.96092 0.35173 -2.5356 1.2584 1.4825 -1.0888 -2.3618 -0.78497 0.063758 -0.50865 0.61059 1.3282 0.56923 -0.73869 -0.10096 -0.077748 -1.3779 1.1436 -0.28467 -0.098889
0.19162 0.45633 0.44614 0.11459 -1.7322 -1.4368 -0.26335 -0.16362 -0.93602 1.6855 -0.72654 0.50605 -0.51721 -1.2051 1.6684 0.72887 2.4142 -0.25952 0.32099 -1.5088 0.044946 -2.5045 0.79009 1.9212 -1.3314 -2.3062 -0.34849 -0.39079 -1.1209 -0.38242 1.4506 0.41671 -0.014603 0.18549 1.4485 -1.747 -0.070371 0.36819 0.71104
-0.74762 0.96387 1.2963 1.7143 -0.59154 0.77997 0.45639 1.0407 -1.7193 0.92469 0.61656 -0.15316 -1.3796 -1.2767 1.3777 0.1083 1.8286 0.26535 0.28346 -1.4469 -0.046815 -1.0172 -0.041063 1.7381 -0.40342 -1.6171 0.2533 -0.88231 -1.0348 -0.99255 1.3144 0.36361 0.77166 0.26349 2.2594 -1.3389 -0.66736 0.75999 1.2998
-1.0609 0.73555 0.19914 1.1934 -1.2567 -0.081237 -0.21721 0.62504 -1.9458 0.28454 0.23468 -0.15507 -1.4229 -1.2175 1.1407 -0.55178 1.2473 0.82132 0.81147 -0.29486 0.90037 0.37746 -0.80521 0.65689 -0.14759 -1.1726 0.74341 -1.5979 -0.72332 -1.77 0.54028 0.2576 1.0848 0.025458 2.3864 -0.62269 -1.2735 0.84321 1.8068
-1.0624 0.95105 0.52466 1.3174 -0.14185 -0.19207 -0.4555 0.34632 -1.2557 0.56364 -0.037879 -0.80376 -1.3351 -0.70225 0.34139 -0.4181 0.73361 0.95704 0.74137 0.064898 0.42926 0.82586 -0.67463 0.78448 -6.8239e-05 -0.44807 1.2189 -1.9399 0.031259 -2.106 -0.063319 0.23084 0.92141 -0.63954 1.6578 -0.10891 -1.2515 0.3353 2.0251
-0.82244 1.2933 0.56859 1.6039 -0.33926 0.050773 -0.78874 0.60679 0.10021 0.75507 0.11083 0.58846 -1.3642 -0.21311 -0.75427 -0.36312 -0.7655 0.45886 0.64531 0.046992 -0.14173 1.6459 -0.15455 -0.17114 0.32458 0.55653 1.6196 -1.7284 0.39587 -2.0055 -0.8109 -0.28595 0.31459 -1.6312 0.56511 -0.21141 -1.0208 -0.045777 1.9728
-1.2509 0.88196 -0.0015594 1.5701 -0.14575 -0.11031 0.1507 1.5199 -0.20196 0.47711 0.35003 -0.0060588 -1.3825 0.33229 -1.2447 0.052598 -1.5976 0.33475 0.86399 0.33957 -0.74239 1.874 -0.57384 -0.37203 0.1375 1.3818 1.3072 -0.90615 0.61508 -1.2974 -0.94274 -0.67623 0.086581 -1.8807 -0.15254 -0.67433 -1.3077 -0.41656 1.387
-0.85348 0.95904 0.47995 1.811 -0.17831 0.68533 0.23603 0.48577 -0.71062 0.43261 1.0688 0.14074 -1.4 1.0775 -1.2471 -0.075009 -1.8086 -0.43597 0.16913 0.20974 -1.6213 1.0598 -1.2733 -0.81745 -0.25014 1.6763 0.6595 0.045196 1.046 0.032157 -0.41208 -1.1065 -0.17997 -1.798 -0.61432 -0.58783 -0.99228 -0.29198 0.46966
-1.2055 -0.47245 0.67329 -0.56578 -0.28526 1.6051 0.016413 0.49293 0.97921 0.57436 -0.39741 0.090394 -0.30905 0.9182 -1.0807 0.55489 -1.4795 -0.42086 -0.41604 0.13119 -2.4142 0.80216 -1.4826 -1.5314 -0.53536 1.6388 0.04707 0.36932 0.58232 0.91801 0.36814 -1.2226 -0.047765 -0.82823 -0.74758 0.1433 -0.53789 0.037171 -0.21917
-0.31324 -0.38474 0.25244 -1.3587 -0.47312 0.34874 -0.14204 -0.95694 1.2513 -0.79369 -0.57401 -0.31367 0.56489 0.62636 -0.75507 1.2987 -0.76745 0.045303 -1.008 -0.27897 -2.7313 0.88497 -0.89008 -1.5858 0.10341 1.3255 -0.12539 0.36506 -0.23475 1.6024 0.92701 -0.57222 0.50684 0.35982 -0.72924 0.83956 0.23071 0.21249 -0.58259
0.62449 0.33628 0.408 -0.22976 -1.0173 -0.63597 -0.40653 -1.6593 0.059543 -1.1131 -0.94914 -0.81318 0.24815 0.61876 -0.8134 0.42226 -0.20095 0.82295 -1.0832 0.44036 -1.7638 0.3817 -0.45553 -1.0534 0.10343 1.1411 0.022863 -0.054357 -1.3012 1.5053 0.95211 0.50737 0.86931 1.4213 -0.91654 0.99105 0.6834 -0.23032 -0.54914
-0.51047 0.21524 1.3811 0.39908 -0.63678 -0.43427 -0.035002 -1.8667 1.1344 -0.90112 -1.5157 0.061432 0.048779 0.98637 -0.71128 -0.46142 0.90642 0.75988 -0.67575 1.1139 -1.2576 -0.27078 -0.048609 -0.55084 -0.053834 0.81596 0.072489 -0.49094 -1.9057 0.7161 0.85407 1.4672 0.9418 1.6663 -1.0164 0.52418 0.67781 -1.0555 -0.099017
-0.89538 -0.20353 1.8092 0.61073 0.48727 -0.85368 -0.20664 -1.9413 0.9344 0.07281 -0.89176 0.56003 0.017301 0.75675 -1.2046 -0.98765 0.83396 1.0885 0.49233 1.2792 -0.4382 -0.55828 0.14568 -0.61792 -0.88316 0.84818 0.20707 -0.41551 -1.7111 -0.12876 0.44978 1.5615 0.29508 0.99761 -1.0035 -0.13556 0.42924 -1.5189 0.19491
0.18542 -0.83551 0.122 -0.017289 1.2132 0.1852 1.3102 -1.2811 0.21871 -0.12236 -0.37506 -0.085312 0.75069 0.66275 -1.4644 -1.5356 0.20834 1.5882 1.2817 1.3032 -0.21404 -0.79524 -0.099412 -0.384 -1.5854 1.2849 0.014416 -0.0222 -1.1745 -0.7755 -1.8306e-05 1.0315 -0.3028 0.56179 -0.4979 -0.54717 0.31155 -1.0505 0.16333
0.83901 -1.2261 -0.49157 0.4028 -0.20246 0.27352 1.4785 -1.8152 0.68156 -0.32203 -1.6347 -0.65923 1.2139 1.1214 -1.203 -2.2204 -0.13272 1.2967 1.2126 0.94534 -0.38053 -1.4789 -0.69224 -0.22537 -2.2987 1.2801 -0.27451 0.67859 -0.065959 -0.61523 -0.53287 -0.0057285 -0.81974 0.28651 0.3438 -0.40701 0.66372 0.43423 -0.40245
0.75087 -1.1024 -0.44206 0.33117 0.82292 0.56626 1.0268 -1.9269 -0.23771 -1.218 -1.7164 -2.3618 1.319 0.80781 -0.75483 -2.0337 -0.2491 0.66728 1.1324 0.58436 -0.21241 -0.86022 -0.73615 -0.076262 -1.5176 0.91326 -0.62793 1.0045 0.92015 -0.32698 -0.81019 -0.66546 -0.99338 0.61255 1.2179 0.11861 1.0469 2.1301 -0.97164
0.468 -1.015 -0.29115 0.38815 1.8318 1.0705 1.2525 -2.064 -0.88565 -0.93257 -1.3206 -2.3562 1.4756 0.18249 -0.31322 -0.87958 -0.23964 0.52223 0.57073 -0.1784 0.11011 0.21089 -0.35492 0.61898 0.070439 0.26834 -0.7739 0.86873 1.3717 -0.15986 -0.99651 -0.9259 -0.69223 1.0944 2.0827 0.59522 1.2033 3.2184 -1.0176
0.51614 -1.2615 -0.92127 0.13354 1.5264 0.75466 1.1993 -2.326 -1.0736 -1.2978 -1.2194 -2.3959 1.3511 0.012135 -0.063814 -0.52551 -0.43525 0.40834 0.2296 -0.32839 0.71144 0.9517 -0.0087889 1.3679 1.8257 -0.060317 -0.36717 0.637 1.123 -0.12727 -1.1484 -1.0102 -0.38934 1.2794 1.9076 0.3862 0.90954 2.5594 -0.73502
0.5428 -1.3012 -1.123 -0.056084 1.0983 0.92515 1.2322 -1.5613 0.21929 -0.46626 -0.57305 -0.74724 1.2871 0.14378 0.047321 -0.45986 -0.38576 -0.5039 -0.25255 -0.13892 1.2471 2.0426 0.18108 1.5462 2.9406 -0.17184 -0.0050797 0.60726 0.8631 -0.16058 -1.2759 -0.79984 -0.24996 0.91494 0.92596 -0.11439 0.16253 0.57884 -0.41082
0.82168 -1.26 -0.82043 -0.1944 1.2795 0.88902 0.96726 -1.0322 1.259 -0.70926 -0.0020569 0.12301 1.2062 0.16331 0.23453 -0.18831 -0.45373 -1.0458 -0.54837 -0.31939 1.6615 2.2797 -0.19593 1.3534 2.5564 -0.26652 -0.059127 0.99561 1.1425 -0.02582 -0.95139 -0.68915 -0.73638 0.056988 -0.54317 -0.20503 -0.78421 -1.58 -0.54887
0.80746 -1.1106 -0.85997 -0.10712 0.64663 0.56501 0.73326 -1.0175 1.5343 -0.7849 -0.28733 1.2119 1.2339 0.076567 0.65254 0.52699 -0.57803 -1.2251 -0.69376 -0.76478 1.3825 1.5192 -0.48004 0.99249 1.0003 -0.41019 -0.20589 1.5068 1.4351 0.20344 -0.27714 -0.26549 -1.2616 -0.57984 -1.8481 0.35946 -1.5632 -2.7737 -0.87272
0.71055 -0.92697 -0.87848 -0.12149 0.52963 0.26678 1.0906 -0.3569 2.1898 -1.0742 0.2837 0.97724 1.1956 -0.079155 1.4628 1.0724 -0.40378 -1.0732 -0.97226 -1.6518 0.75524 0.067538 -0.082869 0.075726 -0.50211 -0.98602 -0.11781 1.8126 1.271 0.72672 0.42947 0.16596 -1.3767 -0.68335 -2.4803 1.1063 -1.5473 -2.6966 -1.1384
0.57468 -0.85717 -0.7099 -0.47662 0.24881 0.27995 0.72009 0.020796 1.8838 -1.3445 0.29253 0.44001 1.0817 -0.11666 2.2025 1.5416 0.0060057 -1.0186 -0.57894 -2.2476 0.59743 -0.76695 0.87791 -0.97645 -1.3678 -1.4745 -0.35663 0.80144 0.9323 0.9369 1.0061 0.30634 -0.56825 -0.68455 -2.3165 1.0145 -1.0226 -1.4995 -0.68738
0.69352 -0.48239 -0.21686 -0.95416 -0.46313 -0.16022 -0.28714 -0.61937 1.0776 -1.5683 0.099308 -1.2543 0.69945 0.032349 2.7914 1.633 0.76978 -0.30068 -0.24374 -2.6025 0.75386 -1.8345 1.4105 -0.79114 -1.9332 -1.9034 -0.78396 -0.64401 0.42468 0.841 1.3787 0.14534 0.88102 -0.85975 -1.4754 -0.06952 0.17772 -0.25234 0.27819
0.57495 0.7199 0.34806 -0.36088 -0.0678 -0.43922 -1.7364 -0.52773 0.33554 0.16606 -0.67041 -0.71398 -0.22567 -0.62459 1.4603 1.9497 0.79206 0.36058 -0.40302 -1.5613 0.080711 -2.4395 0.87045 -0.63046 -1.4109 -1.2605 -1.226 -1.5728 -0.5538 0.080811 1.4696 -0.49234 2.2553 -1.1835 -0.11717 -0.98567 1.2615 0.7848 1.1918
0.78104 1.3082 0.90571 0.2804 -0.24947 0.39845 -2.0947 0.048611 0.55209 0.75249 -1.6191 -0.92751 -0.49779 -1.2183 0.64744 1.6337 0.9587 0.93495 -0.7412 -0.1251 -0.62291 -2.2207 -0.20579 0.30002 -0.95379 -0.56074 -1.2863 -1.9376 -1.4344 -1.0094 0.93201 -1.2211 2.8455 -1.6143 0.99958 -1.841 1.0764 1.2527 1.7845
0.83893 1.8553 0.5113 1.4085 0.56809 0.14447 -2.3012 0.54687 -1.2786 0.56562 -0.26231 -1.4764 -0.86993 -1.6578 0.37977 0.49921 0.070787 1.2385 -1.3419 1.3628 -0.96809 -0.81557 -0.31997 1.0906 -0.12413 0.12871 -0.71671 -1.255 -1.9197 -1.6146 0.44811 -1.0515 2.0994 -1.1254 1.4433 -1.6157 0.57319 1.0891 1.484
-0.65008 -0.71248 1.4057 0.084682 1.046 -0.74845 0.1045 -0.70745 -1.3892 -1.2062 -0.017807 -1.0288 0.46568 -1.723 -0.23391 -0.31045 -0.9995 1.0878 -2.3069 2.0639 -1.7969 -0.51795 -1.7548 0.58275 0.15219 0.80672 -0.00059465 -0.73185 -1.1712 -1.8299 -0.22168 -0.15591 0.607 -0.34175 1.4309 -0.40768 -0.57599 0.77118 0.78044
-0.88791 0.09488 1.0686 0.50686 1.1374 -1.1782 0.31911 -1.5496 -1.2747 -2.1093 0.8452 -1.6085 0.37024 -1.6476 -0.40911 -0.64344 -1.6297 1.1688 -1.7988 1.8552 -1.4753 -0.22054 -1.6535 0.43387 0.41695 0.8874 0.78103 -0.10962 -0.15937 -0.81342 -0.70492 1.0628 -1.1699 0.987 0.92078 0.83399 -0.91764 0.2087 -0.22558
-0.94998 1.31 0.047573 -1.2872 1.0987 -2.2492 0.67391 -1.6898 0.80557 -0.033298 0.74169 -0.92099 0.22703 -1.2458 -0.30608 0.022552 -2.0441 0.54943 -0.82243 0.90449 -1.0181 0.52573 -0.35938 -0.51502 0.48005 0.54997 0.96113 -0.086144 0.6926 0.31052 -1.0525 2.0649 -1.9771 2.1979 0.4706 1.6155 -0.54515 -0.26732 -0.84487
-0.91378 0.91861 0.21621 -1.349 1.298 -3.2984 0.20734 -2.4332 -1.1181 -2.1267 -1.4392 -0.35316 0.4298 -0.55133 0.21229 0.019213 -1.1254 0.14578 0.14935 -0.63357 0.52728 0.62387 0.70911 -0.20232 0.2196 -0.17129 0.84793 -0.34157 1.3229 1.4241 -1.2144 2.4784 -1.6477 2.2032 -0.069389 1.0359 0.33835 -0.34365 -1.0007
-1.0273 0.56068 0.44898 -1.238 1.8848 -0.76478 0.23041 -0.71779 -0.86116 -1.3348 -0.21024 -0.79905 0.42277 -0.61103 -0.70499 0.61845 -0.61005 -0.43979 1.0439 -1.0177 1.3955 0.065653 0.39378 -0.17952 -0.25426 -0.27327 0.45386 -0.20931 0.95959 1.8982 -1.262 2.0592 -0.53509 1.458 -0.25371 0.26364 1.184 0.1461 -0.92858
-1.2231 0.21696 1.503 -1.8784 1.1852 -0.97051 -0.32845 -1.2616 -0.47914 -0.062058 -0.38664 -0.99368 0.19632 -0.50293 -0.83983 1.4831 0.63315 -0.69118 2.4557 -0.79557 1.5216 -0.13079 0.11103 0.99176 0.11658 -0.60751 0.098926 0.16103 0.52313 1.8046 -1.2529 0.81841 0.98573 0.15723 -0.29998 -0.3388 0.74624 0.50957 -0.78456
-1.4186 -0.13919 1.0462 -0.97106 1.064 -1.0982 -0.80348 -0.052614 0.073542 -0.56773 0.72997 -1.0075 0.1845 -0.49739 -0.16694 1.044 1.0521 -1.4794 2.3374 -0.21449 1.2677 0.37156 0.49647 1.3423 0.90603 -1.0009 0.60956 0.86853 -0.80999 1.3139 -0.96863 -0.39774 1.4667 -0.32271 -0.045745 0.083948 0.21156 0.75945 -0.61171
-1.6023 0.071959 1.0959 -0.94638 0.17833 -0.49003 -0.88081 -0.017639 -0.89235 -1.5472 0.15682 -1.9253 -0.05191 -0.45651 0.23748 0.75364 1.8224 -1.7641 1.2262 1.0617 0.8938 -0.15879 -0.021289 0.5962 0.78724 -1.3018 1.5452 0.52899 -1.553 -0.11575 -0.6183 -1.5397 0.7937 -0.6366 -0.25454 0.6101 -0.74671 0.40505 0.15581
-1.2874 0.64551 1.9108 -0.14341 0.52716 1.2955 -0.11294 -0.24013 -0.017315 -0.38689 1.3538 0.43805 -0.54458 0.41081 0.35182 -0.5321 1.5439 -1.7791 0.84435 1.1932 1.0969 -0.010453 0.64812 0.48472 1.0898 -1.0908 2.2575 -0.13512 -1.042 -1.237 0.17424 -1.8211 -0.73946 -0.70414 -0.50417 1.0269 -0.41626 0.053289 1.096
-1.5304 0.64232 1.2507 0.09572 -0.84538 0.21602 0.088387 -0.42365 -0.70665 -1.1496 0.025229 1.1397 -0.77251 1.7251 -0.12823 -0.61659 0.13374 -1.7345 0.0049283 0.18115 0.396 -0.47305 1.3027 -0.071847 0.95009 -0.26362 2.1355 -0.29067 -0.20418 -2.2533 0.84789 -1.5479 -2.0519 -0.87652 -0.48793 1.2822 0.28152 -0.39626 1.7455
-1.7057 0.46516 1.6896 1.4646 -0.6143 0.27469 2.1002 0.73507 -1.1067 -0.66507 0.50828 -0.96174 -1.198 2.3401 -0.23454 -0.21468 -0.71145 -1.1431 -0.83664 -1.4173 0.17677 -0.5344 1.9569 0.85942 1.0016 0.57174 0.99003 -0.00024453 0.96465 -2.2069 1.6857 -1.0415 -2.0456 -1.059 -0.28946 0.87371 0.83967 -0.3354 1.7075
-0.26623 0.27646 0.11285 -0.20917 -1.4204 -0.32426 0.090403 0.72873 0.17178 1.3091 0.78382 0.37231 -0.74504 2.2937 -0.0058796 0.19865 -1.7918 -0.41851 -1.1478 -2.1212 -0.31463 -0.92544 1.9706 1.0183 0.05189 1.1972 -0.62042 0.61784 1.1429 -1.4568 2.1411 -0.26767 -1.0261 -0.95493 0.12256 0.1312 0.98537 0.4611 1.027
1.0881 -0.41478 0.71648 -1.6704 -1.4541 -0.89947 -1.8185 0.016916 -1.4492 0.4618 0.46313 0.033017 0.35464 1.8373 0.28825 0.82302 -2.1379 0.85899 -0.73694 -2.13 -0.56426 -0.39163 2.1225 1.6901 0.88894 1.4366 -1.9681 0.96963 0.98721 -0.34464 2.172 0.32422 0.90142 -0.79604 0.37744 -0.81138 0.3278 0.86289 -0.038649
0.80567 0.51273 1.9223 -1.4839 -0.9286 -0.71019 -3.0189 -0.14637 -1.5532 1.3098 2.2234 0.82135 0.43888 0.86963 0.74477 0.95654 -2.2224 1.4478 -0.58781 -1.7269 -1.0515 -0.27733 1.5051 1.5611 2.0511 1.2642 -2.5353 1.0241 0.099456 0.9326 1.5502 0.43241 2.0993 0.013993 0.8819 -1.2855 -0.32478 0.85882 -1.0965
0.54975 1.043 2.1682 -2.2402 -0.10886 -0.23688 -1.6149 -0.80208 -1.5933 1.8694 1.9459 0.41551 0.43454 -0.41266 1.1715 1.2108 -1.2303 2.1673 -0.42434 0.29961 -0.96983 -0.050385 0.54118 1.2921 1.9015 0.46631 -1.9566 0.6001 -1.117 1.9044 0.074821 0.20805 2.2643 0.71095 0.53677 -1.9328 -1.3968 -0.58386 -1.7324
0.07711 0.71807 1.8117 -2.0174 0.58764 -0.96074 -1.2981 -0.2536 -0.78967 1.7575 1.9685 2.0407 0.50998 -1.0386 1.4341 0.16937 -0.29781 1.9594 -0.38605 1.1748 -0.082348 0.7827 0.14004 0.5874 1.4364 -0.40679 -1.1418 -0.1586 -1.8623 2.678 -1.1352 0.58235 1.3943 1.4157 -0.0066675 -1.9126 -2.3408 -2.0204 -1.8928
-0.10408 1.0347 1.7921 -2.3463 0.87156 -0.84357 -1.0224 -0.51781 -1.1277 1.8412 2.3487 2.3665 0.3721 -0.6533 1.0454 -0.86578 0.88812 0.7605 -0.38794 1.2876 0.3096 0.2246 -1.144 -0.64441 0.017665 -1.0297 -0.27778 -0.75522 -1.9581 2.5627 -1.9412 0.94799 0.045036 1.2918 -0.46408 -1.1931 -2.2509 -2.4919 -1.4829
0.014151 1.3489 1.6005 -2.4566 1.4331 -1.2438 -0.37364 -0.88646 -0.46621 1.4501 2.2001 2.6437 0.11596 -1.0292 0.51421 -1.4642 2.3312 -0.049155 0.62499 0.76172 1.0109 -0.42199 -1.5599 -2.2215 -1.2421 -1.5955 -0.079149 -1.0247 -1.0515 1.9776 -1.9456 1.1871 -0.41438 0.93987 -0.662 -0.51579 -1.4356 -1.9845 -0.83759
-0.099235 1.6036 1.3854 -1.6721 1.0812 -1.2239 -1.1436 0.29222 -0.51291 0.72821 1.5279 1.3612 -0.1948 -0.92482 0.24051 -1.6084 2.826 -0.59917 1.0642 0.56377 0.94952 -0.42603 -1.0403 -1.8706 -1.9973 -1.7653 -0.28909 -0.93537 0.0049732 0.84055 -1.4153 0.95603 -0.38483 0.75747 -0.005081 0.4558 -0.22427 -0.97235 -0.15
0.050103 1.812 1.0158 0.3839 -0.29385 -0.84433 -0.74819 0.043802 -1.8951 -0.22679 1.1529 0.010198 -0.99563 -1.0628 -0.050166 -1.4206 2.8753 -1.1401 1.381 0.59844 1.3926 -0.29006 -0.95392 -1.7002 -1.7146 -1.6344 -0.021788 -0.79408 0.50828 -0.52746 -0.50987 0.23333 -0.024242 0.29553 0.56637 0.89386 0.65817 -0.0038806 0.55046
-1.3491 1.0647 0.27893 1.4238 0.27749 1.1315 -0.24715 0.92727 -2.1159 0.27272 -1.6527 -0.69278 -1.448 -1.1638 -0.39472 -0.89751 2.3706 -1.44 1.2449 0.49501 1.5659 0.15484 -0.49598 -1.3295 -1.7512 -1.2944 0.085005 -0.83895 1.0202 -1.5931 0.78647 -0.28338 -0.096896 -0.31081 1.3409 0.8718 0.93353 1.0932 1.1879
-0.82399 0.99867 0.2053 1.1742 0.17701 -0.13507 -0.44754 0.5402 -0.7189 1.1843 1.2688 0.47186 -1.3086 -0.96933 -0.63061 -0.89995 1.4408 -0.61062 1.0373 0.70353 1.2691 0.49665 0.0176 -1.1127 -1.3097 -0.7794 0.63053 -0.82479 1.2253 -2.3151 1.6737 -1.0983 -0.43469 -1.3658 1.6881 -0.15085 1.3025 1.2974 1.8139
-1.107 1.387 0.61257 0.96893 -0.63569 0.59762 0.049634 1.3273 -1.1653 0.17752 0.65316 0.64508 -1.4108 -0.84427 -1.0142 -0.0034026 0.18759 0.68 0.66037 0.26116 0.42148 2.0335 0.27828 -0.22208 0.18972 0.074276 1.2119 -0.79943 0.74519 -2.4206 1.6214 -1.3549 -0.69501 -2.0445 1.3071 -1.2977 1.0804 0.70417 2.0859
-1.1905 1.0921 0.83114 1.1014 -0.87399 -0.025504 -0.18356 1.6338 -0.10354 0.33502 0.10682 -0.96864 -1.4645 -0.1408 -1.2593 0.37652 -0.90492 1.0726 -0.60308 -0.26697 -0.63656 2.3604 -1.6345 0.44255 0.13885 1.1419 1.7439 -0.87572 -0.1382 -2.1457 0.51843 -1.5657 -0.7671 -2.0825 0.57089 -1.4891 1.1644 0.047026 2.0587
-1.1556 0.88521 -0.16179 1.3994 0.36397 0.62513 -0.05768 1.8445 -0.8898 0.47369 -0.74879 -1.3807 -1.3979 0.52083 -1.5526 -0.17838 -1.5498 0.88914 -0.74679 -0.56639 -1.3767 2.0042 -2.316 0.13541 -0.91369 1.7244 2.004 -0.55498 -0.97619 -1.4989 -0.66372 -1.1552 -0.050423 -1.3856 -0.7029 -0.99932 0.78081 0.071381 1.507
-1.5246 0.1289 1.125 0.87903 1.5257 0.85298 -0.40992 0.014033 1.8791 0.56899 0.50744 1.354 -0.83591 1.3779 -1.974 -1.0868 -2.2066 0.30648 -1.5109 -0.58562 -1.7999 1.73 -1.724 1.1229 -0.59436 2.3233 1.6969 -0.1711 -0.91975 -0.62747 -1.3837 -0.27398 0.69816 -0.32962 -1.4141 0.22661 0.1012 0.90711 0.61564
-1.1125 -0.39482 0.61872 -0.63447 1.4649 -0.89135 -0.88809 -0.19426 1.636 -2.8663 0.21693 -0.31434 0.43036 1.8812 -1.6796 -1.094 -2.3194 -0.2186 -1.2808 0.27115 -1.6361 0.86382 -1.711 1.0679 0.77182 2.3592 1.0336 0.31345 -0.43453 0.48833 -1.3645 0.67648 1.1003 0.55242 -2.0709 0.92822 -1.1279 1.3874 -0.30658
0.28701 -0.21954 -0.18174 -1.3091 -0.020757 -1.1032 -1.0813 -0.77679 1.4796 -1.7746 1.7085 -1.7254 0.57428 2.1265 -1.5125 -0.88369 -1.8481 -1.0581 -0.89216 0.78769 -1.1326 -0.063702 -1.4562 0.21718 1.2897 2.0003 -0.13525 0.80997 0.48899 1.5634 -0.43205 2.0678 1.0746 0.85885 -1.9152 1.728 -2.3014 1.1336 -1.3034
0.49935 -0.78677 -0.86143 -1.9151 -0.89411 -1.5102 -0.45327 -0.15567 1.0108 -0.94492 1.5143 -0.55435 1.094 1.9336 -1.2088 -1.1017 -0.71408 -1.0757 0.37128 1.0921 -0.65426 -1.4874 -0.52975 -1.6834 1.1597 1.303 -1.3035 0.69924 1.1015 1.9252 0.6982 2.4189 0.37498 0.67901 -1.0947 2.1944 -2.2729 0.22943 -1.6518
0.65334 -0.62946 -0.16861 -1.3937 -0.036607 -0.78056 0.87933 -0.19093 0.77192 -1.5524 0.33896 1.2139 0.94692 1.0937 -0.72158 -0.19887 0.26315 -0.095261 1.994 1.2933 -0.65037 -1.1523 1.2461 -2.1719 1.6872 0.36753 -1.7607 0.58779 1.3262 1.6946 1.335 1.9944 -0.27989 0.15428 -0.12172 2.0787 -1.0704 -0.71293 -1.4716
0.86683 -1.1345 -0.33638 -0.98563 -0.23422 -0.06401 0.69103 -0.38466 -0.14422 -1.821 -0.62345 1.6579 1.0436 0.095614 -0.79091 0.57908 0.65705 0.67191 2.3399 0.79119 -0.57964 -0.90841 1.4555 -2.3498 1.1248 0.027506 -1.4458 0.3511 0.79516 0.96867 0.87321 0.47636 -0.49196 -0.16984 0.72932 1.4506 0.69884 -1.5247 -0.82947
0.68311 -1.3584 -0.15801 -0.52201 0.19763 0.96064 0.33094 -1.3918 -0.29185 -1.2861 -1.8189 1.6338 1.1392 -0.056554 -0.64231 0.70651 1.0142 0.68088 2.3014 0.29137 -0.8729 -0.60456 1.8315 -1.6037 -0.14608 -0.16632 -0.54773 0.25898 -0.29617 0.31862 0.046889 -1.2019 -0.10529 0.27567 0.63041 0.46924 1.7585 -1.8797 -0.14958
0.57284 -0.77206 0.1067 -0.83696 0.86301 1.551 0.69503 -1.0371 0.40699 -0.1802 -1.0358 0.46291 0.7766 -0.042341 -0.60465 -0.10473 0.93398 0.24916 1.2274 0.48655 -0.86402 -0.20633 2.1693 -0.50498 -1.104 -0.010009 0.37377 0.35235 -1.1854 -0.10215 -0.47811 -2.3865 0.56402 1.1686 0.18859 -0.35258 2.0476 -1.2309 0.18532
0.42547 -1.3618 0.22177 -0.76113 0.23821 1.329 0.097099 -0.96792 0.022901 0.795 -0.54368 -0.047185 0.77284 0.18289 -0.34033 -0.42315 0.78327 0.21902 0.057697 1.1774 0.020276 -0.15831 1.8678 0.5343 -1.1341 0.10284 0.77076 0.26764 -1.5252 -0.44246 -0.55067 -3.038 0.54715 1.9239 -0.036833 -1.5026 1.2299 -0.016047 0.34412
0.66084 -1.5311 0.0080752 0.0097771 0.08578 1.5147 0.68834 -1.2218 -0.16337 0.9168 -0.94403 0.33871 0.97672 0.60841 -0.29579 -1.0649 0.54755 -0.017169 -1.503 1.5308 1.2049 -0.72428 0.73002 0.80086 -0.93647 0.24812 1.0245 0.69021 -1.2553 -0.40772 -0.49529 -2.5294 -0.34982 1.9841 0.16285 -2.0646 0.16797 0.74296 0.0067686
0.81481 -1.4088 -0.67979 0.23021 0.28353 0.67511 2.0256 -1.5569 0.13896 0.62593 -0.86649 0.16534 1.0924 0.94517 -0.30645 -1.6499 0.26784 -0.24737 -2.6576 0.9153 1.7639 -0.41678 -0.51531 0.29156 -0.20036 0.36264 0.49889 1.5747 -0.26368 -0.13214 -0.59729 -1.0651 -1.8114 0.97218 0.21671 -1.7007 -0.42673 0.52966 -0.77907
1.111 -1.4236 -0.67284 0.084416 0.44604 0.22235 2.2052 -0.11851 -0.66768 0.58997 -0.21137 0.12252 1.2043 1.3475 0.64589 -1.8292 0.3251 -0.47113 -2.6779 -0.18077 2.0501 0.27552 -0.85848 -0.0062567 0.073475 -0.12521 -0.78456 2.225 1.1581 0.29866 -0.39651 0.83426 -2.642 -0.25464 0.12313 -0.58714 -0.32628 0.063905 -1.5813
1.3551 -1.405 -1.1881 -0.16662 0.4018 -1.2502 2.129 0.80149 -1.3892 -0.1289 -0.65195 -0.32381 1.2236 0.66475 2.0831 -0.54717 0.60657 -0.70624 -1.5619 -1.9336 1.4542 -0.19128 -0.81092 0.099562 -0.44858 -1.1944 -1.9309 2.1409 1.9923 0.39161 -0.24631 2.1587 -2.2135 -1.0493 -0.26448 0.60635 0.25004 -0.1455 -1.8938
1.596 -1.2947 -1.6096 -0.61509 0.05163 -2.1274 0.87896 1.2117 0.47418 -0.50851 -0.61406 0.25204 1.0969 -0.64551 2.5997 0.50384 0.99488 -0.54875 -0.29414 -2.8121 0.87705 -0.5687 -0.31067 0.26389 -0.61277 -1.987 -2.0481 0.91523 1.5731 0.034983 0.064821 2.3504 -0.94117 -1.4285 -0.34701 1.2225 0.91419 0.10955 -1.2688
2.1706 -0.34622 -1.7302 0.56531 -0.86958 -1.474 -0.51954 1.0273 0.71471 0.20855 -0.8351 0.31873 0.40591 -1.4582 2.6523 0.84464 0.74481 -0.67694 0.6712 -2.6074 0.35262 -0.54903 0.47062 0.70161 -0.10319 -2.3161 -0.78165 -0.90947 -0.081109 -0.61894 0.24517 1.4551 0.72773 -1.3249 0.17426 1.2738 1.2415 0.34555 0.094438
0.86159 1.4424 0.084409 1.4583 -0.63983 0.28793 -1.6246 -0.24941 -1.4328 -0.12517 -0.61971 -0.82922 -0.83244 -1.1959 2.0426 0.36155 0.31899 -0.34794 1.1262 -1.9242 -0.12 -0.27513 1.0246 1.5955 0.19748 -1.982 0.94821 -2.5121 -1.6991 -1.2507 0.14874 -0.0057541 1.7165 -1.0247 0.82938 0.72966 1.1628 0.12683 1.57
-0.48534 0.96915 -0.084332 1.4211 0.16358 0.02378 -0.99331 0.36851 -1.4566 0.37534 0.0053927 -0.80405 -1.1067 -0.44911 0.68694 -0.64496 -0.36559 -0.31741 0.78025 -0.83998 -0.57063 0.038774 1.1506 2.0057 -0.054898 -1.015 2.364 -3.4416 -2.5638 -1.192 -0.095849 -1.0806 1.8674 -0.65594 1.5401 0.14286 0.30567 -0.13206 2.5875
-0.13821 0.81628 -0.45201 0.098214 -0.72385 -0.01223 -0.86685 1.4573 -1.3445 1.1847 0.76343 0.55308 -1.0626 0.48751 -1.0398 -1.9091 -1.0866 -0.42717 -0.34496 -0.014709 -0.61229 0.90468 0.86216 2.0229 -0.30344 0.3581 2.5885 -2.8604 -1.8437 -0.52619 -0.32111 -1.2011 1.3809 -0.49157 1.653 -0.3915 -0.97362 -0.39982 2.6253
1.1683 0.40222 -1.8401 -0.1642 -0.23656 -0.749 -0.9795 0.65412 -0.15768 0.932 1.3425 0.27217 -0.6525 1.8147 -2.1382 -2.7748 -1.0658 -0.81254 -0.83258 0.44599 -0.64912 2.1368 0.86088 1.1468 -0.070073 1.4499 1.4873 -1.3372 -0.34816 0.52587 -0.18666 -0.84358 0.95582 -0.4843 1.2333 -0.57364 -2.1496 -0.46628 1.7711
1.7718 -0.33769 -2.4664 -0.52016 -1.0839 -0.85343 -1.0252 -0.26831 1.0696 1.0876 1.4839 -0.31971 -0.077879 2.1796 -1.8076 -1.9983 -0.44624 -0.71449 -0.55834 0.38639 -1.0152 2.1913 0.38229 0.06871 -0.58198 1.7937 -0.2891 0.40055 1.4402 1.1669 0.0089691 -0.2494 0.76254 0.090249 0.28452 -0.45543 -2.5634 -0.35097 0.46602
1.946 -0.78756 -2.7853 -0.12559 -1.4313 -1.2484 -1.0002 -0.30366 0.72022 1.1118 1.3617 -1.0776 0.43934 1.2857 -1.3906 -1.2626 0.40802 -0.5259 -0.85781 0.99146 -1.2898 2.0201 0.2297 -1.3774 -0.84406 1.6464 -1.7103 1.4796 2.463 1.0905 0.40369 -0.16102 0.70068 0.92879 -0.55512 -0.43967 -2.1617 -0.084114 -0.61582
2.0302 -0.7681 -2.3131 0.20602 -1.3241 -0.43823 -0.59317 -0.55269 1.3543 1.3108 0.53442 -0.5319 0.59973 0.22478 -0.67885 -0.023936 0.61632 -0.54147 -0.83712 1.3255 -0.11706 1.5739 0.25945 -1.9211 -0.59955 1.1504 -1.9039 1.7223 2.2901 0.46676 0.60711 -0.33872 0.47003 1.3564 -0.67246 -0.32284 -1.3641 0.32868 -1.218
1.9213 -0.75758 -2.0269 0.30221 -0.68257 -0.78328 -0.33074 -0.076067 1.6243 1.1008 0.30118 -0.95164 0.87443 -0.22167 0.016729 0.76848 0.68237 -0.10094 -1.0135 1.4553 0.67557 1.2743 0.03633 -2.2431 -0.17663 0.59906 -1.3823 2.0101 1.9194 0.033047 0.88889 -0.02247 -0.32535 1.3009 -1.1236 -0.48524 0.10541 0.34494 -1.6511
1.7061 -0.70658 -2.578 0.51757 -1.5621 -2.0374 0.77442 -0.64783 2.1374 1.5404 -0.95894 -0.4673 0.86308 -0.41922 0.65454 1.1973 0.38624 0.26747 -1.1716 1.1334 0.59115 1.1439 -0.16733 -2.2529 -0.15277 -0.003523 -1.38 1.9007 1.0868 -0.18134 0.94361 0.12967 -0.69669 0.38118 -1.5914 -0.9441 1.4027 0.25936 -1.7
1.6603 -0.53835 -2.0308 0.46299 -1.4184 -1.9793 0.57718 0.63424 2.5308 1.2402 -0.49236 -1.0315 0.78919 -0.83225 1.6378 1.6531 0.582 0.8131 -0.72173 0.34224 0.83937 -0.14275 -0.53636 -0.96197 -0.26994 -0.92348 -1.7063 1.4085 0.88172 -0.34834 0.71439 0.84988 -0.99872 -0.71784 -2.1716 -1.1794 2.22 -0.097995 -1.3696
1.6718 -0.46646 -1.4942 0.60037 -1.2624 -2.0818 0.74283 0.62383 2.5891 1.0539 -1.2412 -0.78621 0.75317 -1.9058 2.0044 1.5221 0.27527 0.85159 -0.6967 0.33179 0.53067 -1.0882 -1.375 0.33963 0.062544 -1.3284 -1.8626 0.12039 0.78921 -0.66945 0.46219 1.6131 -0.7029 -1.8532 -2.2748 -0.79473 2.1283 0.22937 -0.49114
1.5024 0.12801 -1.186 0.47911 -0.63855 -2.3471 0.34784 -0.018304 2.2717 0.92872 -1.6684 -1.2423 0.35676 -2.4851 1.9304 2.2156 -0.0040377 1.0105 0.53831 -0.34893 -0.66012 -2.2118 -1.7633 1.0327 -0.42916 -1.3485 -1.3581 -1.2578 0.55824 -1.0599 -0.051164 2.0619 -0.041224 -2.1284 -1.18 -0.0627 1.2605 0.4465 0.45907
0.77561 1.4961 -0.28611 1.4415 0.37616 -0.99423 -0.29756 0.81835 0.38279 0.48936 0.036532 -0.85477 -0.79935 -2.873 0.72772 2.3547 -0.73692 1.0809 1.5803 -0.084798 -2.1899 -2.6427 -1.1682 1.1345 0.47847 -0.72579 -0.25322 -1.9884 0.1286 -1.1208 -0.7501 1.852 0.25759 -1.2034 0.30295 0.65532 0.36079 0.64051 0.86748
-0.96735 1.1371 -1.1189 0.34141 -0.31762 -2.915 1.174 0.34207 0.23812 -0.98928 0.71914 -0.50244 -0.43408 -2.7463 -0.039214 2.2488 -1.1479 0.61032 2.4584 0.42115 -1.8559 -1.863 -0.7524 1.2513 0.53569 -0.34759 0.87937 -1.9266 -0.50886 -0.77657 -1.2457 0.69481 0.19417 0.41608 1.8449 0.59706 -0.42742 0.77845 0.83755
-0.8931 0.97614 0.35359 0.32272 -0.56374 -0.64573 -0.11518 -1.8678 -0.9186 -0.51154 -0.12138 -1.7762 -0.4035 -2.2397 -0.66974 1.7239 -1.5168 -0.39831 2.2239 0.46512 -1.1632 -0.61256 -0.52012 1.0019 1.0065 -0.17287 1.8459 -0.76301 -0.75914 0.17957 -0.98199 -0.19348 -0.81769 1.8896 2.5349 0.39043 -0.83645 0.48264 0.20765
-1.1848 -0.51686 0.90265 -1.023 0.44736 0.65212 0.63755 -2.4224 -0.79965 0.4715 0.23924 0.43268 0.42389 -1.2847 -0.91626 1.572 -1.2552 -0.66557 1.6822 -0.24299 -0.37728 0.69588 -0.84657 0.25929 1.0267 -0.026018 1.8445 0.42407 -1.1528 0.9862 -0.13258 -1.3279 -1.1788 2.4459 2.1543 0.28165 -0.97417 0.066452 -0.27937
-1.1207 0.095371 0.90093 -0.70757 -0.30465 1.114 1.4063 -0.76665 0.58164 0.13132 0.046505 -0.41691 -0.095034 -0.39569 -0.23904 1.2717 -0.31665 -0.18298 1.5804 -1.5653 0.67669 1.465 -0.30422 -0.045394 1.3235 -0.4888 1.2327 1.4269 -1.1306 1.6423 0.79159 -1.7286 -0.96937 1.9524 0.8149 0.2234 -0.75707 -0.74513 -0.59747
-1.3497 0.45283 0.42269 -1.1822 -1.3652 -0.14071 0.4084 -0.4581 0.97617 -0.38301 0.49456 0.38581 -0.73371 -0.46261 0.52345 0.32635 0.31244 0.25587 0.02475 -1.1591 1.8907 1.6775 -0.26661 -0.18247 0.5822 -0.72058 0.54218 1.3676 -0.92108 1.3882 1.3204 -1.6882 -0.0089057 0.50576 -0.71008 0.43622 -0.26218 -0.8872 -0.38485
-1.2886 0.64808 1.3093 -0.13374 -0.54516 0.19103 -0.89128 0.23526 0.99986 -1.8918 0.6597 0.3769 -0.75446 -0.51545 1.2328 0.23928 1.1374 0.69487 -0.53902 -1.2182 1.4284 0.63317 -0.33585 -0.29083 -0.29298 -0.96316 0.54955 0.42149 -0.86971 0.40013 1.0572 -1.1701 1.1295 -0.7344 -1.5249 0.18285 -0.17371 -1.3498 0.41912
-1.3741 0.63656 0.6794 -0.031032 -0.16163 0.19105 -1.8443 -0.22667 1.8092 -0.38528 0.035368 1.0184 -0.75775 -0.29761 0.86115 0.36772 0.92229 1.4797 -0.76554 -0.47587 0.21402 -0.38833 0.080086 -0.11994 0.010932 -0.52094 1.1579 -0.59698 -0.9592 -0.72392 0.32745 -0.26916 1.5536 -1.3775 -1.5991 -0.019257 -0.053061 -1.485 1.0845
-1.562 0.98006 0.9725 0.21799 0.48469 -0.018539 -0.38062 0.3998 1.1512 0.21354 -0.54106 -1.1485 -0.78593 0.46188 0.36536 -0.37455 0.20818 1.2764 -0.45061 0.50164 0.11753 -0.73152 -0.086504 -0.39776 -1.1991 0.21242 1.5248 -1.2624 -1.2042 -1.4218 -0.43793 0.17217 1.6182 -0.76749 -0.93176 -0.53356 0.44249 -1.4082 1.4249
-1.8328 1.0481 1.2218 0.66187 1.0806 0.081093 -0.24091 -0.19315 0.0027314 -0.25136 0.21681 0.035021 -0.96477 1.0531 -0.14272 -1.1577 -0.75349 0.61464 -0.56546 1.3087 -0.077531 -1.0271 -0.41482 -0.20348 -2.0607 0.76143 1.3351 -1.2753 -1.3862 -1.3038 -1.1299 0.24278 0.52825 -0.080699 -0.11854 -0.85259 1.0653 -0.83843 1.091
-1.2487 1.1442 1.1597 0.12615 1.0672 -0.67273 0.54097 -0.49229 0.20565 -0.43612 0.40539 0.33061 -0.93591 1.4556 -0.58905 -1.2414 -1.0206 0.28568 -0.26406 1.3574 0.11361 -1.018 -1.167 0.68946 -2.1897 1.1147 0.62668 -0.92284 -0.66404 -0.76306 -1.1947 0.42229 -0.52915 0.11489 0.64461 -0.59501 1.6717 0.38915 0.43575
-0.33816 0.66142 -0.28975 -1.0834 0.029139 -0.55117 0.020013 0.31675 0.31546 -1.5328 -0.17672 -1.9564 -0.13647 1.5201 -1.0091 -1.7785 -1.2115 -0.21494 -0.33647 0.20133 0.064926 -0.48968 -1.1127 1.5482 -1.214 1.1102 -0.33146 -0.25562 0.24567 0.2456 -0.90851 0.75206 -1.2777 0.14597 1.041 0.1365 1.3423 1.5453 -0.35805
-0.087904 0.35168 -0.1211 -1.1574 0.5117 -0.36913 0.4998 0.057232 -0.18589 -1.7482 0.092551 -2.7609 0.34618 1.3034 -0.9007 -1.3098 -1.1755 -0.62497 0.33187 -0.13178 0.26819 0.3749 -0.9422 2.1777 -0.73087 0.87076 -1.1014 0.49853 1.0101 1.1195 -0.61111 0.78906 -0.98874 -0.23282 1.1031 1.2151 0.51383 2.5186 -1.1451
-0.10329 0.16723 -0.24972 -0.9157 0.80091 0.018799 0.53408 0.12441 0.12123 -1.0993 1.1311 -2.1593 0.35683 0.52787 -0.45898 -0.68878 -0.17078 -0.68867 0.72173 -0.75645 0.12633 0.49278 -0.23122 1.8303 0.56132 0.20242 -1.2985 0.7761 1.2128 1.5436 -0.61996 0.6238 -0.34144 -0.56805 0.74166 1.6806 -0.70538 2.6583 -1.4402
-0.22919 0.068962 -0.72997 -1.1342 0.34783 -0.85262 -0.4674 0.19423 -0.013338 -1.1166 2.0524 -1.3893 0.042379 0.003259 0.050858 0.060451 0.79931 -0.65662 0.8692 -0.34707 -0.35819 0.83902 0.90081 1.6328 2.3448 -0.6132 -0.99648 0.41444 0.74668 1.356 -0.64398 -0.024548 0.20457 -0.79198 0.09448 1.6066 -1.9028 1.9492 -1.1257
-0.1249 0.35949 0.18551 -1.3011 -0.13808 0.69196 -0.083395 0.034115 1.0578 -1.9098 3.0364 -0.40457 -0.10596 -0.12317 -0.059394 -0.24252 1.032 -1.3955 0.71237 -0.47122 -0.70219 0.85937 1.4294 0.41272 2.9676 -0.89241 -0.2332 -0.14781 0.15567 0.69202 -0.57669 -0.37265 0.65909 -0.53655 -0.47364 1.0951 -2.3286 0.39364 -0.37473
-0.33455 0.65345 -0.14041 -0.12369 -0.3526 0.18955 -0.83542 -0.029873 0.77848 -0.84003 1.271 0.074956 -0.46698 -0.13596 -0.34019 -0.1728 1.0599 -1.5148 0.30103 0.12904 -0.82485 0.39912 1.5392 -0.96917 2.2767 -0.72665 0.3729 -0.38891 -0.47988 0.077271 0.013704 -0.89281 0.3418 0.38362 -1.2171 0.38926 -2.2372 -1.0915 0.26232
-0.14261 0.51458 -0.28524 0.24731 -0.59463 0.70297 0.28172 -0.30402 1.3107 0.11196 1.6698 0.79291 -0.62323 0.16802 -0.53726 -0.30373 1.1416 -1.3717 0.24384 0.39423 -0.66059 -0.28554 1.712 -1.5947 1.4965 -0.45365 0.54541 0.049393 -0.13524 -0.41772 0.77559 -0.99398 -0.12268 1.1922 -1.2666 -0.49548 -1.0447 -1.6649 0.43139
-0.24012 -0.15194 -0.69219 0.16834 -1.5179 0.33685 -0.32665 -1.0217 0.75601 0.4644 0.8291 1.4006 -0.55165 0.48865 -0.42744 -0.81448 0.89631 -0.63029 -0.74402 -0.07886 0.35529 -1.1647 1.574 -1.9027 0.82163 -0.33055 0.37149 0.77577 0.50498 -0.57163 1.1674 -0.86476 -1.0563 1.3603 -0.60233 -1.0224 -0.015266 -1.479 0.24404
-0.32767 -0.31272 -0.39313 0.20347 -1.2677 -0.16407 0.56987 -0.65191 0.42602 0.52033 0.48272 0.65413 -0.47642 0.49735 0.073133 -0.1906 0.22621 -0.31504 -0.82372 -0.67325 0.98377 -1.04 0.41155 -1.2221 0.21649 -0.26604 -0.14457 1.2728 1.1668 -0.55511 1.2995 -0.50338 -1.2857 1.04 0.17076 -1.1262 0.89088 -0.89132 -0.013492
0.20788 -0.13967 -0.66661 0.4609 -1.6499 0.15822 -0.2165 -0.36875 -0.31427 0.54607 0.7358 0.79063 -0.55823 0.3279 0.77947 0.68431 0.30685 0.24312 -0.95412 -1.6671 0.94949 -0.49505 0.108 -1.1527 -0.16649 -0.3533 -0.66806 1.1618 1.5354 -0.20733 0.793 0.037012 -0.90559 -0.092027 0.77789 -0.74748 1.2054 -0.10046 -0.13612
0.51072 0.43365 -0.8359 0.44312 -0.50195 -0.66001 -0.81477 1.1817 -0.74344 0.4521 0.0085339 0.98289 -0.73273 -0.025997 1.1983 1.083 0.26024 0.73513 -0.68589 -1.6387 1.0281 -0.25094 0.15069 -0.11463 0.1578 -0.46622 -0.96347 0.57921 1.4045 0.17327 0.27068 -0.07771 -0.069981 -0.65329 0.86395 -0.085734 0.8741 -0.022347 -0.11343
0.032442 0.86128 -0.088419 0.19355 -1.1065 -0.67767 -1.7191 0.90195 -0.022895 -0.1619 -0.013863 0.61656 -0.90619 -0.43998 1.1449 1.3658 0.43349 0.40128 -0.71999 -1.5993 0.16045 0.098777 0.18703 0.041585 0.70086 -0.48824 -0.85981 -0.20968 0.8915 0.20677 -0.31873 0.078396 1.0098 -1.1298 0.37431 0.050616 0.61871 -0.026267 0.051344
0.029858 1.0017 0.69809 0.88533 -0.59085 -0.57474 -2.1726 -0.13044 0.99091 0.83416 0.1046 0.81442 -0.98392 -0.82588 0.95375 2.0439 0.51628 0.14484 -1.0872 -0.89889 0.13545 0.50372 0.21213 0.0015939 -0.20111 -0.41309 -0.37018 -0.65472 -0.073371 0.29958 -0.30047 0.2761 1.5753 -0.7555 -0.16895 0.082374 -0.22031 -0.55394 0.15415
-0.45103 0.79276 0.32983 0.42812 -0.49801 -0.64603 -1.7768 0.44129 -0.36482 0.86453 1.1151 1.6855 -0.99733 -0.79795 0.51415 1.8315 0.60256 -0.071217 -0.57413 0.11204 -0.75561 -0.070958 0.19709 0.087939 0.020699 -0.28016 0.11641 -0.69988 -1.0805 0.17487 0.022277 0.70302 1.591 -0.014824 -0.83196 -0.25446 -0.5882 -1.1025 0.12871
-0.53668 0.93621 0.87277 1.1101 -1.113 -1.2659 -1.6268 -0.36242 0.067876 0.63187 0.29327 1.662 -1.0424 -0.51615 0.30755 0.69551 0.79432 0.39748 -0.16693 0.88044 0.048451 -0.51767 0.33062 -0.55415 -0.61706 -0.2745 0.25377 -0.5206 -1.4837 0.033448 0.085041 1.233 0.97223 0.20171 -0.80425 -0.27497 -0.5296 -1.1851 0.017655
-0.46603 1.2688 1.6938 1.1647 -1.1356 -1.8577 -1.7484 1.1533 0.4101 0.58904 0.18538 -0.48741 -1.1191 -0.41262 0.17884 0.02505 0.65121 0.3299 0.30268 0.91999 0.17851 -1.1493 -0.37824 -0.84892 -1.3732 -0.3103 0.011161 -0.36355 -1.2557 -0.20911 0.081465 1.135 0.085276 0.79774 -0.17193 -0.25162 -0.096404 -0.82468 -0.062237
-0.44899 1.1244 1.1815 1.1501 -0.49011 -0.93489 -0.76462 -0.46114 -0.94263 0.49165 0.00066409 1.4634 -1.1129 -0.59598 0.16197 0.18743 0.55174 0.12152 1.0632 0.7647 0.055819 -0.65707 -0.048321 -0.57857 -1.962 -0.36256 -0.28145 -0.43677 -0.94247 -0.42894 -0.42006 0.88368 -0.063755 0.49039 0.41019 -0.23811 0.62357 0.53681 -0.028256
-0.59493 1.1948 0.39265 1.6512 -0.076813 -0.43893 -0.70264 1.0394 -0.27492 0.91703 -0.72677 -0.49109 -1.3103 -0.75995 -0.083653 -0.25307 0.2743 0.23703 1.1952 0.31474 0.76461 -0.35919 -0.11365 -0.062914 -0.99778 -0.35302 -0.19442 -0.3877 -0.59721 -0.46007 -0.61532 0.18108 -0.076579 0.57522 0.86674 0.14525 0.83643 1.1301 0.10411
-0.66061 1.0165 0.62748 1.6002 -0.34866 -0.20578 -1.1213 -0.065853 -1.5202 0.086318 -0.24965 -0.75886 -1.3514 -0.85636 -0.36647 -0.92544 0.071635 -0.36301 1.2466 1.0048 0.69327 -0.035155 -0.27416 0.36152 0.40096 -0.30524 0.23722 -0.17875 -0.36472 -0.4854 -0.25935 -0.29498 0.027186 0.094148 0.52866 0.0043948 0.73092 1.599 0.27004
-1.427 1.0795 1.288 1.2492 -1.1038 0.44771 -0.76171 0.45152 -0.6927 1.066 0.64033 -1.1067 -1.4279 -0.64403 -0.27196 -0.54076 -0.085245 -0.61521 0.60454 0.5939 0.9594 0.38629 0.048626 0.42484 -0.086628 -0.13863 0.62595 0.20923 -0.065203 -0.28588 0.27917 -0.20884 0.20061 -0.36557 0.32334 -0.069328 0.35459 0.99232 0.28617
-1.235 0.97811 0.91112 1.562 -0.66194 -0.48496 -1.491 1.6484 0.09052 0.25616 -0.039459 0.56482 -1.439 -0.26033 -0.07458 -0.36152 -0.2982 0.053853 0.75864 0.64403 0.14076 0.099224 -0.10448 0.70568 1.0481 0.046998 0.98054 0.3982 0.15462 -0.076256 0.75503 -0.17614 -0.26475 -0.65969 -0.15049 -0.10172 -0.068867 -0.3169 0.24293
-1.2553 0.78262 -0.028425 1.2063 -1.5239 0.21968 1.0037 1.4662 -0.2723 0.15972 0.48964 1.1943 -1.4524 0.015782 0.15327 -0.67458 -0.15153 0.58408 1.0191 0.89 0.34662 0.26688 -0.32475 0.52385 0.85354 0.018356 0.75728 0.40822 0.17484 -0.024096 0.80004 -0.059356 -0.52871 -0.8538 -0.59872 0.14202 -0.0027276 -0.75494 0.10873
-1.0091 0.95754 0.44285 1.2731 -0.83973 -0.0062193 -0.46771 0.7712 -0.60986 1.0947 -0.020912 -0.31444 -1.258 0.50787 0.15135 -0.59203 -0.065798 0.52 0.68749 0.24284 -0.2554 -0.28787 -0.28018 0.20525 -0.67973 0.081309 0.30002 0.34064 0.48332 0.0095844 0.4988 -0.55361 -1.2047 -0.30696 -0.53942 0.53802 0.0083372 -0.97952 -0.013057
-0.89099 1.2289 0.34617 1.1971 0.49344 1.1143 -0.30126 0.49348 -0.8346 0.37369 0.59024 0.77039 -1.2758 0.27538 0.36393 -0.12166 -0.26249 0.72208 0.53196 -0.39165 -0.46768 -0.68393 0.44379 0.70349 -0.76532 0.053338 -0.16371 0.1626 0.59089 -0.11153 0.096186 -0.91431 -1.1801 0.066472 -0.40951 0.66473 0.22671 0.045434 -0.063279
-1.0458 1.224 0.25031 1.3892 -0.045533 1.3676 0.21708 0.98591 -0.60527 -0.37667 0.83436 0.17249 -1.4797 0.11334 0.44464 0.23567 -0.23304 0.96827 -0.1374 -1.3666 -0.034561 -0.56328 0.63093 0.66691 -0.1629 0.0063987 -0.47733 0.0017965 0.36543 -0.12403 -0.17398 -1.0062 -0.65297 0.5517 -0.0044416 0.64242 0.13277 1.027 -0.081174
-0.7029 1.0636 0.58828 1.2268 -1.0242 0.36975 -0.9546 0.72667 -0.77653 0.86699 0.44595 -2.2433 -1.3049 -0.094831 0.30374 -0.016079 -0.31255 0.5589 -0.46081 -0.90349 0.36577 -0.45759 0.5993 0.79045 0.75541 -0.063067 -0.31781 -0.16861 0.0214 -0.037161 -0.41395 -0.87655 -0.14768 0.55389 0.16649 0.33568 -0.1811 0.93819 -0.0412
-1.056 1.376 0.37932 0.90704 0.36274 0.073669 -1.3496 1.1284 -1.2538 1.2762 1.1195 0.96343 -1.3626 -0.16363 0.1828 0.011067 -0.31166 0.27414 -0.90019 -0.95676 0.38265 -0.40348 0.97589 0.46717 0.80864 -0.013493 -0.16571 -0.17419 -0.1039 -0.032255 -0.43525 -0.47832 0.19526 0.22176 0.084746 0.25216 -0.19342 0.43924 0.0016284
