39 297
-0.41124 1.1248 1.2714 0.68753 -1.1158 0.66668 0.7975 1.1077 -0.74375 0.98076 -0.65283 -0.59156 -1.2095 0.24315 -0.33154 -0.31378 0.22534 1.5669 0.293 -1.3713 -0.75125 -0.71412 -0.42774 -0.11261 1.1856 0.056188 -0.091322 0.081601 -0.31439 0.12713 -0.15495 -0.18828 0.15844 0.63793 0.4522 -0.38136 -0.25779 -0.26413 -0.0037353
-0.50859 0.65254 1.1558 1.3321 1.2999 1.457 0.16467 0.1016 -2.2045 0.51338 0.13422 0.7421 -1.2625 0.16328 -0.29486 -0.61032 0.40873 1.5301 0.27739 -1.4226 -0.1205 -0.15448 -1.0339 -0.55829 0.85152 0.0079379 -0.14645 0.24464 -0.31564 0.1001 -0.60714 -0.51385 0.32422 0.77918 0.54923 -0.077694 -0.082451 -0.28185 -0.0065002
0.12942 0.60487 1.1791 1.1952 0.39895 0.81518 -0.76749 0.3808 -0.98595 0.58663 -0.68662 0.55148 -1.2478 0.11529 -0.20214 -0.74661 0.37127 1.2537 -0.14488 -1.0178 0.1363 -0.10411 -0.89461 -0.38454 0.84396 0.072952 -0.28124 0.44971 -0.13542 -0.14157 -1.499 -0.72791 0.77151 0.65702 0.90344 0.50882 0.18932 -0.70516 -0.036966
-0.24528 1.006 0.69466 0.64135 0.5576 0.91553 -1.0309 0.25953 -1.5526 0.3913 -1.1222 0.34024 -1.0497 0.044097 0.033326 -0.68082 0.33807 0.53068 -0.6538 -0.88592 0.27582 0.05964 -0.33802 -0.12664 0.81473 0.03539 -0.45422 0.45583 0.32702 -0.15623 -1.506 -0.66013 1.0786 0.0090875 0.5708 0.98368 0.85477 -0.50568 -0.063
-0.37244 0.82328 0.38512 1.4666 0.6704 1.0276 -0.65758 1.6094 -0.4335 -0.92152 -1.4438 -0.05549 -1.2872 -0.193 0.28841 -0.52351 -0.017971 -0.82479 -0.88057 -0.075537 0.28974 0.94727 0.29013 0.055964 -0.12644 -0.025654 -0.43168 0.25446 0.65439 -0.10659 -0.84597 -0.19281 1.0836 -0.48966 0.58378 0.85318 0.98385 -0.50024 -0.14021
-0.29392 0.82793 0.4273 1.2321 0.73348 0.23757 -0.13692 0.96905 -1.3743 0.18896 -0.47661 0.70971 -1.0771 -0.47701 0.25449 -0.098357 0.29655 -0.33553 -0.84402 0.28955 -0.18708 0.44059 0.41881 0.91435 0.37795 -0.058473 -0.1781 -0.021465 0.64742 -0.23913 0.045056 0.39251 0.86142 -0.73491 0.12536 0.49972 0.59412 -0.47608 -0.043017
-0.30255 0.9968 0.57166 1.4231 0.3577 -0.09947 -1.0501 0.66956 -1.352 0.90172 -0.25063 1.1046 -1.2467 -0.37967 0.13382 0.20053 0.1806 0.039079 -0.50546 0.58784 -0.56814 0.85145 0.50291 1.0417 0.11372 -0.137 0.14051 -0.16228 0.41252 -0.27348 0.69462 0.85602 0.30767 -0.61229 -0.4304 0.19527 0.025814 -0.73953 0.025671
-0.60755 0.99094 0.53121 0.94578 -0.55605 0.27682 -0.16957 0.25229 -0.070496 1.0429 -0.26621 0.03186 -1.3079 -0.18021 0.080195 0.18244 -0.22731 0.14808 -0.0025231 0.52783 -0.69634 0.361 0.6026 0.56087 -0.20897 0.011882 0.3069 -0.18762 0.0064016 -0.33427 0.47448 1.0607 -0.08463 0.076512 -0.51705 -0.12982 -0.29529 -0.8537 0.13275
-0.63971 1.0338 1.0029 1.6732 0.50772 -0.31744 -0.63028 0.24894 -0.75742 0.5178 0.15616 1.058 -1.2114 -0.10887 0.10172 0.12019 -0.28814 0.21994 0.56266 0.43412 -0.62413 0.15838 0.61742 0.29559 -1.2275 -0.014431 0.016872 -0.22625 -0.06018 -0.014496 0.42809 0.75943 -0.44364 0.42645 -1.0218 -0.79696 -0.5003 -0.33427 0.25051
-0.74969 1.0616 0.65485 1.006 1.1902 0.62296 0.2003 0.13258 -0.018386 0.31724 -0.1948 0.036877 -1.309 -0.092581 -0.047094 -0.036821 -0.11798 0.44127 0.93853 0.20413 -0.021067 -0.21029 0.11034 0.71889 -0.55867 0.12242 -0.36879 -0.25186 0.11527 0.14085 0.26802 0.12116 -0.22144 0.28102 -0.63192 -1.3734 -0.25362 0.40086 0.30774
-0.33307 0.80484 0.45824 1.028 0.65236 0.79306 0.083798 0.75756 -0.78843 0.52438 -0.65855 0.041958 -1.12 -0.40447 -0.18695 0.20648 0.091453 0.67135 0.67437 -0.13652 -0.10399 -0.84319 -0.87797 -0.0089593 -0.3508 0.26521 -0.25287 -0.15594 0.31729 0.19554 -0.32049 -0.77872 -0.063312 0.08735 -0.060083 -1.1216 0.040694 0.93378 0.25012
-0.45632 1.1224 0.69913 0.83329 0.45104 0.74213 -0.11668 -0.44344 -1.4357 2.1205 0.35314 -0.77964 -1.1917 -0.67933 -0.20415 0.36512 -0.1531 0.39637 0.18032 0.37501 -0.43048 -0.35929 -1.4654 0.22657 0.083068 0.43417 0.20082 0.076096 0.075572 0.075892 -0.6347 -1.0755 -0.0029909 -0.18741 0.61151 -0.3504 -0.20692 0.35184 -0.016322
-0.70219 0.89631 0.54792 1.4519 0.62588 1.2766 -0.93118 0.87239 -0.85574 0.43245 1.0308 0.98949 -1.1001 -0.26225 -0.082627 0.52445 0.09851 -0.40452 -0.80977 0.2294 -0.26085 0.12524 -0.89118 0.63389 0.17503 0.28646 0.81035 0.18303 -0.39981 -0.22681 -0.7012 -0.72753 0.19004 0.37029 1.2627 0.66909 -0.18699 0.15022 -0.23226
-1.5018 0.71076 1.239 1.3583 1.1105 0.63947 -0.22247 -0.24186 -1.2544 -1.563 -1.0555 -0.27165 -0.86933 0.17298 0.038961 -0.044534 0.017686 -0.26615 -0.72742 0.023523 -0.30522 0.50552 -0.58915 0.0027072 -0.18255 0.081424 1.1208 0.22343 -0.68947 -0.32366 -0.47717 -0.097626 0.17204 0.6226 0.87619 1.351 -0.52679 -0.35243 -0.35384
-1.4187 0.85336 1.337 0.95717 1.4577 -0.13058 0.75896 -0.51526 -0.64065 -1.6346 0.61132 1.1058 -0.60732 0.55854 0.014551 -0.33024 -0.43637 -0.36941 -0.51007 0.43082 0.52864 1.1923 0.08022 -0.25259 0.045377 0.016404 0.874 -0.23418 -0.8763 -0.65313 -0.25362 0.7844 0.15176 0.7083 0.51145 1.5629 -0.16494 -0.16065 -0.0032502
-0.22301 1.0107 0.97815 1.1015 -0.45769 -0.5845 0.23336 0.30469 0.086502 0.89174 0.68204 -0.51856 -1.1621 0.8355 0.14015 -0.49308 -0.51417 -0.5665 -0.21471 0.62959 0.34862 0.82253 0.85155 -0.35392 -0.52532 -0.078256 0.14485 -0.57241 -0.57426 -0.55031 -0.34942 1.1901 0.15136 0.53991 -0.27776 1.2523 0.33744 -0.08963 0.23898
0.099863 0.96596 -0.1004 1.0565 0.39713 0.47343 -0.71911 0.016286 -0.83133 0.6468 -0.73838 -0.49002 -1.1348 0.90555 -0.53135 -0.8877 -0.89712 -0.77388 0.63944 0.24077 0.74864 0.97194 1.6279 0.50001 0.030534 0.35982 -0.80505 -0.62246 0.097373 -0.14697 0.20059 1.2256 -0.05316 -0.32505 -0.92336 -0.018231 0.39099 0.011004 0.35613
-0.27461 1.0025 0.50681 0.20872 0.3131 0.49902 0.48217 1.0407 0.55296 1.3402 0.44569 0.37926 -1.0372 0.23948 -0.67087 -0.83499 -0.81594 -0.76592 1.3007 0.43214 0.60178 0.084241 1.2359 0.30206 -0.35867 0.3461 -1.2237 -0.59602 0.84021 0.11576 0.34384 0.64029 -0.24568 -0.79553 -0.67998 -1.0566 0.59528 0.4718 0.37505
-0.31416 0.92645 0.46062 1.0373 0.26001 0.64356 0.42233 0.54701 -0.30351 -0.27742 -0.22917 0.15266 -0.97573 -0.54367 -0.64924 0.032936 -0.5745 0.075869 1.4135 0.43073 -0.2216 -0.22705 -0.13307 0.20037 -0.033982 0.4548 -1.1852 -0.042279 1.2179 0.33156 0.35306 -0.27863 -0.83152 -1.7268 -0.56872 -1.7381 0.1143 0.31594 0.11134
-0.36455 -0.33295 0.094469 -0.40239 -0.059676 1.149 0.39201 0.3753 0.36529 1.1858 0.57139 0.12812 0.083619 -0.56296 -0.8245 0.63394 -0.45968 -0.37296 0.78511 0.047585 -0.68233 0.10737 -0.43042 0.97856 0.3695 0.55941 -0.74344 0.36302 1.1752 0.26941 0.39631 -0.96286 -1.3452 -1.6132 0.56429 -1.4137 -0.42155 0.23481 -0.037802
-0.69998 0.50281 -0.035703 0.14294 -0.4559 1.5241 1.1678 0.5143 -0.82269 1.3632 1.1098 -0.17502 -0.77042 -0.74983 -0.52094 0.67457 -0.44481 -0.33439 0.25173 -1.2353 -1.8918 -0.13763 -1.1068 0.39863 0.2386 0.4562 -0.27742 0.81241 0.70082 0.54113 0.40861 -1.2922 -1.2903 -0.54854 1.1923 -1.1081 -0.93739 0.017164 -0.28456
-0.78426 0.54571 1.1261 0.63133 0.4113 1.6181 -0.10255 -0.33 -0.31522 0.14725 -0.19961 -0.69713 -0.83186 -0.95129 -0.10082 1.0608 -0.36976 0.15756 -0.27724 -1.439 -1.6301 1.1476 -1.176 -0.61385 -0.073979 0.27576 0.20053 0.42749 -0.079506 0.31174 0.58358 -1.1337 -0.51885 0.3003 1.3902 -0.93897 -1.1474 0.046993 0.044799
-0.59589 -0.136 0.97194 0.046935 -0.25074 1.1468 -0.53088 -0.57841 0.14771 -0.11906 1.1843 1.0093 -0.17548 -0.83866 0.39993 1.1451 0.41364 0.55239 -0.94255 -1.4194 -0.79529 1.5837 -2.0288 -0.83453 0.2032 0.075841 0.6969 -0.036334 -0.84307 -0.022363 0.033982 -0.43224 0.79081 1.1753 0.97706 -0.17806 -0.18014 0.17297 0.26697
-1.4954 0.43976 1.2274 -0.46827 -0.23877 0.52605 -1.5002 -2.1051 0.20381 -1.0165 0.54676 0.52062 -0.31584 -0.18239 -0.5393 0.25871 -0.29656 0.25868 -1.1544 -0.89826 -0.66809 1.9629 -1.8893 -0.64893 0.45822 0.83097 0.70625 -0.17932 -1.2337 -0.13875 -0.30145 0.37815 1.6652 1.3987 -0.40169 0.64438 0.36384 -0.40276 0.10647
-1.5578 0.4343 1.5884 0.28852 0.66854 0.51936 -0.98187 -1.0013 1.8408 -1.0744 -1.4632 -0.62789 -0.33384 0.058988 -0.35782 -0.49845 -0.53101 -0.35671 -0.29495 0.097334 -0.15056 1.3665 -1.1009 0.074071 0.27826 0.66616 0.54806 -0.10806 -0.9759 -0.1541 -0.051083 0.80759 1.6533 1.1741 -1.3273 1.6027 0.96604 -0.33986 -0.20361
-1.2868 0.49761 1.3746 0.79558 0.64203 0.0282 -0.89758 0.21405 1.6709 -1.5565 0.37381 0.39786 -0.22191 -0.1907 -0.025238 -0.42514 -0.17067 0.0014672 0.20603 1.1689 0.69342 0.4834 -0.29464 -0.34059 -0.87851 0.17472 0.13273 0.57778 -0.3149 0.30315 0.46617 0.76579 0.89846 0.26977 -2.1376 1.3918 1.1939 -0.051858 -0.75528
-0.42562 -0.66786 0.12243 -0.70798 -0.33399 0.16432 -0.19108 -1.1961 1.3207 -1.6111 0.31472 0.47252 0.60597 0.10175 -0.037213 -0.33649 0.047966 0.54722 0.13411 0.88921 0.74399 -0.25172 0.49537 0.923 0.22176 0.031175 -0.11285 0.7625 0.27354 0.50753 0.71623 0.1114 -0.38578 -0.76864 -1.8111 0.92719 0.41831 -0.16492 -0.82257
-0.85214 0.20886 0.57753 -0.47224 -0.61175 1.7341 -0.37331 -1.0623 1.2227 -1.2615 0.57915 0.21018 0.0028572 0.015314 0.30582 -0.40433 -0.010194 0.65813 0.29551 0.52592 -0.61076 -1.3807 0.1992 1.2863 0.3733 -0.23294 -0.18836 0.86729 0.36666 0.51026 0.51094 -0.27574 -1.1248 -1.0006 -0.96004 0.45726 -0.16503 0.12361 -0.74102
-1.8006 0.33718 0.98241 0.0025962 0.34284 0.8764 0.9743 0.24281 0.63999 -0.47333 -0.11253 -0.71985 -0.33775 -0.24899 0.80139 0.014222 0.3573 0.64264 -0.12257 -0.35073 -0.96354 -1.2184 0.58078 0.09532 -0.67149 -0.63443 -0.10431 0.52385 0.31729 0.36468 -0.11442 -0.48502 -1.0493 -0.59361 -0.32633 -0.21829 -0.88606 -0.12658 -0.50639
-1.2753 0.53016 1.1724 0.25509 1.6194 -0.025027 -1.0759 -0.94838 0.64461 -0.3631 1.4063 1.0516 -0.32365 -0.3507 1.0613 0.097475 0.64846 0.89043 -0.30474 -0.47095 -0.35789 -0.89321 0.62212 -0.23913 -0.21811 -0.84779 0.36066 -0.102 0.10491 0.29019 -0.68243 -0.52073 -0.83142 0.55486 0.29484 -0.34956 -0.80608 0.02993 -0.14231
-1.0819 0.65059 0.56891 0.39196 1.2609 0.9344 -0.14957 -2.0708 -0.072201 -1.7899 0.54118 0.013048 -0.437 0.094534 0.49724 0.017848 0.41271 0.17665 -0.66774 -0.71994 -0.51553 -1.1215 -0.14976 -0.044484 0.26507 -0.58775 0.66384 -0.58642 -0.12833 0.047735 -1.2105 -0.15644 -0.088902 1.3854 0.29011 -0.60561 -0.42189 -0.11657 0.15601
-1.2266 1.0143 0.89281 0.62224 0.2702 -0.21786 -1.5227 -1.3675 0.30091 -0.38439 0.13077 -0.77367 -0.73951 0.45621 0.28825 -0.19976 0.51304 -0.44515 -0.61285 -0.95765 0.21058 -0.84574 -0.1399 -0.21674 -0.055746 -0.51699 0.80214 -0.70779 -0.1939 -0.088955 -1.0287 -0.036308 0.015227 1.9098 0.15597 -0.40746 -0.39126 -0.46526 0.27041
-1.1431 0.68121 0.23966 -0.11342 0.75765 0.71942 -0.14697 -1.0403 0.34823 -0.30788 -0.085222 0.50111 -0.63214 0.48373 0.18094 -0.068836 0.5101 -1.0317 -0.34377 -0.27826 1.3729 -0.66794 -0.27061 -0.73334 -0.98641 -0.51514 0.51983 -0.40457 -0.17519 0.039275 -0.15121 0.29782 0.62265 1.7559 -0.013511 -0.083373 -0.60557 -0.59631 0.19841
-1.1184 0.75025 1.1877 0.40912 -0.038601 0.36352 -1.1228 -1.2265 -0.76081 -1.7221 0.89194 0.4895 -0.88679 0.82969 0.0026884 -0.214 0.42222 -0.50125 -0.57629 -0.6527 2.3132 -0.80697 -0.14123 -0.65193 -0.47581 -0.39024 0.31381 -0.19081 -0.0091821 0.07205 0.19277 0.10774 0.73705 0.48737 -0.17778 0.24746 -0.5785 -0.20805 0.17184
-0.95257 0.72027 0.64533 1.2193 0.63452 -0.72758 -1.1655 0.49345 -0.29034 -0.39569 0.0026916 -0.5992 -0.97444 0.79531 -0.052648 -0.29471 0.52696 -0.11978 -0.056594 0.39153 1.7566 -1.1579 -0.30453 -1.0055 -0.65254 -0.28891 -0.011211 0.010602 -0.079794 -0.079395 0.53766 0.16158 0.70859 -1.0702 -0.32326 0.7396 -0.47705 0.70752 0.17117
-0.40879 0.91043 0.86235 0.91893 -0.14453 0.074934 -1.2036 0.21376 -0.21861 -1.487 0.048517 -0.72439 -0.98956 0.83218 0.081879 -0.094725 0.63643 -0.57043 -0.54741 0.20209 0.93603 -0.93759 0.40386 -1.206 -0.62687 -0.31647 -0.48413 0.17807 0.28561 -0.36839 0.27898 0.45672 0.48448 -2.1588 -0.18515 0.49557 -0.35162 1.1105 0.10625
0.0098433 0.7111 -0.012623 0.69761 0.47235 -0.11324 -1.5204 1.3131 -1.1606 -1.3631 -0.73454 -0.49895 -0.96939 0.45302 0.16635 -0.26899 0.24382 -0.0095477 -0.030111 0.73158 0.024366 -1.2227 0.99854 -1.3822 0.39089 -0.23961 -0.73639 0.10256 0.44824 -0.33209 0.37423 0.4301 -0.40111 -2.1022 0.2322 0.39098 0.0028477 1.2584 0.07778
-0.60208 0.84146 0.53282 1.0937 0.23711 0.2621 0.22538 0.33091 -1.2411 -0.47894 -1.1591 -0.8657 -1.0826 0.15476 0.20768 0.31889 -0.15067 -0.061496 0.39132 0.16262 -0.92246 -1.1257 0.2457 -1.1429 1.0551 -0.22116 -0.62683 0.11233 0.45602 -0.077936 0.29684 0.42227 -0.82571 -1.3475 0.55106 -0.088756 0.76117 0.96657 0.090537
-0.1026 0.7763 0.68025 1.0312 -0.63183 -0.68785 -0.53978 -0.37641 -0.95696 0.12413 -0.87449 0.25391 -1.1628 -0.14765 0.068425 0.34967 0.27579 0.30205 0.39603 -0.38918 -1.3087 -0.60235 0.59733 -1.0194 0.83463 -0.1949 -0.17551 0.098329 -0.020462 0.17772 0.097779 0.0051898 -1.243 -0.15618 1.0158 -0.59636 1.0016 0.19669 0.10726
-0.69503 1.0472 0.69183 1.0247 0.66471 0.16259 -0.46075 -0.67895 -2.4757 -0.074519 -0.87315 0.67874 -1.2296 0.040035 0.3317 0.46173 0.46406 -0.19734 0.14419 -0.89419 -0.96043 -0.16545 0.43793 0.12139 0.93571 -0.17383 0.02902 0.039932 -0.54744 0.16668 0.095653 0.018997 -0.52731 0.77979 0.68133 -0.55544 1.0394 -0.31175 0.19469
-0.41211 0.99621 1.1841 0.70319 0.33397 0.2369 -1.687 -0.38617 -1.1547 -1.2649 -1.6131 0.11838 -1.2109 0.19721 0.28099 -0.3695 0.27129 0.20813 0.075666 -1.2382 -0.26 0.28445 -0.31089 -0.03268 0.80054 -0.067712 0.33903 -0.17756 -0.6868 -0.20165 -0.38873 -0.1688 0.48589 1.4952 0.11064 -0.69912 0.79244 -0.5254 0.26856
-0.40639 0.77937 0.73242 1.5582 0.4837 0.71661 -1.7803 -1.1888 -1.0391 -0.2961 -1.4926 -0.14282 -1.1858 0.022331 0.1771 -0.34034 0.16522 0.13117 0.56425 -0.46779 0.025193 -0.23315 -0.42913 0.41963 0.47474 0.070661 0.20989 -0.39727 -0.68432 -0.46529 -0.42099 -0.098403 1.2232 1.1629 -0.18124 -0.2496 0.47443 -0.74838 0.24819
0.058719 1.3008 0.64333 1.5386 -0.44488 -0.44635 -1.8311 0.20956 -1.5616 -0.003903 -0.030607 0.75381 -1.247 0.43652 -0.15453 -0.52983 0.031133 -0.63907 -0.21659 0.38579 1.0275 -0.34372 -0.39438 0.40185 0.069601 0.17332 0.17384 -0.51857 -0.17251 -0.90262 -0.51816 0.023408 1.4764 0.59643 0.053016 0.43944 0.57661 -0.57563 0.26052
-0.40639 1.1075 -0.2503 1.1875 0.64266 0.04117 -1.2629 -0.49719 -0.72656 -1.0543 -1.5859 0.52159 -1.1825 0.27271 -0.13058 -0.73399 -0.3165 -0.61206 0.043417 0.76878 0.59448 -0.19491 -0.018553 0.84915 -0.10981 0.15888 0.43205 -0.93946 -0.38207 -1.2557 0.016491 -0.094108 0.98758 -0.046042 1.0703 0.60579 0.0991 -0.78586 0.61953
-0.41222 0.96608 0.75583 1.0167 -0.058628 0.83936 -1.0468 -0.68771 -2.4584 -0.65431 -0.098685 1.0084 -1.0355 0.36208 -0.45489 -0.48732 -1.2288 -0.44365 0.35859 1.1289 0.57956 0.37791 0.40653 0.8985 0.0037135 0.36395 0.58199 -1.1787 -0.4689 -1.3121 0.57959 -0.11718 0.48328 -0.53804 1.7989 0.43868 0.52517 -0.59616 1.1934
0.19673 0.6672 0.17293 1.0117 -0.53877 -0.54342 -0.26719 1.4644 -2.4085 -1.1588 -1.0588 -0.0022794 -0.98715 0.79548 -1.29 -1.0698 -1.6242 0.028388 0.039263 1.1605 0.15472 1.4994 0.43618 0.3783 -0.97314 1.1075 0.57261 -1.2984 -0.69864 -1.1239 0.70189 -0.41777 0.11514 -0.45547 2.0468 -0.1306 0.67784 -0.49008 1.6315
-0.10246 0.93676 -0.042495 0.53594 -0.46534 0.7009 -1.3196 -0.61809 -0.33549 -0.52331 -0.19788 -0.24866 -1.0834 1.17 -1.6057 -1.2332 -1.8428 0.10814 -0.50294 1.1729 0.21971 2.321 0.29939 1.6821 -0.62609 1.8804 0.028938 -0.76943 -0.47416 -0.64802 0.74385 -0.34859 -0.018985 -0.7514 1.0545 -0.58035 1.1877 -0.22371 1.5729
0.23861 0.31455 0.006139 -0.46194 -0.086949 0.90476 -0.021283 -0.085301 -0.51393 1.0296 0.22294 0.71554 -0.60243 0.84741 -1.7929 -1.6638 -2.1757 0.41241 -0.47906 0.98738 -0.096649 2.8283 -0.21781 1.8024 -0.7246 2.383 -0.55941 0.22278 0.29734 -0.28254 0.36051 -0.3678 0.088942 -0.38429 -0.55288 -0.75733 1.236 0.22318 0.82704
1.1555 -0.58191 -1.5311 -0.83355 0.24766 -0.93267 -0.066478 0.19991 0.67052 -0.42286 -0.4575 -0.69571 0.68837 0.37598 -1.5268 -1.0715 -2.2048 0.74462 -0.18247 1.1856 -0.72711 1.7761 -0.44678 2.534 -0.55394 2.6013 -0.85316 1.3992 1.0087 0.29037 -0.25878 -0.41964 -0.3707 -0.46542 -1.4752 -0.46208 0.18968 0.078705 -0.41413
0.93482 -0.75627 -1.2839 -1.2089 0.5356 -0.43075 0.53036 -0.14387 1.3222 -1.2442 1.5628 0.30252 1.4559 0.21641 -0.93764 -0.5829 -1.9927 0.36031 -0.96368 1.3418 -0.1079 0.70472 -0.73601 2.3948 -0.60991 2.2585 -0.4873 2.6314 1.9765 1.2266 -1.1414 -0.30536 -0.80714 -0.2133 -1.8805 0.34864 -0.86656 0.67332 -2.0023
0.41325 -0.94335 -1.2977 -1.9125 -0.088854 0.19167 0.12353 -0.14285 0.52543 -1.1475 1.8159 -0.33861 1.7079 0.002169 0.39197 0.13017 -1.383 -0.39518 -1.218 0.2565 -0.66458 0.51978 -0.37791 1.771 -0.55333 1.185 -0.30263 2.7707 2.0793 2.3645 -1.2959 0.070037 -1.2784 0.63203 -1.6097 0.66864 -2.7221 0.80359 -3.2639
0.38801 -0.58782 -0.83333 -2.0383 0.6644 -0.2119 1.1436 -0.44899 0.054428 -1.0373 2.1816 -0.79088 1.8832 0.18276 1.803 1.4568 -0.23645 -1.2281 -0.66592 -0.1673 -0.53962 -0.19572 0.48323 0.49202 0.51314 -0.57002 -0.54422 1.9174 1.7865 3.1354 -0.62099 0.87232 -0.93544 1.169 -1.1953 0.80551 -3.5571 0.82183 -3.5089
0.48432 -0.10118 -0.80441 -2.5102 -0.046134 -1.1314 0.74192 -0.54034 0.786 -0.63333 2.4916 -0.4502 1.6231 -0.13987 1.8989 1.8231 1.4536 -0.96582 -0.20571 -0.62928 0.68048 -0.89853 0.33897 -1.8551 0.36532 -1.9521 -0.78273 0.39868 0.9885 3.0386 0.23243 1.5639 -0.48539 1.8754 -1.1349 0.37222 -3.2279 0.3864 -2.6585
0.86662 0.67255 -0.37003 -2.1599 -0.80443 -1.807 -0.25695 -0.97117 0.90447 0.20953 1.564 -0.068819 1.0995 -0.66241 1.63 1.9353 2.6069 -0.57361 0.43021 -0.0932 1.4298 -0.90422 0.58318 -2.7745 0.44555 -2.5886 -1.0395 -0.97839 -0.11072 2.1682 1.1873 1.5407 -0.23208 1.5089 -0.95824 -0.076049 -1.9605 -0.63284 -1.0791
1.547 1.5669 0.74855 -0.52671 -1.594 -1.1095 -0.17477 -0.3273 0.46785 -0.43935 0.28839 0.51951 -0.23338 -0.93693 1.1743 1.7568 3.0272 -0.3162 1.6636 -0.75095 1.9009 -1.3264 0.35619 -2.9308 0.18391 -2.6668 -0.71955 -1.9108 -0.93779 0.53614 1.2073 0.91328 0.36707 0.53186 -0.70669 0.090397 0.46143 -0.80227 0.63866
-0.27444 0.71206 1.0224 1.1636 -0.10948 0.46327 -0.24988 1.5766 -0.75815 -1.3455 -0.90517 0.15469 -1.0549 -1.2238 0.48077 1.2914 3.1361 0.67207 1.7776 -0.56608 1.7052 -1.8383 0.33429 -2.813 -0.59185 -2.1861 -0.0463 -2.6634 -1.7032 -1.054 0.83755 -0.55827 0.73232 -0.53112 -0.29405 0.24197 2.3273 -0.99433 2.2093
-0.86805 0.6915 1.0088 1.1284 -0.32379 0.65271 1.0945 1.4773 -0.67385 0.35129 -0.91089 -0.48318 -1.1062 -1.1118 -0.82279 0.39312 2.2125 0.67439 1.1112 0.35574 1.5445 -1.7982 0.66633 -0.91638 -0.62739 -0.98629 1.066 -2.5933 -1.9412 -2.1367 -0.37947 -2.2812 1.3044 -1.4584 0.49912 0.22863 3.23 -0.81716 3.0125
-0.26341 1.073 1.179 1.2056 -0.077103 1.5214 -0.80811 1.4155 -1.1308 -0.34863 -0.55671 -0.5043 -1.1336 -0.66506 -1.9687 -0.57237 0.98249 0.48984 -0.55757 0.83856 0.59346 -1.2315 0.94361 0.80668 -1.0181 0.6099 2.0487 -2.0775 -2.0827 -2.4806 -1.4295 -2.4096 1.0946 -1.4357 1.3994 -0.24242 2.7666 0.15481 2.8856
-0.48078 0.82488 0.78091 1.7155 0.54611 -0.0029506 -0.62031 0.90327 -1.2389 0.25069 -1.2904 -0.87998 -1.1505 0.61423 -2.0771 -0.9478 -0.0080025 -0.98433 -2.2434 1.1855 -0.31669 -0.64855 0.53951 1.6228 -1.1421 1.4424 2.1499 -1.0924 -1.9526 -2.0406 -1.6007 -1.5077 1.067 -0.85563 2.0712 -0.58451 1.3024 0.93738 2.0455
-0.078117 -0.49759 0.36863 1.2855 -0.73626 -0.45453 0.95272 1.5515 -1.5136 0.9698 0.67359 -0.034342 -0.31742 1.4407 -2.4766 -1.9403 -0.5266 -1.2577 -1.9036 1.2347 -0.094485 0.32108 -0.085725 1.3696 -0.062567 1.8746 1.6709 0.036536 -1.3906 -1.3258 -1.0913 0.28622 0.82795 0.023962 2.1297 -0.6986 0.26439 1.5599 0.9063
-0.087081 -1.3656 0.038774 1.3979 -0.37037 -1.572 1.3866 1.1164 -1.3583 0.2522 0.9596 -1.0421 0.55957 1.5376 -2.4504 -2.5808 -0.96038 -1.5371 -1.5796 2.3177 0.25843 1.4678 -0.0078864 1.3752 0.62494 2.1206 0.46258 0.90935 -0.6418 -0.71436 0.30172 1.6058 0.33664 0.12102 1.4699 -0.15186 -0.48409 1.0649 -0.028575
0.40039 -1.2909 -0.073312 0.94226 -2.0379 -2.4618 1.5251 1.0421 -1.497 -0.46316 0.65674 -1.6721 0.56627 1.7484 -1.7122 -2.3583 -1.0954 -1.3488 -0.2857 1.9504 0.34424 1.8665 -0.20684 1.4625 0.98848 1.9272 -0.47602 1.6278 0.37807 -0.31225 1.046 1.8632 0.0036808 -0.6114 0.36135 0.66066 -0.87175 0.28522 -0.73732
1.5153 -1.6498 -2.0124 0.23417 -1.4976 -0.47488 1.5353 1.4052 0.27554 0.2196 0.24597 0.24578 1.0944 1.249 -0.8807 -1.9348 -1.1028 -0.4006 0.46996 1.5149 -0.31361 1.4501 0.30339 0.63661 0.29998 1.3634 -1.1121 1.5641 1.2516 0.10402 1.8002 1.8013 -0.56208 -1.365 -0.44094 0.83649 -1.0939 -0.18384 -1.0141
1.4029 -1.6111 -2.2643 0.16119 -1.6879 -1.0758 2.6179 1.7628 0.87073 0.12439 1.1516 0.4224 1.4914 0.75287 -0.44098 -1.5439 -1.062 0.12984 1.1632 1.652 -0.97527 1.0429 1.1376 0.036848 0.61482 0.9047 -1.7701 1.0561 1.8165 0.36927 1.8759 1.1068 -0.60318 -1.6571 -0.91988 0.50957 -1.2571 -0.79995 -0.92846
1.5878 -1.5513 -1.7641 0.40427 -1.4326 -0.63871 2.4636 1.3636 0.46113 0.33415 1.5293 0.17051 1.4787 0.10488 -0.37573 -0.6281 -0.78387 1.1158 1.6505 1.3419 -1.6781 1.0304 1.0614 -0.050838 0.45269 0.77722 -1.6468 0.61162 1.8748 0.47616 1.595 0.83559 -1.1214 -1.3238 -0.75473 -0.45367 -1.0982 -0.81345 -0.6047
1.0341 -1.9202 -1.791 -0.25693 -1.0272 -0.53129 3.1536 0.4233 -0.5355 1.4225 1.3881 -0.99335 1.6005 -0.74615 -0.13245 0.40932 -0.55201 1.4295 1.5427 0.82893 -2.1239 0.29458 0.48146 -0.65364 -0.59495 0.5223 -1.2442 0.43926 1.3796 0.32102 1.3102 0.52034 -1.9569 -0.49305 -0.094941 -1.5346 -0.78713 -0.84528 -0.3409
1.0087 -1.807 -2.1672 -0.23321 -0.7699 -0.24502 3.577 -0.60919 0.084174 1.6124 0.11169 -0.35643 1.6258 -0.85523 0.028967 0.619 -0.4495 1.9509 2.099 -0.32648 -2.2573 0.36401 -0.28763 -1.1656 -0.62736 0.44848 -0.52617 0.44026 0.56078 0.21663 0.72268 0.10203 -2.3532 0.57853 0.43513 -1.984 -0.33501 -0.32489 -0.24261
1.0706 -1.7887 -1.4669 -0.35822 -0.25702 0.85371 2.8871 -0.83815 1.219 0.65292 0.56061 0.023157 1.7939 -0.92559 0.12267 0.43301 -0.61897 2.1713 2.0605 -1.4515 -1.628 1.2005 -1.3361 -0.94143 -0.43669 0.44528 0.17408 0.23646 -0.064837 0.19584 0.098864 -0.43581 -2.1584 1.3122 0.59099 -1.7398 0.40336 0.2283 -0.15646
0.38892 -1.6954 -1.5631 -0.43963 0.51075 1.5165 2.755 -0.83561 0.78004 0.56108 -0.19219 -0.37233 1.931 -0.72407 0.26443 0.42261 -0.34078 2.0849 1.588 -2.2548 -0.83579 1.434 -2.1046 -0.55356 -0.24834 0.37165 0.59888 0.16183 -0.20458 0.26735 -0.67332 -1.2913 -1.2692 1.7726 -0.30652 -0.8542 0.66304 0.50685 -0.28504
0.42464 -1.5053 -1.2181 -0.24561 1.1013 1.6801 1.7344 -1.2712 0.82669 -0.45046 0.25312 -0.67267 2.059 -0.52124 0.16525 0.39509 -0.23672 1.5143 0.80506 -2.551 -0.35268 0.91966 -2.1813 -0.15437 -0.37561 0.27413 0.91631 0.22202 -0.0061158 0.17125 -1.3101 -1.7949 -0.28644 1.5686 -1.3474 0.064678 0.61189 0.45471 -0.5393
0.29064 -1.6358 -1.4509 -0.91688 1.5525 1.868 0.4243 -0.99281 1.7897 -1.2007 0.51069 -0.81362 1.9983 -0.033399 0.29409 0.26308 -0.13356 0.96047 -0.15856 -2.3277 0.46016 -0.083034 -1.6101 -0.2432 0.26996 0.012384 0.80989 0.31525 0.054903 -0.3142 -1.614 -1.9747 0.91352 1.3784 -1.711 1.1595 0.49512 0.19256 -0.74221
0.2326 -1.6335 -1.4769 -0.59853 1.6109 1.2949 0.60839 -1.0274 1.4056 -1.267 0.11883 -0.89394 2.0374 0.3012 0.4983 0.51063 -0.40017 0.20175 -1.0652 -1.9843 0.69219 -0.65519 -1.4335 0.1187 0.13488 -0.3616 0.43604 0.89056 0.46997 -0.5351 -1.6185 -1.6477 1.5663 1.1362 -1.5572 1.831 0.14544 0.21667 -1.039
0.52178 -1.6211 -1.3813 -0.44089 1.0092 1.1013 0.18853 -1.2382 1.516 -1.6324 -0.14062 -0.26387 2.0116 0.25309 0.64952 0.4773 -0.86938 -0.3694 -1.8736 -0.68766 1.2493 -1.1008 -0.070837 0.2956 -0.16132 -0.66798 -0.09313 1.507 0.94545 -0.53943 -1.3566 -0.93159 1.2491 0.75217 -0.85697 2.1752 -0.037211 0.44007 -1.269
0.97117 -1.2445 -0.96335 -0.53585 1.382 0.85928 -0.21862 0.29671 0.3722 -1.3877 0.081948 0.51828 1.7728 0.078337 1.5336 1.18 -0.9036 -0.93995 -2.0108 -0.20429 1.4008 -1.5941 0.84149 -0.12565 0.22721 -1.2858 -0.54487 1.6968 1.0903 0.4597 -0.89882 0.097962 0.69733 0.31513 -0.3591 2.1036 -0.39115 0.6922 -1.438
0.56087 -0.94002 -0.69615 -1.2975 0.9604 -0.10997 -0.29891 -0.35029 -0.16214 -2.032 0.36914 -1.0985 1.3639 -0.092888 2.3882 1.7134 -0.92496 -1.0891 -1.7754 -0.69057 1.5255 -1.2729 1.7546 -0.18206 1.0272 -1.8461 -0.75225 1.3249 0.89876 1.6401 -0.41374 1.1726 -0.1191 -0.66285 0.38756 1.0683 -0.50857 0.88177 -1.279
0.51269 -0.88095 -0.9027 -1.9556 0.75921 -1.0952 0.91748 0.51086 0.22226 -0.028679 0.94141 -1.2345 1.1785 -0.47677 2.5687 1.9496 0.50427 -1.1868 -0.92689 -0.56826 1.1447 -1.259 2.0084 -0.39947 0.81383 -2.4022 -0.5927 0.14151 0.26732 2.4959 0.30235 1.8648 -0.42348 -1.1885 0.44342 -0.013186 -0.40189 0.87387 -0.61084
0.24584 0.51214 0.40797 -1.746 0.055938 -0.68096 -0.12789 0.66463 -0.1236 0.069507 -0.46308 0.1085 0.1083 -0.77841 2.4289 1.7898 1.5714 -1.0705 0.14859 -0.73746 0.11289 -0.50436 1.5652 -0.5554 1.1718 -2.4488 -0.33155 -1.04 -0.59392 2.4031 0.8579 2.0065 0.032293 -1.4283 0.015661 -1.2047 -0.61942 0.13713 0.25099
0.37215 1.3031 0.9039 -1.3224 0.042088 -0.88464 -1.1405 0.88093 -0.054264 1.245 -0.32025 1.296 -0.34096 -0.61245 1.7645 1.6532 2.6373 -0.40987 1.1222 -1.0264 -0.15448 -1.1056 0.9255 -0.71711 1.7667 -2.1018 0.2148 -1.967 -1.5015 0.90091 1.1799 1.4184 0.54054 -1.0312 0.00031689 -1.5643 -0.3577 -0.56548 1.2465
0.039287 1.015 1.0973 1.3643 -0.4251 0.33459 -0.56527 0.46 -0.78711 0.60555 -0.39468 0.2859 -1.1641 -0.60766 0.99915 0.75553 2.6193 0.11994 1.6086 -0.38801 -0.54114 -1.3097 -0.17176 -1.2291 0.78979 -1.5379 0.42611 -2.1662 -1.687 -0.60579 1.2393 0.67121 0.86352 -0.46455 0.023873 -1.131 -0.1788 -1.19 1.6722
-0.24155 1.2805 0.99366 0.99802 0.17414 0.78071 -1.0396 -0.16902 -0.14612 0.085647 -0.097721 0.86545 -1.1359 -0.20135 -0.11001 -0.34393 1.7047 0.42876 1.4509 0.35539 -0.49147 -0.84637 -0.33262 -0.75384 -0.065344 -0.57909 0.50203 -1.594 -1.3035 -2.1106 0.84145 -0.48988 0.71381 0.39185 0.84069 -0.24711 -0.013323 -1.1358 1.6681
-0.13338 0.76129 1.2768 1.6014 0.60775 0.76853 -1.1702 -0.20836 -1.9553 -0.12777 -0.39169 0.62445 -1.047 -0.25829 -0.37156 -0.37059 0.86708 0.8342 1.4395 0.3213 -0.60688 -0.57813 -0.12157 -0.87648 -0.14612 -0.15343 0.7565 -0.82068 -0.4784 -2.0654 0.12882 -1.4553 0.042452 1.2192 1.1252 0.29251 0.30632 -0.53157 1.3233
-0.28601 0.83432 0.064053 0.904 0.62127 0.93982 0.66492 0.22833 -1.2045 0.080401 -1.6286 -0.0075494 -0.98978 0.069629 -0.29883 -0.22251 -0.54868 0.79918 0.094043 0.066713 0.61456 0.17487 0.40731 -0.9075 0.10177 0.25523 0.75677 -0.02979 0.12575 -1.392 -0.44588 -1.833 -0.74183 1.2264 1.4149 0.14533 0.30818 -0.26812 0.81134
0.32183 0.70203 0.16768 0.50843 0.28554 1.1615 -0.40408 0.21524 -0.6958 0.30497 -1.0956 0.75605 -0.7047 0.55302 -0.31838 -0.19433 -0.2291 0.1436 -0.96084 -0.14968 1.2113 0.37997 0.078003 -0.53783 -0.30077 0.46365 0.74634 -0.00023512 0.51469 -0.51473 -0.96308 -1.6969 -1.0558 0.74656 1.1594 -0.097171 0.51952 -0.60208 0.57871
-0.33884 0.96253 1.037 1.2227 1.28 1.689 -1.1656 -0.44483 -0.94076 1.1557 -1.0901 1.0198 -1.0159 0.68964 -0.18141 -0.18654 -0.42847 -0.11167 -1.4322 -0.89664 0.9185 1.4389 -0.1162 -0.30506 -0.50414 0.59519 0.097047 -0.671 0.42424 -0.14373 -1.0583 -0.59982 -0.48332 -0.83109 0.74859 -0.41428 0.61725 -0.93083 0.65504
0.089455 0.6853 0.95354 0.35365 0.72798 -0.236 -0.64761 1.7838 -0.3116 0.69431 -1.3075 0.33067 -0.82703 0.71033 -0.424 0.58741 -0.18867 -0.58118 -1.5796 -1.3176 0.65012 1.0567 -0.0437 -0.14402 -0.98156 0.7341 -0.45207 -0.96136 0.0076859 -0.9542 -0.52165 0.32868 0.34526 -1.8001 0.27113 -0.60818 0.6951 -0.74338 0.90233
0.75883 0.69026 0.45969 1.2137 0.20092 -0.99495 -1.1661 1.2971 -0.54372 -0.64519 -0.74117 0.18734 -0.30854 0.14844 -1.3992 0.19272 -0.85168 -0.89054 -0.95246 -0.31553 -0.68835 1.3034 -0.36966 0.12145 -1.3088 1.3171 -0.85755 -0.57132 -0.63453 -1.3213 0.61828 0.93598 1.405 -2.2518 -0.40324 -0.44567 0.85355 -0.22941 0.82099
0.65986 0.52176 0.34236 0.49044 0.49992 -0.72669 -1.904 0.49374 0.43356 -0.052693 -1.5246 -0.26049 -0.22117 0.032903 -1.3646 -0.36018 -1.8575 -0.497 -0.50303 0.26436 -1.4068 0.98499 -1.033 0.62786 -1.3001 1.7519 -1.0289 0.39742 -1.5085 -1.3535 1.7921 0.79294 1.8947 -1.8054 -0.6041 -0.10143 0.80048 0.45344 0.28598
0.57765 0.24897 1.3618 0.49958 -0.44558 -0.48758 -1.2991 0.81994 0.084097 0.80996 -1.7509 -0.80673 -0.019438 -0.46253 -0.69202 -0.89511 -2.1393 0.98736 0.070343 1.1539 -2.3315 0.69899 -0.52414 0.9995 -0.78886 1.5868 -0.536 1.5733 -1.6233 -0.29192 2.3286 -0.1911 1.7539 -0.49135 -0.96589 0.12148 0.70191 0.85089 -0.52272
-0.18015 -1.3938 0.54514 -0.95826 -0.45893 0.59915 -0.65018 -1.7303 1.0522 -0.087599 -0.34721 -0.17134 1.1717 -0.77095 -0.083946 -1.6925 -2.1522 1.8566 -0.36652 1.7766 -1.96 0.19206 -0.15914 1.0031 -0.41318 1.1216 -0.028313 1.9315 -1.3348 0.96403 1.7521 -0.97696 1.4154 0.42134 -0.72641 0.41635 0.15973 0.76518 -1.1644
-0.037214 -0.065357 0.234 -1.8188 1.1901 -0.20769 -0.59447 -1.0268 -0.032523 -1.2326 -0.1519 -0.6407 1.2035 -0.38529 0.68672 -2.1805 -1.2719 2.3313 -1.4726 2.4733 -1.3508 -0.17145 -0.53956 1.3262 -0.18335 0.67602 0.59598 1.7601 -0.43379 1.831 0.044753 -1.3124 0.76949 1.1216 -0.48819 0.86227 -0.7011 0.18067 -1.4662
-0.057399 0.5284 -0.86511 -1.9267 2.5891 -1.09 1.0403 -1.0062 0.58167 -0.13608 -0.11246 -0.55523 1.005 -0.064717 1.2916 -2.215 -0.44558 2.1318 -1.9215 2.4671 -1.105 0.015173 -0.15015 0.79075 -0.19366 0.077916 0.61602 0.70201 0.80625 1.9621 -1.5881 -0.42808 0.087914 0.89315 0.23569 1.5662 -1.1238 0.21296 -1.2848
-0.14999 0.63232 -1.9408 -1.2158 2.395 -1.7112 0.49658 -1.3658 -0.20275 -0.28812 -0.22806 -0.40491 0.80181 0.20335 1.6694 -1.4392 0.51877 0.89855 -2.084 2.3687 -0.63857 -0.15378 1.2661 -0.26079 -0.57851 -0.57249 0.3575 -0.52161 2.0315 1.2468 -2.7352 0.97851 -1.1929 0.90297 0.25954 1.771 -1.1343 0.44465 -0.87389
0.30536 0.91311 -1.5952 -0.88678 2.7767 -2.6893 1.7324 -1.2535 0.43711 -0.5742 0.011414 -0.72098 0.69441 -0.011663 0.64491 -0.53955 0.71596 -0.48825 -1.0369 2.0146 -0.62909 0.65149 2.1843 -0.40117 0.16468 -0.60362 0.29071 -1.2914 2.693 0.46856 -2.8093 1.9989 -2.322 1.4783 -0.28432 1.1174 -0.34386 0.53007 -0.38224
0.15227 0.90095 -1.1685 -0.74348 1.739 -2.1404 2.1321 -1.817 0.58904 0.4612 -0.39901 -0.858 0.59447 0.1954 0.11508 0.80656 0.53637 -1.6049 0.21992 0.30251 0.11688 0.025095 1.9618 -0.29618 0.44946 -0.58146 0.17496 -1.4422 2.2225 -0.092392 -2.13 2.2487 -3.2741 1.8022 -0.74614 0.23725 0.65977 0.52662 -0.061574
-0.015299 0.96506 -1.3243 -0.85802 1.1163 -2.2893 2.4677 -2.546 0.37773 1.8855 -0.74778 -1.0016 0.48845 0.43113 -0.15693 1.7292 0.4393 -2.0037 1.3181 -1.1738 1.3143 -0.61851 1.8228 0.14442 0.2635 -0.61698 0.23006 -0.73211 1.3464 -0.24913 -1.2104 1.2849 -3.5469 1.7836 -1.1795 -0.66479 1.1676 0.0039727 -0.10316
-0.1962 0.76319 -0.86974 -1.0836 1.3135 -1.6309 2.2941 -1.2543 1.1824 2.2753 -0.47433 0.11247 0.35939 0.27395 -0.41611 1.6098 0.47295 -2.4371 1.6827 -2.6309 1.8011 -0.96224 1.9526 0.77589 0.33679 -0.67892 0.15857 -0.069109 0.37254 0.044274 -0.33392 -0.069001 -2.6449 1.2607 -0.55759 -1.2544 1.1849 -0.2016 -0.14518
0.47603 0.63896 0.01396 -0.82119 0.30576 -0.82916 0.20603 -0.44327 -0.26348 1.9197 -0.28954 0.0094863 0.15718 0.3362 -0.34835 1.5968 0.26235 -2.414 1.0443 -3.6625 1.9048 -1.1421 0.83451 1.3708 0.21188 -0.74403 -0.085233 0.48366 -0.29915 0.31756 0.43237 -1.1487 -1.1638 0.15165 0.30142 -1.5626 0.79455 -0.29088 -0.12228
0.733 0.56579 0.514 -0.16019 -0.25975 -0.2151 -1.1868 0.69865 -1.1947 1.7038 0.2789 -0.73332 -0.047083 0.50657 0.098004 1.5818 0.70328 -2.0722 0.17494 -3.7781 2.2059 -0.78945 -0.11445 1.4327 0.083097 -0.7839 -0.63422 0.65994 -0.46169 0.60259 1.6874 -1.4137 0.89931 -0.6109 1.0835 -1.7959 -0.028384 0.21055 -0.054311
0.31174 0.46376 0.21263 -0.2267 -1.0272 -0.73723 -1.1618 0.21192 -0.12601 3.149 0.94276 -0.52742 -0.18188 0.15754 0.42875 1.1907 0.92767 -1.3991 -0.49788 -2.9385 1.3924 -0.10866 -0.34963 1.3905 -0.16819 -0.78858 -1.1498 0.46506 -0.66393 0.53003 2.6018 -0.27858 2.8925 -1.1447 1.093 -1.3925 -0.96806 0.53443 0.03351
0.30987 0.64659 0.69382 -0.88226 -1.6628 -1.3539 -2.424 -0.2392 -0.61755 1.7556 0.94119 -0.50285 -0.37318 -0.74196 0.3428 0.95507 1.2915 0.23291 -0.70208 -1.1711 0.89144 0.64016 -1.1423 0.72238 0.9026 -0.75647 -1.2267 -0.016164 -0.8061 0.019467 2.7751 1.0081 3.9426 -1.3388 0.38838 -1.3314 -1.7054 0.56085 0.2051
0.73785 1.2843 0.88365 0.38624 -1.0512 -2.1576 -2.3219 1.2764 -0.079857 1.5474 0.73907 -0.25441 -0.54321 -1.035 0.33983 0.67257 0.98003 1.3524 0.83741 0.87503 0.38369 0.28071 -1.5067 -0.1654 0.78138 -0.69701 -1.0103 -0.28762 -0.56681 -0.31522 2.1651 1.5036 3.6941 -1.2024 -0.35678 -1.2243 -1.9708 0.13408 0.41017
0.088154 1.1097 0.98332 0.43095 -0.41488 -1.5249 -2.1474 0.87279 0.65183 1.681 1.3765 -0.08178 -0.70779 -1.0255 0.1212 0.33627 0.70788 1.8012 1.7075 2.2736 0.16365 -0.21857 -2.265 -1.1306 0.6368 -0.45523 -0.55603 -0.39372 -0.5722 -0.86187 0.52562 0.98104 2.2835 -1.3663 -0.87795 -0.67663 -1.2524 -0.53653 0.55367
-0.76842 0.64523 1.4737 1.4734 0.9421 -1.0989 -1.4078 0.96485 -0.19021 -0.21171 0.47634 1.1141 -0.85784 -1.4553 0.04904 0.44497 0.60719 1.9041 1.5935 2.7967 -0.53156 -0.36463 -2.2965 -1.5462 0.198 -0.18983 -0.26935 -0.46785 -0.56963 -0.92747 -0.31452 -0.17229 0.22222 -1.0417 -0.48023 -0.4185 -0.40817 -0.81895 0.69052
-0.60814 0.92726 0.97792 0.46467 1.0234 1.913 0.75692 0.60863 -0.99239 0.43582 0.11029 -0.55576 -0.93699 -1.502 -0.18571 0.0035597 -0.18474 0.92172 1.0603 2.4811 -1.2497 -0.73729 -2.1263 -1.0378 0.17805 0.0016551 0.16932 -0.39464 -0.4938 -0.84491 -0.63375 -0.82071 -1.6393 -0.44087 0.49587 0.21252 0.4152 -1.1766 0.68302
-0.68972 0.71628 0.5192 0.099904 0.52639 0.5098 1.3694 0.057982 -0.28048 -0.69284 -0.66819 0.20426 -0.64965 -1.272 -0.30876 -0.22155 -0.36234 1.1566 0.75067 1.2278 -0.8927 -0.38564 -2.4226 -1.0023 -0.53172 0.33647 0.55665 -0.47446 -0.37286 -0.44552 -0.26508 -1.135 -2.5714 0.56684 1.262 0.4717 0.95959 -0.72891 0.57044
-1.506 1.1773 1.8602 0.65902 1.0435 -0.75549 0.25719 -0.53269 -0.67636 -1.7175 -0.77686 -0.28623 -0.62159 -0.83493 -0.37539 -0.24853 -0.43742 0.93133 0.28454 -0.23916 -0.49913 0.76679 -1.7472 -0.57402 -1.2072 0.52984 0.87851 -0.21477 -0.14759 0.14036 0.13612 -0.68396 -1.8175 1.7079 1.2132 0.98033 1.2406 -0.83992 0.27727
-1.3214 0.86631 0.60893 0.2814 0.17019 -0.87765 0.5634 -0.22898 -0.66907 -1.0099 0.48803 0.51376 -0.66705 -0.8378 -0.6696 -0.1199 -0.12914 1.3579 -0.55815 -1.0201 0.16123 1.3499 -1.4968 0.12091 -0.4841 0.58846 1.2577 0.057832 -0.39202 0.31137 -0.42618 0.070419 -0.34753 1.9089 0.2428 1.7246 0.9629 -0.17031 -0.27153
-1.8665 0.29887 0.78321 0.35276 2.67 0.853 -0.64498 0.075441 0.082009 -2.746 -0.33301 -0.7177 -0.23978 -0.21228 -0.36988 -0.31511 -0.038273 1.0439 0.17279 -0.051686 1.4558 0.76656 -0.55108 0.8521 -1.4273 0.38205 1.3834 0.60044 -0.31397 0.59656 -0.74043 0.48247 0.6777 1.2727 -0.97792 1.9692 0.14747 0.52229 -0.76958
-1.4425 0.30906 1.0342 0.51143 2.0396 0.66261 -0.79001 0.29217 0.80236 -2.0809 -0.75998 -1.0407 -0.21378 0.57826 -0.20487 -0.91517 0.029734 0.25215 0.93303 0.44163 1.7436 0.096581 0.55233 0.19019 -0.75553 -0.086602 1.414 1.074 -0.082459 0.71841 -1.5991 0.39748 0.86078 -0.31029 -1.4478 2.2881 -0.43924 1.1625 -1.101
-1.7155 0.23445 0.72521 0.0061927 2.4965 -0.019173 0.18934 0.552 0.80791 -1.806 0.25802 -0.44279 -0.12968 0.83568 0.43684 -0.43121 0.62275 0.037466 0.57675 0.40493 1.1166 -0.5013 1.3057 -0.30656 -0.11482 -0.54017 0.74456 0.95058 0.32287 0.60274 -1.5522 -0.057117 -0.047634 -1.6608 -1.1142 1.7086 -0.78958 1.9402 -1.0079
-0.95244 0.83584 0.45451 0.37558 1.261 -0.15232 1.6938 2.2589 -0.18163 -1.5735 0.74536 -1.7282 -0.3334 1.0697 0.79023 -0.20737 0.91409 -1.2212 0.089699 0.49573 -0.26484 -0.82577 2.3099 -0.15134 1.0091 -0.96384 0.29072 0.57374 0.54064 0.4131 -1.1055 -0.18993 -0.31202 -1.6931 -0.60973 0.8639 -0.69795 1.2726 -0.56545
-0.61898 0.83391 0.038748 0.78109 0.94176 1.0958 0.1415 1.369 -1.0382 -0.36929 -0.77326 -0.23156 -1.0615 0.81756 0.78243 -0.053289 0.67103 -1.2123 0.43887 -0.16641 -0.69736 -0.93233 2.1101 -0.5176 1.289 -1.0227 -0.3135 -0.21481 0.47322 -0.13436 -0.22118 0.059467 -0.26078 -1.2877 0.052989 0.098678 -0.24984 0.2558 -0.024974
-0.60368 1.1528 0.37427 1.4376 1.6726 0.47865 0.046204 0.61834 -0.61512 0.28541 -0.33522 0.22136 -1.2048 1.0792 0.62077 -0.079417 0.79271 -1.265 0.55264 0.10649 -0.56802 -0.86577 1.9482 -1.0646 0.89727 -0.87968 -0.62133 -0.57937 0.53603 -0.45738 0.65461 0.094461 0.17574 -0.3033 0.32686 -0.97245 0.1871 -0.68925 0.51009
-0.59717 1.0184 0.99936 1.5255 0.72752 0.76015 -0.1512 -1.0322 -0.043813 0.59689 -0.57893 0.19188 -1.2763 0.27947 0.15693 0.4029 0.41864 -0.39835 0.44754 0.082075 -1.1814 -0.36878 1.7065 -0.32909 0.40119 -0.62844 -0.6636 -1.2212 0.14954 -1.0474 0.32044 -0.5342 0.42851 0.10144 1.2569 -1.3374 0.84593 -0.78678 1.2386
-0.62889 1.148 0.75017 0.64909 0.39617 0.87057 -0.43887 0.3433 -0.39002 0.62914 -0.87615 0.21038 -1.2892 0.25573 0.10816 0.5806 0.15484 -0.41781 0.26502 0.73424 -0.60524 -0.46177 0.5228 0.13444 0.1522 -0.22888 -0.60922 -1.5716 -0.36321 -1.7638 -0.073749 -1.1052 -0.072024 0.12292 1.971 -1.4705 1.3193 -0.4783 1.8707
0.27516 1.1288 0.024816 1.3525 0.34171 0.60329 1.8855 1.3569 -1.1528 0.95618 -0.847 -0.25591 -1.2534 0.073326 -1.0655 -0.093106 -1.0291 -1.062 -0.62806 0.39218 -0.49343 1.3222 0.081241 0.55841 0.17897 0.91594 -0.08538 -1.3571 -0.56259 -1.8009 -0.38742 -0.78925 -0.72253 0.089 2.1017 -1.1767 0.95322 -0.17773 1.8801
-0.97147 0.93451 1.1715 1.1971 1.2091 1.0026 0.81578 -0.23839 -0.92939 1.4154 0.31511 -0.97898 -1.4866 0.1202 -1.4781 -0.50422 -1.8791 -1.1101 -1.3832 -0.18541 -0.68593 2.1357 -0.25527 1.0981 0.10063 1.7677 0.22912 -1.0508 -0.37765 -1.7919 -0.17805 -0.2625 -1.507 -0.11396 1.3038 -0.54358 0.13811 -0.41167 1.531
-0.14472 1.1448 1.0395 1.3483 0.45868 1.3474 0.51094 -0.20912 -1.3989 -0.025697 -0.85608 1.0001 -1.3584 0.1897 -1.3891 -0.10195 -2.0313 -0.82656 -0.50319 -0.90669 -0.97932 2.4341 -0.31463 1.0756 0.079265 1.8101 0.93401 -0.25092 -0.2477 -1.1022 0.16223 0.4549 -1.0784 0.85273 -0.65483 -0.20148 -1.1056 -1.2527 0.75006
-0.64648 -0.86013 -0.0048387 -0.92731 -0.771 -1.4075 -0.0065088 -0.84798 3.1862 0.62162 0.55633 0.40925 0.82294 0.58307 -1.5397 -0.11491 -2.7936 -0.91115 -0.40725 -1.6468 -0.58556 1.5303 -0.38375 0.15957 -0.58155 2.1226 1.1553 0.10846 -0.27211 -0.17141 0.36302 1.1057 -0.24505 1.8687 -2.0459 0.045136 -1.8759 -2.5458 -0.058057
-0.20443 -0.42214 0.086459 -1.6246 -0.99207 -1.1103 -0.44824 -1.2432 2.0403 0.32485 0.64543 -0.16985 1.0317 1.4446 -1.4617 -0.74362 -2.6963 -0.88902 -0.13919 -1.0433 1.0667 0.3593 -0.25352 -1.1343 -1.8306 2.1093 1.2566 0.54581 -0.27385 1.0693 0.52179 1.3359 0.77072 2.3072 -3.0385 -0.10323 -2.1981 -2.2513 -0.84233
-0.033491 0.17307 0.87065 -1.2012 0.11665 1.6452 -0.66676 0.11918 1.1074 0.57134 0.18004 -0.1586 0.18709 1.4776 -1.2476 -0.68509 -1.8826 -0.42396 0.8509 -0.60284 1.8285 -0.8012 -0.17625 -1.4736 -3.7046 1.5114 0.72769 0.54085 -0.16619 2.1785 0.44935 1.2584 1.4179 1.7071 -2.042 -0.1949 -1.4607 -0.72889 -1.2373
0.86287 -0.73086 0.28521 -2.3066 -0.46306 0.037772 -0.49667 0.15279 -0.51229 0.49698 -0.94614 -1.4487 1.2543 1.9021 -0.58501 -0.32184 -0.43886 -0.11281 1.7929 0.13385 2.1829 -2.3071 -0.61477 -2.418 -2.5706 0.57516 0.010309 0.28637 -0.02835 2.3671 -0.079014 0.39901 1.2548 0.036113 -0.35427 -0.31523 -0.16466 1.0349 -0.99637
1.1177 -0.90272 -0.19983 -2.3062 -0.4398 0.50187 -0.65162 1.4555 -0.08372 0.48344 -1.7592 -2.4367 1.3761 1.6008 -1.0365 -0.62858 0.25686 -0.47987 1.3806 0.63215 2.0873 -1.1032 -0.58855 -2.0586 -1.5862 0.62696 -0.38869 0.27987 -0.041766 2.1002 -0.43288 -0.32265 1.0136 -1.0843 1.1364 -0.069289 0.82593 2.4528 -0.67051
1.3565 -1.0654 -0.35584 -1.7153 -0.87281 1.552 -0.4305 1.6924 -0.0038318 -0.41035 -1.7159 -3.3218 1.346 1.3907 -1.0656 -0.81578 0.77554 -1.048 0.44916 0.87783 0.9987 -0.17014 -0.68093 -1.1534 -0.97796 0.72934 -0.77932 0.19486 -0.010523 1.2538 -0.37896 -0.9367 0.51602 -1.7663 1.3355 0.45046 1.4197 1.8826 -0.35465
1.8354 -1.1711 -0.046932 -1.4778 -0.90816 1.1679 0.21379 1.4173 0.22247 -0.30467 -2.0338 -1.3387 1.4145 1.052 -0.51685 -0.50722 1.539 -0.81731 0.77993 1.0774 0.35669 0.35239 -0.26955 -0.46969 0.052953 0.20792 -0.76175 0.58107 0.13826 0.51566 0.12384 -1.0437 0.040592 -1.7194 0.038293 0.78781 0.88945 0.88237 -0.45117
1.6715 -1.3599 -0.42814 -1.0597 -1.2308 1.7493 0.27886 1.8397 0.20555 -0.17307 -1.7187 -1.5992 1.4882 0.82064 -0.50131 -0.39294 1.3224 -0.70235 -0.0076565 0.96017 -0.30918 -0.42511 0.17117 -0.40866 0.10118 0.13575 -0.77237 0.58346 0.042007 -0.26715 0.59964 -1.0517 -0.25211 -1.101 -0.74883 0.78486 0.16763 -0.50791 -0.43418
2.0425 -1.3181 -0.43913 -0.57025 -1.5361 1.2431 0.4058 1.118 0.1849 -0.31984 -1.5112 -2.1721 1.537 0.56032 -0.30748 -0.57098 0.96757 -0.45332 -0.72866 0.68121 -0.52721 -0.89185 0.62652 -0.6699 -0.49825 0.098355 -0.58078 0.50302 -0.094941 -0.80182 0.57577 -1.1587 -0.33019 -0.66152 -0.73269 0.38289 -0.28408 -1.1458 -0.2124
2.299 -1.3262 -0.61549 -0.23552 -1.421 1.1792 0.88016 1.053 -0.031572 0.31564 -2.0497 -2.0954 1.5323 0.29275 -0.15503 -0.69566 0.54132 -0.12441 -1.1517 0.57592 -0.65484 -0.99672 0.50608 -0.71157 -1.6653 -0.010209 -0.59755 0.67621 0.012889 -0.79544 0.47576 -0.63539 -0.27047 -0.24717 0.15615 -0.19845 -0.016056 -0.73145 -0.25301
2.1021 -1.6212 -0.73957 -0.63294 -1.4178 0.66354 0.47028 1.2679 -0.91736 0.39821 -2.5287 -2.786 1.4934 0.30299 0.18621 -0.52482 0.38231 -0.046125 -1.2399 0.61207 -0.73235 -0.77909 0.3691 -0.8647 -1.2153 -0.10796 -0.84985 1.0265 0.37892 -0.74802 0.41084 -0.27255 -0.45866 -0.047085 1.0509 -0.74713 1.3474 0.075854 -0.40236
2.1159 -1.3543 -1.0503 -0.38518 -1.4692 0.40239 0.64249 0.86975 -0.98658 0.41758 -2.6126 -3.0778 1.4831 -0.092616 0.42743 -0.38246 0.080073 -0.036279 -1.1866 0.45772 -0.68254 -0.16811 -0.09286 -0.33071 -0.91971 -0.2242 -1.4046 1.5288 0.97772 -0.35696 0.57971 -0.035101 -0.61217 0.028045 1.5562 -0.95598 2.6259 1.7448 -0.86084
2.1152 -1.3655 -1.0133 -0.69237 -1.0576 -0.364 1.1621 0.55389 -0.65207 0.23975 -2.5184 -3.1308 1.4107 -0.72459 1.1824 -0.0065798 -0.2457 0.24863 -1.3433 -0.17619 -0.60978 0.74933 -0.59824 1.8013 -0.74624 -0.5308 -1.9722 1.6553 1.3895 0.28066 0.9204 0.67569 -0.82387 0.37923 1.1575 -0.56828 3.1009 2.9466 -1.4178
2.3011 -0.97044 -1.0218 -0.069995 -1.6288 0.25928 1.1458 0.6494 -0.50859 0.27682 -2.5836 -2.8069 1.3635 -1.6289 1.9963 0.89081 0.16283 0.79588 -1.2069 -0.25601 -0.67004 1.2786 -0.96517 3.1309 1.3347 -1.3732 -1.8469 1.3926 1.4029 1.022 1.0561 1.4049 -0.72293 0.44417 -0.25141 0.051319 2.1122 3.8381 -1.6671
1.8401 -0.83942 -0.8985 -0.4788 -1.5908 -0.50215 0.94959 0.10524 0.076809 -0.46539 -1.8216 -3.2261 1.2097 -2.3445 2.2698 1.4575 0.87357 1.2543 0.23543 -0.684 -0.026387 0.76078 -0.35017 3.5141 3.1313 -2.1261 -1.266 0.32517 0.98994 1.1539 1.2193 1.7304 -0.36881 0.27626 -1.2508 0.55761 -0.10165 3.308 -1.1838
0.91536 0.24236 -0.54866 -0.99042 -0.69266 -1.0478 -0.053802 0.53885 0.68982 -0.46876 1.043 -3.2239 0.65541 -2.4819 2.2977 1.5296 1.4774 1.4359 1.102 -0.73777 -0.13883 -0.65401 -0.094567 2.9784 4.2765 -2.475 -0.35824 -1.0291 -0.0025024 0.35765 1.0181 1.1603 -0.057188 -0.30647 -1.1341 0.68747 -1.5768 1.3557 0.27685
-0.36246 0.8837 0.74865 0.066545 0.017775 -1.0702 0.38261 0.14522 0.35075 -1.0417 1.0178 -0.25065 -0.74809 -2.4942 1.6005 1.5426 1.3076 2.2145 1.3 -0.67062 -0.35847 -0.71052 0.13286 1.6898 3.9301 -2.1447 0.79241 -1.9578 -1.1879 -0.9972 0.04015 -0.68005 0.74484 -1.2774 -0.10324 0.18153 -2.4962 -0.68214 1.9554
-0.59899 0.99993 0.67202 1.3735 0.2959 1.7913 -0.0046518 1.0761 -0.48763 0.69395 0.79829 0.77443 -1.2701 -2.1827 0.55873 0.8529 0.6264 2.2184 0.79769 -0.36964 -1.0924 -0.18471 0.22753 0.95463 3.4449 -0.85821 1.6826 -2.2065 -2.0771 -2.3803 -0.89403 -2.1813 1.3656 -1.394 1.0678 -0.086877 -2.0185 -2.5738 3.184
-0.32832 1.0568 0.51505 1.4727 0.3206 1.2263 0.4328 -0.089664 -2.0914 -0.074466 0.1933 1.1801 -1.336 -1.1359 -0.23819 -0.42584 -0.62359 0.90313 -1.1457 0.64228 -1.9797 0.33445 -0.12036 -0.37039 2.2596 0.64008 1.7917 -1.5974 -1.9066 -2.9763 -1.354 -2.7738 1.2845 -1.1688 1.2112 -0.35432 -1.2463 -3.3582 3.1473
-0.88508 0.51492 0.86292 0.77014 1.6945 1.0262 -0.063173 -0.2198 -0.12053 -0.067322 -0.49318 -0.0090467 -0.7648 -0.2657 -0.59044 -1.3779 -2.1373 0.35233 -2.5287 1.3679 -1.9795 0.91192 -0.13062 0.051488 0.29951 1.9533 1.2631 -0.77326 -0.71675 -2.4814 -0.85599 -1.6805 0.27547 -0.13998 0.79915 0.033653 -0.47347 -3.2413 1.9427
-1.4668 -0.031322 0.019348 -0.71659 1.6525 -0.9092 0.065802 -1.7157 1.0594 -0.52982 1.3686 0.35033 0.56469 -0.36896 -0.57955 -0.91347 -3.0359 0.53216 -3.2008 1.0591 -2.1391 1.1088 -0.40225 -0.29708 -0.77106 2.2031 0.55335 -0.14832 0.8716 -0.73886 -0.43224 0.34911 -1.0066 0.78523 0.081039 0.37932 0.070619 -1.9901 0.26355
-0.59563 0.56636 -1.039 -1.66 -0.23482 -3.5096 1.5355 -2.1097 0.78784 -0.84485 0.49781 0.70399 0.94448 -0.39523 -0.60057 -0.24007 -2.9419 0.737 -1.9209 -0.014196 -1.2854 0.99349 0.45437 -0.00089907 -1.0958 1.9115 0.065955 0.058893 2.0018 1.396 -0.5307 2.3893 -1.6094 1.5046 -0.49325 0.48951 -0.33416 -0.62772 -1.3222
-0.53789 0.42688 -0.86401 -1.9617 0.71784 -2.53 2.4371 -1.5095 0.32707 -0.17664 0.9229 0.61963 1.2096 -0.12575 -0.48284 0.65154 -1.6476 -0.14896 -0.70681 -0.68812 -0.8445 0.4608 0.38588 -0.19321 -0.76745 1.1423 -0.16858 -0.064574 2.2651 2.7504 -0.84341 3.3008 -1.4883 2.0944 -0.28803 0.42203 -0.15773 -0.13624 -2.0352
-1.3209 0.31459 0.28519 -2.3182 1.8639 -1.4027 0.40424 -2.0125 -0.12213 0.072883 -0.61456 -0.46587 1.0511 -0.28353 -0.53031 1.6085 -0.15572 -0.35438 1.4794 -0.99539 0.21999 0.28485 0.50128 -0.6454 -0.88845 0.065745 -0.085518 0.099974 1.5343 3.0158 -1.314 2.2564 -0.71418 1.8721 0.034737 0.0079845 0.12824 0.44357 -2.1567
-1.1666 -0.089946 0.67312 -2.6343 2.164 -0.95901 -0.75861 -1.7849 0.19795 0.77085 0.41522 -0.56464 1.219 -0.72602 -0.71962 2.4257 0.84904 -0.56504 2.3702 -1.443 1.0738 0.91165 0.4611 -0.27286 -1.1451 -0.59539 0.9721 -0.10308 -0.32841 2.1919 -1.2029 1.0084 0.52494 2.0275 0.060694 -0.096567 0.52542 0.70791 -1.3619
-1.1083 -0.26876 1.3425 -1.4164 0.33049 -1.2699 -0.71223 -2.0757 1.7089 -0.34413 0.12347 -0.37886 1.1421 -0.25287 -0.30268 1.7638 1.5979 -1.5941 1.5018 -1.0685 1.2995 0.84505 0.44972 0.30321 -0.096974 -1.1633 2.3049 -0.32086 -2.2997 0.95321 -0.95485 -0.46275 1.3334 1.6148 -1.026 -0.507 -0.18488 0.35711 -0.15444
-1.5048 -0.29805 1.2922 -1.0005 0.013767 0.34112 0.37605 -1.2175 1.0794 -0.01315 0.49908 -0.12012 0.56634 1.5274 -0.76815 -0.033582 1.6806 -1.8568 1.4831 0.41536 2.4545 0.30822 0.22902 0.37778 0.13931 -0.73376 3.1123 -0.49142 -3.6018 -0.15673 -0.032146 -1.0289 1.3343 1.1674 -2.2565 -0.73955 -0.94775 -0.34066 0.84972
-1.5214 -0.10683 2.2655 -0.69852 -0.50206 -0.20658 0.0409 -0.010599 1.5522 0.25742 -0.013633 -0.87998 0.10254 2.5597 -1.054 -1.4717 1.2534 -1.5637 0.87022 0.77266 2.5855 -1.4019 -0.41173 -1.3221 -0.88181 -0.14796 2.6586 -0.69691 -3.4011 -0.80844 0.93162 -1.2143 0.52123 0.24651 -2.1774 -0.7171 -1.4155 -1.1701 1.4428
-0.81778 0.20852 1.3096 -0.007409 -0.52193 -0.44342 -0.11356 -0.27308 0.65677 1.0073 1.0911 0.5821 -0.36364 3.2317 -1.1867 -2.7118 0.71349 -0.67795 0.3812 0.33539 2.6381 -2.3492 -0.61678 -1.3117 -1.404 0.44995 1.151 -0.21931 -2.2571 -0.77377 1.2597 -1.253 -0.23657 -1.1238 -1.1146 -0.28148 -0.88726 -1.1129 1.1987
1.7198 -1.3804 -0.53329 -0.54497 -0.18535 1.1747 0.58122 1.5457 0.26326 0.24382 -0.2745 -0.80434 0.92403 3.4756 -1.2914 -3.2753 0.52142 -0.44555 -0.66226 0.030929 1.6682 -2.0565 -0.58968 -1.6234 -1.5221 0.88212 -0.37991 0.47457 -0.6759 -0.45617 0.99813 -1.007 -0.36673 -1.7906 0.65088 0.32924 0.13767 -0.41874 0.51409
1.9778 -1.4961 -1.1983 -0.73839 -0.77979 -0.42369 0.18841 1.0234 -1.5648 -0.93179 -2.1498 -2.0902 1.3658 3.0468 -1.0219 -3.3616 0.55321 -0.052933 -0.55126 0.31757 0.77445 -1.5254 -0.24597 -1.2041 -1.6307 0.94216 -1.8778 1.4947 1.0552 -0.0838 0.38521 -0.76213 -0.294 -2.3756 1.6835 0.97634 0.70118 0.64292 -0.58704
2.1306 -1.2729 -1.7931 -0.042757 -0.74464 -0.41168 -0.085574 1.5625 -0.90849 -1.1776 -0.63589 -1.6038 1.272 1.986 -0.30942 -2.4069 0.45042 -0.011569 -0.91993 0.050444 0.11373 -0.53708 0.098335 -1.0931 -1.5652 0.5453 -2.5881 2.1994 2.3012 -0.080681 0.084844 0.06853 -0.39072 -1.8786 1.7877 1.3657 1.4049 1.4099 -1.4081
2.2714 -1.3762 -2.0819 -0.024326 -0.72088 -1.0559 0.36988 0.85803 -0.74938 0.20289 -1.2374 -1.4721 1.047 0.72387 0.91273 -1.155 0.58135 -0.19773 -1.2048 -0.25883 -1.0978 0.17842 1.0691 -0.18594 -0.20103 -0.45545 -2.6898 2.2957 3.1495 -0.20327 -0.24316 0.43348 -0.57076 -1.2341 1.0382 1.0801 1.0985 1.9751 -1.6897
2.543 -1.0042 -2.1511 0.3862 -0.29309 -0.54817 0.58326 0.85614 -0.24052 0.68492 -0.73938 -2.1644 1.0079 0.15786 1.5498 -0.047325 0.3457 -0.24804 -0.21318 -0.46037 -0.96609 0.58178 1.5856 0.64215 0.37347 -0.99394 -2.6412 1.8312 3.2691 0.02934 -0.12397 0.84198 -0.65203 -0.33218 0.14531 0.2034 0.60041 1.9899 -1.5061
2.6144 -0.66352 -2.4037 0.14459 -0.48793 -1.1882 -0.1222 0.44135 -0.37343 0.55825 -1.081 -1.52 0.82194 -0.69392 2.0236 1.3832 0.20839 -0.43432 0.02482 -0.56958 -1.0336 -0.053959 1.2543 0.10035 1.0636 -1.378 -2.5092 0.822 2.8275 0.2739 0.39936 1.0933 -0.5693 0.45908 -0.60483 -1.2537 -0.46076 1.4811 -0.98116
2.6407 -0.31327 -2.0594 0.027187 -0.96219 -1.012 -0.063565 -0.24742 -0.38078 1.1249 -1.3278 -1.35 0.4256 -1.8758 2.3072 2.4732 0.68665 -0.16587 0.29819 -1.1006 -0.55556 -0.1286 0.4417 -0.043464 1.4936 -1.7475 -2.2907 -0.11127 1.834 0.50094 0.68816 0.83877 -0.10857 0.58033 -0.87377 -1.7896 -0.5694 1.3136 -0.4705
1.8419 0.53363 -1.029 -0.064884 -1.2559 -0.50129 -0.73567 0.23673 -0.84199 1.1188 -0.47043 -1.5639 -0.065478 -2.6022 1.9616 2.9043 0.93052 0.48535 0.92826 -1.0783 -0.43936 -0.6347 -0.92772 -0.73703 1.9822 -1.873 -1.35 -0.96177 0.31315 0.42676 0.77243 0.58336 0.61325 0.69354 -0.67764 -1.3995 0.11904 0.9261 0.12276
0.9508 1.0195 0.37257 0.57309 -1.1223 -0.61592 -0.44723 0.06661 -0.90361 0.99383 -0.75745 0.10512 -0.66267 -2.8535 1.3952 2.6459 0.94052 0.56635 1.1609 -0.41656 -0.16952 -0.81982 -0.99741 -0.046672 2.3453 -1.6072 0.096513 -1.5517 -1.1461 -0.029594 0.40569 0.16792 1.1272 0.42568 -0.33838 -0.4791 0.48205 0.3868 0.74196
-0.27422 1.2037 0.97184 1.4604 -0.27309 -0.61684 -1.2242 0.20695 -0.40781 0.83698 -1.5211 -0.27888 -1.1835 -2.5464 0.8238 1.8943 0.89482 0.6343 0.8544 0.33339 0.081814 -1.0184 -0.89579 0.34816 2.3468 -1.2243 1.2819 -1.4758 -2.0359 -0.51694 -0.1083 -0.052654 1.1406 0.52686 0.21372 0.45068 0.73472 -1.0544 1.0784
-0.32664 0.98637 0.89072 1.4123 0.70274 0.97233 -0.99057 -0.087 -1.3377 -1.6354 -2.1065 0.092305 -1.1937 -1.7472 0.2005 0.83506 0.64101 0.49587 0.67724 0.47488 -0.015821 -0.58625 -0.54577 0.37395 2.0155 -0.71593 1.9881 -1.0865 -1.9925 -0.73444 -0.29009 -0.091348 0.5942 0.27623 0.4399 0.72628 0.53269 -1.7686 1.0892
-0.57758 0.86352 0.52099 0.82037 -0.65984 0.081749 -0.31817 -0.067702 -1.5542 0.15113 -0.31019 1.3116 -1.0735 -0.95204 0.01456 -0.0044898 0.080384 0.27783 1.0244 0.78429 0.47603 -0.326 -0.20764 0.50951 0.16593 -0.34759 1.6109 -1.1748 -1.1265 -0.97348 -0.27225 -0.70951 0.022085 -0.062127 1.0235 0.85719 0.84737 -1.6567 1.2848
-0.56429 1.0227 0.70954 1.1626 -0.5513 -0.062022 0.51648 0.13744 -1.8425 0.54299 -0.29891 0.96145 -1.2756 -0.22792 -0.071658 -0.13744 -0.070069 0.15559 0.84464 0.56456 0.15022 -0.30016 0.17276 0.93223 0.12379 -0.05478 1.0457 -1.4039 -0.28374 -1.0729 0.00070078 -1.5219 -0.42412 -0.44231 1.39 0.22128 0.94213 -1.3064 1.5732
-0.64689 1.0203 0.64011 1.1928 -0.39856 0.36805 -0.6908 0.20093 -1.029 0.3637 -0.44243 0.96404 -1.185 -0.5345 -1.0642 0.27422 -0.62674 0.24942 -0.82777 0.34146 -0.12616 0.8407 0.52915 1.7474 0.18927 0.79357 0.56807 -1.4599 0.063544 -0.76763 -0.086129 -1.6817 -0.56181 -0.75363 1.3252 -0.27667 0.79348 0.0080094 1.5253
-0.68594 1.1562 0.62888 1.0174 0.0041071 1.3209 0.36662 0.97781 -0.98266 0.090352 -1.0724 -0.7064 -1.3587 -0.1605 -1.6802 0.17217 -1.0736 0.47493 -1.7919 -0.15056 -0.56081 1.5462 -0.44134 1.6197 -0.44688 1.5891 0.44137 -0.99654 -0.069782 -0.21909 -0.16229 -1.1041 -0.50187 -0.39942 0.84983 -0.21621 0.12586 0.030981 0.9801
-0.48657 0.90299 0.80138 1.4455 0.45871 0.90158 -0.81761 -0.31403 -1.428 0.013049 -0.3197 0.60054 -1.1508 -0.014928 -1.698 -0.030607 -0.89942 -0.082367 -1.406 0.017353 -0.60504 1.3406 -0.45464 1.7382 0.44965 1.6185 0.67 0.087112 -0.369 0.54394 -0.14993 0.20721 -0.73903 -0.071535 0.042747 0.087095 -0.77315 -0.34358 -0.10206
-1.4524 -1.0819 1.2926 -0.35586 0.3335 -1.9329 0.087418 -0.52129 0.022406 -0.16091 1.6242 1.471 0.53785 0.26432 -1.4707 -0.10674 -0.36132 -0.024098 -1.3374 -0.27703 -0.37507 1.114 0.23527 1.1964 0.034782 1.3241 0.51889 0.99793 -0.31383 1.156 -0.23925 1.4142 -0.49752 0.48051 -0.51115 0.66056 -1.384 -0.93032 -1.1685
-0.3753 -0.8476 0.42545 -0.65141 -0.4729 -2.905 -0.37997 -0.71389 0.51295 -0.30255 1.5797 0.29909 1.0154 0.39991 -1.0117 -0.27 0.055628 0.17689 -0.62602 -1.0772 -0.36182 1.1494 0.38696 0.45084 -0.70829 0.73894 0.9031 1.2442 -0.64431 1.1061 -0.08522 2.2193 -0.28242 0.7423 -0.76988 0.63021 -1.9559 -1.2106 -1.5516
-0.52677 -0.17268 0.55115 0.83977 -0.78703 0.01241 0.38255 -0.10548 -0.4497 -4.4938e-05 0.90239 1.4954 -0.0041969 0.51797 -0.29168 -0.28819 0.66346 -0.14687 0.9166 -0.59815 0.22191 0.65585 0.51657 -0.44592 -1.6179 -0.10795 1.1273 0.43459 -0.99983 0.39826 -0.37207 2.3273 0.36986 0.82487 -0.75172 0.20015 -1.5079 -0.035241 -0.91352
-0.2526 -0.27037 0.5766 1.2043 0.39336 -0.52944 -1.5164 0.20052 0.25987 1.0729 -0.020325 -0.33211 -0.052795 1.4076 -0.13018 -1.1406 0.70678 -0.21978 2.3462 -0.3832 0.49737 0.079935 0.72085 -1.2746 -0.99627 -0.50278 1.414 -0.69171 -1.3105 -0.59001 -0.81712 1.0434 0.98191 0.77432 -0.54882 -0.038861 -0.71602 1.2665 0.38953
-0.33406 -0.2636 0.44129 0.90691 0.82164 0.18034 -1.6997 -0.33112 0.41326 0.22891 -0.14126 -1.3563 -0.37147 1.6969 -1.1535 -1.5399 0.071691 -0.57092 2.2945 0.13018 0.75286 0.19435 0.49757 -0.89367 0.09657 0.27427 1.2239 -1.2963 -1.2802 -1.3044 -1.0812 -0.51903 1.1655 0.49186 -0.30471 -0.20396 0.17879 2.6929 1.3478
-0.21377 -0.38298 0.69564 1.4726 -0.47426 0.70819 -0.62471 -0.31237 -0.25243 0.49678 0.4987 -0.2016 -0.41383 2.242 -1.7698 -2.0961 -0.78878 -1.2039 0.96335 0.54707 0.83433 0.32087 0.33281 -0.72111 0.77777 1.2595 0.4969 -0.95677 -0.59248 -1.2241 -0.99502 -1.7126 0.9769 0.386 0.017897 -0.0097386 0.70447 2.5923 1.3447
1.2647 -1.6063 -1.2696 -0.20973 -0.68256 0.81008 0.041448 0.31433 0.41594 0.91008 0.1541 0.97455 0.56551 2.2041 -1.706 -2.2054 -1.1017 -1.7506 0.43085 1.2952 0.97928 -0.048584 0.30648 -0.35898 2.4963 1.4745 -0.28527 0.19563 0.23918 -0.57911 -0.22458 -1.6348 0.20646 0.23198 0.29048 0.11594 0.76813 1.4051 0.37062
1.9016 -2.0193 -1.6602 0.12206 -1.5141 1.2426 -0.22069 0.75699 0.51216 0.44037 0.12389 0.78502 1.3267 2.0019 -1.5011 -1.9112 -1.0651 -1.5616 -0.53903 1.0126 1.1092 0.2456 0.81281 -0.14458 2.6175 1.355 -1.3764 1.1438 1.3623 0.32676 0.56409 -0.79194 -0.53353 0.044033 0.26719 -0.0068492 1.0058 0.14417 -0.73922
2.1095 -1.8804 -1.8189 0.17106 -1.6809 0.73311 0.086941 1.0641 0.046163 0.9666 -0.73093 1.3795 1.3865 1.3142 -0.943 -1.1738 -0.9095 -0.85629 -0.59921 0.32213 1.0483 0.80694 0.51316 0.3406 1.7782 0.90357 -1.9368 1.3021 1.7948 0.51098 1.1393 -0.11713 -0.93863 -0.21143 0.0040861 -0.44591 1.2879 -1.0531 -1.1793
1.9406 -1.8487 -1.7933 -0.31769 -1.4731 -0.15621 -0.043439 0.98263 0.15714 1.3103 -0.2214 2.0078 1.2655 0.30014 -0.16742 -0.043989 -0.26366 -0.61313 -0.3024 -0.033854 0.87623 0.42271 0.23185 0.91891 1.3889 0.19291 -1.9086 0.99435 1.6557 0.36218 1.296 0.80568 -0.83593 -0.44477 -0.98413 -0.89643 1.276 -1.7001 -0.98607
2.0596 -2.0124 -1.7585 -0.40725 -1.6413 -0.46908 0.072841 0.90494 0.77408 1.5631 0.34073 1.7463 1.0569 -0.29948 -0.11535 0.24104 -0.52724 -0.091281 0.024219 -0.065908 0.68762 -0.11983 -0.30611 1.6539 1.1319 -0.10112 -1.3014 0.4902 1.2053 0.1669 1.3742 1.1076 -0.44691 -0.69754 -1.7764 -0.53937 0.30717 -1.8335 -0.43665
1.9404 -1.9393 -1.4226 -0.28174 -1.7436 0.64116 -0.052276 1.4365 1.2888 0.96553 1.1604 2.0792 1.1604 -0.49712 -0.18946 0.50037 -0.56693 0.48787 0.90189 -0.47067 0.43882 -1.1979 -0.60968 1.7199 -0.24367 0.053999 -0.69626 0.18336 0.74124 -0.091508 1.4771 0.74433 -0.25523 -1.1862 -1.6286 -0.022208 -0.93829 -2.0202 0.034421
1.8667 -1.9306 -1.5566 -0.33502 -1.8974 0.89015 -0.19884 1.7606 0.52932 0.89683 0.9261 2.493 1.1876 -0.54439 -0.077947 0.82703 -0.44382 1.1741 1.219 -0.35226 -0.063184 -1.8323 -0.16187 0.55623 -0.83842 0.17417 -0.51977 0.31226 0.54812 0.12534 1.161 -0.14174 -0.10009 -1.6574 -0.61361 0.69012 -1.9163 -1.8016 -0.0033052
1.4414 -2.1729 -1.4666 -0.72966 -1.4749 0.88169 -0.23064 1.5803 -0.42584 -0.12153 1.8394 2.0608 1.2833 -0.78978 0.13751 1.0645 -0.48782 1.531 0.71718 -0.39697 -1.0055 -1.8828 0.13043 -0.36513 -1.4068 0.11766 -0.53903 0.5562 0.26131 0.38696 0.74852 -1.0196 0.27921 -1.7426 1.2875 0.9085 -1.6259 -0.76742 -0.26937
1.478 -2.0477 -1.0656 -0.84431 -0.50301 1.5625 -0.79385 1.2821 -1.9328 0.70942 1.112 0.66637 1.4431 -1.0608 0.26761 0.99776 -0.33259 1.562 -0.22618 -0.29621 -1.7412 -0.96281 0.76351 -1.0595 -1.66 -0.13952 -0.48601 0.64469 -0.27013 0.63205 0.068232 -1.3898 0.30457 -1.1971 2.8048 0.54596 -0.47181 0.25852 -0.43548
1.3688 -1.8942 -0.51397 -0.86743 0.29432 1.0934 -0.24118 0.50085 -1.2167 1.856 0.13761 1.2367 1.3294 -1.1798 0.6059 0.91511 0.11434 1.6831 -0.65985 0.072703 -2.0346 0.88359 0.81765 -0.65724 -1.2793 -0.28216 -0.24453 0.55945 -0.86888 0.86586 -0.63142 -1.2499 0.35693 -0.35057 3.3258 -0.31753 0.8532 1.1013 -0.4216
0.93956 -1.7461 -0.30111 -0.93594 -0.056067 0.56616 -0.53648 -0.52909 -0.58837 1.3303 0.22929 0.39865 1.1037 -1.1987 0.80895 0.40373 0.46291 1.1915 -1.1956 0.035452 -1.8264 2.2551 0.6369 -0.21334 -0.437 -0.42262 0.13382 0.33932 -1.3085 0.73846 -1.0585 -0.65861 -0.0967 0.485 2.1314 -1.5845 1.7895 0.92283 -0.24041
0.39461 -1.6538 -0.49097 -0.57673 -0.0834 0.2356 -0.53502 -0.48309 0.33035 1.7974 0.081013 0.7771 0.90993 -1.1532 0.84058 -0.261 0.77148 0.4771 -1.5917 0.16533 -1.6349 2.9933 -0.44457 0.90159 0.017172 -0.51213 0.51348 -0.0081038 -1.5225 0.304 -1.0136 0.1738 -0.56601 1.1648 0.44498 -2.0493 1.6705 0.64273 -0.079094
0.31107 -1.2412 -0.54978 -0.14776 0.77248 0.13117 0.020597 -0.69971 1.3959 1.3173 1.0808 1.1488 0.96157 -0.85313 0.74351 -0.86232 0.75109 0.1125 -1.2461 -0.52913 -1.0282 2.1417 -1.8564 1.692 -0.60533 -0.4646 0.96175 -0.19309 -1.1025 -0.017342 -0.55235 1.0922 -0.59072 1.5601 -0.93288 -1.7582 0.96841 -0.012069 0.073747
0.072221 -1.2737 -0.98343 -0.25218 0.45511 -0.59945 -0.65551 -0.76048 1.4704 0.97647 1.4494 1.1161 0.86358 -0.47605 0.63129 -1.3019 0.54774 0.25552 -0.27947 -0.77799 -0.23142 1.8161 -2.1453 1.687 -0.014093 -0.40631 1.1097 -0.31811 -0.46559 -0.21845 -0.19107 1.5499 -0.18509 1.6029 -1.5924 -0.63251 -0.45714 -0.11276 0.09975
0.17368 -1.0534 -1.2354 0.2121 0.18101 -0.77189 -0.39673 -1.3966 1.759 0.25272 1.7395 0.53628 0.73401 0.11333 0.58651 -1.1371 0.53483 0.2138 0.53456 -0.67568 0.42391 1.0366 -2.122 1.3103 -0.46039 -0.34123 0.8729 -0.2723 0.20212 -0.24194 0.092789 1.371 0.69293 1.1979 -1.5706 0.54791 -1.3882 0.23177 0.051957
0.22585 -1.0886 -1.5594 -0.0573 0.21418 -0.57052 -1.5193 -1.0945 1.2368 -1.5037 2.0312 -0.046645 0.62327 0.26968 0.37589 -0.98871 0.45325 0.026043 0.91652 -0.12624 0.67237 0.45461 -1.5997 0.20568 -0.28194 -0.39198 0.45871 -0.20829 0.60424 -0.32951 0.093341 0.73212 1.1899 0.46433 -1.6348 1.1621 -1.5606 0.21741 0.037454
0.11249 -1.0019 -2.1188 -0.1736 0.51785 0.73431 -1.5152 -0.43487 2.4171 -1.1418 2.0561 1.1354 0.52403 0.27117 0.40719 -0.62997 0.32684 0.36749 1.1589 0.55066 0.7851 -0.22626 -0.98283 -0.28488 -0.056092 -0.37731 0.14676 -0.23613 0.72211 -0.50378 0.045774 0.17261 1.3567 -0.31951 -1.271 1.7694 -1.3147 0.35567 0.094242
0.70271 -0.77542 -1.6642 0.57524 0.64911 0.97591 -0.77159 0.32112 1.86 -0.70971 1.8349 0.35539 0.57063 0.22701 0.36757 -0.41129 0.011973 0.31998 0.99834 1.0167 0.46163 -0.72619 -0.30189 -0.57202 0.17232 -0.32032 0.18651 -0.38959 0.81948 -0.70422 -0.21013 -0.40412 0.81511 -0.82622 -1.1376 1.6728 -0.66109 -0.051043 0.26952
0.45966 -0.8861 -1.9002 0.44632 0.59621 0.58598 0.13431 -0.33539 1.8559 -0.84454 1.1212 0.95857 0.41007 0.37798 0.18918 -0.060239 -0.21914 0.11753 0.84614 1.497 -0.083883 -0.8384 0.89443 -0.87378 -0.041344 -0.20529 0.10307 -0.68705 0.56238 -0.84821 -0.66577 -0.66059 -0.053297 -0.81988 -0.71424 1.3201 -0.16863 -0.14278 0.417
0.27421 -0.72644 -1.8482 0.11506 0.8572 0.52947 -0.10229 -0.29045 0.74115 -0.86384 1.3551 0.60857 0.31084 0.52822 -0.18188 0.27483 -0.6335 -0.28568 0.14983 1.0526 -0.46742 -1.445 0.92796 -0.78767 -0.40096 0.014231 0.0045122 -0.79128 0.33699 -0.65385 -0.81119 -0.57485 -0.62465 -0.18834 -0.2184 0.92994 0.4726 -0.056871 0.54297
0.48647 -0.64456 -1.9979 -0.079857 0.44453 0.73452 0.29308 -1.015 0.7945 -0.98642 1.3594 0.47671 0.31272 0.28843 -0.49905 0.092516 -0.98683 -0.63422 0.092829 0.43359 -0.31263 -1.2482 1.1411 -0.49652 -0.05203 0.21727 -0.057109 -0.59314 0.067224 -0.20476 -0.64159 -0.39825 -0.58875 0.38691 0.3286 0.33403 0.7048 0.19934 0.55567
0.89065 -0.98897 -1.7213 -0.45402 0.46228 1.4277 0.29591 -0.73103 0.97942 0.5305 0.91351 0.2426 0.42275 0.26946 -0.64945 0.15459 -0.86713 -0.88566 0.074353 0.29716 0.21166 -0.9372 1.509 0.18077 0.055157 0.46057 -0.11045 -0.20975 -0.18026 0.36306 -0.34791 -0.21685 -0.0047663 0.6195 0.61391 0.074147 0.36183 0.25889 0.39881
1.0586 -1.2821 -1.4849 -0.72697 0.06581 0.67436 -0.016156 -0.56223 0.4021 0.24359 1.02 0.65978 0.68428 0.39863 -0.59566 0.13548 -0.50238 -0.84097 -0.026193 0.69593 0.30336 -0.44313 1.3092 0.040014 0.085478 0.58692 -0.13704 0.23886 -0.30357 0.57498 -0.29736 -0.33655 0.28403 0.27204 0.41307 -0.58809 -0.18515 -0.017874 0.075084
0.68506 -1.361 -1.8042 -0.65853 -0.26709 0.78073 0.094275 -0.10186 0.19746 0.76378 1.0572 0.59188 0.8026 0.27229 -0.48947 -0.075857 -0.18476 -0.88144 -0.29951 0.92022 0.39254 -0.64283 1.0133 -0.33233 -0.0038784 0.558 -0.21965 0.96794 0.064484 0.52985 -0.44071 -0.070748 0.24553 0.13168 0.4073 -1.1623 -0.89771 -0.1153 -0.44154
0.54313 -1.4698 -1.7906 -0.76004 -0.48803 0.56033 0.70372 -0.20092 0.43454 1.1852 1.7864 1.0165 0.91717 0.040275 -0.15947 -0.35304 -0.22986 -1.2392 -0.49385 0.70319 0.10583 -0.58174 0.19268 -0.59192 -0.072356 0.30529 -0.72855 1.5938 1.1189 0.51691 -0.11574 -0.056543 -0.5198 0.11811 0.19922 -1.6389 -0.91338 -0.3003 -0.96275
1.1187 -1.1706 -1.6892 -0.48482 -0.1387 0.75798 1.168 -0.43373 0.34019 0.6679 1.0963 0.29457 1.0032 0.05925 0.81232 0.5293 0.0080439 -1.5624 0.12245 0.79703 0.55309 -0.065486 -0.31306 -1.2563 -0.097295 -0.2064 -1.2775 1.8448 1.926 0.53717 0.89669 0.023497 -1.2605 0.17654 0.27489 -1.588 -0.53911 -0.60721 -1.1975
1.0601 -1.38 -2.093 -0.459 -0.92084 0.50388 1.4433 -0.53188 -0.10123 0.97273 0.31588 0.32494 1.0098 -0.76298 1.5152 1.9436 0.38779 -0.7574 -0.39149 -0.28227 0.44001 -0.33454 -1.3908 -1.2819 -0.4439 -0.79158 -1.5158 1.6002 1.8892 0.70936 1.9415 -0.089072 -1.5731 0.30621 0.051023 -0.74071 0.12061 -0.54941 -1.2164
0.82172 -1.2871 -2.1138 -1.2022 -1.6681 0.39876 0.45793 -0.45806 0.08159 0.52043 0.18785 0.44372 0.77425 -1.5422 1.8687 2.4024 0.53191 0.54908 -0.32799 -1.1205 0.5532 -0.22184 -1.4533 -1.0353 -0.96605 -1.0835 -1.1854 0.91082 1.022 0.89738 2.311 -0.12654 -1.3035 0.16902 -0.39249 0.11647 0.57497 -0.15658 -1.0031
0.91083 0.16202 -0.078415 -0.44408 -2.3194 1.1773 1.1947 0.93397 0.53069 -0.26295 -0.41262 0.82306 0.24198 -1.7865 2.0852 2.2679 0.86455 1.3664 -0.49489 -1.5019 0.67949 -0.39487 -0.74819 -0.45316 -0.67823 -1.4806 -0.084565 -0.019273 -0.34614 0.88232 1.6216 0.25501 0.053316 0.14226 -0.66752 1.2244 0.77535 0.54468 -0.51012
-1.0366 0.43202 1.2747 0.2406 -0.21147 -0.4319 -0.67699 0.053882 -0.45938 -1.4837 0.27298 -0.11747 -0.32001 -1.486 2.1085 2.2959 1.4873 1.7409 -0.13499 -1.2133 0.74684 -0.7902 -0.3777 -0.52799 -0.28843 -1.6963 0.79819 -1.0591 -1.4471 0.30679 0.37717 0.17712 1.0682 -0.25486 -0.59321 1.5344 0.6459 0.95978 0.1013
-1.1486 0.45303 0.60729 -0.055453 1.254 0.35021 -0.51288 0.13403 0.30909 -0.37685 0.51507 -0.60134 -0.20167 -0.94721 1.3687 1.3561 1.5988 1.6987 0.046743 -0.12001 0.60594 -1.3408 0.61275 0.0011978 0.21565 -1.4183 1.3964 -1.7911 -1.9437 -0.67775 -0.75 0.36117 1.9989 -0.16202 0.054175 0.94269 0.24843 1.0463 0.87827
-0.47026 0.94574 0.14316 0.70282 0.96879 -0.015234 -0.52013 0.37304 -0.55567 0.47765 0.028871 -0.11034 -0.90837 -0.59371 0.40287 0.14985 0.74763 1.0648 -0.23634 0.35092 0.099453 -0.8946 1.047 0.019717 0.35881 -0.9299 0.91484 -1.9285 -1.5774 -1.6137 -1.2581 0.02247 1.7773 -0.24187 0.58128 -0.36382 0.23422 0.57908 1.3914
-0.45486 0.98955 0.99477 1.4727 0.0050338 0.70872 -0.069492 0.74748 -1.2158 0.14833 -0.94233 0.65979 -1.2539 0.16837 -0.1514 -0.30019 -0.074493 0.23946 0.3253 1.7552 0.68876 -0.22783 0.5 -0.22639 0.93118 -0.25859 0.038871 -1.6706 -0.63121 -2.0057 -0.61365 -0.12127 0.73141 -0.5902 1.3288 -1.729 0.13269 0.044494 1.7518
-0.41109 0.55712 0.38912 0.94666 0.17012 0.63225 0.92573 0.82239 -1.4642 1.0197 0.61896 0.9463 -0.98676 -0.47421 -0.45844 0.17082 -0.78337 0.037799 -0.25384 1.4414 0.23954 -0.2055 -1.0551 0.058491 0.41627 0.26723 -0.25457 -1.2392 -0.21035 -1.6457 0.33456 -0.24989 -0.62974 -0.77956 1.1567 -2.4917 0.50256 -0.96353 1.752
-0.96479 0.65487 0.68273 0.25178 0.21545 -0.22537 0.6944 0.38594 -0.11848 0.33661 -0.12407 0.34677 -0.89991 -0.94995 -1.0817 0.16951 -1.4962 1.0069 -0.24198 0.81799 -0.59071 0.91134 -1.8853 0.25485 0.25329 1.1853 -0.13834 -0.70282 -0.22576 -0.73052 0.6307 -0.32507 -1.8526 -0.79751 0.80201 -1.9474 0.67479 -1.8504 1.1109
-0.8387 0.14216 0.49424 -0.20942 1.2865 0.41958 1.8493 1.1775 -0.33164 -0.97665 0.046725 0.57961 -0.36738 -0.48424 -1.2674 -0.47071 -1.7102 1.2818 -0.53463 -0.44197 -0.74659 0.79738 -2.8822 0.77943 -1.1141 1.5508 0.72692 0.058227 -0.42452 0.61963 -0.1603 0.12843 -1.8578 -0.22717 0.30013 -0.11871 0.74124 -0.89927 0.078637
-1.7145 0.23939 0.82134 -0.79066 1.0634 -0.24121 0.77398 0.18953 -0.62037 -1.9464 0.34087 -0.20051 -0.12419 -0.075609 -0.95512 -0.39409 -1.0213 0.78224 -0.28253 -1.0306 -0.338 0.84168 -2.5858 0.75213 -1.768 1.13 1.4828 0.85756 -0.40635 1.4303 -1.8631 0.028432 -1.4564 0.080584 -0.035004 2.0401 0.34526 -0.10901 -0.90807
-1.4481 -0.44614 0.56507 -0.74857 2.1355 0.10258 0.35579 -0.69494 0.5456 -1.8798 -0.1352 1.0491 0.60027 0.33373 -0.41441 -0.33534 0.16313 -0.19164 0.021222 -1.3722 -0.32482 0.42307 -0.93316 1.2795 -0.26525 0.4381 1.8528 1.1852 -0.28834 1.3365 -2.6129 -0.11286 -0.40065 0.068915 0.33332 3.8069 -0.25343 0.94992 -1.1774
-0.51584 -0.58189 -0.17614 -0.87425 1.2671 -0.17438 -0.7489 0.16635 -0.74628 -3.9102 0.94853 -1.2188 0.65895 1.1913 -0.019177 -0.652 0.30874 -1.8413 -0.48629 -1.6453 -0.65585 1.0397 1.3637 0.69583 -0.39079 0.080925 1.7013 1.2144 -0.32829 0.50893 -2.3889 -0.56385 0.4567 -0.23077 0.11203 4.0275 -0.49445 1.1234 -0.89874
-0.66897 -0.21506 0.09209 -0.40582 0.93132 0.026804 0.054748 0.81709 0.39482 -1.9069 1.4534 -1.3334 0.0045378 2.0715 0.32005 -0.87393 0.1861 -2.4196 -0.71161 -0.93414 -0.46405 1.3567 3.0102 0.32138 -0.04928 -0.07786 0.9754 0.92019 0.10137 -0.51162 -0.9318 -0.67 1.1039 -0.62812 0.0046782 2.7595 -1.2647 0.94759 -0.36739
-0.79724 0.38847 0.56108 0.77844 -0.033848 0.01707 -0.68619 -0.11343 0.3137 -0.57952 1.2724 1.4939 -0.49689 1.9831 0.78358 -0.73201 -0.061579 -2.6903 -1.1924 -0.32031 -0.71322 0.60234 3.7645 0.27107 0.20081 -0.25565 -0.1792 0.48241 0.74171 -0.96409 0.51922 -0.21364 1.265 -0.6826 -0.82127 0.3237 -1.3051 1.0793 0.022265
0.73433 -0.071013 -0.56394 -0.67603 -1.6636 -0.86063 -0.76371 -0.58673 1.2348 1.3059 0.2731 -0.44898 0.24778 1.612 0.78152 -0.095613 -0.64137 -1.5784 -1.1368 0.19972 -1.4947 0.66021 3.5736 -0.98272 1.188 -0.065837 -1.4682 -0.044414 1.014 -0.91054 1.6158 0.35458 1.0235 -0.50329 -1.1564 -1.8082 -0.55451 0.31782 0.13722
1.1789 0.26554 -0.52862 -0.97065 -1.3379 -1.3006 -0.61894 -0.83739 1.3558 1.8579 0.59356 -0.18575 0.3335 1.1015 0.59065 0.36119 -1.1366 -1.3095 -0.77546 0.34696 -1.4424 -0.20179 1.766 -1.2062 0.98513 0.11509 -2.4387 -0.38813 1.2674 0.095552 2.3715 0.86139 0.66521 0.32756 -0.70936 -3.1998 0.35292 0.025689 -0.02886
1.0271 0.41027 -0.53917 -0.72925 -1.2319 -1.5649 -0.22254 -1.1439 0.10631 2.0076 1.0277 0.43508 0.20328 -0.033094 0.34641 0.49317 -1.0326 -0.068907 -0.16513 0.80449 -1.0612 -0.48342 0.29705 -0.018227 0.13421 -0.012889 -2.7851 -0.4648 1.0017 1.0843 2.1613 1.0446 0.26481 1.3077 -0.34748 -3.1977 1.082 -0.56444 -0.25764
1.0042 0.50772 0.39073 -1.5081 -0.35503 -1.2635 -0.204 -1.5586 0.45944 1.0246 -0.50003 0.30481 0.11211 -1.4154 0.3369 1.3633 0.31098 1.0354 0.1976 0.72707 -0.31574 -0.19771 -1.1793 0.49491 0.75906 -0.33542 -2.3584 -0.44069 0.52257 1.5353 1.8706 0.81439 -0.14196 1.6974 0.23226 -2.2768 0.31659 -1.104 -0.28184
0.29194 0.65242 0.94255 -1.4045 -1.9 -0.66534 0.26009 -1.1945 0.26707 0.91621 -0.019178 0.94287 -0.14736 -1.9488 0.11162 1.2939 0.71153 1.3293 0.65766 0.55202 0.41531 -0.009069 -1.5316 0.30645 0.23283 -0.31215 -1.2821 -0.37043 -0.10534 1.2347 1.0702 0.37398 -0.75037 1.6832 0.60549 -1.0683 -0.42768 -1.3893 -0.01279
-0.51833 0.47461 0.27349 -0.86473 -0.34945 -0.5398 0.20927 -1.8054 0.27341 0.64639 1.7898 0.65226 -0.18693 -2.0231 -0.04705 0.9516 0.9347 1.5177 0.58503 0.19531 1.0319 0.022623 -1.9983 -0.73387 -1.1378 -0.2511 0.072629 -0.3256 -0.79794 0.13034 0.54985 -0.20672 -0.86727 0.72039 0.50505 0.19111 -0.67165 -1.9629 0.34889
-0.80665 0.3402 1.2637 0.17718 0.20776 -1.27 0.068836 -0.6523 1.5044 -0.28949 0.80226 0.19527 0.012609 -1.9533 -0.095265 0.51052 1.0213 1.6917 0.43902 -0.43437 1.4505 0.59472 -1.4799 -0.23268 -1.5225 -0.078969 0.95777 -0.15908 -0.8481 -0.67415 -0.15182 -0.77257 -0.48586 -0.23533 0.39617 0.86977 -0.53578 -1.04 0.50438
-1.1056 0.53192 1.0187 -0.19427 0.661 -0.31083 0.20853 -0.23199 0.47418 -0.076167 0.5838 0.28527 -0.090234 -1.2979 -0.11581 0.26573 0.3999 1.8649 -0.17954 -0.52019 0.52598 0.49313 -0.79451 -0.5441 -2.0374 0.18532 1.2811 -0.018959 -0.86594 -1.0854 -0.63702 -0.61288 0.19731 -1.1293 -0.057745 1.3407 0.43908 0.31871 0.41889
-1.3676 0.40915 0.92408 -0.037813 0.76727 -0.73347 -0.061084 -0.026684 -0.26255 -1.5405 -1.4327 -1.3378 -0.23852 -0.66765 -0.1223 0.053386 -0.32302 0.83003 -0.69799 -0.061574 0.2148 0.5364 -0.32337 -0.82984 -1.2717 0.39125 1.1834 -0.098141 -0.64836 -0.81874 -0.90132 -0.35888 0.77594 -1.3541 -0.50832 0.80355 0.22257 0.97284 0.223
-1.7175 0.47128 1.2144 -0.35437 1.2957 -0.35628 -1.0057 0.22477 1.9721 -0.56738 0.37619 -0.77847 -0.024236 -0.46381 -0.059625 -0.43681 -0.48521 0.69876 -0.23121 0.41516 -0.49935 -0.051305 0.20478 0.44022 -0.68592 0.2791 0.72012 -0.12298 -0.41425 -0.22371 -1.0606 0.1276 0.90288 -0.63756 -0.51788 0.33291 0.58004 1.4879 -0.082188
-1.3974 0.41359 0.97253 -0.77533 0.96724 -1.4131 -0.091972 -1.6666 0.74178 0.27598 0.58125 -1.2431 0.21344 -0.33697 -0.28633 -0.34656 -0.11592 0.52164 -0.35813 0.67102 -0.61241 -0.11345 -0.30598 -0.27505 -0.40208 0.28131 0.45087 0.096 -0.20403 0.47665 -0.72341 0.38831 0.53392 -0.12454 -0.64427 -0.26369 0.17104 1.3568 -0.44454
-1.3 0.21565 0.49907 -0.89646 0.78409 -2.0364 0.52737 -0.8636 1.3894 -0.33058 0.35156 -0.30981 0.47163 -0.22985 -0.2397 -0.30297 -0.14011 -0.037346 -0.096529 0.94254 -0.27685 -0.18095 -0.10019 0.33119 0.28362 0.089504 0.84434 0.40442 -0.087695 0.6004 -1.0423 0.33503 -0.34479 1.1164 -0.13091 -0.25072 -0.59311 1.1922 -0.71113
-1.6273 0.43691 0.65796 -0.19192 1.6189 -0.45526 0.72419 -0.80886 0.4613 -0.25299 1.1548 -0.66288 0.068247 -0.016192 0.14036 -0.38737 0.41365 -0.21623 0.064228 0.75975 -0.13978 -0.64389 -0.69818 -0.42688 0.75503 -0.32721 1.2772 0.74657 -0.035445 0.50064 -1.0616 0.6469 -0.67883 1.58 0.056638 0.61772 -0.59691 1.045 -0.94597
-1.7709 0.060628 0.6887 -0.16746 1.4302 -0.78263 0.59591 -0.71617 -0.039778 -1.7364 -1.6853 -1.0343 0.12542 0.82366 0.43279 -0.57176 0.397 -0.95406 0.26933 -0.31608 1.3747 -0.03164 -0.099656 -0.638 0.94034 -0.7173 1.4334 0.65796 0.025132 0.54671 -0.6777 0.74708 -0.60602 1.3604 0.34815 1.3255 -0.65758 0.85953 -0.81309
-1.7343 0.22462 0.72536 -0.66766 0.38497 -1.0293 0.61991 -0.32911 0.80817 -0.82615 0.40282 -0.84238 -0.10391 1.3316 0.67462 -0.26939 0.57084 -1.0784 0.8604 -0.060149 1.5516 -0.068482 0.98412 -0.95207 1.2002 -1.0453 0.97625 0.33852 0.23238 0.5919 -0.29033 0.66281 -0.15545 0.91468 0.11728 1.8299 0.57732 0.84838 -0.49133
-1.3754 0.9115 0.48409 0.25936 0.99566 -0.93097 0.11449 -1.0639 1.091 -1.0049 0.32005 0.56085 -0.37917 1.5612 0.63719 -0.30541 0.82513 -0.93352 1.1284 0.13885 1.4507 0.21858 1.8086 -0.68711 1.6461 -1.0385 0.057015 -0.46443 -0.018855 0.6422 0.57412 0.14251 1.2625 -0.1856 -0.69535 0.88851 0.53745 0.50252 0.28988
0.37653 0.83167 -0.26025 -0.49606 -0.87448 -1.4004 -0.53715 1.2297 0.76727 0.67647 -0.42067 -0.065889 -0.65633 1.2907 0.63001 -0.074776 1.3302 -0.81596 1.0713 0.22721 1.5501 -0.53129 2.1378 0.74501 1.9664 -1.0654 -0.59535 -1.4856 -0.7006 -0.13445 0.54651 -0.6801 1.6933 -0.51434 -0.85542 -0.5327 0.31832 -0.036529 1.1183
-0.034955 0.9338 0.59612 0.4443 0.20294 0.52464 1.338 1.198 0.67513 1.1023 -1.1643 0.92497 -1.0546 0.93246 -0.34105 -0.69514 1.2446 -0.028267 0.44978 2.0944 1.0163 -1.1448 1.1723 -0.4176 1.477 -0.17781 -1.2683 -1.5756 -0.88068 -0.82328 0.49817 -0.87906 1.0635 -0.67441 -0.3736 -1.9523 -0.042218 -0.6304 1.2826
-0.28313 0.84716 0.38903 1.1924 0.79047 1.2784 0.86332 0.4821 0.45353 1.5796 -0.28927 0.73755 -1.1243 0.60783 -1.3975 -1.381 0.09614 -0.52659 -0.33371 2.3849 0.78608 -1.043 0.22022 -0.44877 1.2001 0.56831 -1.0506 -1.1562 -0.79234 -1.3414 0.27491 -1.1312 -0.84686 -0.50197 0.45446 -2.2725 -0.73485 -1.7385 1.0153
-0.53658 0.81942 0.70228 1.5106 -0.38112 -0.45259 0.46888 1.2905 -0.74709 0.9538 0.74551 1.3319 -1.1886 -0.29746 -1.066 -1.297 -0.14632 -0.16585 -0.14252 1.2129 0.54635 -0.24365 -1.2422 -0.16111 0.83807 0.48902 0.048027 -0.65731 -0.20147 -1.2447 -0.2524 -0.7349 -2.5157 0.088882 1.0508 -1.1095 -0.51774 -1.9495 0.60752
-0.16183 -0.35982 -1.1167 0.72348 0.69254 -1.2789 4.4782 0.49927 -0.20222 0.30375 -0.76024 1.0376 0.22093 0.081455 -0.99936 -1.2526 -0.55837 -0.26004 -1.1637 -1.0313 0.82586 -0.087629 -1.3248 -0.81608 -0.97 0.45692 1.1747 -0.51495 0.23727 -0.74102 -0.35941 -0.17941 -2.7919 0.2204 1.1412 0.37905 -0.40611 -1.9982 0.5673
0.3948 -0.87886 -1.9054 -0.69116 -1.0167 -1.478 2.2627 1.0437 0.079705 -0.19846 -0.98771 1.8539 0.26384 1.2685 -1.6697 -1.1284 -0.82627 -0.67877 -0.78983 -1.2619 1.1579 0.43286 -0.32671 -1.2399 -1.0869 0.98806 1.8208 -0.71901 0.6219 -0.39993 -1.0701 0.014859 -2.3375 0.19168 0.512 1.4791 0.56369 -1.2598 0.67839
-0.56842 0.44155 -0.83878 0.092564 -0.3897 0.42339 0.25858 2.4606 0.89025 -0.94522 -0.70733 0.7289 -0.96564 1.8431 -1.9792 -1.0103 -0.99432 -0.99116 -0.43611 -1.9991 0.89124 0.85011 0.56065 -0.69581 -1.5773 1.3554 1.3273 -0.46309 0.84556 0.10897 -1.1056 0.44316 -0.61225 -0.44648 -0.14152 1.4946 1.6583 -0.030565 0.72368
0.0061426 -0.10549 -0.37075 0.66465 0.63139 -1.2134 -1.1895 1.6987 -0.064266 0.062056 -1.9353 -0.97687 -0.6933 1.9557 -1.8123 -0.24079 -0.70341 -1.875 -0.50273 -3.0083 0.87014 0.29375 0.88173 0.89929 -1.2223 1.2795 0.457 0.076498 0.77701 0.042462 -1.0546 0.055963 0.58454 -1.2561 -0.628 0.84788 1.8973 0.51497 0.49674
2.0935 -1.9368 -1.3812 0.12035 -1.0242 -0.59459 0.53427 2.0107 0.52874 1.8189 -0.98929 0.43607 0.99847 2.0196 -1.7218 -0.098993 -0.41705 -1.8041 -0.35643 -1.3843 0.11577 -0.28428 1.1695 1.3872 -0.9758 1.6337 -0.69679 1.0061 0.77582 -0.35593 -0.85264 0.2043 1.406 -1.6044 -0.18905 -0.043651 1.2858 1.0126 -0.16319
1.8744 -2.1012 -1.7772 -0.76165 -1.9804 -2.0179 -0.21829 1.9432 0.56373 1.1621 -0.17438 -0.14789 1.4347 1.9593 -1.6594 -0.11538 -1.0399 -2.3174 -0.73516 -0.38216 -0.84394 -0.2134 1.1339 1.4615 -0.44461 1.7565 -1.9335 2.3348 0.97204 -0.46764 0.10478 0.66209 1.1475 -2 0.24985 -0.77978 -0.065914 0.87471 -1.2166
1.9809 -2.1533 -1.5444 -0.81018 -2.6114 -1.7497 -0.65276 1.8827 0.20495 0.53203 0.57279 0.28306 1.4501 0.62806 -0.30981 0.39339 -1.5166 -2.4304 0.10269 -0.46867 -1.3021 0.74493 0.36107 1.5636 -0.095866 0.81803 -2.7052 3.3124 1.4241 0.37152 1.5219 1.1887 0.3606 -1.6237 0.058315 -0.78754 -1.0509 0.52268 -2.4173
2.2204 -1.7151 -1.1904 -0.54444 -2.6654 -0.60365 -0.56476 1.5516 -0.24863 1.1803 0.32267 0.13082 1.3462 -0.69729 1.5243 1.3479 -1.0588 -1.3988 0.70278 -1.1438 -2.2216 0.27499 -0.3056 0.6936 -0.048931 -0.53742 -2.833 3.3174 1.3973 1.5738 3.1277 1.3205 0.16686 -0.57886 -0.74343 -0.44618 -1.4812 0.31002 -2.87
2.0168 -1.5274 -0.49673 -1.1157 -2.8034 -1.2885 -0.66315 0.73296 0.69055 1.385 0.1651 -0.74843 1.1821 -1.3334 2.4188 1.8534 0.29961 0.59868 1.5243 -0.26799 -2.2823 -0.40557 0.28169 -0.2831 -0.21628 -1.6393 -2.0821 2.0222 0.61691 2.1667 3.4944 0.37509 0.36272 0.41163 -1.2835 -0.13355 -1.7191 0.22962 -2.2711
1.2276 -1.0892 -0.34297 -1.9749 -3.3459 -1.037 -1.3674 -0.17664 1.6331 1.1834 0.23078 -0.44355 0.91707 -1.9619 2.7174 1.7882 1.0692 2.0888 1.4452 -0.13764 -1.4589 -1.0763 0.26992 -0.5156 0.17671 -2.2625 -1.1219 0.40886 -0.3936 1.9874 2.6259 -0.037701 0.36403 1.2349 -1.1259 -0.24151 -1.2594 0.43155 -1.1704
1.0723 0.039046 0.13741 -1.3358 -3.1498 0.12635 -1.2769 -1.0362 0.22482 0.79822 0.249 0.89787 0.31318 -2.3451 2.5958 1.3413 1.5759 2.4448 0.5318 -0.23194 -0.90973 -1.0693 -0.18561 -1.2 0.20262 -2.4721 -0.16603 -0.73081 -0.78456 1.2471 1.2583 -0.1864 0.19705 1.5175 -0.45874 -0.51741 -0.70817 -0.07297 0.0093982
0.062117 0.76602 0.70786 0.73885 -0.057153 0.24362 -0.18375 -0.50922 -0.90134 1.636 -0.49623 -0.74603 -1.079 -2.1388 2.1492 0.87413 2.115 2.643 1.0864 -0.41934 -0.57259 -1.576 -0.5535 -1.3123 0.52919 -2.2613 0.78046 -1.5477 -0.97078 0.12088 -0.070265 0.1138 0.38594 1.294 0.29446 -0.57494 -0.17251 -0.9738 1.0432
-0.30705 0.76819 0.72997 0.80329 0.41294 0.40448 -1.0638 0.64983 -1.4046 1.0486 0.060402 0.64504 -1.356 -1.5418 1.4463 0.84625 2.1664 2.6817 1.2622 0.27859 0.14588 -1.0396 -0.3571 -1.2651 -0.54502 -1.6233 1.546 -1.8361 -1.0341 -1.1633 -1.4016 0.28631 0.78766 0.72398 0.65458 -0.37903 0.60334 -0.74685 1.7918
-0.67164 1.0056 0.45135 0.8013 -0.46713 -1.0133 -1.2618 -0.2926 -0.19246 0.81237 -1.7555 -0.32462 -1.4454 -1.026 0.62353 0.22178 0.99966 1.8 1.3024 0.39372 0.46068 -0.50846 -0.81349 -0.81013 -1.2805 -0.78025 1.6881 -1.497 -0.94995 -1.7961 -1.9441 -0.16788 1.1051 0.39905 0.7741 -0.1132 0.91294 -0.54756 1.8279
-0.66271 0.86468 0.60198 1.0564 -0.03129 0.99045 -1.7875 -1.0342 -0.77377 0.24654 -1.0614 0.21585 -1.3966 -0.24207 0.1915 -0.2653 -0.10829 0.16021 1.0278 0.95821 -0.060212 -0.31915 -0.82075 -0.25259 -0.30069 0.062754 1.2138 -1.5137 -0.84981 -1.9611 -1.9914 -0.87401 0.67699 0.71775 0.85367 -0.5327 1.7826 0.43918 1.6935
-0.54861 0.99332 1.1999 1.2605 0.6767 1.5869 -0.11125 0.01884 -0.062098 0.98304 -0.99559 -1.0996 -1.2022 0.11615 0.19556 -0.34485 -0.20531 0.16447 0.80305 1.4777 0.28026 -0.41964 -0.53862 -0.011315 -0.62978 0.23696 0.55847 -1.4783 -0.61125 -1.6523 -1.7397 -1.8436 0.42768 1.009 1.5661 -0.7538 2.1345 0.97939 1.4582
-0.51855 1.0244 0.30354 0.47208 0.5153 1.9065 -0.27364 0.12191 -1.5805 -0.40991 -0.6598 -1.0146 -1.2166 -0.027104 -0.94955 -0.45712 -1.0059 -0.32992 -0.45043 1.1101 1.5904 0.58752 -1.5766 1.8528 -0.068591 0.96367 0.22106 -1.5908 -0.53256 -1.5131 -1.172 -2.2627 -0.32611 0.66465 2.0614 -0.59947 1.8523 1.0889 1.3879
-0.34198 0.95779 0.16796 0.56705 -0.14327 0.63173 0.96132 -0.43707 -1.4749 0.62369 -0.77712 0.087377 -1.1227 -0.17927 -1.3547 -0.82095 -1.7329 -1.3049 -2.0653 1.1886 1.5421 2.0969 -1.9736 2.3465 0.41182 1.4347 0.42702 -1.4199 -0.43015 -1.4079 -0.86019 -1.9511 -0.73302 -0.28909 2.1343 -0.025935 1.0134 1.1319 1.4315
-0.34214 1.1129 0.27611 0.69755 0.38771 0.75557 0.15071 0.92004 -1.1342 0.12573 -0.754 -0.34194 -1.138 0.27725 -1.7765 -1.0181 -2.2585 -1.3738 -2.5716 0.45359 0.56247 2.4456 -1.323 2.2229 1.1909 2.0009 0.90417 -0.58555 -0.33664 -0.74045 -0.01406 -0.45174 -0.71285 -1.1008 0.88627 0.71181 -0.27336 0.53821 0.90688
-1.0162 -0.93042 0.03377 -0.97659 -1.1986 -1.5913 -0.52113 1.945 1.7305 -2.6841 1.6427 -0.46286 0.36234 0.69123 -1.8388 -0.86287 -2.2908 -0.98844 -2.4808 0.33626 0.23878 2.8163 -0.70238 1.8083 0.83309 2.3351 1.083 0.028845 -0.1022 0.079436 0.9079 1.1079 -0.31011 -1.0709 -0.75694 1.1952 -0.81164 0.38301 0.15972
-0.78473 -0.42484 -0.35676 -1.4027 -1.6299 -1.1753 0.90774 0.69985 2.1891 -2.1132 1.8682 0.31563 0.52187 1.0888 -1.713 -1.0591 -2.1563 -0.5514 -1.2711 0.10718 0.14695 1.9628 -0.72777 1.5965 0.70708 2.171 0.75068 0.95294 0.20605 1.0565 1.438 2.191 0.25118 -0.64106 -2.0493 1.3105 -1.2682 0.39657 -0.89031
0.41767 -0.74491 -0.47584 -2.0267 -0.58576 -1.4192 0.5377 0.0081831 1.378 0.1178 0.92401 0.34481 1.3106 1.2749 -1.3299 -0.98307 -1.638 -0.023303 -0.29445 0.74483 -0.28854 0.87381 0.21004 1.0759 1.3508 1.6412 -0.0057531 1.1241 0.50704 1.5173 1.3143 2.1765 0.069349 -0.35549 -2.4025 0.73247 -1.1595 0.44059 -1.5084
0.53815 -0.77859 -0.88989 -2.2225 -0.70554 -1.6809 0.44004 0.36815 1.1915 -0.97714 0.91972 0.099719 1.4707 1.2716 -0.37698 -0.56168 -0.5615 0.84613 1.1516 0.76419 -0.39694 -0.5641 0.93981 0.10758 1.6544 0.71958 -0.92889 0.94401 0.87994 1.6462 0.77293 1.4377 -0.037978 -0.36414 -1.3416 0.077228 -0.78455 0.24558 -1.6267
0.82663 -1.0578 -1.1317 -1.9589 -0.83615 -0.69142 0.59383 0.84783 1.1239 -1.2852 1.5132 0.80255 1.3431 0.57981 -0.55696 -0.14993 -0.17942 0.77963 1.0923 0.15598 -0.17067 -0.58871 -0.0091587 0.28502 1.1638 0.30255 -1.343 0.48483 1.0016 1.2822 0.19971 0.61033 -0.44477 -0.5957 -0.11156 -0.29204 -0.38827 -0.20956 -1.2585
0.60445 -1.1802 -0.85599 -2.0372 -0.20629 -0.37964 1.148 1.093 1.4015 -0.70083 1.7806 1.3216 1.3094 -0.17773 -0.46099 0.18634 0.27093 0.48282 1.186 0.3334 -0.6098 0.091149 -0.44241 0.46133 1.2416 -0.13422 -1.1557 0.097318 0.76026 0.76398 -0.32174 -0.27097 -0.53547 -1.0142 0.71212 -0.013393 -0.34183 -0.39845 -0.63396
0.53071 -1.0306 -0.61385 -1.8299 -0.17698 0.16912 0.92739 0.49989 1.1906 -0.96531 1.7127 1.6943 1.3247 -0.32963 -0.44314 0.53335 0.4029 0.50224 1.009 0.071735 -1.3192 0.33832 0.3154 0.14767 1.1502 -0.23333 -0.37504 0.28076 0.31503 0.68205 -0.45827 -0.25237 -0.54202 -1.1149 0.55495 0.64245 -0.74275 -0.43297 -0.26881
0.30423 -1.1462 -0.6077 -1.9943 -0.32936 -0.26731 0.69793 -0.28408 1.0439 -1.5115 1.6161 1.1079 1.1959 -0.27936 -0.25899 0.53386 0.60863 0.33555 0.56472 -0.26508 -1.7535 0.3683 0.76641 -0.48376 0.90224 -0.17206 0.21132 0.2203 -0.13974 0.49723 -0.3784 -0.26115 -0.64684 -0.42606 0.14125 0.79779 -0.78295 -0.5782 0.021194
0.3005 -1.3745 -0.45981 -1.6127 0.023813 -0.038078 0.93187 -0.8038 1.648 -0.67491 1.3043 1.6144 1.22 -0.027098 -0.16597 0.27731 0.9556 -0.056065 0.8155 -0.62939 -1.7207 0.3626 0.7278 -0.69082 0.51025 -0.17053 0.35424 0.25602 -0.4549 0.40869 -0.33464 -0.021183 -0.37493 0.38464 -0.033404 0.40562 -0.41282 -0.39089 0.09605
0.30478 -1.4109 -0.31276 -1.5632 -0.11459 0.060117 0.46488 -0.96632 1.662 -0.38252 1.4016 1.7045 1.1043 0.025796 -0.21208 0.06126 0.94334 0.0047708 0.67587 -0.61202 -1.2243 0.36338 1.0131 -0.64685 0.46771 -0.12741 0.25626 0.22653 -0.46867 0.098892 -0.23759 0.019963 -0.1379 0.77542 -0.37898 -0.10351 -0.035621 -0.36358 0.0947
0.52236 -1.276 -0.43633 -0.98248 -0.2113 0.30406 0.40506 -1.1773 1.5599 0.19258 0.935 2.2033 1.1561 0.11936 -0.017362 -0.075347 1.0142 -0.0062159 0.87727 -0.50246 -0.86127 0.28509 1.045 -0.57041 0.62257 -0.080584 -0.024352 0.17328 -0.36096 -0.34549 -0.10272 -0.32333 0.037594 0.64605 -0.59209 -0.48891 0.075437 -0.52699 0.077025
0.54792 -1.2405 -0.50421 -0.60453 -0.37206 1.2022 0.12773 -1.3232 1.6998 -0.15265 0.99205 1.7087 1.0968 0.079794 0.064971 -0.16069 0.76272 -0.17839 0.54873 -0.59823 -0.71951 -0.32151 0.41084 -0.60189 0.15209 -0.044431 -0.3708 0.041652 -0.2856 -0.69912 -0.27953 -0.80653 0.13399 0.14181 -0.62404 -0.85066 0.32562 -0.90535 -0.026609
0.34118 -1.3993 -0.57738 -0.85264 -0.052047 0.54377 0.075224 -1.3726 1.5349 0.2038 0.96058 1.9464 1.1463 -0.10626 0.0017169 -0.2803 0.37545 -0.19661 0.13471 -0.55209 -0.75476 -0.43846 0.037199 -0.55284 -0.33042 -0.071727 -0.45577 0.015572 -0.1061 -0.83352 -0.32543 -1.2949 0.25451 -0.18041 -0.53072 -0.83997 0.36432 -0.96157 -0.17362
0.4354 -1.2199 -0.64 -0.54813 -0.19928 0.88334 0.21515 -1.6917 1.6984 0.26496 0.84243 2.0122 1.0793 -0.51179 -0.14294 -0.36331 -0.087214 -0.46891 -0.76591 -0.30863 -1.0157 -0.48057 -0.22071 -0.0032369 -0.75927 -0.18102 -0.31674 0.52031 0.28138 -0.38547 -0.3492 -1.0268 0.24003 -0.044276 -0.24439 -0.38253 0.071602 -0.45034 -0.49451
0.43176 -1.3397 -0.54892 -0.62298 -0.36162 0.51697 -0.1692 -1.8548 0.97991 -0.15566 0.46668 1.7768 1.1469 -0.38195 0.12019 -0.16396 -0.16902 -0.51727 -1.3586 -0.12567 -1.0625 -0.65941 -0.35488 -0.14122 -0.72997 -0.33025 -0.23984 1.2054 0.79709 0.34235 -0.24978 -0.46442 0.19855 0.48164 -0.24513 -0.0033424 -0.5795 0.03192 -0.82541
0.17795 -1.3729 -0.79872 -0.97865 -0.50125 0.28141 -0.45714 -2.0676 1.1571 -0.2094 0.65932 1.3029 0.96639 -0.33941 0.91181 0.31894 0.28767 -0.71965 -1.0049 -0.31905 -0.65673 -0.67755 -0.16547 -0.65477 -0.50379 -0.81981 -0.18898 1.7733 0.91402 1.0337 0.32961 0.40652 0.22627 1.5402 -0.26044 0.17786 -1.1008 -0.054794 -1.0211
-0.32007 -1.4766 -1.0306 -1.002 -1.0562 -0.83238 0.13769 -2.7595 1.1283 -0.17323 1.3092 1.1753 0.86539 -0.61671 1.5647 0.88493 0.83918 -0.58346 -0.80223 -0.13812 -0.027763 -0.80792 0.019185 -1.3544 -0.41522 -1.2619 -0.31319 1.6254 0.7239 1.0675 1.122 1.3268 0.20148 2.2148 -0.40342 0.082437 -0.95433 -0.54589 -0.84058
0.28275 -0.91329 -0.51033 -0.7369 -0.74361 -0.76582 -0.025036 -2.6136 0.80618 -0.58066 0.53424 1.1567 0.63349 -0.73084 2.2069 0.83822 1.3881 0.1555 -0.17428 0.16224 1.3813 -0.90408 -0.024463 -1.5491 -1.0353 -1.5825 -0.20515 0.84338 0.30231 0.63256 1.6539 1.5825 -0.10708 2.0192 -0.68419 -0.22372 -0.30642 -1.1054 -0.29364
-0.010746 0.15188 0.15289 0.046127 -1.0489 -0.2012 -0.62869 -1.9206 0.69794 0.37921 -0.42172 1.8211 -0.1705 -0.73715 2.2891 0.9453 1.3252 1.1457 1.1313 0.048359 2.1125 -1.3223 -0.23889 -1.5585 -1.4979 -1.4862 0.02175 -0.23849 -0.024652 -0.0094266 1.3343 1.4581 -0.24514 1.0854 -0.50743 -0.26338 0.60268 -0.97137 0.29224
-0.57921 0.56746 0.64452 0.80602 -0.949 -0.12937 0.014766 -1.5718 0.35378 0.070124 -1.2209 1.2944 -0.56012 -0.64353 2.0142 0.86587 1.2534 1.5294 1.4992 -0.61983 2.0961 -1.7432 -0.4813 -1.1432 -2.0387 -1.245 0.53052 -1.2813 -0.15097 -0.73492 0.24491 0.73565 -0.20744 -0.27681 -0.31493 -0.33323 1.1098 -0.048393 0.74818
-0.67602 0.96367 -0.15547 0.94722 0.28738 0.14563 0.071446 0.47192 -0.18781 -0.59032 -0.78687 -0.28361 -0.78645 -0.63292 1.2555 0.83415 0.88179 1.2345 1.5566 -0.23302 1.6666 -1.367 -0.27903 -0.36019 -1.74 -0.89691 0.85737 -1.6045 -0.50433 -0.97095 -0.84409 -0.54494 -0.037926 -0.93733 0.11183 0.13069 1.0688 0.98008 0.76602
-0.81986 0.80066 0.2086 0.17607 1.2243 1.9052 -0.37763 -0.053367 -0.51895 -0.71428 -0.46095 -0.45221 -0.63031 0.123 0.51552 0.61961 0.19114 0.5411 1.2108 -0.10699 1.0721 -1.4856 -0.67507 0.046259 -1.0209 -0.50984 0.90753 -1.3669 -0.34841 -0.84984 -1.5136 -1.4207 0.44026 -1.0102 0.57725 0.52889 0.67496 1.9319 0.64323
-0.69309 0.88841 0.40122 0.89687 0.59154 0.58281 -1.2857 -0.78338 -1.2604 -0.89433 -0.183 -0.70364 -0.68022 0.34994 0.27159 0.13059 -0.015858 -0.0042949 0.040968 -0.27616 0.83945 -1.224 0.14401 -0.039496 -0.19713 -0.45386 0.49215 -0.77349 -0.21648 -0.26751 -1.2375 -2.1928 0.085351 -1.0084 1.1617 0.6384 0.2741 1.9352 0.42477
-0.49016 0.87277 1.211 0.88208 0.18834 1.4734 -0.028195 -0.32498 -0.39336 -0.13013 -0.59975 0.30536 -0.87171 0.42202 0.14995 0.57264 0.062738 -0.77064 -0.91433 0.29789 0.58635 -0.68138 0.41437 0.035814 0.77304 -0.29109 -0.42108 -0.35155 0.028034 0.13773 -0.26968 -1.6112 -0.063404 -1.004 1.786 0.63441 0.58785 0.73616 0.37481
0.1824 0.93987 0.87926 0.44275 -0.69892 1.2505 -0.44167 -0.064178 -1.4855 -0.97282 -0.95095 0.79531 -1.0605 0.057281 0.10791 0.46041 0.42536 -0.50319 -2.2598 -0.25497 -0.010428 0.50224 0.50925 0.19613 0.9523 -0.23022 -1.0141 -0.38782 -0.081564 0.088783 0.68043 -0.4812 -0.13214 -1.0403 1.8443 0.059197 1.2443 -1.0093 0.57423
-0.54778 1.0681 -0.12008 0.8743 0.051805 -0.67496 -0.42677 0.64295 -1.3257 0.46054 -1.1495 -0.022784 -1.2427 -0.46787 -0.0036545 0.5167 0.22854 0.24042 -1.2315 -0.23705 -0.41452 1.1382 0.46709 1.0965 -0.24052 0.063068 -1.2242 -0.66927 -0.60252 -0.25326 1.1426 0.72826 0.29472 -0.78351 1.5606 -0.3363 1.4194 -1.9228 0.78106
-0.28736 1.0488 1.0949 0.7763 -0.20531 -0.44835 0.42182 0.98818 -0.96502 -0.38447 -0.0064698 0.32777 -0.85814 -0.96631 -0.31532 0.014721 0.065199 0.74967 -0.89397 -0.26677 -0.6405 1.4666 0.25622 1.889 -1.5874 0.41837 -0.67601 -0.98025 -0.71976 -0.86103 0.60797 1.5363 1.1465 -0.16585 0.81781 -0.49138 0.88557 -1.3828 0.85509
-0.9595 0.83033 1.144 1.2138 0.69067 -1.7948 -2.0036 -1.6255 0.63178 -0.066123 -0.011427 0.68887 -0.86795 -1.1903 -0.78866 -0.32675 -0.25043 0.74265 -0.015817 0.90646 -0.59188 1.8844 -0.13615 1.9925 -1.5563 0.81209 0.12939 -0.97746 -1.2171 -1.0362 -0.1534 0.99337 1.1009 0.085812 0.08936 -0.67756 -0.61291 0.18655 0.61497
-1.1922 0.87276 1.4467 1.0788 0.63372 0.52639 -0.83755 -1.2082 0.22357 -0.046848 1.2831 -1.2267 -0.61924 -0.75895 -1.1874 -0.46031 -0.99617 0.36718 0.50084 1.4935 -0.24343 1.7309 -0.18597 1.5016 -0.98281 0.95808 0.93871 -0.47921 -1.0611 -1.0189 -0.68114 0.51072 0.90079 0.62 -0.78469 -0.66935 -1.6842 1.3208 0.19243
-1.4303 0.40437 0.42653 0.49358 0.75988 0.28349 0.1149 -0.23521 0.82895 0.020871 1.2794 -1.4265 -0.41984 -0.35824 -1.2506 -1.5222 -1.2383 0.10302 0.23887 1.1112 -0.45739 1.1894 -0.6926 0.0971 -0.21178 0.91701 1.207 0.23296 -0.31219 -0.37132 -0.72926 -0.33194 -0.1513 0.62547 -1.1476 -0.4945 -2.1384 1.5621 -0.32625
-1.382 -0.039473 -0.30656 0.038067 0.20667 0.20658 1.5582 -0.07069 0.55271 -1.1178 0.95351 -0.53749 0.0022744 0.22849 -0.90603 -1.3711 -1.4053 -0.26431 0.078975 1.4557 0.46116 0.29555 -0.82939 -0.46288 0.18481 0.71719 0.95614 0.86353 0.80759 0.67044 -0.59445 -0.16719 -0.91609 0.54621 -1.4156 -0.29987 -1.8017 0.9691 -0.74323
-1.2283 -0.29294 0.067881 -0.62005 0.57729 -0.72778 1.3454 0.31379 1.1528 0.47827 0.75842 -0.49742 0.029328 0.39008 -0.51996 -0.44833 -0.76598 -0.36707 -0.5683 0.62864 0.23511 0.37693 -0.81771 -1.2181 0.75394 0.33552 0.63579 1.2438 1.7969 1.383 -0.43054 0.38652 -1.03 0.67342 -1.5851 0.34629 -0.87045 0.10294 -1.0139
-0.78791 -0.24546 -0.82587 -0.42268 0.24899 -0.56298 -0.21675 -1.7175 1.0238 -2.0183 -0.22266 0.51723 0.24593 0.5078 -0.053295 0.52883 0.049236 -0.56647 0.50539 -0.10416 0.43926 -0.60989 -0.7253 -1.3714 0.3235 -0.11053 0.11924 1.3011 1.6734 1.762 -0.26048 0.94993 -0.98789 0.23859 -1.8533 0.53456 -0.051468 -0.4396 -1.1252
-0.83253 0.10755 -0.12571 -0.5561 0.42834 -0.5993 0.32503 -0.5191 0.60341 -0.85231 0.24048 -0.44273 -0.10118 0.58984 0.47977 0.91185 0.68509 -0.6024 0.85126 -0.17742 0.8238 -1.4348 -0.014021 -1.1481 -0.10586 -0.52334 -0.048812 1.1134 0.81963 1.186 -0.11904 1.084 -0.22147 0.54923 -1.8212 1.0927 0.4381 -0.67158 -0.97979
-0.99256 0.16296 1.0277 0.22077 0.032687 0.054562 0.94249 -0.0082553 0.99682 -1.0853 -0.058504 -0.87113 -0.21455 0.3244 0.84984 1.101 1.2481 -0.67925 1.4409 -0.12495 0.61227 -2.3978 -0.11235 -0.58693 -0.22092 -0.91103 -0.10256 0.66399 -0.3633 0.41002 0.2903 0.011467 -0.30407 0.10988 -0.79986 0.99215 0.26495 -0.061071 -0.63277
-0.78359 0.035136 0.69986 0.46344 -0.32542 1.4288 0.57774 0.90339 -0.52751 -1.2617 -0.60426 -0.63244 -0.46242 0.38738 0.95979 0.81427 0.90674 -0.5739 1.3322 0.20083 1.1833 -2.2658 1.1456 -0.73673 -0.24173 -1.0561 -0.11438 0.12122 -0.98892 -0.38547 0.57644 -0.89718 -0.79766 -0.14848 0.39463 0.54365 -0.0092907 0.38464 -0.21664
-0.40324 0.50503 0.55948 0.63724 -0.45019 0.42407 1.2343 0.69947 -1.2531 -0.30854 -0.48 -0.16608 -0.60679 0.42182 0.86114 -0.095344 0.71961 -0.064298 0.26104 -0.89806 0.46084 -1.7425 0.75739 -1.044 0.26111 -1.0016 -0.16693 -0.25206 -0.89871 -0.73645 0.63343 -1.4739 -0.78997 -0.49522 1.3135 0.14185 0.055485 0.10328 0.2457
-0.83999 0.82457 1.1729 1.1295 -0.20682 1.1191 -0.039772 -0.49553 -1.8619 -0.79496 0.039458 -0.36671 -1.1796 0.33352 0.69034 -0.33791 0.20208 0.15155 -0.57236 -1.391 0.61077 -0.98474 0.68873 -0.92572 0.35329 -0.87468 -0.37465 -0.47905 -0.44138 -0.68373 0.32351 -1.237 -0.60466 -0.96175 1.5921 -0.45338 0.37211 -0.003939 0.55692
-0.18875 0.96249 0.16414 0.34676 -0.43405 1.1059 0.31409 0.54009 -1.2216 0.35896 -1.4179 -0.19393 -1.1043 0.05297 0.55554 -0.0014002 0.17882 0.128 -0.89585 -0.91364 -0.047917 -0.47143 0.42512 -0.37121 -0.34253 -0.55306 -0.29626 -0.45246 0.22024 -0.46447 0.067302 -0.48027 0.1911 -0.88355 1.4302 -0.16647 0.94327 0.30489 0.69181
-0.48814 0.92628 0.075708 0.7511 0.56461 -0.65722 -1.089 0.53082 -1.0387 -0.20501 -1.1482 -0.50502 -1.3554 -0.085224 0.29118 -0.05232 -0.14323 -0.090354 -0.85445 -1.0023 -0.39371 0.20806 0.39332 -0.32931 0.036207 -0.26268 -0.17837 -0.33001 0.42424 -0.0024948 0.18244 0.39889 0.47893 -0.89062 0.99174 -0.14077 1.0767 0.65898 0.57648
-0.58118 0.71082 0.84796 0.58084 -0.22188 -0.10801 -0.76555 1.5662 -0.68504 -0.40721 -1.2286 -0.30345 -1.2755 0.10953 0.28527 0.18484 -0.0068049 0.14836 -0.68939 -0.69867 -0.71995 0.45532 0.5783 0.52472 0.9712 -0.043304 0.13942 -0.24196 0.18927 0.25066 0.3045 1.0423 0.66358 -0.37639 0.47377 0.026715 0.56131 0.81722 0.35416
-0.67947 0.90556 0.85455 1.0301 -0.44292 0.32544 0.18753 -0.16599 -2.1402 -0.40454 -0.45276 -1.1013 -1.1103 -0.012863 0.2617 0.37508 0.28347 0.45237 0.17735 -0.5243 -0.74966 0.49227 0.33834 0.75564 0.90775 -0.076138 0.28855 -0.23098 -0.051463 0.34199 0.22378 0.96191 0.67994 0.06037 -0.0034783 -0.015796 -0.079256 0.058903 0.15428
-0.56091 1.0805 0.41778 0.30772 -0.55674 -0.59966 -0.82609 -0.75841 -0.81273 0.60019 -0.87513 0.43393 -1.1434 0.24743 0.1587 0.14972 0.44047 0.40012 0.8643 0.19385 -0.59098 0.3183 0.52419 0.20219 0.72788 0.00063923 0.10379 -0.34001 -0.24339 0.078146 -0.14336 0.2625 0.15152 0.55156 0.010389 -0.092173 -0.76321 -0.59657 0.013585
-0.30899 1.2873 1.1178 1.0501 0.54789 0.34061 -1.3042 -0.99824 -0.82663 0.45729 0.48271 1.1667 -1.3258 0.33397 -0.038122 -0.12207 0.28361 0.17351 0.46686 -0.069074 -0.35079 0.27914 0.40429 -0.31176 0.25108 -0.0031152 -0.12587 -0.34469 -0.18867 -0.11554 -0.51026 -0.61808 -0.16541 0.5343 -0.2062 -0.12773 -0.62934 -0.94423 0.024205
-0.34757 1.0888 0.38721 0.87565 0.70116 0.9569 -0.7367 0.66955 -0.30403 0.36658 -1.1272 0.085071 -1.327 0.10522 -0.14589 -0.014355 0.13665 -0.02174 -0.28285 -0.61235 0.11971 0.59146 0.37174 -0.43019 0.17142 -0.05551 -0.49432 -0.19631 -0.034183 -0.31724 -0.7288 -1.2463 -0.49932 0.081525 -0.2656 -0.14339 -0.14792 -0.84855 0.026865
-0.26461 0.844 0.59476 1.5365 0.51535 0.518 -0.24149 0.083862 -1.0708 0.21178 -1.1316 -0.20384 -1.2483 -0.16921 -0.17516 0.11211 0.20675 -0.34504 -0.64533 -0.44636 -0.098651 -0.036462 0.16767 -0.15355 -0.58994 -0.0043435 -0.54105 0.097599 0.18198 -0.28326 -0.56533 -1.1068 -0.44226 -0.60806 -0.33422 0.011134 0.57163 -0.14066 0.034173
-0.2481 0.67676 0.75842 0.69148 -0.88707 0.24527 -0.71972 0.12018 -0.98813 0.19908 -1.3173 -0.32569 -1.1293 -0.36465 -0.10544 -0.02223 -0.13728 -0.7652 -1.3652 -0.616 -0.56952 -0.031691 0.36331 -0.15565 -0.44924 0.049836 -0.33224 0.23276 0.15891 -0.22321 -0.32618 -0.70941 -0.29699 -0.95595 -0.33825 0.096923 0.77582 0.30283 0.036892
-0.69257 1.048 0.75581 0.92079 -0.25265 -0.97482 -1.6462 -0.89986 -0.72211 0.80783 -0.48052 0.17866 -1.2616 -0.37546 0.11704 0.233 -0.13032 -0.568 -1.4692 -0.95069 -1.1666 -0.050695 0.44797 0.68713 0.28278 0.0061559 -0.11672 0.22953 0.12734 -0.17017 -0.046141 -0.38277 -0.33725 -0.7167 -0.016992 0.14845 0.63567 0.67369 -0.0059116
